,id,name,PTS,FG,FGA,FTA,FT,OREB,DREB,STL,AST,BLK,PF,TO,PLUS_MINUS,MIN,GS,WIN
0,201163,Wilson Chandler,17.0,7.0,10.0,0.0,0.0,2.0,6.0,0.0,1.0,2.0,1.0,2.0,-3.0,35:19,15.7,1
1,202702,Kenneth Faried,6.0,3.0,8.0,2.0,0.0,2.0,5.0,1.0,0.0,1.0,3.0,1.0,-1.0,23:24,3.2,1
2,201581,JJ Hickson,9.0,4.0,9.0,1.0,1.0,3.0,5.0,1.0,1.0,0.0,2.0,3.0,-12.0,19:59,5.8,1
3,200751,Randy Foye,6.0,2.0,7.0,0.0,0.0,0.0,2.0,0.0,5.0,0.0,3.0,2.0,-4.0,31:39,2.8,1
4,1889,Andre Miller,3.0,0.0,5.0,6.0,3.0,0.0,1.0,2.0,5.0,0.0,1.0,4.0,-10.0,21:53,-0.3,1
5,101126,Nate Robinson,16.0,6.0,15.0,4.0,4.0,0.0,3.0,4.0,2.0,0.0,2.0,1.0,11.0,28:03,12.4,1
6,202389,Timofey Mozgov,4.0,2.0,4.0,1.0,0.0,1.0,4.0,0.0,1.0,1.0,1.0,4.0,7.0,18:56,0.5,1
7,201589,Darrell Arthur,4.0,2.0,3.0,0.0,0.0,0.0,1.0,0.0,0.0,0.0,1.0,1.0,7.0,15:42,1.6,1
8,202706,Jordan Hamilton,8.0,3.0,9.0,0.0,0.0,1.0,7.0,1.0,1.0,0.0,0.0,0.0,10.0,21:01,7.4,1
9,203095,Evan Fournier,2.0,1.0,1.0,0.0,0.0,0.0,0.0,1.0,2.0,0.0,2.0,2.0,5.0,14:36,1.3,1
10,201576,Anthony Randolph,0.0,0.0,2.0,0.0,0.0,3.0,2.0,0.0,1.0,0.0,0.0,0.0,-5.0,9:28,2.0,1
11,201951,Ty Lawson,,,,,,,,,,,,,,,0.0,1
12,203113,Quincy Miller,,,,,,,,,,,,,,,0.0,1
13,203318,Glen Rice,7.0,3.0,9.0,0.0,0.0,1.0,2.0,3.0,1.0,0.0,2.0,2.0,-1.0,28:53,4.1,0
14,202344,Trevor Booker,12.0,5.0,11.0,2.0,2.0,5.0,7.0,0.0,1.0,2.0,3.0,2.0,8.0,32:40,10.8,0
15,101162,Marcin Gortat,16.0,8.0,17.0,0.0,0.0,2.0,6.0,0.0,2.0,3.0,3.0,1.0,-2.0,37:47,11.8,0
16,2772,Trevor Ariza,14.0,6.0,19.0,0.0,0.0,2.0,5.0,2.0,4.0,0.0,0.0,1.0,11.0,38:26,9.8,0
17,202322,John Wall,20.0,8.0,20.0,4.0,2.0,1.0,4.0,3.0,8.0,1.0,3.0,4.0,0.0,38:16,14.4,0
18,202686,Jan Vesely,2.0,1.0,2.0,2.0,0.0,2.0,1.0,2.0,1.0,0.0,2.0,1.0,-6.0,20:13,2.8,0
19,202698,Chris Singleton,3.0,1.0,5.0,1.0,1.0,1.0,3.0,0.0,0.0,1.0,2.0,1.0,-11.0,21:59,0.4,0
20,203490,Otto Porter Jr.,0.0,0.0,0.0,0.0,0.0,0.0,1.0,0.0,0.0,0.0,0.0,0.0,-1.0,7:15,0.3,0
21,201953,Eric Maynor,0.0,0.0,3.0,0.0,0.0,0.0,1.0,0.0,1.0,0.0,1.0,1.0,-2.0,4:58,-2.5,0
22,202338,Kevin Seraphin,0.0,0.0,1.0,0.0,0.0,1.0,0.0,0.0,0.0,0.0,0.0,0.0,-2.0,4:37,0.0,0
23,202066,Garrett Temple,0.0,0.0,2.0,0.0,0.0,1.0,0.0,0.0,0.0,0.0,0.0,1.0,1.0,4:57,-1.7,0
24,2403,Nene,,,,,,,,,,,,,,,0.0,0
25,101110,Martell Webster,,,,,,,,,,,,,,,0.0,0
