,id,name,PTS,FG,FGA,FTA,FT,OREB,DREB,STL,AST,BLK,PF,TO,PLUS_MINUS,MIN,GS,WIN
0,203077,Michael Kidd-Gilchrist,7.0,3.0,6.0,2.0,1.0,2.0,5.0,0.0,1.0,0.0,4.0,1.0,-17.0,30:22,4.6,0
1,201177,Josh McRoberts,13.0,5.0,9.0,0.0,0.0,0.0,2.0,0.0,3.0,1.0,1.0,2.0,-21.0,27:22,9.7,0
2,2744,Al Jefferson,12.0,5.0,13.0,3.0,2.0,0.0,10.0,0.0,1.0,0.0,3.0,2.0,-21.0,28:01,5.0,0
3,201945,Gerald Henderson,7.0,3.0,11.0,1.0,0.0,0.0,0.0,0.0,1.0,1.0,2.0,2.0,-24.0,27:39,-1.3,0
4,202689,Kemba Walker,16.0,6.0,17.0,3.0,2.0,0.0,3.0,0.0,3.0,0.0,1.0,2.0,-24.0,37:35,6.7,0
5,203469,Cody Zeller,3.0,1.0,2.0,2.0,1.0,2.0,2.0,0.0,2.0,0.0,0.0,0.0,5.0,7:07,5.0,0
6,201229,Anthony Tolliver,8.0,3.0,9.0,0.0,0.0,4.0,3.0,1.0,0.0,0.0,0.0,0.0,7.0,26:00,7.6,0
7,201196,Ramon Sessions,9.0,4.0,7.0,2.0,1.0,1.0,2.0,1.0,3.0,0.0,0.0,0.0,-4.0,22:44,9.7,0
8,202687,Bismack Biyombo,6.0,3.0,3.0,2.0,0.0,2.0,4.0,0.0,0.0,2.0,3.0,1.0,3.0,19:12,6.1,0
9,2457,Jannero Pargo,5.0,2.0,7.0,0.0,0.0,0.0,1.0,1.0,2.0,0.0,1.0,0.0,8.0,6:59,3.2,0
10,2732,Ben Gordon,3.0,1.0,3.0,0.0,0.0,0.0,0.0,1.0,1.0,0.0,0.0,0.0,8.0,6:59,3.0,0
11,202399,Jeff Adrien,,,,,,,,,,,,,,,0.0,0
12,201604,Chris Douglas-Roberts,,,,,,,,,,,,,,,0.0,0
13,2207,Joe Johnson,8.0,2.0,8.0,2.0,2.0,0.0,3.0,0.0,2.0,0.0,4.0,1.0,18.0,27:56,2.9,1
14,1718,Paul Pierce,25.0,9.0,11.0,3.0,2.0,0.0,4.0,2.0,2.0,1.0,2.0,0.0,26.0,22:27,25.0,1
15,708,Kevin Garnett,10.0,5.0,9.0,0.0,0.0,0.0,3.0,0.0,1.0,1.0,1.0,1.0,13.0,14:36,6.6,1
16,2733,Shaun Livingston,4.0,1.0,2.0,2.0,2.0,2.0,3.0,0.0,3.0,0.0,1.0,0.0,14.0,21:11,7.0,1
17,101114,Deron Williams,13.0,4.0,11.0,5.0,4.0,0.0,3.0,0.0,7.0,0.0,2.0,0.0,21.0,28:01,11.5,1
18,101154,Andray Blatche,13.0,6.0,11.0,1.0,1.0,0.0,5.0,1.0,0.0,1.0,1.0,1.0,12.0,23:51,9.5,1
19,203141,Mirza Teletovic,13.0,5.0,11.0,0.0,0.0,1.0,7.0,0.0,1.0,1.0,3.0,0.0,-10.0,25:33,10.3,1
20,1891,Jason Terry,3.0,1.0,4.0,0.0,0.0,0.0,1.0,0.0,3.0,0.0,1.0,2.0,-2.0,20:04,0.6,1
21,1905,Andrei Kirilenko,6.0,3.0,5.0,0.0,0.0,2.0,6.0,0.0,2.0,0.0,2.0,2.0,2.0,18:18,5.5,1
22,101187,Alan Anderson,2.0,1.0,4.0,0.0,0.0,0.0,1.0,0.0,2.0,0.0,0.0,1.0,-2.0,22:48,0.3,1
23,203486,Mason Plumlee,2.0,1.0,2.0,0.0,0.0,0.0,0.0,0.0,0.0,0.0,1.0,0.0,-9.0,9:33,0.6,1
24,203104,Marquis Teague,6.0,2.0,2.0,2.0,1.0,0.0,1.0,0.0,0.0,0.0,0.0,1.0,-3.0,5:42,4.3,1
25,2501,Reggie Evans,,,,,,,,,,,,,,,0.0,1
