,id,name,PTS,FG,FGA,FTA,FT,OREB,DREB,STL,AST,BLK,PF,TO,PLUS_MINUS,MIN,GS,WIN
0,201152,Thaddeus Young,19.0,7.0,13.0,6.0,4.0,1.0,4.0,2.0,2.0,0.0,2.0,2.0,5.0,37:27,14.4,0
1,202323,Evan Turner,21.0,9.0,18.0,4.0,3.0,1.0,4.0,1.0,1.0,0.0,4.0,3.0,-1.0,34:20,10.6,0
2,201150,Spencer Hawes,16.0,6.0,16.0,2.0,2.0,3.0,8.0,0.0,3.0,2.0,4.0,3.0,-1.0,34:28,10.6,0
3,202341,James Anderson,15.0,5.0,10.0,0.0,0.0,0.0,3.0,4.0,2.0,0.0,1.0,3.0,5.0,39:27,12.9,0
4,203487,Michael Carter-Williams,19.0,6.0,13.0,9.0,7.0,0.0,5.0,2.0,8.0,3.0,4.0,3.0,19.0,37:15,18.1,0
5,202730,Lavoy Allen,6.0,3.0,5.0,0.0,0.0,1.0,1.0,0.0,0.0,0.0,3.0,0.0,-2.0,15:20,3.5,0
6,203100,Tony Wroten,0.0,0.0,0.0,0.0,0.0,0.0,2.0,0.0,1.0,0.0,2.0,1.0,-26.0,17:30,-0.5,0
7,202343,Elliot Williams,2.0,0.0,2.0,2.0,2.0,1.0,3.0,0.0,1.0,0.0,2.0,0.0,-14.0,15:30,2.1,0
8,203102,Arnett Moultrie,2.0,1.0,3.0,0.0,0.0,0.0,3.0,0.0,0.0,0.0,2.0,1.0,-10.0,8:43,-0.6,0
9,203485,Lorenzo Brown,,,,,,,,,,,,,,,0.0,0
10,203138,Hollis Thompson,,,,,,,,,,,,,,,0.0,0
11,2210,Richard Jefferson,12.0,6.0,10.0,0.0,0.0,0.0,1.0,3.0,1.0,0.0,1.0,3.0,-10.0,30:38,8.0,1
12,101107,Marvin Williams,13.0,5.0,8.0,2.0,2.0,4.0,10.0,0.0,0.0,0.0,1.0,2.0,-8.0,30:21,12.8,1
13,202324,Derrick Favors,0.0,0.0,2.0,0.0,0.0,0.0,1.0,0.0,0.0,1.0,1.0,0.0,-1.0,5:49,-0.8,1
14,202330,Gordon Hayward,17.0,3.0,17.0,12.0,11.0,2.0,5.0,2.0,7.0,3.0,2.0,1.0,7.0,37:47,16.0,1
15,203504,Trey Burke,7.0,3.0,12.0,0.0,0.0,1.0,1.0,0.0,2.0,0.0,2.0,1.0,2.0,29:13,0.4,1
16,202683,Enes Kanter,12.0,6.0,15.0,0.0,0.0,1.0,6.0,0.0,2.0,1.0,3.0,2.0,3.0,29:17,5.3,1
17,202692,Alec Burks,26.0,6.0,10.0,14.0,13.0,0.0,4.0,3.0,1.0,0.0,4.0,3.0,11.0,22:48,21.3,1
18,202379,Jeremy Evans,10.0,5.0,7.0,0.0,0.0,2.0,2.0,1.0,0.0,1.0,2.0,0.0,9.0,18:01,10.0,1
19,203197,Diante Garrett,4.0,2.0,4.0,0.0,0.0,0.0,3.0,0.0,1.0,1.0,0.0,0.0,3.0,18:47,4.3,1
20,201575,Brandon Rush,0.0,0.0,1.0,0.0,0.0,0.0,0.0,1.0,0.0,0.0,2.0,0.0,2.0,4:47,-0.5,1
21,203497,Rudy Gobert,4.0,1.0,1.0,4.0,2.0,1.0,1.0,0.0,1.0,0.0,1.0,0.0,7.0,12:32,4.2,1
22,2740,Andris Biedrins,,,,,,,,,,,,,,,0.0,1
23,101249,John Lucas III,,,,,,,,,,,,,,,0.0,1
