,id,name,PTS,FG,FGA,FTA,FT,OREB,DREB,STL,AST,BLK,PF,TO,PLUS_MINUS,MIN,GS,WIN
0,201229,Anthony Tolliver,12.0,4.0,10.0,0.0,0.0,2.0,5.0,1.0,1.0,0.0,5.0,0.0,-4.0,38:02,9.2,0
1,201177,Josh McRoberts,5.0,2.0,8.0,0.0,0.0,1.0,4.0,0.0,9.0,1.0,4.0,1.0,12.0,32:49,6.5,0
2,2744,Al Jefferson,24.0,10.0,18.0,6.0,4.0,4.0,19.0,1.0,1.0,0.0,4.0,3.0,0.0,38:34,20.2,0
3,201945,Gerald Henderson,22.0,11.0,17.0,2.0,0.0,0.0,5.0,1.0,4.0,0.0,4.0,2.0,-2.0,38:46,15.4,0
4,202689,Kemba Walker,16.0,4.0,20.0,6.0,5.0,0.0,1.0,0.0,5.0,1.0,3.0,1.0,-11.0,35:04,5.5,0
5,203469,Cody Zeller,2.0,1.0,8.0,0.0,0.0,2.0,1.0,1.0,2.0,0.0,5.0,0.0,-14.0,12:12,-1.1,0
6,202687,Bismack Biyombo,6.0,1.0,1.0,4.0,4.0,2.0,1.0,0.0,0.0,2.0,0.0,1.0,-2.0,14:20,7.8,0
7,201604,Chris Douglas-Roberts,7.0,3.0,6.0,2.0,1.0,0.0,5.0,1.0,0.0,0.0,0.0,2.0,2.0,23:03,4.1,0
8,201196,Ramon Sessions,15.0,6.0,10.0,2.0,2.0,1.0,2.0,0.0,4.0,0.0,1.0,0.0,4.0,20:05,14.1,0
9,2732,Ben Gordon,7.0,3.0,6.0,0.0,0.0,0.0,0.0,1.0,0.0,0.0,1.0,0.0,5.0,12:05,4.6,0
10,202399,Jeff Adrien,,,,,,,,,,,,,,,0.0,0
11,2457,Jannero Pargo,,,,,,,,,,,,,,,0.0,0
12,203106,Jeffery Taylor,,,,,,,,,,,,,,,0.0,0
13,201960,DeMarre Carroll,0.0,0.0,4.0,0.0,0.0,1.0,3.0,0.0,0.0,1.0,1.0,0.0,-13.0,19:17,-0.9,1
14,200794,Paul Millsap,33.0,10.0,18.0,14.0,12.0,2.0,11.0,1.0,2.0,2.0,2.0,2.0,13.0,39:36,29.3,1
15,1882,Elton Brand,3.0,1.0,4.0,2.0,1.0,2.0,2.0,0.0,2.0,0.0,4.0,1.0,-6.0,19:02,1.0,1
16,2594,Kyle Korver,8.0,3.0,11.0,0.0,0.0,0.0,8.0,1.0,3.0,0.0,3.0,2.0,1.0,41:43,3.8,1
17,201952,Jeff Teague,20.0,7.0,14.0,2.0,2.0,0.0,0.0,2.0,9.0,0.0,1.0,3.0,1.0,39:11,17.9,1
18,101150,Lou Williams,28.0,7.0,12.0,12.0,10.0,0.0,5.0,1.0,1.0,0.0,3.0,1.0,12.0,34:11,22.6,1
19,203544,Pero Antic,3.0,1.0,7.0,0.0,0.0,1.0,3.0,1.0,7.0,3.0,2.0,2.0,14.0,22:22,5.3,1
20,202714,Shelvin Mack,5.0,2.0,8.0,0.0,0.0,0.0,6.0,1.0,5.0,0.0,0.0,1.0,-5.0,24:06,5.5,1
21,203118,Mike Scott,18.0,6.0,11.0,4.0,3.0,0.0,6.0,0.0,0.0,0.0,0.0,0.0,-2.0,21:12,14.1,1
22,202970,Gustavo Ayon,0.0,0.0,2.0,0.0,0.0,0.0,2.0,1.0,0.0,0.0,0.0,0.0,-5.0,4:20,0.2,1
23,201858,Cartier Martin,,,,,,,,,,,,,,,0.0,1
24,203471,Dennis Schroder,,,,,,,,,,,,,,,0.0,1
