,id,name,PTS,FG,FGA,FTA,FT,OREB,DREB,STL,AST,BLK,PF,TO,PLUS_MINUS,MIN,GS,WIN
0,201587,Nicolas Batum,24.0,8.0,15.0,3.0,3.0,1.0,5.0,1.0,4.0,2.0,3.0,3.0,7.0,41:19,19.9,1
1,200746,LaMarcus Aldridge,25.0,11.0,27.0,7.0,3.0,2.0,9.0,2.0,4.0,0.0,1.0,0.0,8.0,42:22,17.4,1
2,201577,Robin Lopez,6.0,1.0,2.0,4.0,4.0,2.0,3.0,0.0,0.0,2.0,6.0,1.0,-7.0,23:46,5.3,1
3,202083,Wesley Matthews,17.0,6.0,12.0,2.0,1.0,2.0,4.0,0.0,1.0,1.0,1.0,0.0,6.0,39:22,14.2,1
4,203081,Damian Lillard,25.0,10.0,22.0,2.0,2.0,1.0,4.0,1.0,8.0,0.0,3.0,3.0,-2.0,41:21,17.9,1
5,200777,Joel Freeland,2.0,1.0,2.0,0.0,0.0,2.0,0.0,1.0,1.0,0.0,5.0,0.0,11.0,12:26,2.1,1
6,2590,Mo Williams,13.0,4.0,7.0,2.0,2.0,2.0,3.0,0.0,7.0,0.0,3.0,4.0,14.0,32:37,11.7,1
7,2748,Dorell Wright,2.0,1.0,4.0,0.0,0.0,1.0,2.0,0.0,0.0,0.0,2.0,1.0,2.0,13:38,-0.9,1
8,203080,Thomas Robinson,4.0,2.0,8.0,0.0,0.0,2.0,1.0,0.0,0.0,1.0,1.0,3.0,1.0,18:09,-1.8,1
9,203115,Will Barton,,,,,,,,,,,,,,,0.0,1
10,201964,Victor Claver,,,,,,,,,,,,,,,0.0,1
11,203459,Allen Crabbe,,,,,,,,,,,,,,,0.0,1
12,2248,Earl Watson,,,,,,,,,,,,,,,0.0,1
13,200752,Rudy Gay,30.0,12.0,27.0,7.0,5.0,3.0,7.0,0.0,0.0,1.0,4.0,3.0,-9.0,41:40,15.4,0
14,101161,Amir Johnson,8.0,3.0,5.0,2.0,2.0,4.0,3.0,1.0,4.0,0.0,6.0,3.0,-5.0,34:32,7.8,0
15,202685,Jonas Valanciunas,19.0,8.0,11.0,3.0,3.0,3.0,6.0,0.0,0.0,1.0,3.0,3.0,-4.0,35:00,14.9,0
16,201942,DeMar DeRozan,29.0,11.0,27.0,8.0,6.0,0.0,3.0,0.0,3.0,0.0,2.0,4.0,-3.0,46:49,11.9,0
17,200768,Kyle Lowry,10.0,3.0,11.0,4.0,3.0,0.0,7.0,4.0,10.0,0.0,3.0,0.0,-1.0,45:16,15.0,0
18,201946,Tyler Hansbrough,6.0,2.0,3.0,3.0,2.0,3.0,2.0,1.0,0.0,0.0,2.0,0.0,-2.0,16:58,7.2,0
19,203082,Terrence Ross,0.0,0.0,3.0,0.0,0.0,0.0,0.0,0.0,0.0,0.0,0.0,1.0,-1.0,13:56,-3.1,0
20,203112,Quincy Acy,0.0,0.0,0.0,0.0,0.0,1.0,4.0,0.0,0.0,1.0,1.0,1.0,-3.0,6:50,1.2,0
21,202779,Dwight Buycks,5.0,2.0,3.0,2.0,1.0,0.0,1.0,0.0,0.0,0.0,0.0,1.0,-7.0,7:54,2.6,0
22,202361,Landry Fields,3.0,1.0,1.0,2.0,1.0,1.0,1.0,0.0,0.0,0.0,2.0,0.0,-9.0,8:55,2.5,0
23,200779,Steve Novak,0.0,0.0,3.0,0.0,0.0,0.0,2.0,0.0,0.0,0.0,0.0,0.0,4.0,7:10,-1.5,0
24,201571,D.J. Augustin,,,,,,,,,,,,,,,0.0,0
25,201189,Aaron Gray,,,,,,,,,,,,,,,0.0,0
