,id,name,PTS,FG,FGA,FTA,FT,OREB,DREB,STL,AST,BLK,PF,TO,PLUS_MINUS,MIN,GS,WIN
0,203113,Quincy Miller,0.0,0.0,2.0,0.0,0.0,0.0,1.0,1.0,0.0,0.0,1.0,1.0,-17.0,12:54,-1.5,0
1,202702,Kenneth Faried,17.0,7.0,13.0,4.0,3.0,5.0,7.0,1.0,2.0,0.0,2.0,5.0,-7.0,23:30,12.5,0
2,202389,Timofey Mozgov,13.0,4.0,10.0,5.0,4.0,1.0,2.0,0.0,2.0,1.0,5.0,1.0,-4.0,27:47,7.6,0
3,200751,Randy Foye,21.0,6.0,13.0,6.0,5.0,2.0,7.0,0.0,4.0,1.0,5.0,2.0,-11.0,39:10,16.9,0
4,201166,Aaron Brooks,11.0,5.0,13.0,0.0,0.0,1.0,3.0,0.0,2.0,0.0,2.0,4.0,-8.0,40:21,2.1,0
5,202686,Jan Vesely,2.0,1.0,5.0,0.0,0.0,3.0,4.0,1.0,2.0,0.0,3.0,2.0,-12.0,20:37,1.4,0
6,201589,Darrell Arthur,6.0,1.0,9.0,3.0,3.0,2.0,5.0,2.0,1.0,2.0,5.0,2.0,7.0,23:50,3.1,0
7,201951,Ty Lawson,16.0,3.0,8.0,12.0,10.0,0.0,1.0,2.0,3.0,0.0,2.0,1.0,7.0,32:06,13.4,0
8,203095,Evan Fournier,6.0,2.0,7.0,2.0,2.0,0.0,2.0,0.0,0.0,0.0,2.0,2.0,5.0,19:45,-0.3,0
9,201163,Wilson Chandler,,,,,,,,,,,,,,,0.0,0
10,201581,JJ Hickson,,,,,,,,,,,,,,,0.0,0
11,201576,Anthony Randolph,,,,,,,,,,,,,,,0.0,0
12,101126,Nate Robinson,,,,,,,,,,,,,,,0.0,0
13,2419,Tayshaun Prince,12.0,6.0,8.0,0.0,0.0,2.0,0.0,0.0,1.0,0.0,0.0,0.0,3.0,14:02,10.9,1
14,2216,Zach Randolph,20.0,7.0,22.0,6.0,6.0,3.0,12.0,2.0,4.0,3.0,4.0,1.0,17.0,41:39,17.4,1
15,201188,Marc Gasol,24.0,8.0,16.0,10.0,8.0,1.0,4.0,0.0,3.0,1.0,6.0,3.0,2.0,35:45,14.5,1
16,201584,Courtney Lee,10.0,3.0,7.0,3.0,3.0,0.0,1.0,1.0,1.0,0.0,1.0,2.0,11.0,38:44,5.9,1
17,201144,Mike Conley,21.0,5.0,14.0,11.0,10.0,0.0,5.0,2.0,4.0,0.0,4.0,1.0,8.0,35:20,16.5,1
18,201979,Nick Calathes,4.0,1.0,3.0,2.0,2.0,0.0,1.0,2.0,2.0,0.0,3.0,1.0,5.0,17:21,3.8,1
19,201585,Kosta Koufos,0.0,0.0,1.0,0.0,0.0,1.0,4.0,0.0,0.0,0.0,1.0,1.0,3.0,11:26,-0.2,1
20,202334,Ed Davis,2.0,1.0,4.0,0.0,0.0,2.0,0.0,0.0,0.0,0.0,2.0,0.0,-7.0,6:14,0.2,1
21,2754,Tony Allen,5.0,1.0,4.0,4.0,3.0,1.0,0.0,2.0,1.0,0.0,4.0,0.0,-3.0,20:24,4.0,1
22,2034,Mike Miller,2.0,0.0,4.0,2.0,2.0,0.0,1.0,0.0,2.0,0.0,1.0,2.0,-3.0,17:36,-1.5,1
23,201949,James Johnson,0.0,0.0,0.0,0.0,0.0,0.0,0.0,0.0,0.0,0.0,0.0,0.0,4.0,1:30,0.0,1
24,202720,Jon Leuer,,,,,,,,,,,,,,,0.0,1
25,2757,Beno Udrih,,,,,,,,,,,,,,,0.0,1
