,id,name,PTS,FG,FGA,FTA,FT,OREB,DREB,STL,AST,BLK,PF,TO,PLUS_MINUS,MIN,GS,WIN
0,201147,Corey Brewer,6.0,3.0,11.0,0.0,0.0,2.0,3.0,2.0,1.0,0.0,2.0,0.0,-19.0,32:17,3.7,0
1,201967,Dante Cunningham,12.0,6.0,14.0,2.0,0.0,5.0,1.0,0.0,0.0,1.0,0.0,0.0,-11.0,24:51,8.3,0
2,201567,Kevin Love,31.0,11.0,21.0,9.0,7.0,2.0,8.0,1.0,0.0,0.0,4.0,4.0,-19.0,34:58,19.1,0
3,201978,Chase Budinger,8.0,3.0,6.0,0.0,0.0,1.0,1.0,0.0,0.0,0.0,2.0,0.0,-7.0,23:54,5.2,0
4,201937,Ricky Rubio,5.0,2.0,6.0,1.0,1.0,1.0,0.0,1.0,11.0,0.0,0.0,3.0,-8.0,22:58,8.0,0
5,200826,J.J. Barea,21.0,7.0,16.0,3.0,3.0,0.0,0.0,1.0,2.0,0.0,5.0,2.0,-7.0,21:25,11.0,0
6,201601,Luc Mbah a Moute,2.0,1.0,3.0,0.0,0.0,0.0,3.0,0.0,1.0,1.0,2.0,1.0,-11.0,22:43,0.8,0
7,203133,Robbie Hummel,2.0,1.0,3.0,0.0,0.0,2.0,6.0,0.0,0.0,0.0,1.0,2.0,10.0,14:29,1.1,0
8,203498,Shabazz Muhammad,2.0,1.0,8.0,1.0,0.0,5.0,2.0,0.0,0.0,0.0,3.0,1.0,1.0,22:09,-1.7,0
9,203476,Gorgui Dieng,3.0,0.0,1.0,4.0,3.0,3.0,3.0,0.0,2.0,0.0,1.0,1.0,8.0,13:02,4.9,0
10,203144,Alexey Shved,0.0,0.0,1.0,0.0,0.0,0.0,0.0,0.0,1.0,0.0,1.0,0.0,4.0,3:37,-0.4,0
11,201985,AJ Price,5.0,2.0,4.0,0.0,0.0,0.0,0.0,0.0,0.0,0.0,0.0,0.0,4.0,3:37,3.0,0
12,101142,Ronny Turiaf,,,,,,,,,,,,,,,0.0,0
13,201587,Nicolas Batum,22.0,9.0,15.0,1.0,1.0,1.0,9.0,1.0,4.0,3.0,3.0,3.0,11.0,36:05,20.2,1
14,2748,Dorell Wright,3.0,1.0,2.0,0.0,0.0,0.0,1.0,0.0,1.0,0.0,1.0,0.0,1.0,6:32,2.6,1
15,201577,Robin Lopez,6.0,3.0,5.0,0.0,0.0,3.0,2.0,1.0,0.0,1.0,2.0,1.0,8.0,27:55,6.3,1
16,202083,Wesley Matthews,17.0,4.0,14.0,6.0,6.0,0.0,0.0,1.0,2.0,0.0,2.0,3.0,6.0,33:22,7.4,1
17,203081,Damian Lillard,32.0,11.0,17.0,5.0,5.0,0.0,2.0,0.0,5.0,0.0,5.0,1.0,3.0,29:46,25.6,1
18,201964,Victor Claver,5.0,2.0,3.0,2.0,1.0,1.0,4.0,0.0,1.0,1.0,1.0,1.0,-3.0,24:02,5.2,1
19,2590,Mo Williams,4.0,2.0,7.0,0.0,0.0,0.0,5.0,0.0,3.0,0.0,3.0,2.0,11.0,27:35,0.3,1
20,203080,Thomas Robinson,14.0,6.0,13.0,2.0,2.0,7.0,11.0,0.0,2.0,2.0,3.0,0.0,19.0,33:26,17.1,1
21,203468,CJ McCollum,0.0,0.0,1.0,0.0,0.0,0.0,0.0,0.0,0.0,0.0,0.0,1.0,-6.0,4:15,-1.7,1
22,203115,Will Barton,5.0,2.0,6.0,0.0,0.0,0.0,0.0,1.0,1.0,0.0,3.0,0.0,5.0,14:46,2.1,1
23,2248,Earl Watson,0.0,0.0,0.0,0.0,0.0,0.0,0.0,0.0,0.0,0.0,0.0,0.0,0.0,1:08,0.0,1
24,203459,Allen Crabbe,0.0,0.0,0.0,0.0,0.0,0.0,0.0,0.0,0.0,0.0,0.0,0.0,0.0,1:08,0.0,1
25,200746,LaMarcus Aldridge,,,,,,,,,,,,,,,0.0,1
