,id,name,PTS,FG,FGA,FTA,FT,OREB,DREB,STL,AST,BLK,PF,TO,PLUS_MINUS,MIN,GS,WIN
0,203090,Maurice Harkless,12.0,4.0,10.0,4.0,2.0,5.0,0.0,1.0,1.0,0.0,2.0,3.0,-13.0,26:38,7.2,0
1,101131,Jason Maxiell,10.0,4.0,9.0,2.0,2.0,1.0,0.0,0.0,2.0,1.0,3.0,2.0,-9.0,30:49,4.9,0
2,202696,Nikola Vucevic,15.0,6.0,11.0,3.0,3.0,4.0,6.0,3.0,4.0,1.0,2.0,2.0,-5.0,28:54,18.0,0
3,201167,Arron Afflalo,18.0,6.0,12.0,5.0,4.0,0.0,4.0,0.0,7.0,0.0,1.0,4.0,-7.0,38:39,13.3,0
4,2749,Jameer Nelson,10.0,3.0,10.0,2.0,2.0,2.0,3.0,0.0,5.0,0.0,1.0,1.0,-2.0,24:11,8.6,0
5,202734,E'Twaun Moore,11.0,4.0,6.0,3.0,3.0,0.0,3.0,1.0,2.0,0.0,3.0,2.0,-14.0,24:52,8.5,0
6,203124,Kyle O'Quinn,2.0,0.0,2.0,2.0,2.0,2.0,4.0,0.0,3.0,1.0,0.0,1.0,-11.0,23:08,5.0,0
7,203094,Andrew Nicholson,8.0,4.0,7.0,0.0,0.0,0.0,1.0,0.0,0.0,1.0,4.0,2.0,-5.0,13:09,2.1,0
8,203506,Victor Oladipo,17.0,7.0,17.0,2.0,2.0,0.0,1.0,2.0,2.0,0.0,2.0,1.0,-10.0,26:49,9.8,0
9,101179,Ronnie Price,2.0,1.0,1.0,0.0,0.0,0.0,1.0,0.0,1.0,0.0,0.0,0.0,1.0,2:51,2.7,0
10,202699,Tobias Harris,,,,,,,,,,,,,,,0.0,0
11,200780,Solomon Jones,,,,,,,,,,,,,,,0.0,0
12,203117,Doron Lamb,,,,,,,,,,,,,,,0.0,0
13,201145,Jeff Green,16.0,5.0,9.0,5.0,5.0,1.0,3.0,0.0,1.0,0.0,3.0,3.0,-7.0,28:52,9.8,1
14,101138,Brandon Bass,10.0,5.0,12.0,0.0,0.0,2.0,2.0,0.0,2.0,1.0,3.0,1.0,3.0,30:07,5.5,1
15,203482,Kelly Olynyk,16.0,7.0,9.0,0.0,0.0,1.0,6.0,1.0,5.0,1.0,4.0,2.0,1.0,26:01,16.6,1
16,202340,Avery Bradley,24.0,10.0,15.0,4.0,4.0,0.0,0.0,3.0,0.0,0.0,3.0,3.0,12.0,29:03,16.3,1
17,202348,Jordan Crawford,16.0,7.0,12.0,2.0,2.0,1.0,4.0,1.0,10.0,0.0,3.0,0.0,15.0,32:36,19.1,1
18,2222,Gerald Wallace,1.0,0.0,1.0,2.0,1.0,0.0,2.0,3.0,5.0,0.0,0.0,1.0,20.0,19:25,6.0,1
19,203096,Jared Sullinger,14.0,7.0,9.0,1.0,0.0,1.0,4.0,1.0,3.0,2.0,1.0,1.0,17.0,25:28,15.1,1
20,203543,Vitor Faverani,4.0,2.0,4.0,0.0,0.0,1.0,4.0,1.0,0.0,2.0,0.0,0.0,9.0,14:24,6.3,1
21,201584,Courtney Lee,12.0,5.0,8.0,1.0,1.0,1.0,1.0,1.0,0.0,1.0,1.0,0.0,3.0,18:57,10.7,1
22,203515,Phil Pressey,7.0,3.0,6.0,0.0,0.0,0.0,2.0,0.0,2.0,0.0,1.0,2.0,2.0,15:07,3.6,1
23,2586,Keith Bogans,,,,,,,,,,,,,,,0.0,1
24,202705,MarShon Brooks,,,,,,,,,,,,,,,0.0,1
25,2743,Kris Humphries,,,,,,,,,,,,,,,0.0,1
