,id,name,PTS,FG,FGA,FTA,FT,OREB,DREB,STL,AST,BLK,PF,TO,PLUS_MINUS,MIN,GS,WIN
0,2746,Josh Smith,8.0,2.0,10.0,8.0,4.0,2.0,4.0,3.0,6.0,0.0,1.0,3.0,8.0,34:10,6.6,0
1,202328,Greg Monroe,18.0,7.0,11.0,6.0,4.0,1.0,8.0,0.0,4.0,0.0,3.0,2.0,13.0,28:52,15.0,0
2,203083,Andre Drummond,11.0,4.0,7.0,4.0,3.0,4.0,8.0,2.0,1.0,3.0,2.0,1.0,-2.0,33:09,15.5,0
3,203484,Kentavious Caldwell-Pope,9.0,3.0,8.0,2.0,2.0,1.0,5.0,2.0,4.0,0.0,2.0,0.0,5.0,44:07,10.8,0
4,201943,Brandon Jennings,30.0,11.0,23.0,6.0,5.0,1.0,3.0,2.0,4.0,1.0,2.0,2.0,4.0,36:59,22.2,0
5,202713,Kyle Singler,0.0,0.0,7.0,0.0,0.0,0.0,1.0,0.0,0.0,0.0,3.0,1.0,-20.0,19:08,-6.8,0
6,201155,Rodney Stuckey,23.0,8.0,16.0,8.0,7.0,0.0,2.0,0.0,1.0,0.0,1.0,3.0,-16.0,32:34,12.5,0
7,101198,Will Bynum,2.0,1.0,2.0,0.0,0.0,0.0,0.0,2.0,1.0,0.0,1.0,2.0,-7.0,11:01,1.3,0
8,203540,Gigi Datome,,,,,,,,,,,,,,,0.0,0
9,202725,Josh Harrellson,,,,,,,,,,,,,,,0.0,0
10,201973,Jonas Jerebko,,,,,,,,,,,,,,,0.0,0
11,203502,Tony Mitchell,,,,,,,,,,,,,,,0.0,0
12,101111,Charlie Villanueva,,,,,,,,,,,,,,,0.0,0
13,101141,Ersan Ilyasova,12.0,6.0,13.0,0.0,0.0,3.0,3.0,1.0,1.0,0.0,3.0,2.0,-12.0,27:22,6.8,1
14,203089,John Henson,12.0,6.0,9.0,4.0,0.0,1.0,2.0,0.0,0.0,3.0,4.0,1.0,-4.0,20:39,7.3,1
15,202327,Ekpe Udoh,4.0,1.0,3.0,2.0,2.0,2.0,2.0,0.0,2.0,0.0,2.0,2.0,-15.0,24:14,2.9,1
16,203507,Giannis Antetokounmpo,4.0,1.0,3.0,2.0,2.0,0.0,5.0,1.0,3.0,1.0,1.0,2.0,-18.0,25:42,5.2,1
17,202688,Brandon Knight,16.0,5.0,17.0,8.0,4.0,1.0,6.0,1.0,9.0,0.0,2.0,6.0,-1.0,41:18,7.5,1
18,203114,Khris Middleton,10.0,3.0,6.0,2.0,2.0,0.0,2.0,4.0,4.0,2.0,3.0,2.0,20.0,30:01,12.6,1
19,2406,Caron Butler,30.0,12.0,21.0,4.0,4.0,1.0,6.0,1.0,5.0,1.0,5.0,0.0,16.0,32:29,25.8,1
20,203545,Miroslav Raduljica,8.0,4.0,5.0,0.0,0.0,3.0,5.0,2.0,2.0,0.0,3.0,1.0,17.0,19:36,10.9,1
21,2557,Luke Ridnour,8.0,3.0,7.0,0.0,0.0,1.0,2.0,1.0,3.0,0.0,1.0,2.0,12.0,18:39,6.3,1
22,201564,O.J. Mayo,,,,,,,,,,,,,,,0.0,1
23,202390,Gary Neal,,,,,,,,,,,,,,,0.0,1
24,202336,Larry Sanders,,,,,,,,,,,,,,,0.0,1
25,203489,Nate Wolters,,,,,,,,,,,,,,,0.0,1
