,id,name,PTS,FG,FGA,FTA,FT,OREB,DREB,STL,AST,BLK,PF,TO,PLUS_MINUS,MIN,GS,WIN
0,203145,Kent Bazemore,21.0,9.0,18.0,3.0,2.0,1.0,3.0,3.0,4.0,1.0,5.0,1.0,-23.0,35:36,16.7,0
1,201941,Jordan Hill,10.0,5.0,12.0,0.0,0.0,3.0,4.0,1.0,0.0,0.0,3.0,2.0,-38.0,24:19,4.7,0
2,2549,Chris Kaman,2.0,1.0,2.0,0.0,0.0,0.0,1.0,1.0,0.0,0.0,1.0,0.0,-17.0,5:37,1.9,0
3,201975,Jodie Meeks,19.0,6.0,13.0,6.0,6.0,1.0,1.0,1.0,0.0,0.0,1.0,0.0,-28.0,31:51,13.9,0
4,203088,Kendall Marshall,0.0,0.0,6.0,0.0,0.0,0.0,0.0,1.0,3.0,0.0,2.0,2.0,-25.0,15:20,-3.9,0
5,202325,Wesley Johnson,13.0,6.0,10.0,0.0,0.0,0.0,0.0,2.0,1.0,0.0,5.0,1.0,-2.0,24:13,8.1,0
6,201156,Nick Young,11.0,3.0,12.0,2.0,2.0,1.0,0.0,4.0,2.0,0.0,3.0,0.0,-12.0,27:38,8.7,0
7,959,Steve Nash,4.0,2.0,5.0,0.0,0.0,0.0,0.0,1.0,6.0,0.0,2.0,2.0,-11.0,14:55,3.7,0
8,203135,Robert Sacre,14.0,6.0,11.0,4.0,2.0,6.0,1.0,0.0,1.0,0.0,4.0,0.0,-13.0,30:34,11.5,0
9,203527,Ryan Kelly,9.0,4.0,11.0,0.0,0.0,2.0,2.0,0.0,4.0,1.0,4.0,0.0,-12.0,23:47,6.8,0
10,202705,MarShon Brooks,4.0,2.0,2.0,0.0,0.0,0.0,0.0,1.0,1.0,0.0,0.0,0.0,1.0,6:10,5.1,0
11,2200,Pau Gasol,,,,,,,,,,,,,,,0.0,0
12,202333,Xavier Henry,,,,,,,,,,,,,,,0.0,0
13,201147,Corey Brewer,11.0,3.0,6.0,5.0,5.0,1.0,2.0,2.0,3.0,0.0,1.0,0.0,21.0,26:36,13.0,1
14,201567,Kevin Love,22.0,6.0,10.0,9.0,7.0,0.0,10.0,1.0,10.0,0.0,1.0,4.0,21.0,28:44,23.2,1
15,201593,Nikola Pekovic,26.0,9.0,10.0,8.0,8.0,1.0,2.0,0.0,0.0,0.0,3.0,3.0,38.0,21:37,19.7,1
16,2755,Kevin Martin,17.0,7.0,12.0,2.0,2.0,1.0,2.0,0.0,4.0,0.0,0.0,1.0,23.0,24:10,14.5,1
17,201937,Ricky Rubio,10.0,4.0,5.0,3.0,2.0,0.0,6.0,1.0,6.0,0.0,0.0,2.0,19.0,26:18,12.7,1
18,203476,Gorgui Dieng,14.0,5.0,5.0,7.0,4.0,3.0,6.0,0.0,0.0,1.0,5.0,2.0,2.0,22:32,11.9,1
19,201978,Chase Budinger,11.0,3.0,7.0,4.0,4.0,2.0,3.0,2.0,3.0,0.0,1.0,0.0,13.0,23:50,13.3,1
20,200826,J.J. Barea,8.0,3.0,6.0,0.0,0.0,0.0,4.0,0.0,4.0,0.0,0.0,3.0,18.0,15:32,6.0,1
21,201967,Dante Cunningham,8.0,4.0,6.0,1.0,0.0,1.0,2.0,0.0,0.0,1.0,0.0,2.0,8.0,13:43,5.0,1
22,201601,Luc Mbah a Moute,2.0,1.0,2.0,0.0,0.0,0.0,1.0,0.0,0.0,0.0,2.0,0.0,13.0,14:30,0.5,1
23,203133,Robbie Hummel,0.0,0.0,0.0,0.0,0.0,0.0,1.0,0.0,0.0,0.0,0.0,0.0,3.0,9:24,0.3,1
24,203498,Shabazz Muhammad,9.0,4.0,4.0,0.0,0.0,0.0,0.0,0.0,0.0,0.0,0.0,1.0,2.0,6:54,6.8,1
25,203144,Alexey Shved,5.0,2.0,3.0,1.0,1.0,0.0,1.0,0.0,3.0,0.0,1.0,3.0,-1.0,6:10,2.7,1
