,id,name,PTS,FG,FGA,FTA,FT,OREB,DREB,STL,AST,BLK,PF,TO,PLUS_MINUS,MIN,GS,WIN
0,202718,Chandler Parsons,18.0,8.0,14.0,0.0,0.0,1.0,4.0,2.0,2.0,0.0,1.0,2.0,28.0,30:58,14.3,1
1,203093,Terrence Jones,11.0,4.0,8.0,6.0,2.0,2.0,3.0,0.0,0.0,0.0,1.0,1.0,19.0,20:31,6.3,1
2,2730,Dwight Howard,20.0,9.0,14.0,6.0,2.0,6.0,7.0,2.0,1.0,3.0,0.0,4.0,20.0,28:25,19.3,1
3,201935,James Harden,29.0,10.0,18.0,6.0,4.0,1.0,5.0,4.0,11.0,1.0,3.0,1.0,23.0,32:05,32.0,1
4,201976,Patrick Beverley,10.0,4.0,9.0,0.0,0.0,1.0,2.0,3.0,5.0,0.0,2.0,0.0,29.0,29:20,12.3,1
5,202700,Donatas Motiejunas,12.0,5.0,11.0,1.0,0.0,2.0,3.0,2.0,1.0,1.0,0.0,1.0,13.0,18:50,10.6,1
6,201600,Omer Asik,7.0,3.0,6.0,2.0,1.0,5.0,7.0,0.0,1.0,0.0,1.0,0.0,6.0,23:10,9.5,1
7,202391,Jeremy Lin,9.0,3.0,11.0,2.0,1.0,1.0,2.0,1.0,2.0,0.0,2.0,4.0,4.0,20:57,1.0,1
8,101128,Francisco Garcia,11.0,4.0,7.0,0.0,0.0,0.0,2.0,0.0,2.0,0.0,2.0,0.0,-3.0,18:40,8.9,1
9,201956,Omri Casspi,7.0,2.0,5.0,2.0,2.0,0.0,2.0,1.0,3.0,1.0,1.0,0.0,-3.0,12:00,8.3,1
10,201166,Aaron Brooks,0.0,0.0,1.0,0.0,0.0,0.0,0.0,0.0,0.0,0.0,2.0,1.0,-6.0,5:04,-2.5,1
11,200758,Ronnie Brewer,,,,,,,,,,,,,,,0.0,1
12,202962,Greg Smith,,,,,,,,,,,,,,,0.0,1
13,202325,Wesley Johnson,24.0,9.0,13.0,3.0,2.0,0.0,7.0,2.0,1.0,0.0,3.0,2.0,-27.0,42:18,19.7,0
14,203527,Ryan Kelly,13.0,4.0,14.0,4.0,4.0,1.0,2.0,0.0,3.0,2.0,3.0,1.0,3.0,29:19,7.4,0
15,2549,Chris Kaman,9.0,4.0,11.0,1.0,1.0,0.0,4.0,0.0,2.0,1.0,3.0,1.0,-8.0,22:05,4.0,0
16,201975,Jodie Meeks,19.0,7.0,14.0,3.0,3.0,0.0,1.0,1.0,2.0,0.0,3.0,3.0,-17.0,34:07,10.5,0
17,203088,Kendall Marshall,20.0,7.0,13.0,4.0,2.0,0.0,1.0,3.0,16.0,0.0,1.0,4.0,-17.0,42:43,23.0,0
18,200770,Jordan Farmar,9.0,3.0,6.0,0.0,0.0,0.0,3.0,0.0,4.0,0.0,1.0,6.0,-21.0,19:39,3.3,0
19,201941,Jordan Hill,10.0,5.0,7.0,0.0,0.0,1.0,6.0,3.0,0.0,1.0,4.0,2.0,-31.0,25:40,9.7,0
20,203135,Robert Sacre,4.0,2.0,6.0,0.0,0.0,1.0,5.0,1.0,1.0,1.0,1.0,0.0,-12.0,24:09,4.8,0
21,2200,Pau Gasol,,,,,,,,,,,,,,,0.0,0
22,202333,Xavier Henry,,,,,,,,,,,,,,,0.0,0
23,959,Steve Nash,,,,,,,,,,,,,,,0.0,0
24,201156,Nick Young,,,,,,,,,,,,,,,0.0,0
