,id,name,PTS,FG,FGA,FTA,FT,OREB,DREB,STL,AST,BLK,PF,TO,PLUS_MINUS,MIN,GS,WIN
0,2207,Joe Johnson,18.0,7.0,16.0,0.0,0.0,0.0,5.0,0.0,3.0,0.0,3.0,4.0,-8.0,38:27,8.0,0
1,1718,Paul Pierce,8.0,3.0,7.0,1.0,1.0,0.0,4.0,1.0,3.0,0.0,2.0,0.0,-14.0,30:45,7.8,0
2,203486,Mason Plumlee,4.0,2.0,3.0,0.0,0.0,1.0,3.0,0.0,2.0,2.0,3.0,1.0,-10.0,20:45,4.9,0
3,2733,Shaun Livingston,7.0,3.0,6.0,2.0,1.0,1.0,0.0,2.0,7.0,0.0,4.0,1.0,-12.0,26:06,8.6,0
4,101114,Deron Williams,29.0,11.0,21.0,2.0,2.0,0.0,4.0,1.0,7.0,0.0,4.0,2.0,-4.0,42:03,22.2,0
5,101187,Alan Anderson,10.0,3.0,8.0,3.0,3.0,0.0,2.0,0.0,0.0,0.0,1.0,0.0,5.0,27:34,5.8,0
6,101154,Andray Blatche,7.0,2.0,7.0,4.0,3.0,1.0,6.0,1.0,5.0,2.0,3.0,1.0,7.0,29:48,8.7,0
7,203141,Mirza Teletovic,22.0,6.0,12.0,4.0,4.0,0.0,3.0,0.0,0.0,0.0,1.0,0.0,7.0,27:51,16.5,0
8,203268,Jorge Gutierrez,6.0,3.0,3.0,0.0,0.0,0.0,2.0,0.0,2.0,0.0,3.0,0.0,6.0,19:22,5.9,0
9,2215,Jason Collins,0.0,0.0,0.0,0.0,0.0,0.0,0.0,0.0,0.0,0.0,1.0,0.0,-2.0,2:19,-0.4,0
10,1905,Andrei Kirilenko,,,,,,,,,,,,,,,0.0,0
11,203104,Marquis Teague,,,,,,,,,,,,,,,0.0,0
12,201977,Marcus Thornton,,,,,,,,,,,,,,,0.0,0
13,203077,Michael Kidd-Gilchrist,7.0,2.0,5.0,5.0,3.0,1.0,4.0,1.0,0.0,0.0,2.0,1.0,10.0,27:00,4.6,1
14,201177,Josh McRoberts,12.0,5.0,6.0,2.0,2.0,4.0,2.0,1.0,4.0,0.0,2.0,1.0,14.0,38:44,15.2,1
15,2744,Al Jefferson,35.0,15.0,27.0,7.0,5.0,3.0,12.0,0.0,1.0,0.0,2.0,1.0,3.0,41:10,25.9,1
16,201945,Gerald Henderson,7.0,3.0,8.0,2.0,0.0,0.0,2.0,0.0,5.0,1.0,1.0,2.0,9.0,37:25,4.2,1
17,202689,Kemba Walker,20.0,8.0,21.0,2.0,2.0,0.0,5.0,1.0,12.0,0.0,0.0,2.0,8.0,44:59,17.4,1
18,201604,Chris Douglas-Roberts,16.0,6.0,14.0,1.0,1.0,3.0,2.0,0.0,2.0,0.0,2.0,1.0,-7.0,26:41,10.9,1
19,203469,Cody Zeller,6.0,2.0,3.0,2.0,2.0,2.0,1.0,0.0,0.0,0.0,0.0,0.0,-9.0,14:16,6.4,1
20,2557,Luke Ridnour,9.0,4.0,5.0,0.0,0.0,1.0,2.0,0.0,2.0,0.0,2.0,0.0,-6.0,16:39,9.0,1
21,201229,Anthony Tolliver,3.0,1.0,3.0,0.0,0.0,0.0,0.0,0.0,0.0,0.0,1.0,0.0,1.0,6:24,0.9,1
22,202687,Bismack Biyombo,1.0,0.0,0.0,2.0,1.0,1.0,4.0,0.0,1.0,0.0,4.0,0.0,2.0,11:42,1.6,1
23,202390,Gary Neal,,,,,,,,,,,,,,,0.0,1
24,2457,Jannero Pargo,,,,,,,,,,,,,,,0.0,1
25,201591,DJ White,,,,,,,,,,,,,,,0.0,1
