,id,name,PTS,FG,FGA,FTA,FT,OREB,DREB,STL,AST,BLK,PF,TO,PLUS_MINUS,MIN,GS,WIN
0,2399,Mike Dunleavy,12.0,4.0,11.0,2.0,2.0,1.0,7.0,1.0,3.0,1.0,1.0,1.0,-9.0,28:41,11.1,1
1,2430,Carlos Boozer,10.0,4.0,8.0,2.0,2.0,0.0,4.0,0.0,2.0,1.0,3.0,3.0,-4.0,24:39,5.1,1
2,201149,Joakim Noah,11.0,4.0,14.0,6.0,3.0,1.0,9.0,1.0,8.0,1.0,3.0,3.0,2.0,39:35,8.1,1
3,202710,Jimmy Butler,4.0,2.0,7.0,0.0,0.0,1.0,2.0,4.0,3.0,0.0,0.0,1.0,2.0,42:19,6.3,1
4,201571,D.J. Augustin,28.0,9.0,19.0,6.0,4.0,0.0,1.0,2.0,3.0,0.0,3.0,2.0,-4.0,43:51,18.7,1
5,201959,Taj Gibson,13.0,4.0,9.0,6.0,5.0,0.0,7.0,0.0,2.0,1.0,4.0,2.0,-2.0,27:36,8.5,1
6,203503,Tony Snell,9.0,3.0,8.0,0.0,0.0,1.0,4.0,3.0,1.0,0.0,1.0,0.0,11.0,25:00,9.8,1
7,1737,Nazr Mohammed,0.0,0.0,0.0,0.0,0.0,0.0,2.0,0.0,0.0,1.0,1.0,0.0,6.0,4:09,0.9,1
8,2229,Mike James,2.0,1.0,1.0,0.0,0.0,0.0,1.0,0.0,2.0,0.0,0.0,1.0,8.0,4:10,2.4,1
9,201858,Cartier Martin,,,,,,,,,,,,,,,0.0,1
10,203513,Erik Murphy,,,,,,,,,,,,,,,0.0,1
11,203129,Tornike Shengelia,,,,,,,,,,,,,,,0.0,1
12,203077,Michael Kidd-Gilchrist,6.0,3.0,11.0,0.0,0.0,3.0,1.0,1.0,0.0,1.0,3.0,3.0,-10.0,21:58,-0.6,0
13,201177,Josh McRoberts,6.0,2.0,7.0,0.0,0.0,1.0,5.0,0.0,5.0,0.0,4.0,0.0,-5.0,27:13,6.0,0
14,2744,Al Jefferson,32.0,15.0,26.0,2.0,1.0,3.0,10.0,0.0,1.0,3.0,2.0,3.0,10.0,37:39,23.5,0
15,201945,Gerald Henderson,11.0,5.0,12.0,2.0,1.0,1.0,5.0,1.0,3.0,0.0,0.0,2.0,-6.0,37:16,7.5,0
16,201196,Ramon Sessions,8.0,4.0,14.0,0.0,0.0,0.0,3.0,0.0,11.0,1.0,4.0,3.0,9.0,33:16,4.5,0
17,203469,Cody Zeller,7.0,2.0,4.0,4.0,3.0,2.0,6.0,0.0,0.0,1.0,2.0,0.0,1.0,20:48,7.7,0
18,201229,Anthony Tolliver,0.0,0.0,3.0,0.0,0.0,0.0,2.0,1.0,1.0,1.0,0.0,0.0,8.0,26:03,0.9,0
19,201604,Chris Douglas-Roberts,2.0,1.0,3.0,0.0,0.0,0.0,1.0,0.0,1.0,1.0,1.0,0.0,4.0,10:44,1.6,0
20,2457,Jannero Pargo,15.0,5.0,8.0,2.0,2.0,0.0,0.0,0.0,2.0,0.0,1.0,3.0,-11.0,14:44,9.4,0
21,202687,Bismack Biyombo,0.0,0.0,0.0,0.0,0.0,1.0,1.0,0.0,0.0,0.0,1.0,1.0,-10.0,10:20,-0.4,0
22,202399,Jeff Adrien,,,,,,,,,,,,,,,0.0,0
23,2732,Ben Gordon,,,,,,,,,,,,,,,0.0,0
24,202689,Kemba Walker,,,,,,,,,,,,,,,0.0,0
