,id,name,PTS,FG,FGA,FTA,FT,OREB,DREB,STL,AST,BLK,PF,TO,PLUS_MINUS,MIN,GS,WIN
0,203090,Maurice Harkless,3.0,1.0,4.0,0.0,0.0,0.0,0.0,1.0,0.0,0.0,1.0,0.0,-11.0,17:13,1.2,0
1,202699,Tobias Harris,22.0,8.0,17.0,8.0,6.0,4.0,5.0,0.0,4.0,0.0,3.0,1.0,-12.0,37:15,17.4,0
2,201175,Glen Davis,20.0,8.0,14.0,6.0,4.0,0.0,6.0,1.0,1.0,1.0,2.0,0.0,-21.0,27:36,16.0,0
3,203506,Victor Oladipo,15.0,6.0,11.0,5.0,3.0,2.0,1.0,1.0,5.0,0.0,1.0,3.0,-18.0,32:17,11.7,0
4,2749,Jameer Nelson,10.0,4.0,9.0,0.0,0.0,0.0,4.0,1.0,7.0,0.0,2.0,4.0,-13.0,26:00,7.6,0
5,101131,Jason Maxiell,0.0,0.0,0.0,0.0,0.0,0.0,2.0,0.0,1.0,0.0,0.0,0.0,-6.0,5:01,1.3,0
6,202734,E'Twaun Moore,10.0,5.0,10.0,0.0,0.0,0.0,3.0,0.0,2.0,1.0,1.0,2.0,-15.0,24:52,5.6,0
7,203117,Doron Lamb,8.0,3.0,12.0,2.0,1.0,0.0,4.0,0.0,2.0,0.0,3.0,0.0,-21.0,31:38,1.8,0
8,203094,Andrew Nicholson,2.0,1.0,5.0,0.0,0.0,1.0,3.0,0.0,0.0,1.0,4.0,0.0,-8.0,16:43,-0.4,0
9,203124,Kyle O'Quinn,4.0,1.0,2.0,2.0,2.0,1.0,4.0,0.0,1.0,1.0,2.0,1.0,-5.0,21:25,4.5,0
10,201167,Arron Afflalo,,,,,,,,,,,,,,,0.0,0
11,101179,Ronnie Price,,,,,,,,,,,,,,,0.0,0
12,202696,Nikola Vucevic,,,,,,,,,,,,,,,0.0,0
13,203113,Quincy Miller,16.0,5.0,13.0,6.0,6.0,2.0,9.0,1.0,1.0,2.0,1.0,1.0,10.0,35:35,14.7,1
14,202702,Kenneth Faried,17.0,8.0,14.0,3.0,1.0,3.0,6.0,2.0,4.0,1.0,4.0,3.0,17.0,29:27,14.4,1
15,201581,JJ Hickson,13.0,6.0,12.0,1.0,1.0,2.0,8.0,1.0,2.0,0.0,1.0,1.0,17.0,26:33,11.8,1
16,200751,Randy Foye,18.0,5.0,10.0,5.0,5.0,1.0,3.0,1.0,4.0,1.0,2.0,0.0,22.0,30:25,18.3,1
17,201951,Ty Lawson,16.0,6.0,11.0,2.0,0.0,0.0,0.0,0.0,8.0,0.0,1.0,2.0,19.0,30:26,13.1,1
18,203095,Evan Fournier,18.0,7.0,8.0,3.0,1.0,0.0,5.0,0.0,2.0,0.0,3.0,1.0,10.0,21:33,15.1,1
19,202389,Timofey Mozgov,14.0,4.0,8.0,6.0,6.0,4.0,5.0,0.0,1.0,0.0,3.0,1.0,8.0,23:50,12.8,1
20,201589,Darrell Arthur,0.0,0.0,3.0,0.0,0.0,0.0,1.0,0.0,1.0,1.0,2.0,1.0,18.0,10:35,-2.2,1
21,101126,Nate Robinson,5.0,2.0,4.0,0.0,0.0,0.0,1.0,0.0,6.0,0.0,4.0,0.0,9.0,19:36,5.9,1
22,202706,Jordan Hamilton,3.0,1.0,4.0,0.0,0.0,0.0,0.0,0.0,1.0,2.0,0.0,0.0,0.0,12:00,2.7,1
23,201163,Wilson Chandler,,,,,,,,,,,,,,,0.0,1
24,1889,Andre Miller,,,,,,,,,,,,,,,0.0,1
25,201576,Anthony Randolph,,,,,,,,,,,,,,,0.0,1
