,id,name,PTS,FG,FGA,FTA,FT,OREB,DREB,STL,AST,BLK,PF,TO,PLUS_MINUS,MIN,GS,WIN
0,202684,Tristan Thompson,2.0,1.0,5.0,0.0,0.0,1.0,3.0,0.0,0.0,0.0,1.0,1.0,-4.0,35:28,-0.9,0
1,201947,Earl Clark,2.0,0.0,4.0,2.0,2.0,0.0,7.0,0.0,0.0,0.0,0.0,2.0,-6.0,17:34,-0.7,0
2,2760,Anderson Varejao,14.0,6.0,9.0,2.0,2.0,2.0,4.0,3.0,0.0,0.0,4.0,4.0,-7.0,29:07,10.1,0
3,203079,Dion Waiters,17.0,7.0,21.0,1.0,1.0,0.0,2.0,4.0,0.0,0.0,3.0,2.0,3.0,29:19,6.5,0
4,202681,Kyrie Irving,15.0,6.0,17.0,4.0,2.0,0.0,3.0,0.0,5.0,0.0,3.0,1.0,-5.0,33:50,6.9,0
5,203461,Anthony Bennett,0.0,0.0,4.0,0.0,0.0,2.0,4.0,2.0,0.0,0.0,1.0,0.0,-11.0,12:33,1.4,0
6,101127,Jarrett Jack,8.0,4.0,8.0,0.0,0.0,0.0,2.0,2.0,3.0,0.0,3.0,4.0,-15.0,24:28,3.5,0
7,101139,CJ Miles,8.0,2.0,9.0,4.0,4.0,1.0,1.0,2.0,2.0,0.0,3.0,0.0,-8.0,18:40,5.7,0
8,203092,Tyler Zeller,6.0,2.0,3.0,2.0,2.0,0.0,3.0,0.0,0.0,1.0,3.0,1.0,-8.0,17:48,4.1,0
9,202087,Alonzo Gee,2.0,1.0,2.0,0.0,0.0,0.0,1.0,2.0,1.0,0.0,4.0,1.0,-14.0,18:00,1.4,0
10,203521,Matthew Dellavedova,0.0,0.0,0.0,0.0,0.0,0.0,0.0,0.0,0.0,0.0,0.0,0.0,0.0,1:05,0.0,0
11,203508,Sergey Karasev,0.0,0.0,0.0,0.0,0.0,0.0,0.0,0.0,0.0,0.0,0.0,0.0,0.0,1:05,0.0,0
12,203156,Henry Sims,0.0,0.0,1.0,0.0,0.0,0.0,1.0,0.0,0.0,0.0,0.0,0.0,0.0,1:05,-0.4,0
13,202331,Paul George,21.0,8.0,17.0,2.0,2.0,1.0,12.0,2.0,3.0,0.0,1.0,4.0,4.0,30:11,16.3,1
14,2561,David West,4.0,2.0,7.0,0.0,0.0,1.0,2.0,0.0,2.0,2.0,4.0,0.0,4.0,24:59,2.4,1
15,201579,Roy Hibbert,11.0,5.0,9.0,2.0,1.0,0.0,5.0,0.0,0.0,2.0,2.0,4.0,4.0,28:11,4.4,1
16,202362,Lance Stephenson,22.0,7.0,13.0,5.0,3.0,0.0,5.0,0.0,3.0,0.0,3.0,2.0,9.0,31:47,15.3,1
17,201228,C.J. Watson,7.0,2.0,8.0,3.0,3.0,0.0,4.0,2.0,6.0,0.0,1.0,0.0,3.0,31:21,9.2,1
18,203524,Solomon Hill,4.0,2.0,2.0,0.0,0.0,1.0,2.0,0.0,1.0,1.0,0.0,1.0,4.0,9:23,5.1,1
19,2449,Luis Scola,4.0,2.0,6.0,0.0,0.0,1.0,2.0,0.0,1.0,0.0,1.0,3.0,13.0,19:26,-0.8,1
20,202388,Donald Sloan,4.0,1.0,3.0,2.0,2.0,0.0,1.0,1.0,3.0,0.0,1.0,1.0,12.0,16:30,4.3,1
21,101133,Ian Mahinmi,2.0,0.0,1.0,4.0,2.0,4.0,3.0,0.0,1.0,1.0,2.0,3.0,11.0,19:49,1.8,1
22,203111,Orlando Johnson,7.0,2.0,7.0,2.0,2.0,1.0,5.0,1.0,2.0,0.0,1.0,2.0,15.0,21:13,5.1,1
23,2446,Rasual Butler,3.0,1.0,2.0,0.0,0.0,1.0,0.0,0.0,1.0,0.0,0.0,0.0,-2.0,3:35,3.4,1
24,203142,Chris Copeland,0.0,0.0,2.0,0.0,0.0,0.0,0.0,0.0,1.0,0.0,0.0,0.0,-2.0,3:35,-0.7,1
25,201588,George Hill,,,,,,,,,,,,,,,0.0,1
