,id,name,PTS,FG,FGA,FTA,FT,OREB,DREB,STL,AST,BLK,PF,TO,PLUS_MINUS,MIN,GS,WIN
0,200746,LaMarcus Aldridge,20.0,10.0,18.0,0.0,0.0,0.0,10.0,0.0,6.0,1.0,2.0,1.0,-10.0,42:07,17.5,0
1,201587,Nicolas Batum,18.0,6.0,12.0,4.0,4.0,1.0,3.0,1.0,3.0,0.0,1.0,5.0,-9.0,35:59,11.3,0
2,201577,Robin Lopez,12.0,6.0,8.0,0.0,0.0,3.0,6.0,1.0,0.0,4.0,4.0,0.0,0.0,34:43,14.9,0
3,202083,Wesley Matthews,9.0,4.0,10.0,0.0,0.0,0.0,4.0,0.0,3.0,0.0,2.0,3.0,-14.0,36:38,3.1,0
4,203081,Damian Lillard,25.0,8.0,19.0,7.0,7.0,1.0,5.0,0.0,8.0,0.0,3.0,3.0,-2.0,37:29,18.5,0
5,200777,Joel Freeland,2.0,1.0,3.0,0.0,0.0,1.0,4.0,0.0,0.0,1.0,1.0,0.0,-8.0,11:59,2.5,0
6,2590,Mo Williams,4.0,2.0,8.0,1.0,0.0,0.0,3.0,1.0,2.0,0.0,3.0,2.0,1.0,24:41,-1.1,0
7,203468,CJ McCollum,0.0,0.0,2.0,0.0,0.0,0.0,2.0,0.0,0.0,0.0,1.0,2.0,-8.0,10:31,-3.2,0
8,203080,Thomas Robinson,0.0,0.0,1.0,0.0,0.0,1.0,1.0,0.0,1.0,1.0,0.0,0.0,0.0,5:53,1.7,0
9,203115,Will Barton,,,,,,,,,,,,,,,0.0,0
10,203086,Meyers Leonard,,,,,,,,,,,,,,,0.0,0
11,2248,Earl Watson,,,,,,,,,,,,,,,0.0,0
12,2748,Dorell Wright,,,,,,,,,,,,,,,0.0,0
13,2772,Trevor Ariza,20.0,7.0,12.0,2.0,2.0,0.0,5.0,0.0,4.0,0.0,0.0,0.0,23.0,38:38,18.7,1
14,2403,Nene,13.0,5.0,15.0,4.0,3.0,0.0,7.0,2.0,1.0,1.0,2.0,1.0,12.0,30:49,7.8,1
15,101162,Marcin Gortat,6.0,3.0,7.0,0.0,0.0,4.0,7.0,1.0,5.0,0.0,3.0,0.0,23.0,35:01,10.5,1
16,203078,Bradley Beal,13.0,5.0,16.0,3.0,2.0,1.0,2.0,0.0,6.0,0.0,0.0,0.0,-5.0,34:51,8.9,1
17,202322,John Wall,22.0,7.0,15.0,6.0,6.0,0.0,5.0,3.0,5.0,2.0,4.0,2.0,10.0,36:27,20.1,1
18,101110,Martell Webster,5.0,2.0,6.0,1.0,1.0,0.0,1.0,0.0,0.0,0.0,2.0,0.0,2.0,22:31,1.1,1
19,202338,Kevin Seraphin,19.0,7.0,10.0,6.0,5.0,0.0,5.0,0.0,0.0,0.0,4.0,0.0,-7.0,22:54,14.3,1
20,202066,Garrett Temple,2.0,1.0,1.0,0.0,0.0,0.0,1.0,3.0,0.0,0.0,1.0,3.0,2.0,12:27,1.6,1
21,202686,Jan Vesely,0.0,0.0,2.0,0.0,0.0,0.0,1.0,1.0,1.0,0.0,0.0,0.0,-10.0,6:23,0.6,1
22,201953,Eric Maynor,,,,,,,,,,,,,,,0.0,1
23,203490,Otto Porter Jr.,,,,,,,,,,,,,,,0.0,1
24,203318,Glen Rice,,,,,,,,,,,,,,,0.0,1
25,202698,Chris Singleton,,,,,,,,,,,,,,,0.0,1
