,id,name,PTS,FG,FGA,FTA,FT,OREB,DREB,STL,AST,BLK,PF,TO,PLUS_MINUS,MIN,GS,WIN
0,201162,Jared Dudley,7.0,3.0,7.0,0.0,0.0,0.0,1.0,0.0,0.0,0.0,1.0,1.0,17.0,25:32,2.2,1
1,201933,Blake Griffin,14.0,5.0,15.0,4.0,4.0,5.0,4.0,1.0,5.0,0.0,3.0,2.0,13.0,30:00,11.5,1
2,201599,DeAndre Jordan,10.0,4.0,6.0,4.0,2.0,4.0,10.0,2.0,2.0,3.0,2.0,2.0,32.0,36:35,15.1,1
3,2584,Willie Green,5.0,2.0,8.0,2.0,1.0,0.0,1.0,0.0,0.0,1.0,3.0,0.0,5.0,20:44,-0.4,1
4,101108,Chris Paul,15.0,6.0,11.0,2.0,1.0,0.0,4.0,2.0,8.0,1.0,3.0,2.0,16.0,27:07,15.6,1
5,2037,Jamal Crawford,15.0,6.0,14.0,2.0,2.0,0.0,3.0,0.0,3.0,0.0,2.0,2.0,16.0,30:56,7.8,1
6,203493,Reggie Bullock,9.0,3.0,5.0,0.0,0.0,0.0,2.0,0.0,0.0,0.0,1.0,1.0,5.0,20:40,5.9,1
7,201954,Darren Collison,15.0,6.0,9.0,2.0,2.0,0.0,1.0,0.0,3.0,0.0,1.0,4.0,4.0,20:53,9.1,1
8,200797,Ryan Hollins,0.0,0.0,0.0,0.0,0.0,1.0,0.0,0.0,0.0,0.0,4.0,1.0,-12.0,11:02,-1.9,1
9,1712,Antawn Jamison,11.0,3.0,5.0,2.0,2.0,0.0,4.0,1.0,1.0,0.0,4.0,0.0,4.0,16:31,10.0,1
10,2440,Matt Barnes,,,,,,,,,,,,,,,0.0,1
11,201957,Byron Mullens,,,,,,,,,,,,,,,0.0,1
12,200755,JJ Redick,,,,,,,,,,,,,,,0.0,1
13,2419,Tayshaun Prince,1.0,0.0,5.0,2.0,1.0,0.0,2.0,0.0,0.0,0.0,1.0,1.0,-7.0,18:07,-3.7,0
14,2216,Zach Randolph,12.0,4.0,13.0,5.0,4.0,2.0,10.0,0.0,2.0,0.0,3.0,7.0,-16.0,30:35,1.7,0
15,201585,Kosta Koufos,17.0,5.0,12.0,9.0,7.0,3.0,6.0,2.0,0.0,0.0,2.0,1.0,-25.0,30:27,13.9,0
16,201573,Jerryd Bayless,4.0,2.0,6.0,0.0,0.0,0.0,0.0,1.0,1.0,0.0,3.0,0.0,-9.0,26:45,1.1,0
17,201144,Mike Conley,16.0,6.0,8.0,2.0,2.0,1.0,0.0,1.0,4.0,0.0,3.0,3.0,-22.0,33:37,13.1,0
18,202334,Ed Davis,6.0,3.0,5.0,0.0,0.0,1.0,1.0,0.0,0.0,1.0,0.0,1.0,7.0,7:51,4.4,0
19,202347,Quincy Pondexter,15.0,4.0,12.0,6.0,6.0,1.0,0.0,3.0,5.0,0.0,1.0,1.0,-10.0,30:25,14.0,0
20,201979,Nick Calathes,2.0,1.0,3.0,2.0,0.0,0.0,2.0,0.0,0.0,0.0,1.0,0.0,2.0,14:26,-0.3,0
21,2034,Mike Miller,2.0,1.0,3.0,0.0,0.0,1.0,1.0,1.0,1.0,0.0,0.0,0.0,-13.0,19:59,3.0,0
22,202720,Jon Leuer,6.0,3.0,10.0,0.0,0.0,2.0,5.0,0.0,3.0,0.0,4.0,2.0,-5.0,24:47,1.6,0
23,203479,Jamaal Franklin,0.0,0.0,0.0,0.0,0.0,0.0,0.0,0.0,0.0,0.0,1.0,0.0,-2.0,3:01,-0.4,0
24,2754,Tony Allen,,,,,,,,,,,,,,,0.0,0
