,id,name,PTS,FG,FGA,FTA,FT,OREB,DREB,STL,AST,BLK,PF,TO,PLUS_MINUS,MIN,GS,WIN
0,2210,Richard Jefferson,2.0,1.0,6.0,0.0,0.0,0.0,4.0,2.0,2.0,0.0,0.0,3.0,-16.0,22:18,-0.2,0
1,101107,Marvin Williams,5.0,1.0,5.0,2.0,2.0,0.0,2.0,1.0,0.0,1.0,4.0,0.0,-19.0,17:51,2.6,0
2,202324,Derrick Favors,8.0,3.0,10.0,4.0,2.0,2.0,8.0,1.0,0.0,1.0,2.0,1.0,-26.0,28:08,5.1,0
3,202692,Alec Burks,18.0,4.0,10.0,12.0,9.0,0.0,2.0,1.0,4.0,0.0,4.0,1.0,-4.0,23:53,13.2,0
4,203504,Trey Burke,9.0,2.0,10.0,3.0,3.0,0.0,3.0,0.0,2.0,1.0,3.0,3.0,-29.0,27:28,1.6,0
5,201575,Brandon Rush,3.0,1.0,6.0,0.0,0.0,0.0,1.0,0.0,1.0,0.0,0.0,1.0,-10.0,27:37,-0.8,0
6,203197,Diante Garrett,8.0,3.0,7.0,0.0,0.0,0.0,2.0,1.0,1.0,1.0,1.0,1.0,-1.0,22:23,5.9,0
7,202683,Enes Kanter,4.0,2.0,5.0,0.0,0.0,0.0,1.0,0.0,0.0,1.0,3.0,2.0,-14.0,12:40,-0.9,0
8,101249,John Lucas III,0.0,0.0,1.0,0.0,0.0,0.0,1.0,0.0,0.0,0.0,0.0,0.0,-3.0,4:47,-0.4,0
9,202379,Jeremy Evans,9.0,3.0,7.0,4.0,3.0,5.0,5.0,2.0,2.0,1.0,2.0,2.0,-1.0,25:21,11.2,0
10,203546,Ian Clark,4.0,1.0,6.0,2.0,2.0,0.0,3.0,1.0,0.0,1.0,4.0,2.0,-15.0,15:34,-0.8,0
11,203497,Rudy Gobert,2.0,0.0,0.0,2.0,2.0,0.0,3.0,1.0,0.0,2.0,2.0,0.0,8.0,12:00,4.5,0
12,2740,Andris Biedrins,,,,,,,,,,,,,,,0.0,0
13,201147,Corey Brewer,2.0,1.0,3.0,0.0,0.0,0.0,0.0,1.0,2.0,0.0,5.0,0.0,31.0,27:05,0.7,1
14,201567,Kevin Love,18.0,5.0,10.0,11.0,6.0,2.0,11.0,3.0,5.0,1.0,2.0,1.0,35.0,29:13,21.1,1
15,201593,Nikola Pekovic,27.0,12.0,17.0,3.0,3.0,3.0,11.0,1.0,1.0,1.0,2.0,1.0,30.0,29:09,25.9,1
16,2755,Kevin Martin,20.0,7.0,16.0,6.0,5.0,0.0,1.0,1.0,2.0,0.0,1.0,1.0,30.0,24:32,12.5,1
17,201937,Ricky Rubio,6.0,2.0,6.0,2.0,1.0,1.0,7.0,1.0,9.0,0.0,2.0,2.0,31.0,26:00,9.5,1
18,200826,J.J. Barea,3.0,1.0,6.0,2.0,1.0,0.0,3.0,1.0,2.0,0.0,1.0,2.0,-4.0,16:01,-0.3,1
19,203144,Alexey Shved,10.0,3.0,5.0,6.0,3.0,0.0,2.0,0.0,2.0,0.0,0.0,1.0,1.0,13:42,7.5,1
20,101142,Ronny Turiaf,1.0,0.0,0.0,4.0,1.0,4.0,1.0,0.0,1.0,1.0,3.0,1.0,-5.0,8:35,2.1,1
21,201978,Chase Budinger,3.0,1.0,5.0,0.0,0.0,0.0,1.0,0.0,0.0,0.0,0.0,2.0,-3.0,16:08,-1.8,1
22,201967,Dante Cunningham,0.0,0.0,5.0,0.0,0.0,1.0,6.0,0.0,0.0,0.0,3.0,1.0,-9.0,18:47,-3.2,1
23,203476,Gorgui Dieng,4.0,2.0,2.0,0.0,0.0,2.0,2.0,0.0,0.0,1.0,4.0,1.0,1.0,10:16,3.5,1
24,201601,Luc Mbah a Moute,2.0,1.0,3.0,0.0,0.0,0.0,1.0,1.0,0.0,0.0,1.0,1.0,-6.0,13:57,0.2,1
25,203498,Shabazz Muhammad,2.0,1.0,5.0,0.0,0.0,1.0,0.0,1.0,1.0,0.0,0.0,1.0,-2.0,6:35,0.3,1
