,id,name,PTS,FG,FGA,FTA,FT,OREB,DREB,STL,AST,BLK,PF,TO,PLUS_MINUS,MIN,GS,WIN
0,202331,Paul George,15.0,6.0,15.0,3.0,2.0,0.0,5.0,3.0,4.0,0.0,4.0,5.0,23.0,26:55,7.2,1
1,2561,David West,11.0,3.0,9.0,8.0,5.0,1.0,7.0,1.0,1.0,0.0,2.0,0.0,10.0,24:51,8.4,1
2,201579,Roy Hibbert,14.0,4.0,14.0,7.0,6.0,6.0,4.0,0.0,2.0,2.0,3.0,2.0,27.0,29:45,10.4,1
3,202362,Lance Stephenson,15.0,5.0,10.0,7.0,5.0,1.0,9.0,2.0,3.0,0.0,2.0,3.0,11.0,36:36,12.9,1
4,201588,George Hill,7.0,2.0,10.0,2.0,2.0,2.0,5.0,1.0,4.0,2.0,3.0,1.0,15.0,28:17,6.7,1
5,203111,Orlando Johnson,0.0,0.0,1.0,0.0,0.0,0.0,0.0,0.0,0.0,0.0,1.0,0.0,12.0,8:57,-1.1,1
6,2449,Luis Scola,8.0,3.0,6.0,2.0,2.0,1.0,6.0,0.0,3.0,0.0,3.0,1.0,13.0,20:42,7.4,1
7,201228,C.J. Watson,18.0,6.0,9.0,0.0,0.0,0.0,6.0,0.0,1.0,0.0,0.0,1.0,13.0,29:37,15.6,1
8,203142,Chris Copeland,0.0,0.0,3.0,0.0,0.0,0.0,1.0,0.0,1.0,0.0,0.0,1.0,-3.0,8:44,-2.1,1
9,101133,Ian Mahinmi,3.0,0.0,4.0,3.0,3.0,1.0,1.0,0.0,0.0,0.0,3.0,1.0,-2.0,18:15,-1.0,1
10,202388,Donald Sloan,5.0,2.0,2.0,0.0,0.0,0.0,0.0,1.0,0.0,0.0,0.0,0.0,2.0,2:27,5.4,1
11,203524,Solomon Hill,0.0,0.0,0.0,0.0,0.0,0.0,0.0,0.0,1.0,0.0,1.0,0.0,2.0,2:27,0.3,1
12,2446,Rasual Butler,3.0,1.0,1.0,0.0,0.0,0.0,1.0,0.0,0.0,0.0,1.0,0.0,2.0,2:27,2.6,1
13,203077,Michael Kidd-Gilchrist,5.0,2.0,4.0,1.0,1.0,2.0,5.0,1.0,2.0,1.0,3.0,1.0,-8.0,33:32,6.8,0
14,201177,Josh McRoberts,4.0,2.0,4.0,4.0,0.0,1.0,2.0,0.0,2.0,0.0,5.0,1.0,-19.0,17:40,0.1,0
15,2744,Al Jefferson,16.0,7.0,15.0,4.0,2.0,3.0,6.0,0.0,2.0,3.0,2.0,3.0,-10.0,32:28,11.1,0
16,201945,Gerald Henderson,10.0,3.0,15.0,4.0,4.0,0.0,4.0,0.0,1.0,1.0,3.0,2.0,-24.0,31:07,0.1,0
17,202689,Kemba Walker,15.0,3.0,17.0,7.0,7.0,0.0,5.0,2.0,3.0,0.0,0.0,3.0,-25.0,35:47,6.9,0
18,203106,Jeffery Taylor,4.0,2.0,7.0,0.0,0.0,0.0,3.0,0.0,0.0,0.0,5.0,0.0,-12.0,19:42,-1.2,0
19,202399,Jeff Adrien,0.0,0.0,1.0,0.0,0.0,1.0,0.0,0.0,0.0,0.0,3.0,0.0,-9.0,4:35,-1.2,0
20,203469,Cody Zeller,7.0,2.0,7.0,4.0,3.0,2.0,4.0,0.0,2.0,1.0,5.0,3.0,-9.0,19:08,2.2,0
21,201196,Ramon Sessions,4.0,2.0,5.0,0.0,0.0,0.0,0.0,0.0,0.0,0.0,0.0,1.0,4.0,14:34,0.3,0
22,201229,Anthony Tolliver,0.0,0.0,4.0,0.0,0.0,0.0,1.0,0.0,0.0,0.0,1.0,1.0,-2.0,15:38,-3.9,0
23,202687,Bismack Biyombo,4.0,1.0,1.0,4.0,2.0,2.0,2.0,0.0,0.0,0.0,0.0,0.0,-6.0,10:57,4.9,0
24,2457,Jannero Pargo,5.0,2.0,3.0,0.0,0.0,0.0,0.0,0.0,1.0,0.0,0.0,0.0,-5.0,4:52,4.4,0
25,2732,Ben Gordon,,,,,,,,,,,,,,,0.0,0
