,id,name,PTS,FG,FGA,FTA,FT,OREB,DREB,STL,AST,BLK,PF,TO,PLUS_MINUS,MIN,GS,WIN
0,202325,Wesley Johnson,13.0,5.0,9.0,0.0,0.0,1.0,1.0,5.0,2.0,1.0,3.0,3.0,5.0,32:04,12.6,1
1,2200,Pau Gasol,19.0,6.0,15.0,7.0,7.0,0.0,7.0,2.0,3.0,1.0,1.0,1.0,9.0,33:11,16.4,1
2,203135,Robert Sacre,11.0,5.0,7.0,2.0,1.0,3.0,2.0,0.0,1.0,2.0,4.0,0.0,-3.0,16:38,10.9,1
3,201975,Jodie Meeks,19.0,7.0,11.0,0.0,0.0,2.0,1.0,0.0,1.0,0.0,1.0,0.0,10.0,33:27,16.1,1
4,2581,Steve Blake,13.0,5.0,13.0,2.0,1.0,0.0,3.0,1.0,10.0,0.0,2.0,4.0,5.0,39:15,9.6,1
5,201156,Nick Young,14.0,6.0,16.0,4.0,2.0,0.0,3.0,1.0,3.0,1.0,4.0,1.0,12.0,30:54,6.5,1
6,202333,Xavier Henry,4.0,2.0,4.0,0.0,0.0,0.0,1.0,1.0,3.0,0.0,1.0,3.0,-1.0,17:05,2.0,1
7,200761,Shawne Williams,6.0,2.0,6.0,0.0,0.0,0.0,3.0,0.0,0.0,0.0,1.0,0.0,-4.0,22:37,3.1,1
8,201941,Jordan Hill,7.0,3.0,5.0,3.0,1.0,4.0,5.0,0.0,1.0,2.0,3.0,0.0,-3.0,14:49,9.1,1
9,200770,Jordan Farmar,,,,,,,,,,,,,,,0.0,1
10,2549,Chris Kaman,,,,,,,,,,,,,,,0.0,1
11,959,Steve Nash,,,,,,,,,,,,,,,0.0,1
12,202682,Derrick Williams,9.0,2.0,5.0,6.0,5.0,3.0,6.0,0.0,2.0,0.0,2.0,2.0,-12.0,25:09,8.4,0
13,201574,Jason Thompson,9.0,4.0,5.0,2.0,1.0,0.0,5.0,0.0,0.0,1.0,2.0,0.0,1.0,23:21,8.1,0
14,202326,DeMarcus Cousins,20.0,6.0,17.0,12.0,8.0,6.0,5.0,2.0,4.0,1.0,6.0,6.0,2.0,31:58,11.7,0
15,203463,Ben McLemore,20.0,8.0,17.0,0.0,0.0,3.0,3.0,2.0,1.0,0.0,1.0,2.0,-8.0,31:52,14.6,0
16,202349,Greivis Vasquez,5.0,2.0,5.0,0.0,0.0,0.0,0.0,0.0,6.0,1.0,1.0,1.0,-13.0,22:35,5.8,0
17,2422,John Salmons,13.0,5.0,9.0,0.0,0.0,1.0,3.0,1.0,0.0,1.0,3.0,1.0,-4.0,25:49,9.8,0
18,202335,Patrick Patterson,2.0,1.0,9.0,0.0,0.0,4.0,3.0,0.0,1.0,0.0,1.0,0.0,1.0,22:22,0.1,0
19,202738,Isaiah Thomas,14.0,6.0,13.0,0.0,0.0,0.0,2.0,4.0,9.0,0.0,0.0,3.0,7.0,25:25,15.2,0
20,101236,Chuck Hayes,6.0,2.0,3.0,2.0,2.0,1.0,3.0,1.0,0.0,0.0,2.0,0.0,-9.0,15:08,6.5,0
21,201977,Marcus Thornton,2.0,1.0,3.0,0.0,0.0,0.0,3.0,0.0,2.0,0.0,1.0,0.0,2.0,16:08,2.2,0
22,203492,Ray McCallum,0.0,0.0,0.0,0.0,0.0,0.0,0.0,0.0,0.0,0.0,0.0,0.0,3.0,0:13,0.0,0
23,202690,Jimmer Fredette,,,,,,,,,,,,,,,0.0,0
24,2566,Travis Outlaw,,,,,,,,,,,,,,,0.0,0
