,id,name,PTS,FG,FGA,FTA,FT,OREB,DREB,STL,AST,BLK,PF,TO,PLUS_MINUS,MIN,GS,WIN
0,201147,Corey Brewer,10.0,2.0,8.0,8.0,6.0,0.0,0.0,2.0,1.0,1.0,4.0,0.0,-18.0,30:22,6.2,0
1,201567,Kevin Love,43.0,12.0,23.0,17.0,15.0,4.0,7.0,0.0,1.0,0.0,0.0,3.0,-13.0,38:26,33.5,0
2,203476,Gorgui Dieng,21.0,9.0,15.0,2.0,2.0,3.0,11.0,2.0,4.0,2.0,4.0,3.0,-4.0,34:58,21.1,0
3,2755,Kevin Martin,2.0,0.0,8.0,2.0,2.0,0.0,1.0,1.0,0.0,0.0,1.0,1.0,-9.0,18:13,-3.7,0
4,201937,Ricky Rubio,0.0,0.0,4.0,0.0,0.0,0.0,1.0,0.0,11.0,0.0,1.0,2.0,-8.0,32:18,2.8,0
5,203133,Robbie Hummel,3.0,1.0,3.0,0.0,0.0,1.0,0.0,0.0,1.0,0.0,3.0,0.0,9.0,16:58,1.5,0
6,201601,Luc Mbah a Moute,12.0,6.0,9.0,0.0,0.0,1.0,2.0,1.0,0.0,1.0,1.0,1.0,6.0,25:27,9.7,0
7,101142,Ronny Turiaf,0.0,0.0,0.0,0.0,0.0,0.0,2.0,0.0,0.0,1.0,1.0,0.0,7.0,4:07,0.9,0
8,200826,J.J. Barea,5.0,2.0,11.0,0.0,0.0,0.0,2.0,0.0,7.0,0.0,3.0,0.0,9.0,22:28,2.4,0
9,201967,Dante Cunningham,7.0,3.0,7.0,1.0,1.0,1.0,5.0,0.0,1.0,0.0,2.0,0.0,6.0,16:43,5.4,0
10,201978,Chase Budinger,,,,,,,,,,,,,,,0.0,0
11,201785,Othyus Jeffers,,,,,,,,,,,,,,,0.0,0
12,203144,Alexey Shved,,,,,,,,,,,,,,,0.0,0
13,202682,Derrick Williams,13.0,4.0,9.0,7.0,4.0,1.0,3.0,1.0,1.0,0.0,1.0,2.0,16.0,39:44,8.0,1
14,201574,Jason Thompson,6.0,3.0,8.0,0.0,0.0,2.0,9.0,2.0,1.0,0.0,6.0,2.0,11.0,26:53,4.0,1
15,202326,DeMarcus Cousins,35.0,13.0,21.0,13.0,9.0,1.0,14.0,1.0,6.0,3.0,2.0,6.0,13.0,37:28,29.3,1
16,203463,Ben McLemore,19.0,6.0,11.0,5.0,4.0,1.0,2.0,0.0,2.0,2.0,4.0,1.0,-3.0,38:51,14.8,1
17,202738,Isaiah Thomas,14.0,6.0,13.0,2.0,1.0,2.0,1.0,0.0,4.0,0.0,3.0,2.0,0.0,30:21,8.2,1
18,203492,Ray McCallum,11.0,5.0,9.0,0.0,0.0,0.0,3.0,0.0,6.0,1.0,1.0,1.0,3.0,28:22,11.1,1
19,201189,Aaron Gray,2.0,1.0,2.0,0.0,0.0,0.0,2.0,0.0,1.0,0.0,0.0,0.0,-17.0,7:49,2.3,1
20,203112,Quincy Acy,4.0,2.0,2.0,0.0,0.0,1.0,1.0,0.0,0.0,0.0,4.0,0.0,-6.0,12:44,2.8,1
21,2566,Travis Outlaw,2.0,1.0,7.0,0.0,0.0,0.0,4.0,2.0,4.0,0.0,2.0,1.0,-2.0,17:48,1.7,1
22,203099,Jared Cunningham,,,,,,,,,,,,,,,0.0,1
23,2501,Reggie Evans,,,,,,,,,,,,,,,0.0,1
24,200752,Rudy Gay,,,,,,,,,,,,,,,0.0,1
