,id,name,PTS,FG,FGA,FTA,FT,OREB,DREB,STL,AST,BLK,PF,TO,PLUS_MINUS,MIN,GS,WIN
0,201147,Corey Brewer,13.0,5.0,8.0,0.0,0.0,0.0,3.0,1.0,3.0,0.0,0.0,1.0,6.0,33:32,12.4,1
1,201567,Kevin Love,21.0,6.0,14.0,11.0,7.0,3.0,8.0,0.0,2.0,1.0,1.0,1.0,12.0,35:10,17.2,1
2,201593,Nikola Pekovic,21.0,10.0,13.0,2.0,1.0,5.0,4.0,0.0,0.0,0.0,2.0,2.0,-5.0,31:35,17.4,1
3,2755,Kevin Martin,27.0,7.0,14.0,11.0,10.0,0.0,1.0,0.0,3.0,1.0,3.0,2.0,-4.0,36:19,19.5,1
4,201937,Ricky Rubio,12.0,4.0,12.0,3.0,3.0,0.0,2.0,2.0,7.0,0.0,0.0,1.0,-2.0,32:19,11.7,1
5,201967,Dante Cunningham,8.0,4.0,6.0,0.0,0.0,1.0,4.0,0.0,2.0,0.0,2.0,1.0,6.0,24:38,6.9,1
6,200826,J.J. Barea,6.0,2.0,5.0,0.0,0.0,0.0,4.0,1.0,6.0,0.0,0.0,3.0,8.0,15:41,6.7,1
7,201601,Luc Mbah a Moute,4.0,2.0,5.0,3.0,0.0,4.0,3.0,0.0,1.0,2.0,1.0,3.0,10.0,26:09,2.5,1
8,203476,Gorgui Dieng,0.0,0.0,2.0,0.0,0.0,1.0,1.0,1.0,0.0,0.0,0.0,0.0,-1.0,4:37,0.6,1
9,203133,Robbie Hummel,,,,,,,,,,,,,,,0.0,1
10,203498,Shabazz Muhammad,,,,,,,,,,,,,,,0.0,1
11,201985,AJ Price,,,,,,,,,,,,,,,0.0,1
12,203144,Alexey Shved,,,,,,,,,,,,,,,0.0,1
13,1890,Shawn Marion,6.0,3.0,11.0,0.0,0.0,1.0,1.0,1.0,3.0,2.0,4.0,3.0,-7.0,33:24,0.4,0
14,1717,Dirk Nowitzki,23.0,10.0,13.0,2.0,2.0,0.0,5.0,1.0,6.0,0.0,3.0,2.0,-6.0,32:35,21.4,0
15,2223,Samuel Dalembert,12.0,6.0,7.0,2.0,0.0,3.0,4.0,0.0,0.0,1.0,3.0,1.0,-5.0,25:13,10.5,0
16,101145,Monta Ellis,26.0,9.0,15.0,5.0,5.0,2.0,4.0,2.0,6.0,0.0,2.0,2.0,-8.0,36:57,25.1,0
17,203539,Gal Mekel,6.0,3.0,12.0,0.0,0.0,1.0,1.0,0.0,7.0,0.0,1.0,1.0,7.0,26:28,3.3,0
18,1713,Vince Carter,10.0,4.0,12.0,1.0,1.0,2.0,3.0,1.0,4.0,1.0,1.0,0.0,-6.0,30:07,9.6,0
19,201971,DeJuan Blair,11.0,5.0,8.0,1.0,1.0,2.0,6.0,2.0,1.0,0.0,5.0,0.0,-5.0,22:21,11.3,0
20,203109,Jae Crowder,5.0,2.0,6.0,0.0,0.0,1.0,0.0,0.0,1.0,0.0,4.0,2.0,-5.0,12:48,-0.6,0
21,203499,Shane Larkin,4.0,2.0,6.0,0.0,0.0,0.0,0.0,2.0,1.0,0.0,1.0,0.0,-2.0,16:45,2.9,0
22,201961,Wayne Ellington,3.0,1.0,2.0,0.0,0.0,0.0,0.0,0.0,0.0,0.0,2.0,0.0,3.0,2:57,1.2,0
23,203108,Bernard James,0.0,0.0,0.0,0.0,0.0,1.0,0.0,0.0,0.0,0.0,0.0,0.0,4.0,0:26,0.7,0
24,101181,Jose Calderon,,,,,,,,,,,,,,,0.0,0
