,id,name,PTS,FG,FGA,FTA,FT,OREB,DREB,STL,AST,BLK,PF,TO,PLUS_MINUS,MIN,GS,WIN
0,202329,Al-Farouq Aminu,10.0,5.0,7.0,0.0,0.0,2.0,5.0,3.0,2.0,1.0,2.0,1.0,1.0,29:06,13.3,1
1,203076,Anthony Davis,12.0,5.0,10.0,2.0,2.0,1.0,0.0,2.0,0.0,1.0,4.0,2.0,1.0,19:56,6.8,1
2,201582,Alexis Ajinca,16.0,7.0,7.0,2.0,2.0,1.0,8.0,0.0,3.0,1.0,2.0,3.0,10.0,21:47,16.0,1
3,201569,Eric Gordon,21.0,7.0,13.0,6.0,5.0,1.0,0.0,2.0,6.0,0.0,1.0,1.0,13.0,34:09,19.8,1
4,203148,Brian Roberts,17.0,6.0,14.0,3.0,3.0,1.0,3.0,1.0,5.0,0.0,2.0,0.0,15.0,38:10,14.9,1
5,202337,Luke Babbitt,10.0,4.0,8.0,0.0,0.0,1.0,4.0,0.0,1.0,0.0,3.0,0.0,8.0,27:03,7.4,1
6,201880,Greg Stiemsma,2.0,1.0,1.0,0.0,0.0,2.0,4.0,1.0,1.0,2.0,4.0,1.0,-6.0,20:13,4.8,1
7,201936,Tyreke Evans,12.0,5.0,11.0,4.0,2.0,0.0,4.0,0.0,4.0,0.0,0.0,2.0,-4.0,25:19,7.5,1
8,201627,Anthony Morrow,2.0,1.0,4.0,0.0,0.0,0.0,0.0,0.0,0.0,0.0,1.0,0.0,-7.0,14:27,-0.8,1
9,203085,Austin Rivers,0.0,0.0,4.0,0.0,0.0,1.0,0.0,0.0,1.0,0.0,0.0,0.0,-11.0,9:50,-1.4,1
10,203121,Darius Miller,,,,,,,,,,,,,,,0.0,1
11,201160,Jason Smith,,,,,,,,,,,,,,,0.0,1
12,203481,Jeff Withey,,,,,,,,,,,,,,,0.0,1
13,203114,Khris Middleton,11.0,5.0,9.0,0.0,0.0,2.0,2.0,0.0,4.0,0.0,3.0,3.0,-11.0,29:52,7.3,0
14,101141,Ersan Ilyasova,16.0,5.0,13.0,8.0,5.0,2.0,7.0,0.0,2.0,0.0,2.0,0.0,-9.0,35:13,11.8,0
15,2585,Zaza Pachulia,8.0,3.0,11.0,2.0,2.0,2.0,5.0,0.0,2.0,0.0,2.0,2.0,5.0,37:39,3.0,0
16,203489,Nate Wolters,14.0,6.0,11.0,0.0,0.0,2.0,4.0,1.0,7.0,2.0,3.0,1.0,4.0,32:58,16.4,0
17,202688,Brandon Knight,22.0,8.0,17.0,6.0,5.0,0.0,2.0,0.0,9.0,0.0,3.0,0.0,-6.0,44:58,18.6,0
18,203545,Miroslav Raduljica,6.0,3.0,4.0,0.0,0.0,0.0,2.0,0.0,0.0,0.0,1.0,0.0,-9.0,10:13,4.6,0
19,203507,Giannis Antetokounmpo,3.0,1.0,3.0,2.0,1.0,0.0,3.0,1.0,1.0,1.0,1.0,2.0,3.0,20:03,1.8,0
20,202390,Gary Neal,18.0,8.0,12.0,1.0,1.0,0.0,1.0,1.0,3.0,0.0,1.0,3.0,3.0,29:04,12.8,0
21,203089,John Henson,,,,,,,,,,,,,,,0.0,0
22,201564,O.J. Mayo,,,,,,,,,,,,,,,0.0,0
23,2557,Luke Ridnour,,,,,,,,,,,,,,,0.0,0
24,202336,Larry Sanders,,,,,,,,,,,,,,,0.0,0
25,202327,Ekpe Udoh,,,,,,,,,,,,,,,0.0,0
