,id,name,PTS,FG,FGA,FTA,FT,OREB,DREB,STL,AST,BLK,PF,TO,PLUS_MINUS,MIN,GS,WIN
0,202331,Paul George,13.0,5.0,12.0,2.0,2.0,0.0,5.0,2.0,4.0,1.0,2.0,4.0,-30.0,33:45,8.8,0
1,2561,David West,15.0,5.0,11.0,8.0,5.0,4.0,6.0,0.0,1.0,1.0,2.0,3.0,-19.0,23:06,10.3,0
2,201579,Roy Hibbert,9.0,4.0,6.0,2.0,1.0,1.0,2.0,0.0,1.0,3.0,3.0,0.0,-28.0,28:57,8.9,0
3,202362,Lance Stephenson,4.0,2.0,8.0,0.0,0.0,0.0,2.0,1.0,6.0,0.0,2.0,1.0,-11.0,29:19,3.2,0
4,201588,George Hill,4.0,2.0,5.0,0.0,0.0,0.0,0.0,0.0,3.0,0.0,2.0,1.0,-19.0,27:47,1.6,0
5,2449,Luis Scola,10.0,4.0,7.0,2.0,2.0,0.0,3.0,0.0,1.0,0.0,3.0,0.0,-9.0,19:22,7.1,0
6,202323,Evan Turner,5.0,2.0,3.0,0.0,0.0,0.0,1.0,2.0,0.0,0.0,1.0,2.0,-20.0,15:23,3.6,0
7,2446,Rasual Butler,8.0,3.0,5.0,0.0,0.0,0.0,1.0,1.0,2.0,1.0,2.0,1.0,-6.0,21:52,7.3,0
8,101133,Ian Mahinmi,2.0,1.0,4.0,0.0,0.0,0.0,4.0,0.0,0.0,0.0,2.0,2.0,0.0,13:31,-2.0,0
9,203524,Solomon Hill,8.0,3.0,3.0,0.0,0.0,0.0,3.0,1.0,0.0,0.0,0.0,2.0,4.0,7:57,7.0,0
10,202388,Donald Sloan,3.0,1.0,5.0,1.0,1.0,0.0,0.0,0.0,3.0,0.0,0.0,1.0,4.0,7:57,1.0,0
11,202730,Lavoy Allen,0.0,0.0,0.0,0.0,0.0,1.0,0.0,0.0,1.0,0.0,1.0,0.0,2.0,5:32,1.0,0
12,203142,Chris Copeland,5.0,2.0,5.0,0.0,0.0,1.0,1.0,0.0,0.0,0.0,2.0,0.0,2.0,5:32,2.5,0
13,202718,Chandler Parsons,11.0,4.0,12.0,2.0,2.0,2.0,3.0,0.0,6.0,0.0,1.0,1.0,17.0,35:10,9.3,1
14,203093,Terrence Jones,7.0,3.0,4.0,0.0,0.0,1.0,3.0,1.0,1.0,0.0,2.0,0.0,11.0,24:12,7.9,1
15,2730,Dwight Howard,15.0,6.0,11.0,5.0,3.0,1.0,5.0,0.0,4.0,1.0,3.0,2.0,30.0,27:59,11.4,1
16,201935,James Harden,28.0,10.0,17.0,6.0,4.0,0.0,4.0,3.0,4.0,0.0,2.0,2.0,28.0,30:31,23.5,1
17,201976,Patrick Beverley,9.0,4.0,6.0,0.0,0.0,0.0,2.0,1.0,5.0,0.0,2.0,1.0,17.0,26:26,9.7,1
18,202700,Donatas Motiejunas,10.0,3.0,5.0,2.0,2.0,1.0,1.0,0.0,1.0,0.0,1.0,0.0,15.0,23:22,9.0,1
19,202391,Jeremy Lin,11.0,4.0,5.0,2.0,2.0,0.0,0.0,0.0,3.0,0.0,1.0,0.0,11.0,16:02,10.8,1
20,202706,Jordan Hamilton,7.0,3.0,7.0,0.0,0.0,0.0,3.0,2.0,0.0,1.0,1.0,3.0,13.0,17:16,3.5,1
21,201600,Omer Asik,4.0,0.0,2.0,6.0,4.0,1.0,5.0,0.0,1.0,2.0,0.0,2.0,-4.0,20:01,4.1,1
22,201956,Omri Casspi,0.0,0.0,2.0,0.0,0.0,0.0,2.0,0.0,1.0,0.0,0.0,0.0,-4.0,7:57,-0.1,1
23,203584,Troy Daniels,5.0,2.0,4.0,0.0,0.0,0.0,0.0,0.0,0.0,0.0,1.0,0.0,-2.0,5:32,2.6,1
24,203477,Isaiah Canaan,5.0,1.0,1.0,2.0,2.0,0.0,0.0,1.0,0.0,0.0,1.0,1.0,-2.0,5:32,4.3,1
25,101128,Francisco Garcia,,,,,,,,,,,,,,,0.0,1
