,id,name,PTS,FG,FGA,FTA,FT,OREB,DREB,STL,AST,BLK,PF,TO,PLUS_MINUS,MIN,GS,WIN
0,201604,Chris Douglas-Roberts,0.0,0.0,1.0,0.0,0.0,0.0,0.0,0.0,1.0,0.0,0.0,1.0,-18.0,29:08,-1.0,0
1,201177,Josh McRoberts,9.0,4.0,11.0,0.0,0.0,2.0,4.0,1.0,4.0,3.0,5.0,0.0,1.0,38:55,9.4,0
2,2744,Al Jefferson,20.0,10.0,22.0,0.0,0.0,1.0,10.0,0.0,1.0,1.0,2.0,1.0,-3.0,38:55,11.9,0
3,201945,Gerald Henderson,30.0,10.0,16.0,9.0,9.0,0.0,3.0,2.0,3.0,1.0,4.0,4.0,-2.0,36:58,22.9,0
4,202689,Kemba Walker,29.0,10.0,20.0,8.0,7.0,1.0,5.0,1.0,5.0,0.0,4.0,2.0,4.0,43:47,21.7,0
5,203469,Cody Zeller,5.0,2.0,3.0,1.0,1.0,0.0,2.0,1.0,0.0,1.0,0.0,0.0,-7.0,9:05,6.0,0
6,201229,Anthony Tolliver,0.0,0.0,0.0,0.0,0.0,0.0,1.0,0.0,0.0,0.0,2.0,0.0,-1.0,13:45,-0.5,0
7,202687,Bismack Biyombo,0.0,0.0,1.0,0.0,0.0,1.0,1.0,0.0,0.0,1.0,3.0,0.0,-3.0,9:05,-0.2,0
8,201196,Ramon Sessions,4.0,1.0,5.0,2.0,2.0,1.0,2.0,0.0,4.0,0.0,3.0,1.0,1.0,19:33,2.8,0
9,2457,Jannero Pargo,0.0,0.0,0.0,0.0,0.0,0.0,0.0,0.0,0.0,0.0,0.0,0.0,-2.0,0:50,0.0,0
10,202399,Jeff Adrien,,,,,,,,,,,,,,,0.0,0
11,2732,Ben Gordon,,,,,,,,,,,,,,,0.0,0
12,203106,Jeffery Taylor,,,,,,,,,,,,,,,0.0,0
13,2399,Mike Dunleavy,17.0,8.0,17.0,0.0,0.0,1.0,5.0,1.0,2.0,0.0,3.0,1.0,0.0,35:22,10.7,1
14,2430,Carlos Boozer,12.0,6.0,17.0,0.0,0.0,2.0,8.0,3.0,1.0,0.0,2.0,2.0,1.0,28:11,7.2,1
15,201149,Joakim Noah,19.0,7.0,12.0,5.0,5.0,4.0,10.0,0.0,4.0,3.0,3.0,2.0,8.0,33:33,20.9,1
16,203503,Tony Snell,0.0,0.0,2.0,0.0,0.0,0.0,0.0,0.0,0.0,0.0,1.0,0.0,5.0,17:01,-1.8,1
17,2550,Kirk Hinrich,12.0,3.0,8.0,6.0,4.0,1.0,1.0,0.0,5.0,0.0,5.0,2.0,14.0,30:38,7.3,1
18,201571,D.J. Augustin,20.0,6.0,13.0,7.0,7.0,0.0,2.0,1.0,12.0,1.0,2.0,3.0,-4.0,35:08,20.2,1
19,201959,Taj Gibson,12.0,4.0,7.0,6.0,4.0,3.0,5.0,1.0,2.0,3.0,3.0,0.0,-3.0,29:29,14.8,1
20,201858,Cartier Martin,11.0,4.0,5.0,2.0,1.0,0.0,2.0,0.0,0.0,0.0,0.0,0.0,3.0,26:03,9.3,1
21,1737,Nazr Mohammed,0.0,0.0,0.0,0.0,0.0,1.0,1.0,0.0,0.0,1.0,0.0,0.0,6.0,4:35,1.7,1
22,202710,Jimmy Butler,,,,,,,,,,,,,,,0.0,1
23,203513,Erik Murphy,,,,,,,,,,,,,,,0.0,1
