,id,name,PTS,FG,FGA,FTA,FT,OREB,DREB,STL,AST,BLK,PF,TO,PLUS_MINUS,MIN,GS,WIN
0,2440,Matt Barnes,19.0,7.0,14.0,2.0,2.0,1.0,5.0,2.0,3.0,0.0,3.0,1.0,16.0,34:16,16.1,1
1,201162,Jared Dudley,16.0,6.0,10.0,2.0,2.0,0.0,4.0,0.0,3.0,0.0,4.0,1.0,17.0,35:29,12.1,1
2,201599,DeAndre Jordan,11.0,4.0,6.0,8.0,3.0,10.0,14.0,0.0,0.0,4.0,2.0,5.0,14.0,40:08,14.6,1
3,201954,Darren Collison,28.0,9.0,17.0,8.0,8.0,1.0,2.0,1.0,7.0,0.0,1.0,6.0,15.0,43:22,20.5,1
4,101108,Chris Paul,22.0,6.0,16.0,8.0,8.0,1.0,6.0,3.0,9.0,0.0,4.0,3.0,16.0,38:01,20.4,1
5,2045,Hedo Turkoglu,6.0,2.0,5.0,0.0,0.0,0.0,2.0,0.0,0.0,0.0,0.0,0.0,-4.0,11:31,3.9,1
6,2584,Willie Green,6.0,3.0,9.0,0.0,0.0,0.0,0.0,0.0,1.0,0.0,3.0,1.0,-11.0,14:37,-0.6,1
7,203493,Reggie Bullock,3.0,1.0,5.0,0.0,0.0,0.0,2.0,1.0,0.0,0.0,1.0,1.0,-6.0,13:44,0.1,1
8,200797,Ryan Hollins,1.0,0.0,0.0,2.0,1.0,0.0,1.0,1.0,0.0,0.0,0.0,0.0,-2.0,5:18,1.9,1
9,201175,Glen Davis,2.0,0.0,0.0,2.0,2.0,0.0,0.0,0.0,0.0,0.0,0.0,0.0,-5.0,3:34,2.0,1
10,2037,Jamal Crawford,,,,,,,,,,,,,,,0.0,1
11,101122,Danny Granger,,,,,,,,,,,,,,,0.0,1
12,201933,Blake Griffin,,,,,,,,,,,,,,,0.0,1
13,201147,Corey Brewer,9.0,4.0,8.0,0.0,0.0,0.0,1.0,1.0,1.0,2.0,1.0,1.0,-22.0,20:46,7.0,0
14,201567,Kevin Love,20.0,8.0,21.0,3.0,2.0,5.0,8.0,1.0,4.0,0.0,1.0,4.0,-30.0,29:22,13.4,0
15,201593,Nikola Pekovic,0.0,0.0,3.0,0.0,0.0,0.0,1.0,0.0,0.0,0.0,1.0,0.0,-5.0,6:53,-2.2,0
16,2755,Kevin Martin,12.0,4.0,14.0,2.0,2.0,0.0,2.0,0.0,0.0,0.0,2.0,0.0,-21.0,30:16,3.6,0
17,201937,Ricky Rubio,3.0,1.0,6.0,0.0,0.0,1.0,1.0,1.0,7.0,0.0,1.0,5.0,-32.0,27:39,0.7,0
18,203476,Gorgui Dieng,14.0,4.0,4.0,6.0,6.0,3.0,1.0,3.0,3.0,1.0,4.0,1.0,-4.0,19:22,18.4,0
19,200826,J.J. Barea,4.0,2.0,10.0,0.0,0.0,0.0,3.0,0.0,8.0,0.0,5.0,2.0,19.0,24:22,0.3,0
20,201967,Dante Cunningham,8.0,4.0,8.0,0.0,0.0,3.0,3.0,0.0,2.0,0.0,1.0,2.0,5.0,19:04,6.0,0
21,201978,Chase Budinger,12.0,5.0,8.0,1.0,1.0,0.0,5.0,2.0,1.0,1.0,2.0,1.0,12.0,27:14,11.5,0
22,203133,Robbie Hummel,11.0,4.0,8.0,0.0,0.0,0.0,2.0,1.0,3.0,0.0,3.0,1.0,16.0,23:02,8.5,0
23,203498,Shabazz Muhammad,11.0,5.0,6.0,2.0,1.0,0.0,3.0,0.0,1.0,0.0,2.0,0.0,12.0,12:00,9.2,0
24,201601,Luc Mbah a Moute,,,,,,,,,,,,,,,0.0,0
25,203144,Alexey Shved,,,,,,,,,,,,,,,0.0,0
