,id,name,PTS,FG,FGA,FTA,FT,OREB,DREB,STL,AST,BLK,PF,TO,PLUS_MINUS,MIN,GS,WIN
0,201147,Corey Brewer,10.0,3.0,8.0,6.0,4.0,1.0,1.0,1.0,1.0,0.0,4.0,0.0,14.0,24:03,5.9,1
1,201567,Kevin Love,34.0,10.0,19.0,15.0,12.0,2.0,13.0,0.0,5.0,0.0,4.0,4.0,24.0,40:31,26.7,1
2,201593,Nikola Pekovic,11.0,4.0,10.0,4.0,3.0,4.0,8.0,0.0,0.0,1.0,1.0,2.0,8.0,40:48,8.7,1
3,2755,Kevin Martin,30.0,9.0,12.0,9.0,7.0,0.0,3.0,2.0,2.0,0.0,1.0,0.0,26.0,35:48,28.3,1
4,201937,Ricky Rubio,8.0,3.0,11.0,2.0,2.0,1.0,5.0,3.0,10.0,0.0,3.0,4.0,13.0,40:30,8.5,1
5,200826,J.J. Barea,7.0,3.0,8.0,0.0,0.0,0.0,2.0,2.0,5.0,0.0,0.0,0.0,-8.0,17:50,8.7,1
6,201967,Dante Cunningham,0.0,0.0,4.0,0.0,0.0,2.0,0.0,0.0,0.0,0.0,3.0,1.0,-14.0,14:41,-3.6,1
7,203144,Alexey Shved,3.0,1.0,2.0,0.0,0.0,0.0,0.0,1.0,0.0,0.0,0.0,1.0,-3.0,5:10,2.0,1
8,202682,Derrick Williams,6.0,2.0,5.0,2.0,1.0,0.0,1.0,0.0,0.0,0.0,0.0,0.0,-15.0,20:39,3.2,1
9,203476,Gorgui Dieng,,,,,,,,,,,,,,,0.0,1
10,203133,Robbie Hummel,,,,,,,,,,,,,,,0.0,1
11,203498,Shabazz Muhammad,,,,,,,,,,,,,,,0.0,1
12,201985,AJ Price,,,,,,,,,,,,,,,0.0,1
13,2546,Carmelo Anthony,22.0,8.0,21.0,5.0,4.0,5.0,12.0,0.0,3.0,0.0,4.0,5.0,8.0,44:04,12.7,0
14,200745,Andrea Bargnani,14.0,6.0,10.0,0.0,0.0,1.0,2.0,1.0,0.0,0.0,0.0,3.0,-11.0,18:46,8.7,0
15,2199,Tyson Chandler,10.0,3.0,4.0,4.0,4.0,3.0,6.0,0.0,1.0,0.0,4.0,0.0,-17.0,32:04,11.4,0
16,101109,Raymond Felton,8.0,3.0,12.0,2.0,2.0,0.0,2.0,3.0,12.0,1.0,4.0,3.0,-17.0,38:06,8.9,0
17,202697,Iman Shumpert,12.0,5.0,8.0,0.0,0.0,1.0,5.0,1.0,1.0,0.0,4.0,3.0,-6.0,25:38,7.7,0
18,203501,Tim Hardaway Jr.,6.0,3.0,12.0,0.0,0.0,1.0,0.0,0.0,1.0,0.0,3.0,1.0,-7.0,24:56,-2.0,0
19,2030,Kenyon Martin,6.0,3.0,4.0,0.0,0.0,3.0,3.0,1.0,1.0,1.0,2.0,0.0,-12.0,16:10,9.0,0
20,203143,Pablo Prigioni,5.0,2.0,5.0,0.0,0.0,0.0,1.0,0.0,2.0,0.0,2.0,1.0,0.0,19:43,2.2,0
21,1897,Metta World Peace,17.0,7.0,13.0,2.0,1.0,0.0,4.0,1.0,0.0,1.0,3.0,0.0,17.0,20:33,12.0,0
22,202332,Cole Aldrich,,,,,,,,,,,,,,,0.0,0
23,2747,JR Smith,,,,,,,,,,,,,,,0.0,0
24,2405,Amar'e Stoudemire,,,,,,,,,,,,,,,0.0,0
25,2757,Beno Udrih,,,,,,,,,,,,,,,0.0,0
