,id,name,PTS,FG,FGA,FTA,FT,OREB,DREB,STL,AST,BLK,PF,TO,PLUS_MINUS,MIN,GS,WIN
0,203114,Khris Middleton,12.0,3.0,8.0,4.0,4.0,1.0,1.0,2.0,1.0,0.0,2.0,3.0,-8.0,31:52,7.5,0
1,101141,Ersan Ilyasova,14.0,5.0,13.0,3.0,2.0,2.0,11.0,2.0,2.0,0.0,4.0,1.0,0.0,38:12,12.0,0
2,202336,Larry Sanders,10.0,4.0,7.0,2.0,2.0,2.0,6.0,0.0,0.0,2.0,3.0,1.0,-6.0,29:33,9.1,0
3,203489,Nate Wolters,9.0,4.0,9.0,2.0,1.0,1.0,2.0,0.0,2.0,0.0,2.0,1.0,-11.0,23:54,4.8,0
4,202688,Brandon Knight,23.0,8.0,19.0,6.0,5.0,3.0,3.0,1.0,7.0,0.0,2.0,3.0,-6.0,40:40,17.6,0
5,203507,Giannis Antetokounmpo,3.0,1.0,3.0,0.0,0.0,0.0,0.0,1.0,1.0,0.0,1.0,2.0,2.0,20:25,0.6,0
6,2406,Caron Butler,10.0,2.0,6.0,6.0,5.0,0.0,2.0,1.0,0.0,1.0,2.0,1.0,-6.0,21:29,6.7,0
7,2585,Zaza Pachulia,4.0,2.0,2.0,0.0,0.0,1.0,0.0,1.0,1.0,0.0,1.0,1.0,-8.0,12:26,4.4,0
8,203545,Miroslav Raduljica,2.0,0.0,1.0,2.0,2.0,1.0,1.0,0.0,1.0,0.0,3.0,0.0,6.0,8:14,1.8,0
9,202390,Gary Neal,3.0,1.0,8.0,0.0,0.0,0.0,1.0,0.0,0.0,0.0,1.0,0.0,-8.0,13:16,-2.3,0
10,201564,O.J. Mayo,,,,,,,,,,,,,,,0.0,0
11,2557,Luke Ridnour,,,,,,,,,,,,,,,0.0,0
12,202327,Ekpe Udoh,,,,,,,,,,,,,,,0.0,0
13,2419,Tayshaun Prince,0.0,0.0,5.0,0.0,0.0,0.0,3.0,1.0,3.0,0.0,2.0,0.0,0.0,22:58,-0.3,1
14,2216,Zach Randolph,23.0,8.0,19.0,8.0,7.0,6.0,4.0,0.0,3.0,0.0,1.0,1.0,9.0,33:40,18.6,1
15,201188,Marc Gasol,19.0,9.0,15.0,4.0,1.0,1.0,5.0,0.0,2.0,2.0,4.0,1.0,-1.0,31:21,13.3,1
16,201584,Courtney Lee,8.0,3.0,8.0,1.0,1.0,0.0,5.0,0.0,7.0,0.0,3.0,3.0,16.0,39:39,5.8,1
17,201979,Nick Calathes,22.0,8.0,12.0,3.0,2.0,0.0,5.0,1.0,3.0,0.0,2.0,0.0,12.0,40:07,20.2,1
18,203479,Jamaal Franklin,0.0,0.0,0.0,0.0,0.0,0.0,0.0,0.0,1.0,1.0,1.0,1.0,-6.0,4:28,-0.0,1
19,201585,Kosta Koufos,0.0,0.0,0.0,0.0,0.0,1.0,1.0,0.0,0.0,0.0,0.0,1.0,-9.0,6:07,0.0,1
20,201949,James Johnson,14.0,7.0,13.0,0.0,0.0,4.0,0.0,0.0,2.0,2.0,2.0,2.0,12.0,22:52,10.5,1
21,2034,Mike Miller,5.0,1.0,3.0,2.0,2.0,0.0,3.0,1.0,0.0,0.0,1.0,2.0,-7.0,14:11,2.8,1
22,202334,Ed Davis,0.0,0.0,1.0,0.0,0.0,1.0,4.0,0.0,0.0,0.0,2.0,0.0,-2.0,6:36,0.4,1
23,202720,Jon Leuer,8.0,2.0,3.0,4.0,4.0,0.0,5.0,1.0,1.0,1.0,2.0,1.0,21.0,18:01,8.8,1
24,2754,Tony Allen,,,,,,,,,,,,,,,0.0,1
