,id,name,PTS,FG,FGA,FTA,FT,OREB,DREB,STL,AST,BLK,PF,TO,PLUS_MINUS,MIN,GS,WIN
0,202329,Al-Farouq Aminu,0.0,0.0,5.0,0.0,0.0,0.0,2.0,2.0,1.0,1.0,1.0,0.0,6.0,21:28,0.1,0
1,203076,Anthony Davis,29.0,12.0,21.0,5.0,5.0,8.0,7.0,1.0,1.0,1.0,3.0,1.0,-12.0,35:38,27.0,0
2,201160,Jason Smith,10.0,5.0,9.0,0.0,0.0,2.0,3.0,1.0,0.0,0.0,4.0,1.0,-11.0,32:58,6.4,0
3,201569,Eric Gordon,16.0,5.0,13.0,4.0,3.0,0.0,1.0,5.0,4.0,0.0,4.0,2.0,-10.0,33:21,13.0,0
4,201950,Jrue Holiday,19.0,8.0,12.0,1.0,1.0,0.0,3.0,2.0,6.0,0.0,3.0,5.0,-9.0,33:48,14.7,0
5,200811,Lou Amundson,5.0,2.0,3.0,2.0,1.0,0.0,0.0,1.0,0.0,0.0,5.0,2.0,7.0,17:56,0.3,0
6,203085,Austin Rivers,0.0,0.0,3.0,0.0,0.0,0.0,1.0,1.0,3.0,0.0,4.0,1.0,9.0,13:32,-1.3,0
7,201936,Tyreke Evans,19.0,8.0,13.0,3.0,3.0,0.0,3.0,0.0,4.0,1.0,5.0,1.0,-9.0,28:25,14.5,0
8,203481,Jeff Withey,3.0,1.0,2.0,2.0,1.0,1.0,2.0,0.0,0.0,0.0,0.0,0.0,5.0,9:05,2.9,0
9,201627,Anthony Morrow,4.0,1.0,4.0,3.0,2.0,0.0,1.0,0.0,0.0,0.0,1.0,0.0,-6.0,13:49,1.1,0
10,2735,Josh Childress,,,,,,,,,,,,,,,0.0,0
11,203148,Brian Roberts,,,,,,,,,,,,,,,0.0,0
12,201880,Greg Stiemsma,,,,,,,,,,,,,,,0.0,0
13,2210,Richard Jefferson,22.0,7.0,11.0,6.0,5.0,0.0,3.0,0.0,4.0,0.0,3.0,1.0,13.0,31:56,18.2,1
14,202324,Derrick Favors,12.0,5.0,7.0,8.0,2.0,5.0,7.0,5.0,2.0,2.0,4.0,3.0,-3.0,31:44,15.5,1
15,202683,Enes Kanter,21.0,8.0,10.0,6.0,5.0,1.0,9.0,0.0,1.0,3.0,3.0,3.0,2.0,37:59,18.8,1
16,202330,Gordon Hayward,27.0,6.0,12.0,14.0,12.0,2.0,3.0,2.0,10.0,1.0,1.0,5.0,4.0,41:58,26.8,1
17,101249,John Lucas III,1.0,0.0,7.0,1.0,1.0,0.0,1.0,0.0,0.0,0.0,1.0,2.0,-9.0,15:27,-6.0,1
18,101107,Marvin Williams,12.0,5.0,9.0,0.0,0.0,5.0,4.0,0.0,0.0,1.0,4.0,2.0,13.0,26:10,9.5,1
19,202692,Alec Burks,7.0,3.0,10.0,2.0,1.0,1.0,2.0,0.0,1.0,0.0,3.0,1.0,3.0,26:47,0.6,1
20,200839,Mike Harris,2.0,0.0,1.0,2.0,2.0,0.0,0.0,1.0,0.0,0.0,0.0,0.0,2.0,6:09,2.3,1
21,203197,Diante Garrett,7.0,3.0,5.0,0.0,0.0,0.0,1.0,1.0,5.0,0.0,0.0,4.0,5.0,21:50,5.5,1
22,203546,Ian Clark,,,,,,,,,,,,,,,0.0,1
23,203497,Rudy Gobert,,,,,,,,,,,,,,,0.0,1
24,201575,Brandon Rush,,,,,,,,,,,,,,,0.0,1
