,id,name,PTS,FG,FGA,FTA,FT,OREB,DREB,STL,AST,BLK,PF,TO,PLUS_MINUS,MIN,GS,WIN
0,2738,Andre Iguodala,11.0,2.0,4.0,6.0,5.0,0.0,7.0,1.0,4.0,0.0,1.0,0.0,10.0,38:16,14.1,1
1,101135,David Lee,14.0,4.0,9.0,8.0,6.0,5.0,9.0,0.0,2.0,1.0,1.0,5.0,6.0,27:08,11.4,1
2,101106,Andrew Bogut,8.0,4.0,12.0,0.0,0.0,3.0,10.0,1.0,1.0,4.0,2.0,1.0,13.0,32:53,9.0,1
3,202691,Klay Thompson,17.0,6.0,17.0,4.0,2.0,2.0,3.0,0.0,0.0,0.0,2.0,1.0,20.0,41:20,7.2,1
4,201939,Stephen Curry,22.0,7.0,15.0,4.0,4.0,2.0,4.0,3.0,8.0,0.0,4.0,5.0,22.0,33:15,18.9,1
5,203084,Harrison Barnes,17.0,7.0,10.0,2.0,1.0,1.0,4.0,0.0,1.0,0.0,1.0,0.0,20.0,28:54,14.6,1
6,201578,Marreese Speights,2.0,0.0,4.0,2.0,2.0,0.0,2.0,0.0,0.0,0.0,2.0,1.0,-8.0,11:34,-2.0,1
7,203110,Draymond Green,7.0,2.0,3.0,4.0,2.0,0.0,4.0,0.0,1.0,1.0,2.0,0.0,20.0,16:11,6.7,1
8,203136,Ognjen Kuzmic,0.0,0.0,2.0,0.0,0.0,1.0,0.0,0.0,0.0,0.0,0.0,0.0,-12.0,2:46,-0.7,1
9,203517,Nemanja Nedovic,0.0,0.0,1.0,0.0,0.0,0.0,0.0,0.0,0.0,0.0,1.0,0.0,-12.0,2:46,-1.1,1
10,203145,Kent Bazemore,0.0,0.0,1.0,0.0,0.0,0.0,0.0,0.0,0.0,0.0,0.0,1.0,-12.0,2:46,-1.7,1
11,203473,Dewayne Dedmon,0.0,0.0,1.0,0.0,0.0,0.0,0.0,0.0,0.0,0.0,0.0,0.0,-12.0,2:11,-0.7,1
12,2210,Richard Jefferson,5.0,2.0,9.0,0.0,0.0,0.0,1.0,0.0,2.0,0.0,2.0,1.0,-14.0,31:40,-0.6,0
13,202324,Derrick Favors,10.0,4.0,11.0,2.0,2.0,0.0,7.0,1.0,3.0,3.0,4.0,0.0,-7.0,31:49,9.6,0
14,202683,Enes Kanter,8.0,4.0,12.0,1.0,0.0,1.0,5.0,0.0,1.0,0.0,4.0,0.0,-33.0,30:23,2.1,0
15,202330,Gordon Hayward,18.0,6.0,14.0,4.0,4.0,0.0,6.0,3.0,3.0,0.0,4.0,6.0,-12.0,35:02,9.9,0
16,202692,Alec Burks,2.0,0.0,5.0,2.0,2.0,0.0,2.0,1.0,3.0,0.0,1.0,0.0,-9.0,23:00,1.8,0
17,101107,Marvin Williams,16.0,5.0,11.0,6.0,4.0,2.0,6.0,1.0,1.0,1.0,1.0,0.0,-9.0,29:51,14.7,0
18,101249,John Lucas III,2.0,1.0,2.0,0.0,0.0,0.0,0.0,0.0,0.0,0.0,1.0,1.0,-12.0,11:19,-0.4,0
19,203497,Rudy Gobert,2.0,1.0,1.0,0.0,0.0,0.0,2.0,0.0,0.0,1.0,0.0,0.0,17.0,5:24,3.0,0
20,200839,Mike Harris,6.0,1.0,5.0,4.0,4.0,2.0,1.0,1.0,0.0,0.0,2.0,1.0,-5.0,16:07,3.8,0
21,203197,Diante Garrett,8.0,4.0,6.0,0.0,0.0,1.0,2.0,1.0,5.0,0.0,2.0,1.0,17.0,21:27,9.4,0
22,203546,Ian Clark,10.0,4.0,5.0,0.0,0.0,0.0,2.0,0.0,0.0,0.0,0.0,0.0,12.0,3:58,8.7,0
23,201575,Brandon Rush,,,,,,,,,,,,,,,0.0,0
