,id,name,PTS,FG,FGA,FTA,FT,OREB,DREB,STL,AST,BLK,PF,TO,PLUS_MINUS,MIN,GS,WIN
0,201587,Nicolas Batum,15.0,5.0,13.0,5.0,4.0,2.0,2.0,2.0,5.0,0.0,1.0,2.0,-10.0,33:34,12.6,0
1,200746,LaMarcus Aldridge,24.0,10.0,18.0,5.0,4.0,1.0,3.0,1.0,0.0,0.0,2.0,1.0,-17.0,36:55,15.8,0
2,201577,Robin Lopez,10.0,4.0,9.0,2.0,2.0,8.0,2.0,0.0,2.0,0.0,3.0,4.0,-17.0,22:36,7.7,0
3,202083,Wesley Matthews,8.0,3.0,6.0,0.0,0.0,0.0,5.0,0.0,3.0,0.0,1.0,0.0,-14.0,28:33,8.2,0
4,203081,Damian Lillard,16.0,5.0,12.0,3.0,3.0,0.0,0.0,0.0,1.0,0.0,2.0,3.0,-23.0,32:35,6.5,0
5,200777,Joel Freeland,6.0,2.0,5.0,2.0,2.0,3.0,1.0,0.0,2.0,1.0,1.0,0.0,5.0,12:39,7.4,0
6,2590,Mo Williams,3.0,1.0,8.0,0.0,0.0,0.0,2.0,0.0,4.0,0.0,3.0,2.0,-14.0,23:36,-2.0,0
7,2748,Dorell Wright,2.0,1.0,4.0,0.0,0.0,1.0,3.0,0.0,0.0,1.0,2.0,0.0,-8.0,14:14,1.1,0
8,203080,Thomas Robinson,10.0,5.0,8.0,0.0,0.0,0.0,4.0,1.0,0.0,0.0,1.0,0.0,-4.0,14:26,8.2,0
9,203459,Allen Crabbe,4.0,1.0,1.0,3.0,2.0,0.0,1.0,0.0,1.0,0.0,0.0,0.0,8.0,5:13,4.3,0
10,2248,Earl Watson,0.0,0.0,0.0,0.0,0.0,0.0,0.0,0.0,2.0,0.0,2.0,0.0,8.0,5:13,0.6,0
11,203086,Meyers Leonard,4.0,1.0,1.0,2.0,2.0,0.0,1.0,0.0,1.0,0.0,2.0,0.0,8.0,5:13,3.9,0
12,203115,Will Barton,4.0,1.0,1.0,2.0,2.0,0.0,0.0,0.0,0.0,0.0,0.0,0.0,8.0,5:13,3.7,0
13,200782,P.J. Tucker,2.0,1.0,3.0,0.0,0.0,3.0,4.0,2.0,0.0,0.0,2.0,0.0,-2.0,25:23,4.8,1
14,101112,Channing Frye,25.0,10.0,12.0,2.0,2.0,1.0,8.0,1.0,2.0,2.0,3.0,0.0,25.0,41:12,26.3,1
15,203101,Miles Plumlee,8.0,3.0,6.0,4.0,2.0,2.0,8.0,1.0,1.0,1.0,3.0,2.0,6.0,22:18,7.2,1
16,101123,Gerald Green,10.0,3.0,14.0,2.0,2.0,1.0,2.0,1.0,0.0,0.0,1.0,1.0,19.0,34:04,2.3,1
17,201609,Goran Dragic,31.0,10.0,18.0,8.0,7.0,3.0,2.0,0.0,10.0,1.0,2.0,4.0,20.0,35:21,27.6,1
18,202693,Markieff Morris,19.0,7.0,13.0,5.0,5.0,2.0,3.0,1.0,4.0,0.0,4.0,1.0,0.0,24:30,16.2,1
19,202091,Dionte Christmas,0.0,0.0,1.0,0.0,0.0,0.0,0.0,0.0,0.0,0.0,1.0,0.0,-12.0,6:54,-1.1,1
20,202397,Ish Smith,4.0,2.0,5.0,0.0,0.0,0.0,1.0,2.0,3.0,0.0,1.0,1.0,1.0,19:41,4.3,1
21,202694,Marcus Morris Sr.,15.0,4.0,7.0,6.0,6.0,0.0,2.0,1.0,2.0,0.0,3.0,0.0,29.0,23:45,13.5,1
22,203462,Archie Goodwin,3.0,1.0,1.0,2.0,1.0,0.0,0.0,0.0,0.0,0.0,1.0,1.0,-8.0,3:42,0.9,1
23,203139,Viacheslav Kravtsov,3.0,1.0,1.0,2.0,1.0,1.0,0.0,0.0,0.0,0.0,1.0,0.0,-8.0,3:10,2.6,1
24,202339,Eric Bledsoe,,,,,,,,,,,,,,,0.0,1
25,203458,Alex Len,,,,,,,,,,,,,,,0.0,1
