,id,name,PTS,FG,FGA,FTA,FT,OREB,DREB,STL,AST,BLK,PF,TO,PLUS_MINUS,MIN,GS,WIN
0,2546,Carmelo Anthony,26.0,10.0,23.0,2.0,2.0,1.0,6.0,3.0,4.0,2.0,3.0,3.0,16.0,39:21,19.4,1
1,2405,Amar'e Stoudemire,17.0,7.0,16.0,4.0,3.0,6.0,6.0,0.0,4.0,3.0,2.0,2.0,7.0,27:31,16.3,1
2,2199,Tyson Chandler,15.0,5.0,9.0,7.0,5.0,5.0,6.0,0.0,2.0,1.0,2.0,1.0,11.0,36:39,15.5,1
3,101109,Raymond Felton,8.0,2.0,6.0,4.0,4.0,0.0,5.0,2.0,6.0,2.0,3.0,2.0,9.0,29:33,10.5,1
4,2747,JR Smith,17.0,6.0,13.0,0.0,0.0,0.0,3.0,0.0,3.0,0.0,1.0,2.0,11.0,33:32,10.9,1
5,202697,Iman Shumpert,7.0,3.0,8.0,0.0,0.0,1.0,4.0,1.0,3.0,1.0,3.0,1.0,11.0,31:07,6.1,1
6,203501,Tim Hardaway Jr.,5.0,2.0,6.0,0.0,0.0,0.0,1.0,1.0,0.0,0.0,0.0,0.0,0.0,13:57,2.9,1
7,203143,Pablo Prigioni,11.0,3.0,6.0,2.0,2.0,0.0,1.0,0.0,4.0,0.0,1.0,1.0,5.0,17:44,9.7,1
8,202719,Jeremy Tyler,0.0,0.0,1.0,2.0,0.0,0.0,4.0,0.0,0.0,0.0,0.0,0.0,-1.0,7:34,-0.3,1
9,200769,Shannon Brown,0.0,0.0,0.0,0.0,0.0,0.0,0.0,0.0,0.0,0.0,1.0,0.0,-7.0,0:53,-0.4,1
10,201947,Earl Clark,0.0,0.0,0.0,0.0,0.0,0.0,0.0,0.0,0.0,0.0,0.0,0.0,-4.0,0:43,0.0,1
11,203315,Toure' Murry,1.0,0.0,0.0,2.0,1.0,0.0,0.0,0.0,0.0,0.0,0.0,1.0,-4.0,0:43,-0.4,1
12,202332,Cole Aldrich,0.0,0.0,0.0,0.0,0.0,0.0,0.0,0.0,0.0,0.0,0.0,0.0,-4.0,0:43,0.0,1
13,2736,Luol Deng,10.0,3.0,12.0,2.0,2.0,3.0,4.0,1.0,4.0,1.0,1.0,2.0,-7.0,39:08,8.2,0
14,202684,Tristan Thompson,8.0,3.0,8.0,2.0,2.0,1.0,3.0,2.0,1.0,1.0,2.0,0.0,-4.0,36:52,7.8,0
15,201150,Spencer Hawes,21.0,7.0,15.0,3.0,3.0,1.0,9.0,1.0,3.0,3.0,5.0,2.0,-4.0,36:15,17.9,0
16,101127,Jarrett Jack,12.0,5.0,13.0,2.0,2.0,0.0,2.0,2.0,3.0,0.0,2.0,3.0,-5.0,39:29,5.8,0
17,202681,Kyrie Irving,30.0,11.0,25.0,6.0,5.0,2.0,6.0,2.0,8.0,0.0,3.0,3.0,-6.0,42:55,23.1,0
18,203079,Dion Waiters,8.0,3.0,8.0,3.0,2.0,0.0,2.0,0.0,1.0,0.0,1.0,0.0,-9.0,13:36,4.1,0
19,2760,Anderson Varejao,4.0,2.0,2.0,0.0,0.0,1.0,2.0,0.0,0.0,0.0,1.0,0.0,-4.0,9:20,4.3,0
20,203461,Anthony Bennett,2.0,1.0,1.0,0.0,0.0,0.0,0.0,0.0,1.0,0.0,1.0,0.0,-2.0,7:34,2.0,0
21,202087,Alonzo Gee,2.0,1.0,3.0,0.0,0.0,1.0,0.0,0.0,0.0,0.0,1.0,0.0,-5.0,11:02,0.6,0
22,203521,Matthew Dellavedova,0.0,0.0,0.0,0.0,0.0,0.0,0.0,0.0,0.0,0.0,0.0,0.0,0.0,0:03,0.0,0
23,203092,Tyler Zeller,0.0,0.0,0.0,0.0,0.0,0.0,0.0,0.0,0.0,0.0,0.0,0.0,-4.0,3:46,0.0,0
24,101139,CJ Miles,,,,,,,,,,,,,,,0.0,0
25,202620,Arinze Onuaku,,,,,,,,,,,,,,,0.0,0
