,id,name,PTS,FG,FGA,FTA,FT,OREB,DREB,STL,AST,BLK,PF,TO,PLUS_MINUS,MIN,GS,WIN
0,201147,Corey Brewer,11.0,4.0,9.0,2.0,2.0,1.0,2.0,1.0,0.0,0.0,4.0,3.0,-4.0,36:14,4.0,0
1,201567,Kevin Love,28.0,10.0,20.0,7.0,6.0,2.0,8.0,3.0,2.0,2.0,4.0,3.0,-1.0,35:21,22.6,0
2,201593,Nikola Pekovic,14.0,7.0,11.0,0.0,0.0,2.0,4.0,1.0,1.0,0.0,3.0,0.0,-4.0,34:28,12.2,0
3,2755,Kevin Martin,27.0,9.0,20.0,8.0,7.0,1.0,3.0,1.0,2.0,0.0,2.0,4.0,-1.0,35:18,15.4,0
4,201937,Ricky Rubio,0.0,0.0,5.0,0.0,0.0,2.0,6.0,3.0,12.0,0.0,5.0,5.0,-6.0,34:39,4.1,0
5,200826,J.J. Barea,21.0,10.0,14.0,0.0,0.0,0.0,4.0,0.0,4.0,0.0,2.0,1.0,-2.0,24:52,17.4,0
6,201967,Dante Cunningham,12.0,6.0,13.0,2.0,0.0,2.0,2.0,0.0,0.0,0.0,2.0,0.0,-4.0,25:47,5.7,0
7,203133,Robbie Hummel,0.0,0.0,2.0,0.0,0.0,1.0,2.0,1.0,1.0,0.0,0.0,0.0,2.0,13:21,1.6,0
8,203476,Gorgui Dieng,,,,,,,,,,,,,,,0.0,0
9,203498,Shabazz Muhammad,,,,,,,,,,,,,,,0.0,0
10,201985,AJ Price,,,,,,,,,,,,,,,0.0,0
11,203144,Alexey Shved,,,,,,,,,,,,,,,0.0,0
12,202682,Derrick Williams,,,,,,,,,,,,,,,0.0,0
13,202706,Jordan Hamilton,7.0,3.0,6.0,0.0,0.0,0.0,3.0,0.0,2.0,2.0,0.0,2.0,-2.0,16:14,5.7,1
14,202702,Kenneth Faried,16.0,8.0,12.0,0.0,0.0,6.0,5.0,1.0,0.0,2.0,2.0,1.0,2.0,30:27,17.1,1
15,201581,JJ Hickson,12.0,5.0,11.0,3.0,2.0,2.0,9.0,2.0,3.0,1.0,1.0,2.0,-1.0,30:13,12.4,1
16,200751,Randy Foye,2.0,1.0,5.0,0.0,0.0,0.0,1.0,1.0,1.0,1.0,2.0,0.0,-3.0,19:55,0.8,1
17,201951,Ty Lawson,14.0,6.0,16.0,2.0,2.0,1.0,3.0,1.0,10.0,0.0,3.0,6.0,8.0,35:28,7.6,1
18,201163,Wilson Chandler,19.0,6.0,9.0,6.0,4.0,1.0,3.0,2.0,3.0,0.0,0.0,1.0,4.0,21:44,19.0,1
19,101126,Nate Robinson,6.0,3.0,10.0,0.0,0.0,1.0,0.0,0.0,3.0,0.0,0.0,1.0,6.0,17:32,2.0,1
20,202389,Timofey Mozgov,10.0,4.0,8.0,2.0,2.0,1.0,4.0,0.0,0.0,1.0,2.0,1.0,3.0,17:28,6.8,1
21,1889,Andre Miller,13.0,4.0,8.0,5.0,3.0,2.0,3.0,0.0,3.0,0.0,0.0,1.0,-6.0,20:36,11.6,1
22,201589,Darrell Arthur,8.0,3.0,5.0,2.0,2.0,0.0,1.0,0.0,1.0,2.0,4.0,0.0,2.0,17:33,6.5,1
23,203095,Evan Fournier,10.0,4.0,7.0,1.0,1.0,0.0,0.0,0.0,2.0,0.0,3.0,0.0,7.0,12:51,6.9,1
24,203113,Quincy Miller,,,,,,,,,,,,,,,0.0,1
25,201576,Anthony Randolph,,,,,,,,,,,,,,,0.0,1
