,id,name,PTS,FG,FGA,FTA,FT,OREB,DREB,STL,AST,BLK,PF,TO,PLUS_MINUS,MIN,GS,WIN
0,2419,Tayshaun Prince,6.0,2.0,5.0,2.0,2.0,0.0,0.0,0.0,1.0,0.0,0.0,0.0,-14.0,25:51,4.0,0
1,2216,Zach Randolph,12.0,6.0,12.0,0.0,0.0,2.0,4.0,0.0,1.0,0.0,1.0,2.0,1.0,27:03,6.9,0
2,201188,Marc Gasol,15.0,5.0,13.0,6.0,5.0,0.0,6.0,2.0,3.0,1.0,2.0,2.0,-13.0,29:33,11.3,0
3,2754,Tony Allen,8.0,3.0,4.0,1.0,1.0,1.0,2.0,1.0,3.0,0.0,5.0,2.0,-15.0,23:46,6.8,0
4,201144,Mike Conley,11.0,4.0,11.0,3.0,2.0,0.0,0.0,1.0,2.0,1.0,4.0,1.0,0.0,29:26,5.0,0
5,2034,Mike Miller,8.0,3.0,6.0,0.0,0.0,0.0,3.0,0.0,2.0,0.0,0.0,1.0,-12.0,21:40,6.3,0
6,201585,Kosta Koufos,8.0,3.0,6.0,2.0,2.0,0.0,0.0,0.0,0.0,0.0,1.0,1.0,-7.0,22:07,3.6,0
7,202347,Quincy Pondexter,0.0,0.0,4.0,0.0,0.0,1.0,0.0,1.0,0.0,0.0,1.0,0.0,-3.0,7:11,-1.5,0
8,201979,Nick Calathes,4.0,2.0,5.0,3.0,0.0,0.0,2.0,1.0,6.0,0.0,3.0,1.0,-11.0,25:11,3.7,0
9,202334,Ed Davis,5.0,2.0,8.0,2.0,1.0,2.0,5.0,0.0,0.0,2.0,2.0,0.0,-13.0,17:17,3.3,0
10,203479,Jamaal Franklin,2.0,1.0,1.0,0.0,0.0,1.0,3.0,0.0,1.0,0.0,1.0,0.0,7.0,10:55,3.6,0
11,201573,Jerryd Bayless,,,,,,,,,,,,,,,0.0,0
12,202720,Jon Leuer,,,,,,,,,,,,,,,0.0,0
13,202331,Paul George,23.0,9.0,16.0,6.0,5.0,2.0,5.0,0.0,1.0,0.0,2.0,2.0,24.0,31:47,15.8,1
14,2561,David West,10.0,5.0,8.0,0.0,0.0,1.0,4.0,1.0,3.0,2.0,2.0,2.0,9.0,25:53,10.0,1
15,201579,Roy Hibbert,3.0,1.0,4.0,2.0,1.0,1.0,6.0,0.0,1.0,5.0,2.0,2.0,14.0,24:12,4.1,1
16,202362,Lance Stephenson,13.0,5.0,11.0,0.0,0.0,0.0,11.0,0.0,12.0,0.0,3.0,1.0,11.0,34:09,16.8,1
17,201588,George Hill,13.0,6.0,9.0,1.0,1.0,0.0,2.0,1.0,2.0,1.0,0.0,1.0,7.0,24:47,11.8,1
18,203524,Solomon Hill,0.0,0.0,3.0,0.0,0.0,2.0,2.0,0.0,1.0,0.0,1.0,3.0,-4.0,13:37,-2.8,1
19,2449,Luis Scola,12.0,5.0,10.0,3.0,2.0,2.0,2.0,1.0,0.0,0.0,4.0,0.0,8.0,18:56,8.0,1
20,201228,C.J. Watson,0.0,0.0,3.0,0.0,0.0,1.0,0.0,0.0,5.0,0.0,1.0,0.0,10.0,20:02,1.7,1
21,101133,Ian Mahinmi,10.0,2.0,3.0,6.0,6.0,0.0,2.0,1.0,0.0,1.0,4.0,1.0,2.0,23:48,8.4,1
22,203111,Orlando Johnson,5.0,2.0,5.0,0.0,0.0,0.0,2.0,1.0,0.0,0.0,3.0,1.0,1.0,16:27,1.7,1
23,203142,Chris Copeland,3.0,1.0,2.0,0.0,0.0,0.0,0.0,0.0,0.0,0.0,0.0,0.0,-1.0,3:11,2.0,1
24,202388,Donald Sloan,3.0,1.0,2.0,0.0,0.0,0.0,0.0,0.0,0.0,0.0,0.0,0.0,-1.0,3:11,2.0,1
25,2446,Rasual Butler,,,,,,,,,,,,,,,0.0,1
