,id,name,PTS,FG,FGA,FTA,FT,OREB,DREB,STL,AST,BLK,PF,TO,PLUS_MINUS,MIN,GS,WIN
0,2544,LeBron James,36.0,12.0,21.0,12.0,10.0,3.0,4.0,0.0,5.0,0.0,6.0,4.0,-1.0,49:22,25.7,0
1,1740,Rashard Lewis,12.0,5.0,9.0,0.0,0.0,0.0,1.0,2.0,1.0,0.0,4.0,1.0,-14.0,29:29,8.1,0
2,2547,Chris Bosh,10.0,4.0,9.0,2.0,2.0,4.0,6.0,1.0,2.0,1.0,3.0,2.0,-15.0,43:42,9.8,0
3,951,Ray Allen,9.0,2.0,14.0,6.0,5.0,1.0,3.0,1.0,2.0,0.0,5.0,0.0,-16.0,42:54,1.6,0
4,202708,Norris Cole,18.0,8.0,14.0,0.0,0.0,1.0,1.0,1.0,7.0,0.0,2.0,4.0,-9.0,52:09,13.5,0
5,2427,Roger Mason Jr.,3.0,0.0,3.0,3.0,3.0,0.0,2.0,0.0,1.0,0.0,0.0,1.0,7.0,20:38,1.2,0
6,2365,Chris Andersen,4.0,2.0,3.0,2.0,0.0,1.0,8.0,0.0,0.0,1.0,2.0,0.0,-2.0,32:09,4.9,0
7,201563,Michael Beasley,3.0,1.0,7.0,2.0,1.0,1.0,3.0,0.0,1.0,0.0,2.0,2.0,5.0,19:37,-2.4,0
8,201202,Joel Anthony,,,,,,,,,,,,,,,0.0,0
9,201596,Mario Chalmers,,,,,,,,,,,,,,,0.0,0
10,2617,Udonis Haslem,,,,,,,,,,,,,,,0.0,0
11,2592,James Jones,,,,,,,,,,,,,,,0.0,0
12,2548,Dwyane Wade,,,,,,,,,,,,,,,0.0,0
13,2207,Joe Johnson,32.0,14.0,25.0,0.0,0.0,0.0,4.0,1.0,5.0,0.0,0.0,2.0,18.0,46:02,23.8,1
14,1718,Paul Pierce,23.0,7.0,17.0,9.0,7.0,1.0,4.0,0.0,3.0,0.0,4.0,1.0,21.0,44:28,14.5,1
15,708,Kevin Garnett,12.0,5.0,8.0,2.0,2.0,0.0,10.0,0.0,3.0,1.0,0.0,1.0,18.0,36:11,13.2,1
16,101187,Alan Anderson,2.0,1.0,5.0,0.0,0.0,0.0,2.0,0.0,2.0,0.0,4.0,0.0,10.0,34:55,-0.7,1
17,2733,Shaun Livingston,19.0,6.0,11.0,8.0,7.0,3.0,8.0,1.0,5.0,3.0,4.0,4.0,11.0,51:13,18.8,1
18,101154,Andray Blatche,8.0,4.0,10.0,0.0,0.0,4.0,4.0,1.0,1.0,0.0,2.0,0.0,-11.0,13:35,7.5,1
19,203141,Mirza Teletovic,3.0,1.0,4.0,0.0,0.0,0.0,0.0,1.0,0.0,0.0,1.0,2.0,-9.0,14:18,-0.8,1
20,2501,Reggie Evans,2.0,1.0,1.0,0.0,0.0,1.0,2.0,1.0,0.0,0.0,0.0,1.0,4.0,7:19,3.0,1
21,1905,Andrei Kirilenko,1.0,0.0,2.0,2.0,1.0,4.0,1.0,2.0,1.0,0.0,4.0,1.0,-9.0,22:06,2.4,1
22,1891,Jason Terry,2.0,1.0,3.0,0.0,0.0,0.0,1.0,0.0,1.0,0.0,3.0,0.0,-4.0,18:03,0.1,1
23,203116,Tyshawn Taylor,0.0,0.0,0.0,0.0,0.0,0.0,0.0,0.0,0.0,0.0,0.0,1.0,-2.0,0:55,-1.0,1
24,203486,Mason Plumlee,0.0,0.0,0.0,0.0,0.0,0.0,0.0,0.0,0.0,0.0,0.0,0.0,-2.0,0:55,0.0,1
25,101114,Deron Williams,,,,,,,,,,,,,,,0.0,1
