,id,name,PTS,FG,FGA,FTA,FT,OREB,DREB,STL,AST,BLK,PF,TO,PLUS_MINUS,MIN,GS,WIN
0,2746,Josh Smith,18.0,7.0,12.0,2.0,1.0,1.0,7.0,2.0,3.0,1.0,1.0,3.0,-5.0,38:21,16.2,0
1,202328,Greg Monroe,17.0,8.0,14.0,8.0,1.0,5.0,2.0,1.0,3.0,1.0,0.0,3.0,-5.0,37:28,12.5,0
2,203083,Andre Drummond,14.0,7.0,9.0,2.0,0.0,3.0,10.0,2.0,0.0,1.0,2.0,1.0,-16.0,37:35,15.7,0
3,203484,Kentavious Caldwell-Pope,7.0,3.0,8.0,0.0,0.0,0.0,3.0,0.0,1.0,0.0,2.0,1.0,-22.0,26:25,2.4,0
4,201943,Brandon Jennings,23.0,8.0,22.0,3.0,3.0,3.0,2.0,0.0,14.0,0.0,3.0,3.0,-1.0,38:60,19.1,0
5,201155,Rodney Stuckey,16.0,8.0,16.0,0.0,0.0,0.0,1.0,2.0,1.0,0.0,1.0,3.0,-7.0,30:07,7.6,0
6,202713,Kyle Singler,2.0,1.0,3.0,0.0,0.0,0.0,1.0,0.0,2.0,0.0,1.0,0.0,-20.0,19:42,1.6,0
7,201973,Jonas Jerebko,2.0,0.0,1.0,2.0,2.0,0.0,0.0,0.0,0.0,0.0,0.0,0.0,-5.0,3:13,1.3,0
8,203540,Gigi Datome,0.0,0.0,1.0,0.0,0.0,0.0,1.0,0.0,0.0,0.0,0.0,0.0,10.0,6:03,-0.4,0
9,202725,Josh Harrellson,0.0,0.0,1.0,0.0,0.0,0.0,0.0,0.0,0.0,0.0,0.0,0.0,-2.0,0:49,-0.7,0
10,203502,Tony Mitchell,0.0,0.0,0.0,0.0,0.0,0.0,0.0,0.0,0.0,0.0,0.0,0.0,-2.0,0:49,0.0,0
11,203491,Peyton Siva,0.0,0.0,0.0,0.0,0.0,0.0,0.0,0.0,0.0,0.0,0.0,0.0,0.0,0:28,0.0,0
12,101111,Charlie Villanueva,,,,,,,,,,,,,,,0.0,0
13,202325,Wesley Johnson,13.0,6.0,8.0,0.0,0.0,0.0,1.0,1.0,2.0,2.0,1.0,0.0,2.0,21:21,13.5,1
14,201941,Jordan Hill,24.0,11.0,16.0,2.0,2.0,5.0,12.0,0.0,1.0,0.0,3.0,2.0,12.0,35:44,21.8,1
15,2200,Pau Gasol,12.0,6.0,13.0,0.0,0.0,1.0,8.0,2.0,7.0,3.0,2.0,2.0,15.0,34:17,14.6,1
16,201975,Jodie Meeks,19.0,6.0,11.0,3.0,3.0,1.0,1.0,1.0,0.0,0.0,2.0,2.0,4.0,28:12,12.9,1
17,2581,Steve Blake,9.0,3.0,7.0,2.0,2.0,0.0,1.0,4.0,16.0,0.0,3.0,4.0,2.0,35:07,15.6,1
18,2549,Chris Kaman,2.0,1.0,4.0,0.0,0.0,1.0,0.0,0.0,0.0,0.0,0.0,0.0,-7.0,5:24,0.3,1
19,201156,Nick Young,19.0,7.0,13.0,3.0,3.0,0.0,0.0,1.0,0.0,0.0,0.0,0.0,13.0,26:39,13.7,1
20,202333,Xavier Henry,4.0,2.0,4.0,0.0,0.0,0.0,2.0,1.0,0.0,0.0,3.0,0.0,11.0,19:48,2.4,1
21,200761,Shawne Williams,6.0,2.0,8.0,0.0,0.0,0.0,3.0,1.0,2.0,0.0,4.0,2.0,10.0,20:35,0.9,1
22,200770,Jordan Farmar,6.0,3.0,6.0,0.0,0.0,0.0,2.0,0.0,5.0,0.0,2.0,1.0,13.0,12:53,5.3,1
23,203548,Elias Harris,,,,,,,,,,,,,,,0.0,1
24,203527,Ryan Kelly,,,,,,,,,,,,,,,0.0,1
25,203135,Robert Sacre,,,,,,,,,,,,,,,0.0,1
