,id,name,PTS,FG,FGA,FTA,FT,OREB,DREB,STL,AST,BLK,PF,TO,PLUS_MINUS,MIN,GS,WIN
0,201147,Corey Brewer,21.0,9.0,13.0,4.0,3.0,1.0,2.0,4.0,2.0,0.0,3.0,2.0,3.0,30:08,18.6,0
1,201567,Kevin Love,14.0,5.0,14.0,4.0,3.0,4.0,5.0,0.0,3.0,0.0,2.0,2.0,-1.0,33:09,9.4,0
2,201593,Nikola Pekovic,13.0,5.0,7.0,5.0,3.0,2.0,4.0,2.0,1.0,0.0,1.0,3.0,8.0,26:48,11.2,0
3,2755,Kevin Martin,21.0,9.0,16.0,4.0,2.0,0.0,3.0,2.0,3.0,0.0,4.0,2.0,-8.0,38:52,14.0,0
4,201937,Ricky Rubio,7.0,2.0,7.0,4.0,3.0,1.0,3.0,2.0,12.0,0.0,4.0,3.0,6.0,30:51,9.9,0
5,201601,Luc Mbah a Moute,0.0,0.0,4.0,0.0,0.0,2.0,0.0,0.0,0.0,0.0,0.0,0.0,-5.0,9:13,-1.4,0
6,203476,Gorgui Dieng,5.0,2.0,4.0,2.0,1.0,2.0,9.0,2.0,0.0,0.0,0.0,3.0,-23.0,19:23,5.7,0
7,201978,Chase Budinger,6.0,2.0,6.0,2.0,2.0,0.0,2.0,0.0,1.0,0.0,2.0,2.0,-15.0,16:52,1.1,0
8,201967,Dante Cunningham,6.0,3.0,4.0,0.0,0.0,0.0,1.0,0.0,0.0,1.0,2.0,0.0,-11.0,12:42,4.6,0
9,200826,J.J. Barea,6.0,2.0,6.0,2.0,1.0,0.0,1.0,0.0,2.0,0.0,0.0,2.0,-18.0,14:60,1.9,0
10,203133,Robbie Hummel,0.0,0.0,1.0,0.0,0.0,0.0,0.0,0.0,0.0,0.0,0.0,0.0,-5.0,2:44,-0.7,0
11,203498,Shabazz Muhammad,0.0,0.0,1.0,0.0,0.0,0.0,0.0,0.0,0.0,0.0,0.0,0.0,-3.0,2:09,-0.7,0
12,203144,Alexey Shved,0.0,0.0,0.0,0.0,0.0,0.0,0.0,0.0,0.0,0.0,0.0,1.0,-3.0,2:09,-1.0,0
13,2207,Joe Johnson,19.0,8.0,13.0,3.0,2.0,1.0,3.0,0.0,3.0,0.0,1.0,1.0,5.0,29:40,15.0,1
14,1718,Paul Pierce,22.0,8.0,11.0,2.0,1.0,0.0,5.0,2.0,0.0,0.0,4.0,2.0,7.0,25:45,17.0,1
15,203486,Mason Plumlee,13.0,4.0,7.0,6.0,5.0,3.0,5.0,0.0,0.0,1.0,3.0,2.0,4.0,22:43,10.4,1
16,2733,Shaun Livingston,13.0,4.0,5.0,6.0,5.0,0.0,2.0,0.0,4.0,2.0,0.0,3.0,10.0,26:05,12.5,1
17,101114,Deron Williams,6.0,1.0,9.0,4.0,3.0,0.0,3.0,2.0,5.0,0.0,4.0,2.0,0.0,31:54,2.5,1
18,101154,Andray Blatche,14.0,7.0,11.0,1.0,0.0,4.0,2.0,2.0,2.0,2.0,2.0,5.0,19.0,20:34,11.1,1
19,201977,Marcus Thornton,5.0,2.0,6.0,0.0,0.0,0.0,1.0,1.0,1.0,0.0,2.0,0.0,12.0,14:47,2.8,1
20,203141,Mirza Teletovic,7.0,3.0,10.0,0.0,0.0,3.0,3.0,1.0,2.0,0.0,2.0,1.0,8.0,22:15,4.8,1
21,101187,Alan Anderson,13.0,5.0,10.0,0.0,0.0,2.0,3.0,1.0,1.0,1.0,2.0,2.0,14.0,31:39,9.9,1
22,2215,Jason Collins,0.0,0.0,0.0,0.0,0.0,1.0,0.0,0.0,0.0,0.0,1.0,0.0,-8.0,4:43,0.3,1
23,203268,Jorge Gutierrez,2.0,1.0,4.0,0.0,0.0,0.0,1.0,3.0,3.0,0.0,1.0,2.0,4.0,8:31,2.6,1
24,203104,Marquis Teague,0.0,0.0,0.0,0.0,0.0,0.0,1.0,1.0,0.0,0.0,0.0,0.0,0.0,1:24,1.3,1
25,1905,Andrei Kirilenko,,,,,,,,,,,,,,,0.0,1
