,id,name,PTS,FG,FGA,FTA,FT,OREB,DREB,STL,AST,BLK,PF,TO,PLUS_MINUS,MIN,GS,WIN
0,2738,Andre Iguodala,13.0,6.0,11.0,1.0,1.0,0.0,3.0,2.0,2.0,0.0,3.0,0.0,6.0,36:27,10.8,1
1,101135,David Lee,23.0,10.0,20.0,4.0,3.0,3.0,8.0,2.0,2.0,1.0,3.0,1.0,3.0,40:15,19.0,1
2,979,Jermaine O'Neal,3.0,0.0,2.0,4.0,3.0,1.0,3.0,0.0,1.0,0.0,2.0,0.0,-5.0,16:21,2.7,1
3,202691,Klay Thompson,18.0,6.0,14.0,5.0,5.0,0.0,4.0,3.0,5.0,1.0,3.0,2.0,18.0,38:21,15.8,1
4,201939,Stephen Curry,13.0,5.0,14.0,3.0,2.0,0.0,1.0,1.0,8.0,0.0,2.0,0.0,12.0,35:51,10.9,1
5,203110,Draymond Green,12.0,5.0,8.0,2.0,2.0,2.0,6.0,2.0,2.0,0.0,4.0,1.0,12.0,27:48,12.4,1
6,203084,Harrison Barnes,7.0,2.0,5.0,2.0,2.0,0.0,4.0,3.0,3.0,0.0,3.0,3.0,5.0,26:49,6.4,1
7,202348,Jordan Crawford,10.0,4.0,10.0,2.0,2.0,0.0,0.0,1.0,3.0,0.0,1.0,0.0,-8.0,13:08,7.3,1
8,201578,Marreese Speights,2.0,1.0,2.0,1.0,0.0,0.0,0.0,0.0,0.0,1.0,2.0,0.0,2.0,5:00,0.5,1
9,101106,Andrew Bogut,,,,,,,,,,,,,,,0.0,1
10,203105,Festus Ezeli,,,,,,,,,,,,,,,0.0,1
11,203136,Ognjen Kuzmic,,,,,,,,,,,,,,,0.0,1
12,203517,Nemanja Nedovic,,,,,,,,,,,,,,,0.0,1
13,200752,Rudy Gay,16.0,6.0,21.0,6.0,4.0,4.0,4.0,1.0,4.0,3.0,2.0,4.0,-17.0,36:52,8.0,0
14,201171,Carl Landry,9.0,4.0,7.0,1.0,1.0,1.0,4.0,0.0,0.0,0.0,2.0,0.0,-13.0,21:24,6.8,0
15,201574,Jason Thompson,6.0,2.0,7.0,4.0,2.0,3.0,3.0,0.0,1.0,0.0,4.0,2.0,4.0,27:22,1.2,0
16,203463,Ben McLemore,4.0,1.0,4.0,2.0,1.0,2.0,2.0,0.0,0.0,0.0,5.0,0.0,-8.0,18:58,1.2,0
17,202738,Isaiah Thomas,26.0,9.0,17.0,7.0,6.0,0.0,4.0,1.0,7.0,0.0,2.0,7.0,3.0,42:27,16.6,0
18,2566,Travis Outlaw,18.0,6.0,11.0,4.0,3.0,2.0,3.0,2.0,1.0,0.0,1.0,2.0,-1.0,33:08,14.9,0
19,203112,Quincy Acy,4.0,2.0,2.0,0.0,0.0,3.0,9.0,0.0,0.0,0.0,2.0,2.0,8.0,26:16,5.4,0
20,202682,Derrick Williams,4.0,1.0,4.0,2.0,2.0,0.0,3.0,0.0,0.0,0.0,0.0,1.0,-7.0,17:38,1.5,0
21,202690,Jimmer Fredette,3.0,1.0,3.0,2.0,1.0,0.0,0.0,0.0,0.0,0.0,0.0,2.0,-4.0,4:15,-1.1,0
22,203492,Ray McCallum,2.0,1.0,3.0,0.0,0.0,0.0,2.0,0.0,0.0,0.0,1.0,1.0,-10.0,11:40,-0.5,0
23,201189,Aaron Gray,,,,,,,,,,,,,,,0.0,0
