,id,name,PTS,FG,FGA,FTA,FT,OREB,DREB,STL,AST,BLK,PF,TO,PLUS_MINUS,MIN,GS,WIN
0,203114,Khris Middleton,10.0,3.0,7.0,2.0,2.0,0.0,1.0,0.0,2.0,0.0,3.0,1.0,-11.0,29:47,5.8,0
1,101141,Ersan Ilyasova,2.0,0.0,2.0,2.0,2.0,1.0,4.0,2.0,0.0,0.0,2.0,3.0,-20.0,18:37,0.7,0
2,203089,John Henson,18.0,8.0,17.0,4.0,2.0,2.0,11.0,2.0,1.0,2.0,1.0,5.0,-3.0,28:59,11.9,0
3,201564,O.J. Mayo,4.0,1.0,6.0,2.0,2.0,0.0,0.0,1.0,2.0,0.0,1.0,2.0,-15.0,15:23,0.2,0
4,202688,Brandon Knight,16.0,7.0,16.0,1.0,1.0,0.0,2.0,2.0,1.0,0.0,1.0,1.0,-26.0,23:40,9.5,0
5,203507,Giannis Antetokounmpo,13.0,3.0,9.0,8.0,7.0,2.0,7.0,0.0,4.0,1.0,2.0,0.0,0.0,34:46,13.7,0
6,202327,Ekpe Udoh,2.0,1.0,1.0,0.0,0.0,0.0,2.0,0.0,0.0,0.0,3.0,0.0,-12.0,17:38,1.1,0
7,202390,Gary Neal,2.0,1.0,5.0,0.0,0.0,1.0,2.0,0.0,0.0,0.0,0.0,1.0,-14.0,12:56,-0.8,0
8,203489,Nate Wolters,6.0,3.0,6.0,0.0,0.0,1.0,4.0,0.0,2.0,1.0,1.0,2.0,14.0,27:34,4.6,0
9,2557,Luke Ridnour,8.0,3.0,4.0,0.0,0.0,0.0,0.0,1.0,2.0,0.0,0.0,0.0,15.0,16:27,8.8,0
10,203545,Miroslav Raduljica,12.0,6.0,8.0,0.0,0.0,1.0,1.0,0.0,1.0,0.0,1.0,1.0,7.0,14:13,9.1,0
11,2406,Caron Butler,,,,,,,,,,,,,,,0.0,0
12,2585,Zaza Pachulia,,,,,,,,,,,,,,,0.0,0
13,203109,Jae Crowder,8.0,2.0,9.0,4.0,4.0,1.0,2.0,2.0,2.0,0.0,2.0,2.0,7.0,34:02,4.4,1
14,1890,Shawn Marion,13.0,5.0,13.0,2.0,2.0,3.0,9.0,1.0,1.0,1.0,3.0,1.0,11.0,22:33,10.9,1
15,201971,DeJuan Blair,11.0,5.0,8.0,2.0,1.0,2.0,7.0,0.0,1.0,0.0,4.0,4.0,11.0,28:36,5.6,1
16,101145,Monta Ellis,7.0,3.0,7.0,2.0,1.0,0.0,3.0,0.0,5.0,0.0,2.0,3.0,14.0,23:20,3.5,1
17,101181,Jose Calderon,18.0,7.0,10.0,0.0,0.0,0.0,1.0,1.0,1.0,0.0,1.0,1.0,19.0,23:14,14.4,1
18,1713,Vince Carter,15.0,5.0,10.0,3.0,2.0,3.0,3.0,3.0,9.0,1.0,2.0,2.0,18.0,25:32,19.8,1
19,201148,Brandan Wright,19.0,9.0,10.0,3.0,1.0,1.0,5.0,0.0,1.0,0.0,1.0,0.0,17.0,18:47,17.3,1
20,203499,Shane Larkin,5.0,2.0,6.0,2.0,1.0,1.0,0.0,0.0,3.0,0.0,1.0,2.0,-6.0,24:46,1.6,1
21,201961,Wayne Ellington,7.0,3.0,11.0,0.0,0.0,0.0,1.0,2.0,2.0,0.0,1.0,0.0,0.0,22:49,3.8,1
22,203108,Bernard James,0.0,0.0,2.0,0.0,0.0,1.0,2.0,0.0,0.0,1.0,0.0,0.0,-13.0,9:40,0.6,1
23,203539,Gal Mekel,3.0,1.0,2.0,0.0,0.0,0.0,0.0,0.0,0.0,0.0,1.0,1.0,-13.0,6:41,0.6,1
24,2223,Samuel Dalembert,,,,,,,,,,,,,,,0.0,1
