,id,name,PTS,FG,FGA,FTA,FT,OREB,DREB,STL,AST,BLK,PF,TO,PLUS_MINUS,MIN,GS,WIN
0,203114,Khris Middleton,15.0,4.0,6.0,6.0,5.0,0.0,0.0,1.0,2.0,0.0,3.0,2.0,3.0,15:40,11.2,1
1,101141,Ersan Ilyasova,20.0,7.0,9.0,6.0,6.0,2.0,2.0,1.0,3.0,1.0,2.0,0.0,7.0,24:42,21.5,1
2,2585,Zaza Pachulia,2.0,1.0,3.0,0.0,0.0,4.0,5.0,2.0,2.0,0.0,1.0,1.0,13.0,18:13,6.6,1
3,203489,Nate Wolters,6.0,3.0,5.0,0.0,0.0,0.0,1.0,1.0,2.0,0.0,1.0,3.0,9.0,14:38,3.0,1
4,202688,Brandon Knight,15.0,5.0,10.0,6.0,4.0,1.0,4.0,0.0,4.0,0.0,2.0,2.0,4.0,20:42,11.1,1
5,203507,Giannis Antetokounmpo,13.0,5.0,8.0,2.0,2.0,4.0,2.0,0.0,4.0,4.0,4.0,5.0,12.0,29:04,11.8,1
6,201564,O.J. Mayo,25.0,8.0,14.0,2.0,2.0,0.0,1.0,1.0,3.0,0.0,3.0,1.0,11.0,34:45,19.6,1
7,203089,John Henson,12.0,6.0,9.0,3.0,0.0,1.0,4.0,0.0,4.0,0.0,2.0,1.0,17.0,25:59,9.8,1
8,201196,Ramon Sessions,16.0,6.0,11.0,4.0,3.0,2.0,2.0,0.0,5.0,0.0,0.0,4.0,19.0,28:24,11.8,1
9,202399,Jeff Adrien,6.0,3.0,8.0,0.0,0.0,4.0,6.0,1.0,2.0,1.0,2.0,2.0,15.0,24:07,6.5,1
10,203545,Miroslav Raduljica,0.0,0.0,1.0,0.0,0.0,2.0,0.0,0.0,1.0,0.0,1.0,2.0,-10.0,3:48,-1.0,1
11,2406,Caron Butler,,,,,,,,,,,,,,,0.0,1
12,202327,Ekpe Udoh,,,,,,,,,,,,,,,0.0,1
13,202341,James Anderson,13.0,5.0,11.0,0.0,0.0,0.0,2.0,1.0,5.0,0.0,2.0,2.0,0.0,26:11,9.6,0
14,201152,Thaddeus Young,28.0,11.0,19.0,4.0,3.0,1.0,4.0,6.0,7.0,0.0,1.0,2.0,-3.0,34:06,29.1,0
15,203102,Arnett Moultrie,6.0,2.0,6.0,2.0,2.0,4.0,4.0,1.0,0.0,1.0,3.0,0.0,-14.0,28:17,7.1,0
16,203100,Tony Wroten,19.0,9.0,15.0,1.0,1.0,2.0,0.0,1.0,5.0,0.0,3.0,2.0,-10.0,29:41,14.8,0
17,203487,Michael Carter-Williams,20.0,7.0,11.0,9.0,6.0,2.0,0.0,2.0,3.0,1.0,4.0,5.0,6.0,33:58,13.5,0
18,203156,Henry Sims,4.0,1.0,3.0,2.0,2.0,1.0,4.0,1.0,1.0,0.0,2.0,0.0,-15.0,19:54,5.1,0
19,202343,Elliot Williams,2.0,1.0,5.0,0.0,0.0,0.0,1.0,0.0,0.0,0.0,3.0,2.0,-9.0,16:47,-4.0,0
20,203138,Hollis Thompson,8.0,3.0,7.0,3.0,1.0,0.0,1.0,2.0,4.0,1.0,0.0,0.0,-18.0,21:44,9.3,0
21,201953,Eric Maynor,1.0,0.0,5.0,2.0,1.0,0.0,1.0,1.0,2.0,1.0,1.0,3.0,-29.0,15:39,-2.9,0
22,201957,Byron Mullens,9.0,4.0,6.0,0.0,0.0,1.0,0.0,1.0,1.0,1.0,3.0,1.0,-8.0,13:43,7.3,0
23,203485,Lorenzo Brown,,,,,,,,,,,,,,,0.0,0
24,203561,Brandon Davies,,,,,,,,,,,,,,,0.0,0
