,id,name,PTS,FG,FGA,FTA,FT,OREB,DREB,STL,AST,BLK,PF,TO,PLUS_MINUS,MIN,GS,WIN
0,200782,P.J. Tucker,2.0,1.0,8.0,0.0,0.0,1.0,0.0,0.0,1.0,2.0,1.0,0.0,-15.0,26:00,-0.8,1
1,101112,Channing Frye,3.0,1.0,6.0,2.0,1.0,1.0,5.0,2.0,1.0,0.0,1.0,1.0,-15.0,21:29,2.3,1
2,203101,Miles Plumlee,7.0,3.0,7.0,4.0,1.0,4.0,8.0,1.0,0.0,0.0,4.0,1.0,-5.0,24:55,5.7,1
3,201609,Goran Dragic,17.0,7.0,15.0,3.0,3.0,0.0,3.0,1.0,6.0,0.0,0.0,3.0,11.0,40:00,12.4,1
4,202339,Eric Bledsoe,10.0,4.0,9.0,2.0,1.0,1.0,1.0,1.0,3.0,0.0,4.0,1.0,-1.0,29:57,6.4,1
5,202693,Markieff Morris,25.0,6.0,14.0,15.0,11.0,1.0,5.0,3.0,2.0,3.0,4.0,1.0,20.0,29:48,22.1,1
6,101123,Gerald Green,19.0,6.0,12.0,2.0,1.0,0.0,8.0,0.0,2.0,1.0,2.0,4.0,3.0,28:20,12.3,1
7,202694,Marcus Morris Sr.,14.0,5.0,14.0,1.0,1.0,0.0,2.0,1.0,1.0,1.0,2.0,0.0,25.0,25:56,8.4,1
8,203462,Archie Goodwin,4.0,1.0,2.0,2.0,2.0,0.0,1.0,0.0,0.0,1.0,2.0,0.0,-12.0,7:01,3.2,1
9,202397,Ish Smith,2.0,1.0,1.0,0.0,0.0,1.0,2.0,0.0,3.0,0.0,0.0,0.0,9.0,6:34,5.1,1
10,202091,Dionte Christmas,,,,,,,,,,,,,,,0.0,1
11,203139,Viacheslav Kravtsov,,,,,,,,,,,,,,,0.0,1
12,203458,Alex Len,,,,,,,,,,,,,,,0.0,1
13,201163,Wilson Chandler,15.0,5.0,14.0,4.0,3.0,2.0,5.0,1.0,3.0,0.0,1.0,1.0,-7.0,32:03,11.4,0
14,202702,Kenneth Faried,10.0,5.0,7.0,0.0,0.0,1.0,4.0,1.0,0.0,2.0,3.0,0.0,7.0,21:21,10.2,0
15,201581,JJ Hickson,13.0,6.0,10.0,1.0,1.0,3.0,11.0,0.0,0.0,1.0,4.0,3.0,-12.0,28:20,9.9,0
16,200751,Randy Foye,14.0,6.0,14.0,0.0,0.0,0.0,2.0,0.0,0.0,0.0,2.0,0.0,1.0,30:02,6.4,0
17,201951,Ty Lawson,13.0,3.0,11.0,8.0,7.0,0.0,4.0,0.0,7.0,0.0,4.0,5.0,-3.0,34:08,5.6,0
18,202389,Timofey Mozgov,3.0,0.0,3.0,4.0,3.0,1.0,4.0,0.0,1.0,0.0,1.0,2.0,3.0,12:54,0.7,0
19,101126,Nate Robinson,6.0,2.0,4.0,2.0,2.0,1.0,1.0,1.0,3.0,0.0,1.0,0.0,-1.0,15:20,7.7,0
20,201589,Darrell Arthur,10.0,4.0,10.0,2.0,2.0,2.0,4.0,0.0,0.0,2.0,6.0,3.0,-5.0,21:51,3.2,0
21,1889,Andre Miller,6.0,1.0,1.0,4.0,4.0,0.0,1.0,0.0,4.0,0.0,1.0,1.0,-5.0,16:30,7.4,0
22,201576,Anthony Randolph,5.0,1.0,4.0,4.0,3.0,0.0,5.0,2.0,0.0,2.0,2.0,0.0,-2.0,18:42,6.3,0
23,203095,Evan Fournier,4.0,2.0,7.0,0.0,0.0,1.0,1.0,0.0,0.0,0.0,2.0,1.0,4.0,8:49,-0.9,0
24,202706,Jordan Hamilton,,,,,,,,,,,,,,,0.0,0
25,203113,Quincy Miller,,,,,,,,,,,,,,,0.0,0
