,id,name,PTS,FG,FGA,FTA,FT,OREB,DREB,STL,AST,BLK,PF,TO,PLUS_MINUS,MIN,GS,WIN
0,202323,Evan Turner,11.0,3.0,10.0,6.0,5.0,0.0,2.0,0.0,1.0,0.0,0.0,2.0,-6.0,28:11,4.1,0
1,201152,Thaddeus Young,18.0,7.0,14.0,5.0,4.0,0.0,3.0,1.0,1.0,0.0,2.0,2.0,-14.0,29:56,10.4,0
2,201150,Spencer Hawes,11.0,5.0,15.0,0.0,0.0,3.0,13.0,2.0,2.0,1.0,3.0,2.0,2.0,30:46,9.4,0
3,202341,James Anderson,8.0,3.0,6.0,2.0,2.0,2.0,3.0,0.0,0.0,0.0,5.0,2.0,6.0,18:21,3.3,0
4,203487,Michael Carter-Williams,31.0,13.0,22.0,8.0,4.0,1.0,5.0,3.0,5.0,0.0,1.0,2.0,-10.0,34:02,25.5,0
5,203138,Hollis Thompson,13.0,5.0,9.0,2.0,1.0,0.0,3.0,0.0,0.0,0.0,5.0,1.0,-3.0,37:17,6.2,0
6,202730,Lavoy Allen,0.0,0.0,1.0,0.0,0.0,0.0,2.0,0.0,1.0,1.0,2.0,0.0,-9.0,14:11,0.5,0
7,202343,Elliot Williams,4.0,0.0,8.0,6.0,4.0,1.0,0.0,1.0,1.0,0.0,5.0,2.0,-7.0,29:43,-4.0,0
8,203473,Dewayne Dedmon,0.0,0.0,1.0,0.0,0.0,0.0,5.0,0.0,1.0,1.0,1.0,0.0,-7.0,13:05,1.8,0
9,203485,Lorenzo Brown,3.0,1.0,2.0,2.0,1.0,1.0,0.0,1.0,3.0,0.0,1.0,0.0,8.0,4:30,5.0,0
10,203102,Arnett Moultrie,,,,,,,,,,,,,,,0.0,0
11,203100,Tony Wroten,,,,,,,,,,,,,,,0.0,0
12,2772,Trevor Ariza,13.0,4.0,12.0,4.0,4.0,1.0,6.0,1.0,5.0,0.0,3.0,0.0,8.0,34:50,12.0,1
13,2403,Nene,7.0,1.0,5.0,8.0,5.0,1.0,4.0,2.0,2.0,2.0,3.0,1.0,7.0,23:09,7.2,1
14,101162,Marcin Gortat,19.0,7.0,11.0,8.0,5.0,4.0,7.0,0.0,0.0,4.0,4.0,2.0,14.0,23:22,17.0,1
15,203078,Bradley Beal,22.0,8.0,15.0,3.0,3.0,2.0,7.0,0.0,8.0,1.0,3.0,2.0,7.0,29:34,21.3,1
16,202322,John Wall,14.0,6.0,14.0,2.0,2.0,0.0,5.0,1.0,5.0,2.0,2.0,3.0,10.0,31:20,10.2,1
17,101110,Martell Webster,8.0,2.0,7.0,3.0,3.0,0.0,3.0,0.0,2.0,1.0,3.0,1.0,9.0,30:31,4.7,1
18,202686,Jan Vesely,6.0,3.0,5.0,0.0,0.0,0.0,4.0,0.0,0.0,1.0,0.0,0.0,14.0,19:12,5.6,1
19,202338,Kevin Seraphin,16.0,6.0,10.0,4.0,4.0,0.0,7.0,0.0,1.0,1.0,5.0,2.0,-3.0,23:24,10.9,1
20,202066,Garrett Temple,0.0,0.0,2.0,0.0,0.0,1.0,0.0,0.0,2.0,0.0,5.0,2.0,-5.0,17:54,-3.3,1
21,203490,Otto Porter Jr.,2.0,0.0,2.0,3.0,2.0,0.0,0.0,1.0,0.0,0.0,0.0,2.0,-8.0,3:31,-0.8,1
22,202698,Chris Singleton,0.0,0.0,1.0,0.0,0.0,1.0,0.0,0.0,0.0,0.0,0.0,1.0,-13.0,3:13,-1.0,1
23,202344,Trevor Booker,,,,,,,,,,,,,,,0.0,1
24,201953,Eric Maynor,,,,,,,,,,,,,,,0.0,1
