,id,name,PTS,FG,FGA,FTA,FT,OREB,DREB,STL,AST,BLK,PF,TO,PLUS_MINUS,MIN,GS,WIN
0,2546,Carmelo Anthony,19.0,8.0,12.0,2.0,2.0,3.0,7.0,0.0,6.0,1.0,3.0,2.0,24.0,31:04,19.7,1
1,2030,Kenyon Martin,2.0,1.0,2.0,0.0,0.0,0.0,1.0,2.0,4.0,1.0,3.0,2.0,23.0,24:36,3.6,1
2,200745,Andrea Bargnani,16.0,7.0,13.0,1.0,1.0,1.0,1.0,1.0,3.0,3.0,3.0,1.0,11.0,27:50,13.7,1
3,202697,Iman Shumpert,17.0,5.0,8.0,2.0,2.0,1.0,5.0,2.0,0.0,0.0,3.0,0.0,19.0,23:05,16.4,1
4,101109,Raymond Felton,13.0,5.0,9.0,0.0,0.0,0.0,1.0,0.0,4.0,0.0,2.0,3.0,30.0,28:30,8.0,1
5,2747,JR Smith,8.0,3.0,6.0,0.0,0.0,0.0,3.0,0.0,1.0,0.0,4.0,0.0,29.0,24:31,5.0,1
6,2405,Amar'e Stoudemire,11.0,5.0,6.0,2.0,1.0,1.0,3.0,0.0,0.0,1.0,3.0,1.0,12.0,19:22,8.5,1
7,203143,Pablo Prigioni,5.0,2.0,2.0,0.0,0.0,0.0,0.0,2.0,3.0,0.0,2.0,0.0,3.0,12:45,7.7,1
8,203501,Tim Hardaway Jr.,12.0,5.0,11.0,0.0,0.0,0.0,0.0,0.0,1.0,0.0,2.0,0.0,9.0,19:12,6.2,1
9,1897,Metta World Peace,3.0,1.0,1.0,0.0,0.0,0.0,1.0,1.0,0.0,0.0,1.0,0.0,-1.0,8:50,3.6,1
10,2757,Beno Udrih,2.0,1.0,2.0,0.0,0.0,0.0,0.0,0.0,1.0,0.0,1.0,1.0,-3.0,6:45,0.3,1
11,203315,Toure' Murry,3.0,1.0,4.0,2.0,1.0,0.0,0.0,2.0,1.0,0.0,1.0,1.0,-3.0,6:45,1.5,1
12,202332,Cole Aldrich,2.0,0.0,1.0,2.0,2.0,1.0,1.0,1.0,0.0,1.0,1.0,1.0,-3.0,6:45,2.6,1
13,101187,Alan Anderson,8.0,3.0,9.0,0.0,0.0,0.0,2.0,1.0,1.0,0.0,4.0,2.0,-21.0,31:08,1.6,0
14,708,Kevin Garnett,6.0,3.0,5.0,0.0,0.0,2.0,4.0,0.0,0.0,0.0,3.0,0.0,-10.0,19:56,5.1,0
15,201572,Brook Lopez,24.0,9.0,18.0,7.0,6.0,8.0,1.0,1.0,1.0,1.0,1.0,1.0,-23.0,34:31,21.5,0
16,2207,Joe Johnson,13.0,4.0,15.0,8.0,5.0,1.0,2.0,1.0,2.0,1.0,1.0,2.0,-24.0,35:47,4.9,0
17,203116,Tyshawn Taylor,4.0,2.0,9.0,0.0,0.0,0.0,2.0,0.0,2.0,0.0,5.0,2.0,-21.0,24:45,-3.5,0
18,101154,Andray Blatche,2.0,1.0,3.0,2.0,0.0,1.0,1.0,0.0,3.0,0.0,4.0,3.0,-8.0,13:04,-2.0,0
19,2733,Shaun Livingston,9.0,2.0,4.0,6.0,5.0,0.0,1.0,0.0,1.0,1.0,1.0,2.0,-9.0,23:19,5.9,0
20,203486,Mason Plumlee,8.0,2.0,2.0,6.0,4.0,0.0,0.0,0.0,1.0,0.0,1.0,1.0,-8.0,16:01,5.9,0
21,203141,Mirza Teletovic,6.0,2.0,5.0,0.0,0.0,2.0,6.0,0.0,0.0,0.0,4.0,1.0,-15.0,28:42,3.9,0
22,203129,Tornike Shengelia,3.0,1.0,3.0,2.0,1.0,1.0,1.0,0.0,0.0,0.0,1.0,2.0,-11.0,12:47,-0.5,0
23,2501,Reggie Evans,,,,,,,,,,,,,,,0.0,0
24,1718,Paul Pierce,,,,,,,,,,,,,,,0.0,0
25,101114,Deron Williams,,,,,,,,,,,,,,,0.0,0
