,id,name,PTS,FG,FGA,FTA,FT,OREB,DREB,STL,AST,BLK,PF,TO,PLUS_MINUS,MIN,GS,WIN
0,203138,Hollis Thompson,5.0,2.0,3.0,1.0,0.0,0.0,3.0,0.0,2.0,0.0,3.0,1.0,-4.0,24:53,3.4,0
1,201152,Thaddeus Young,23.0,7.0,10.0,4.0,4.0,0.0,3.0,4.0,4.0,3.0,5.0,3.0,-11.0,35:30,23.6,0
2,203156,Henry Sims,8.0,3.0,8.0,3.0,2.0,2.0,3.0,1.0,2.0,0.0,3.0,1.0,11.0,26:57,5.7,0
3,202341,James Anderson,19.0,8.0,16.0,0.0,0.0,0.0,3.0,0.0,4.0,0.0,2.0,3.0,-3.0,34:34,10.9,0
4,203487,Michael Carter-Williams,16.0,7.0,14.0,2.0,2.0,1.0,8.0,3.0,9.0,0.0,3.0,3.0,1.0,33:48,17.2,0
5,203100,Tony Wroten,6.0,3.0,8.0,0.0,0.0,0.0,1.0,0.0,3.0,0.0,4.0,5.0,-7.0,17:58,-2.6,0
6,202363,Jarvis Varnado,5.0,2.0,3.0,7.0,1.0,1.0,8.0,0.0,0.0,3.0,1.0,2.0,-16.0,20:39,4.1,0
7,202343,Elliot Williams,10.0,3.0,8.0,3.0,3.0,2.0,2.0,1.0,1.0,0.0,2.0,0.0,-5.0,19:08,8.5,0
8,203810,Casper Ware,0.0,0.0,5.0,0.0,0.0,0.0,0.0,1.0,0.0,0.0,2.0,1.0,-9.0,14:12,-4.3,0
9,203561,Brandon Davies,3.0,1.0,2.0,0.0,0.0,0.0,3.0,1.0,0.0,0.0,2.0,1.0,3.0,12:22,2.1,0
10,203102,Arnett Moultrie,,,,,,,,,,,,,,,0.0,0
11,203263,James Nunnally,,,,,,,,,,,,,,,0.0,0
12,201960,DeMarre Carroll,9.0,4.0,9.0,0.0,0.0,2.0,3.0,2.0,4.0,0.0,2.0,1.0,9.0,28:47,9.6,1
13,200794,Paul Millsap,28.0,9.0,15.0,13.0,9.0,5.0,12.0,3.0,4.0,0.0,1.0,3.0,9.0,35:56,29.0,1
14,203544,Pero Antic,2.0,1.0,8.0,0.0,0.0,2.0,2.0,0.0,2.0,0.0,4.0,1.0,-10.0,21:10,-2.4,1
15,2594,Kyle Korver,11.0,3.0,10.0,5.0,4.0,0.0,2.0,0.0,2.0,0.0,2.0,3.0,-11.0,26:51,3.0,1
16,201952,Jeff Teague,12.0,4.0,11.0,3.0,3.0,1.0,2.0,1.0,5.0,0.0,0.0,4.0,15.0,33:26,7.7,1
17,101150,Lou Williams,22.0,7.0,12.0,6.0,6.0,1.0,4.0,1.0,5.0,0.0,1.0,1.0,23.0,24:55,21.4,1
18,1882,Elton Brand,4.0,2.0,5.0,0.0,0.0,1.0,3.0,0.0,1.0,0.0,4.0,0.0,19.0,21:53,2.0,1
19,203118,Mike Scott,6.0,2.0,6.0,3.0,2.0,0.0,4.0,1.0,0.0,0.0,1.0,1.0,4.0,14:15,3.0,1
20,203471,Dennis Schroder,4.0,2.0,5.0,0.0,0.0,0.0,1.0,2.0,2.0,0.0,0.0,1.0,-7.0,14:34,4.0,1
21,203488,Mike Muscala,2.0,1.0,2.0,0.0,0.0,0.0,2.0,0.0,0.0,0.0,1.0,1.0,-3.0,4:25,0.2,1
22,202714,Shelvin Mack,3.0,1.0,1.0,0.0,0.0,1.0,1.0,0.0,0.0,0.0,1.0,0.0,-8.0,13:48,3.3,1
23,201858,Cartier Martin,,,,,,,,,,,,,,,0.0,1
