,id,name,PTS,FG,FGA,FTA,FT,OREB,DREB,STL,AST,BLK,PF,TO,PLUS_MINUS,MIN,GS,WIN
0,2738,Andre Iguodala,11.0,5.0,9.0,0.0,0.0,1.0,3.0,1.0,1.0,0.0,2.0,1.0,26.0,22:56,8.2,1
1,101135,David Lee,18.0,9.0,17.0,0.0,0.0,5.0,5.0,2.0,3.0,0.0,3.0,1.0,27.0,24:44,16.6,1
2,101106,Andrew Bogut,4.0,2.0,4.0,0.0,0.0,4.0,4.0,1.0,4.0,4.0,4.0,1.0,26.0,23:46,10.0,1
3,202691,Klay Thompson,18.0,7.0,15.0,3.0,3.0,0.0,1.0,3.0,4.0,0.0,1.0,0.0,26.0,27:46,16.0,1
4,201939,Stephen Curry,14.0,6.0,10.0,1.0,1.0,0.0,3.0,1.0,4.0,0.0,3.0,0.0,28.0,21:51,12.9,1
5,979,Jermaine O'Neal,7.0,3.0,6.0,1.0,1.0,0.0,4.0,1.0,0.0,1.0,1.0,0.0,6.0,12:10,6.5,1
6,2581,Steve Blake,4.0,2.0,6.0,0.0,0.0,0.0,2.0,0.0,6.0,0.0,1.0,0.0,-6.0,27:01,5.0,1
7,203084,Harrison Barnes,3.0,1.0,8.0,0.0,0.0,1.0,1.0,2.0,0.0,0.0,2.0,0.0,-6.0,25:04,0.0,1
8,203110,Draymond Green,7.0,3.0,7.0,2.0,1.0,1.0,4.0,2.0,4.0,1.0,4.0,3.0,-7.0,23:16,5.7,1
9,202348,Jordan Crawford,15.0,7.0,12.0,0.0,0.0,1.0,0.0,0.0,1.0,0.0,2.0,2.0,-10.0,19:26,8.0,1
10,201578,Marreese Speights,7.0,1.0,4.0,5.0,5.0,2.0,3.0,0.0,1.0,0.0,1.0,3.0,-10.0,12:00,4.2,1
11,201145,Jeff Green,4.0,2.0,7.0,0.0,0.0,1.0,2.0,0.0,2.0,2.0,1.0,2.0,-24.0,24:19,1.6,0
12,101138,Brandon Bass,11.0,4.0,5.0,3.0,3.0,3.0,5.0,0.0,1.0,0.0,0.0,1.0,-23.0,23:32,12.4,0
13,2743,Kris Humphries,2.0,1.0,5.0,0.0,0.0,0.0,3.0,0.0,0.0,1.0,0.0,3.0,-12.0,15:45,-2.5,0
14,201573,Jerryd Bayless,10.0,3.0,8.0,5.0,4.0,1.0,2.0,0.0,0.0,0.0,2.0,1.0,-26.0,22:11,4.7,0
15,200765,Rajon Rondo,14.0,6.0,14.0,4.0,1.0,0.0,5.0,1.0,7.0,1.0,3.0,7.0,-22.0,37:11,5.3,0
16,203096,Jared Sullinger,11.0,1.0,7.0,10.0,9.0,1.0,3.0,1.0,0.0,0.0,4.0,3.0,-13.0,25:31,4.1,0
17,203187,Chris Johnson,5.0,2.0,8.0,0.0,0.0,1.0,1.0,1.0,1.0,0.0,0.0,1.0,6.0,25:49,1.9,0
18,203515,Phil Pressey,7.0,3.0,4.0,0.0,0.0,0.0,1.0,1.0,5.0,0.0,0.0,2.0,2.0,10:49,8.2,0
19,203482,Kelly Olynyk,19.0,6.0,12.0,4.0,4.0,2.0,3.0,0.0,3.0,1.0,4.0,2.0,2.0,27:21,14.5,0
20,203569,Chris Babb,5.0,2.0,5.0,0.0,0.0,1.0,4.0,0.0,0.0,0.0,0.0,0.0,4.0,23:41,4.2,0
21,201202,Joel Anthony,0.0,0.0,1.0,0.0,0.0,1.0,0.0,0.0,0.0,0.0,2.0,0.0,6.0,3:51,-0.8,0
22,2222,Gerald Wallace,,,,,,,,,,,,,,,0.0,0
