,id,name,PTS,FG,FGA,FTA,FT,OREB,DREB,STL,AST,BLK,PF,TO,PLUS_MINUS,MIN,GS,WIN
0,2207,Joe Johnson,15.0,5.0,16.0,4.0,4.0,1.0,3.0,1.0,0.0,0.0,0.0,4.0,-15.0,33:32,4.4,0
1,1718,Paul Pierce,11.0,3.0,11.0,5.0,5.0,1.0,2.0,0.0,0.0,0.0,5.0,2.0,-14.0,33:59,1.8,0
2,708,Kevin Garnett,6.0,3.0,7.0,1.0,0.0,0.0,7.0,0.0,0.0,0.0,0.0,1.0,-17.0,19:53,3.0,0
3,2733,Shaun Livingston,4.0,1.0,1.0,2.0,2.0,0.0,3.0,0.0,0.0,0.0,0.0,2.0,-8.0,11:47,2.6,0
4,101114,Deron Williams,20.0,8.0,16.0,4.0,4.0,0.0,1.0,1.0,6.0,0.0,2.0,2.0,-12.0,38:55,14.7,0
5,101154,Andray Blatche,14.0,6.0,9.0,4.0,2.0,2.0,6.0,2.0,1.0,0.0,2.0,2.0,10.0,28:07,12.4,0
6,1905,Andrei Kirilenko,6.0,2.0,5.0,2.0,2.0,3.0,6.0,0.0,3.0,1.0,3.0,2.0,8.0,31:40,6.8,0
7,101187,Alan Anderson,6.0,2.0,6.0,1.0,1.0,0.0,0.0,0.0,1.0,0.0,1.0,0.0,11.0,16:11,2.9,0
8,203141,Mirza Teletovic,4.0,2.0,7.0,1.0,0.0,0.0,4.0,1.0,0.0,1.0,1.0,1.0,2.0,25:56,1.0,0
9,203486,Mason Plumlee,,,,,,,,,,,,,,,0.0,0
10,203104,Marquis Teague,,,,,,,,,,,,,,,0.0,0
11,201977,Marcus Thornton,,,,,,,,,,,,,,,0.0,0
12,2738,Andre Iguodala,8.0,4.0,8.0,0.0,0.0,1.0,10.0,4.0,6.0,1.0,4.0,0.0,8.0,44:11,15.0,1
13,203110,Draymond Green,18.0,5.0,16.0,10.0,8.0,4.0,6.0,3.0,2.0,0.0,4.0,0.0,14.0,37:33,15.4,1
14,979,Jermaine O'Neal,23.0,10.0,13.0,3.0,3.0,5.0,8.0,0.0,0.0,0.0,0.0,3.0,12.0,34:03,20.8,1
15,202691,Klay Thompson,6.0,3.0,10.0,0.0,0.0,0.0,6.0,2.0,3.0,1.0,5.0,1.0,19.0,29:43,3.8,1
16,201939,Stephen Curry,17.0,7.0,13.0,0.0,0.0,0.0,5.0,2.0,8.0,0.0,2.0,2.0,12.0,31:58,17.0,1
17,203084,Harrison Barnes,3.0,1.0,7.0,2.0,1.0,1.0,1.0,0.0,1.0,0.0,4.0,1.0,-12.0,20:11,-2.8,1
18,2581,Steve Blake,6.0,2.0,4.0,0.0,0.0,0.0,1.0,1.0,5.0,0.0,1.0,0.0,-7.0,16:16,8.4,1
19,201578,Marreese Speights,6.0,3.0,4.0,0.0,0.0,1.0,0.0,0.0,0.0,2.0,1.0,1.0,-2.0,7:30,5.1,1
20,202348,Jordan Crawford,6.0,2.0,10.0,2.0,1.0,0.0,1.0,0.0,1.0,0.0,1.0,2.0,-9.0,18:35,-2.0,1
21,200756,Hilton Armstrong,,,,,,,,,,,,,,,0.0,1
22,101135,David Lee,,,,,,,,,,,,,,,0.0,1
23,203517,Nemanja Nedovic,,,,,,,,,,,,,,,0.0,1
