,id,name,PTS,FG,FGA,FTA,FT,OREB,DREB,STL,AST,BLK,PF,TO,PLUS_MINUS,MIN,GS,WIN
0,201163,Wilson Chandler,20.0,6.0,16.0,6.0,5.0,0.0,4.0,1.0,5.0,0.0,5.0,1.0,3.0,34:29,13.5,1
1,202702,Kenneth Faried,15.0,7.0,12.0,2.0,1.0,4.0,7.0,1.0,4.0,1.0,3.0,1.0,5.0,34:16,16.2,1
2,201581,JJ Hickson,8.0,2.0,4.0,8.0,4.0,2.0,8.0,2.0,2.0,1.0,2.0,3.0,4.0,33:24,8.5,1
3,200751,Randy Foye,12.0,4.0,13.0,2.0,2.0,0.0,1.0,0.0,0.0,0.0,2.0,0.0,3.0,25:57,4.0,1
4,201951,Ty Lawson,27.0,9.0,15.0,10.0,8.0,0.0,3.0,2.0,6.0,0.0,2.0,2.0,2.0,35:17,23.6,1
5,202389,Timofey Mozgov,14.0,5.0,5.0,4.0,4.0,0.0,2.0,1.0,0.0,2.0,4.0,1.0,6.0,23:57,12.9,1
6,203095,Evan Fournier,9.0,2.0,4.0,4.0,4.0,0.0,2.0,0.0,2.0,0.0,1.0,1.0,4.0,14:46,7.6,1
7,203113,Quincy Miller,8.0,3.0,4.0,0.0,0.0,0.0,3.0,2.0,1.0,1.0,2.0,1.0,5.0,13:31,8.9,1
8,101126,Nate Robinson,12.0,4.0,8.0,4.0,3.0,0.0,1.0,2.0,8.0,0.0,4.0,1.0,8.0,24:24,12.9,1
9,201589,Darrell Arthur,,,,,,,,,,,,,,,0.0,1
10,202706,Jordan Hamilton,,,,,,,,,,,,,,,0.0,1
11,1889,Andre Miller,,,,,,,,,,,,,,,0.0,1
12,201576,Anthony Randolph,,,,,,,,,,,,,,,0.0,1
13,202682,Derrick Williams,12.0,3.0,5.0,7.0,6.0,0.0,8.0,2.0,0.0,1.0,0.0,2.0,-1.0,31:18,12.4,0
14,201574,Jason Thompson,13.0,5.0,7.0,4.0,3.0,5.0,5.0,1.0,1.0,0.0,5.0,3.0,-1.0,27:41,11.4,0
15,201189,Aaron Gray,6.0,3.0,4.0,0.0,0.0,3.0,5.0,2.0,5.0,0.0,2.0,3.0,-4.0,25:08,9.7,0
16,201977,Marcus Thornton,19.0,8.0,13.0,3.0,3.0,0.0,2.0,0.0,1.0,0.0,4.0,1.0,1.0,27:39,11.8,0
17,202738,Isaiah Thomas,22.0,7.0,21.0,8.0,7.0,1.0,4.0,1.0,8.0,0.0,3.0,3.0,0.0,36:29,14.0,0
18,203112,Quincy Acy,4.0,2.0,3.0,0.0,0.0,0.0,1.0,0.0,1.0,0.0,4.0,0.0,-4.0,15:19,2.1,0
19,201171,Carl Landry,6.0,1.0,4.0,4.0,4.0,0.0,2.0,2.0,0.0,0.0,2.0,1.0,-6.0,18:52,4.4,0
20,203463,Ben McLemore,18.0,6.0,12.0,6.0,4.0,0.0,3.0,2.0,3.0,0.0,3.0,1.0,-10.0,29:21,14.0,0
21,2566,Travis Outlaw,10.0,4.0,7.0,2.0,2.0,0.0,2.0,0.0,2.0,0.0,5.0,0.0,-7.0,16:42,6.7,0
22,202690,Jimmer Fredette,7.0,3.0,5.0,0.0,0.0,0.0,0.0,0.0,2.0,0.0,2.0,2.0,-6.0,11:11,3.3,0
23,203492,Ray McCallum,0.0,0.0,0.0,0.0,0.0,0.0,0.0,0.0,0.0,0.0,1.0,0.0,-2.0,0:20,-0.4,0
