,id,name,PTS,FG,FGA,FTA,FT,OREB,DREB,STL,AST,BLK,PF,TO,PLUS_MINUS,MIN,GS,WIN
0,202695,Kawhi Leonard,21.0,8.0,14.0,7.0,4.0,1.0,9.0,1.0,3.0,0.0,0.0,1.0,4.0,35:04,18.7,1
1,2564,Boris Diaw,9.0,4.0,9.0,2.0,1.0,1.0,2.0,1.0,6.0,1.0,2.0,2.0,-4.0,32:29,8.3,1
2,203382,Aron Baynes,2.0,1.0,5.0,0.0,0.0,2.0,1.0,0.0,0.0,0.0,0.0,2.0,-11.0,8:53,-1.4,1
3,201980,Danny Green,11.0,4.0,14.0,0.0,0.0,0.0,3.0,2.0,1.0,1.0,2.0,2.0,-8.0,29:51,4.3,1
4,201988,Patty Mills,20.0,8.0,17.0,3.0,2.0,0.0,5.0,3.0,2.0,0.0,1.0,1.0,10.0,34:05,15.4,1
5,201158,Marco Belinelli,28.0,10.0,16.0,4.0,4.0,0.0,2.0,0.0,1.0,0.0,2.0,3.0,3.0,28:51,18.3,1
6,201168,Tiago Splitter,4.0,1.0,7.0,3.0,2.0,2.0,3.0,2.0,2.0,0.0,0.0,2.0,5.0,27:48,2.8,1
7,202709,Cory Joseph,5.0,2.0,3.0,0.0,0.0,1.0,0.0,0.0,2.0,0.0,1.0,4.0,-5.0,13:36,1.4,1
8,2588,Matt Bonner,0.0,0.0,1.0,0.0,0.0,0.0,0.0,1.0,3.0,0.0,2.0,1.0,10.0,12:39,0.6,1
9,201986,Nando De Colo,0.0,0.0,1.0,0.0,0.0,0.0,2.0,0.0,1.0,0.0,0.0,0.0,1.0,5:55,0.6,1
10,201965,Jeff Ayres,4.0,2.0,2.0,0.0,0.0,2.0,3.0,0.0,0.0,0.0,1.0,1.0,5.0,10:49,4.3,1
11,1938,Manu Ginobili,,,,,,,,,,,,,,,0.0,1
12,202952,Malcolm Thomas,,,,,,,,,,,,,,,0.0,1
13,2738,Andre Iguodala,6.0,3.0,4.0,0.0,0.0,1.0,4.0,2.0,2.0,0.0,1.0,4.0,-3.0,31:02,5.3,0
14,101135,David Lee,32.0,13.0,22.0,7.0,6.0,7.0,6.0,1.0,2.0,0.0,5.0,1.0,3.0,39:11,27.5,0
15,101106,Andrew Bogut,8.0,3.0,3.0,2.0,2.0,2.0,16.0,2.0,2.0,3.0,1.0,2.0,-6.0,32:23,16.4,0
16,202691,Klay Thompson,13.0,6.0,18.0,0.0,0.0,2.0,0.0,2.0,2.0,1.0,4.0,5.0,-5.0,40:43,1.7,0
17,201939,Stephen Curry,30.0,12.0,28.0,0.0,0.0,0.0,2.0,4.0,15.0,0.0,1.0,5.0,-5.0,40:22,24.9,0
18,203084,Harrison Barnes,0.0,0.0,3.0,0.0,0.0,1.0,3.0,1.0,1.0,0.0,2.0,3.0,0.0,19:03,-2.6,0
19,201578,Marreese Speights,6.0,2.0,3.0,2.0,2.0,0.0,1.0,0.0,0.0,0.0,2.0,1.0,-1.0,8:01,3.2,0
20,203110,Draymond Green,2.0,1.0,4.0,0.0,0.0,0.0,2.0,2.0,2.0,0.0,3.0,1.0,0.0,16:25,1.4,0
21,201962,Toney Douglas,3.0,1.0,3.0,0.0,0.0,0.0,0.0,0.0,0.0,0.0,0.0,0.0,3.0,7:38,1.3,0
22,203145,Kent Bazemore,2.0,1.0,2.0,0.0,0.0,0.0,0.0,0.0,0.0,0.0,2.0,2.0,4.0,5:12,-1.8,0
23,200756,Hilton Armstrong,,,,,,,,,,,,,,,0.0,0
24,203517,Nemanja Nedovic,,,,,,,,,,,,,,,0.0,0
