,id,name,PTS,FG,FGA,FTA,FT,OREB,DREB,STL,AST,BLK,PF,TO,PLUS_MINUS,MIN,GS,WIN
0,202718,Chandler Parsons,9.0,4.0,9.0,2.0,1.0,0.0,1.0,4.0,5.0,0.0,2.0,2.0,0.0,37:54,8.9,0
1,203093,Terrence Jones,12.0,5.0,7.0,1.0,1.0,2.0,2.0,2.0,0.0,0.0,1.0,1.0,2.0,24:35,11.7,0
2,2730,Dwight Howard,21.0,9.0,12.0,6.0,3.0,3.0,11.0,0.0,5.0,2.0,3.0,2.0,-4.0,37:48,22.1,0
3,201935,James Harden,30.0,7.0,16.0,12.0,11.0,0.0,3.0,1.0,1.0,0.0,3.0,4.0,-7.0,43:11,18.6,0
4,201976,Patrick Beverley,15.0,5.0,14.0,4.0,4.0,0.0,0.0,3.0,5.0,1.0,3.0,2.0,-5.0,36:17,11.2,0
5,202391,Jeremy Lin,6.0,2.0,7.0,1.0,1.0,0.0,1.0,1.0,2.0,0.0,4.0,3.0,-22.0,25:34,-0.0,0
6,202700,Donatas Motiejunas,7.0,3.0,5.0,0.0,0.0,1.0,3.0,0.0,0.0,0.0,2.0,1.0,3.0,17:12,4.5,0
7,202706,Jordan Hamilton,0.0,0.0,2.0,0.0,0.0,0.0,1.0,0.0,0.0,1.0,2.0,0.0,-7.0,7:18,-1.2,0
8,201600,Omer Asik,4.0,2.0,3.0,2.0,0.0,4.0,2.0,0.0,0.0,0.0,1.0,0.0,-5.0,10:12,4.9,0
9,203477,Isaiah Canaan,,,,,,,,,,,,,,,0.0,0
10,201956,Omri Casspi,,,,,,,,,,,,,,,0.0,0
11,101128,Francisco Garcia,,,,,,,,,,,,,,,0.0,0
12,202962,Greg Smith,,,,,,,,,,,,,,,0.0,0
13,2544,LeBron James,24.0,8.0,17.0,8.0,7.0,0.0,5.0,2.0,6.0,0.0,3.0,5.0,11.0,42:52,16.4,1
14,2547,Chris Bosh,18.0,7.0,12.0,2.0,2.0,1.0,7.0,2.0,0.0,1.0,1.0,1.0,8.0,33:58,16.5,1
15,201141,Greg Oden,0.0,0.0,2.0,0.0,0.0,2.0,4.0,0.0,0.0,0.0,4.0,1.0,1.0,12:39,-1.4,1
16,2548,Dwyane Wade,24.0,10.0,15.0,7.0,4.0,1.0,2.0,2.0,6.0,1.0,1.0,1.0,17.0,34:22,23.1,1
17,201596,Mario Chalmers,6.0,3.0,9.0,0.0,0.0,0.0,0.0,1.0,4.0,0.0,4.0,5.0,4.0,18:54,-1.9,1
18,2365,Chris Andersen,6.0,2.0,3.0,2.0,2.0,3.0,4.0,0.0,0.0,1.0,1.0,0.0,-5.0,20:58,8.3,1
19,951,Ray Allen,25.0,7.0,11.0,7.0,7.0,0.0,1.0,0.0,0.0,0.0,1.0,0.0,7.0,28:41,20.0,1
20,202708,Norris Cole,5.0,2.0,6.0,0.0,0.0,0.0,0.0,1.0,4.0,0.0,4.0,0.0,7.0,25:19,3.8,1
21,2203,Shane Battier,5.0,1.0,2.0,3.0,2.0,0.0,1.0,1.0,1.0,0.0,2.0,0.0,-3.0,20:38,4.8,1
22,201962,Toney Douglas,0.0,0.0,1.0,0.0,0.0,0.0,0.0,0.0,0.0,0.0,0.0,0.0,-2.0,1:40,-0.7,1
23,201563,Michael Beasley,,,,,,,,,,,,,,,0.0,1
24,2617,Udonis Haslem,,,,,,,,,,,,,,,0.0,1
25,1740,Rashard Lewis,,,,,,,,,,,,,,,0.0,1
