,id,name,PTS,FG,FGA,FTA,FT,OREB,DREB,STL,AST,BLK,PF,TO,PLUS_MINUS,MIN,GS,WIN
0,2747,JR Smith,13.0,5.0,16.0,0.0,0.0,0.0,7.0,2.0,6.0,0.0,5.0,1.0,-21.0,39:18,9.1,0
1,200745,Andrea Bargnani,12.0,5.0,11.0,2.0,2.0,1.0,2.0,1.0,0.0,0.0,4.0,0.0,-13.0,17:37,7.0,0
2,2199,Tyson Chandler,16.0,6.0,7.0,5.0,4.0,0.0,2.0,1.0,3.0,1.0,1.0,2.0,-18.0,27:09,15.1,0
3,202697,Iman Shumpert,6.0,2.0,5.0,2.0,1.0,2.0,6.0,1.0,2.0,1.0,2.0,1.0,3.0,28:47,7.4,0
4,2757,Beno Udrih,5.0,2.0,3.0,0.0,0.0,0.0,0.0,1.0,3.0,0.0,2.0,4.0,-19.0,20:38,2.0,0
5,203501,Tim Hardaway Jr.,12.0,4.0,11.0,3.0,2.0,0.0,1.0,0.0,0.0,0.0,3.0,1.0,-11.0,27:55,3.6,0
6,2405,Amar'e Stoudemire,23.0,9.0,12.0,6.0,5.0,3.0,6.0,1.0,1.0,2.0,3.0,2.0,0.0,29:47,21.6,0
7,2030,Kenyon Martin,2.0,1.0,4.0,0.0,0.0,1.0,3.0,1.0,2.0,0.0,2.0,1.0,4.0,20:15,1.8,0
8,203315,Toure' Murry,11.0,5.0,11.0,2.0,1.0,0.0,3.0,3.0,6.0,0.0,4.0,2.0,4.0,27:22,9.4,0
9,202332,Cole Aldrich,0.0,0.0,0.0,0.0,0.0,0.0,0.0,0.0,0.0,0.0,0.0,0.0,-2.0,0:36,0.0,0
10,203147,Chris Smith,0.0,0.0,0.0,0.0,0.0,0.0,0.0,0.0,0.0,0.0,0.0,0.0,-2.0,0:36,0.0,0
11,2546,Carmelo Anthony,,,,,,,,,,,,,,,0.0,0
12,1897,Metta World Peace,,,,,,,,,,,,,,,0.0,0
13,203082,Terrence Ross,23.0,8.0,16.0,0.0,0.0,0.0,4.0,2.0,1.0,0.0,1.0,0.0,9.0,31:54,18.5,1
14,101161,Amir Johnson,8.0,3.0,6.0,3.0,2.0,6.0,2.0,0.0,1.0,4.0,3.0,3.0,23.0,32:44,8.7,1
15,202685,Jonas Valanciunas,9.0,1.0,4.0,8.0,7.0,4.0,6.0,0.0,1.0,0.0,5.0,3.0,18.0,26:36,6.5,1
16,201942,DeMar DeRozan,20.0,7.0,18.0,7.0,6.0,0.0,4.0,3.0,4.0,0.0,3.0,3.0,19.0,36:27,12.6,1
17,200768,Kyle Lowry,32.0,10.0,17.0,10.0,8.0,1.0,7.0,1.0,11.0,0.0,3.0,1.0,19.0,37:37,32.6,1
18,2422,John Salmons,2.0,0.0,4.0,2.0,2.0,0.0,2.0,1.0,4.0,0.0,0.0,0.0,7.0,22:40,3.6,1
19,202335,Patrick Patterson,9.0,4.0,7.0,0.0,0.0,2.0,4.0,1.0,0.0,0.0,3.0,0.0,-3.0,21:24,8.1,1
20,202349,Greivis Vasquez,11.0,3.0,8.0,2.0,2.0,0.0,0.0,0.0,1.0,0.0,1.0,4.0,-9.0,15:22,2.9,1
21,201946,Tyler Hansbrough,1.0,0.0,0.0,2.0,1.0,0.0,3.0,0.0,0.0,0.0,3.0,0.0,-8.0,15:16,0.3,1
22,202361,Landry Fields,,,,,,,,,,,,,,,0.0,1
23,101236,Chuck Hayes,,,,,,,,,,,,,,,0.0,1
24,200779,Steve Novak,,,,,,,,,,,,,,,0.0,1
25,202933,Julyan Stone,,,,,,,,,,,,,,,0.0,1
