,id,name,PTS,FG,FGA,FTA,FT,OREB,DREB,STL,AST,BLK,PF,TO,PLUS_MINUS,MIN,GS,WIN
0,201145,Jeff Green,13.0,3.0,13.0,7.0,7.0,0.0,1.0,0.0,3.0,1.0,2.0,1.0,-22.0,32:28,6.4,0
1,101138,Brandon Bass,8.0,2.0,2.0,4.0,4.0,0.0,1.0,0.0,0.0,0.0,1.0,1.0,-23.0,15:05,6.3,0
2,2743,Kris Humphries,6.0,3.0,5.0,0.0,0.0,1.0,0.0,0.0,0.0,0.0,0.0,0.0,-10.0,10:44,4.4,0
3,201573,Jerryd Bayless,2.0,1.0,6.0,0.0,0.0,0.0,0.0,3.0,1.0,0.0,3.0,0.0,-22.0,21:04,0.7,0
4,200765,Rajon Rondo,13.0,6.0,13.0,1.0,1.0,1.0,6.0,1.0,6.0,1.0,2.0,7.0,-26.0,31:55,6.9,0
5,203096,Jared Sullinger,25.0,8.0,15.0,10.0,8.0,1.0,3.0,1.0,1.0,0.0,5.0,1.0,-9.0,36:23,17.2,0
6,203187,Chris Johnson,8.0,3.0,10.0,0.0,0.0,3.0,5.0,1.0,1.0,0.0,1.0,1.0,-6.0,32:51,6.1,0
7,203482,Kelly Olynyk,14.0,5.0,10.0,6.0,4.0,3.0,1.0,1.0,1.0,0.0,5.0,2.0,8.0,20:52,8.3,0
8,203515,Phil Pressey,0.0,0.0,3.0,0.0,0.0,0.0,0.0,2.0,6.0,0.0,1.0,0.0,-3.0,19:16,3.7,0
9,201202,Joel Anthony,3.0,1.0,3.0,2.0,1.0,1.0,1.0,1.0,0.0,0.0,1.0,1.0,-18.0,12:56,1.5,0
10,203569,Chris Babb,0.0,0.0,1.0,0.0,0.0,0.0,1.0,0.0,1.0,0.0,1.0,0.0,1.0,6:26,-0.1,0
11,202340,Avery Bradley,,,,,,,,,,,,,,,0.0,0
12,2772,Trevor Ariza,18.0,7.0,13.0,1.0,1.0,1.0,6.0,1.0,0.0,0.0,2.0,0.0,26.0,28:38,14.4,1
13,202344,Trevor Booker,10.0,3.0,5.0,6.0,4.0,1.0,4.0,0.0,1.0,1.0,1.0,1.0,26.0,24:39,8.8,1
14,101162,Marcin Gortat,22.0,10.0,13.0,2.0,2.0,1.0,7.0,3.0,4.0,1.0,2.0,1.0,26.0,27:58,24.4,1
15,203078,Bradley Beal,19.0,7.0,8.0,4.0,4.0,0.0,2.0,1.0,2.0,0.0,3.0,3.0,20.0,31:17,15.0,1
16,202322,John Wall,13.0,5.0,10.0,3.0,3.0,0.0,3.0,2.0,10.0,0.0,3.0,4.0,30.0,27:48,12.7,1
17,101110,Martell Webster,8.0,3.0,6.0,0.0,0.0,1.0,1.0,0.0,2.0,0.0,1.0,0.0,4.0,28:07,7.0,1
18,2400,Drew Gooden,2.0,1.0,5.0,0.0,0.0,0.0,2.0,0.0,1.0,1.0,3.0,2.0,-1.0,18:06,-2.3,1
19,1889,Andre Miller,2.0,1.0,1.0,0.0,0.0,1.0,3.0,0.0,8.0,0.0,1.0,2.0,-7.0,19:48,6.5,1
20,1733,Al Harrington,12.0,4.0,6.0,2.0,2.0,0.0,2.0,1.0,1.0,0.0,5.0,3.0,-3.0,15:40,6.7,1
21,203490,Otto Porter Jr.,9.0,3.0,3.0,3.0,2.0,1.0,0.0,0.0,0.0,0.0,0.0,1.0,1.0,5:55,7.4,1
22,202338,Kevin Seraphin,0.0,0.0,1.0,0.0,0.0,0.0,4.0,0.0,0.0,1.0,2.0,2.0,1.0,5:55,-1.6,1
23,202698,Chris Singleton,0.0,0.0,0.0,0.0,0.0,0.0,0.0,0.0,0.0,0.0,1.0,2.0,3.0,3:42,-2.4,1
24,202066,Garrett Temple,3.0,1.0,1.0,0.0,0.0,0.0,1.0,0.0,0.0,0.0,0.0,0.0,4.0,2:27,3.0,1
