,id,name,PTS,FG,FGA,FTA,FT,OREB,DREB,STL,AST,BLK,PF,TO,PLUS_MINUS,MIN,GS,WIN
0,2546,Carmelo Anthony,25.0,10.0,23.0,3.0,3.0,1.0,7.0,0.0,2.0,0.0,4.0,2.0,12.0,37:54,13.5,0
1,200745,Andrea Bargnani,7.0,3.0,10.0,2.0,1.0,4.0,4.0,0.0,0.0,2.0,4.0,2.0,-2.0,30:05,2.6,0
2,2199,Tyson Chandler,13.0,4.0,5.0,7.0,5.0,5.0,6.0,1.0,0.0,1.0,3.0,1.0,0.0,27:17,15.1,0
3,202697,Iman Shumpert,26.0,9.0,14.0,2.0,2.0,1.0,3.0,1.0,5.0,0.0,3.0,0.0,10.0,35:35,24.7,0
4,2757,Beno Udrih,10.0,5.0,13.0,0.0,0.0,1.0,3.0,2.0,7.0,0.0,3.0,0.0,-1.0,34:12,10.2,0
5,203315,Toure' Murry,3.0,1.0,4.0,4.0,1.0,1.0,0.0,1.0,4.0,0.0,2.0,1.0,-1.0,13:52,2.1,0
6,2747,JR Smith,9.0,3.0,13.0,2.0,2.0,0.0,0.0,2.0,2.0,0.0,1.0,0.0,-11.0,30:59,4.1,0
7,2405,Amar'e Stoudemire,6.0,2.0,6.0,2.0,2.0,4.0,3.0,2.0,0.0,0.0,2.0,2.0,-3.0,19:14,5.5,0
8,203501,Tim Hardaway Jr.,1.0,0.0,1.0,2.0,1.0,0.0,1.0,0.0,0.0,0.0,0.0,0.0,-14.0,10:52,0.2,0
9,202332,Cole Aldrich,,,,,,,,,,,,,,,0.0,0
10,2030,Kenyon Martin,,,,,,,,,,,,,,,0.0,0
11,202719,Jeremy Tyler,,,,,,,,,,,,,,,0.0,0
12,1897,Metta World Peace,,,,,,,,,,,,,,,0.0,0
13,202718,Chandler Parsons,17.0,6.0,13.0,5.0,4.0,1.0,10.0,3.0,2.0,0.0,2.0,2.0,-3.0,44:21,15.2,1
14,203093,Terrence Jones,6.0,3.0,7.0,0.0,0.0,3.0,6.0,0.0,3.0,0.0,2.0,2.0,-13.0,29:57,5.5,1
15,2730,Dwight Howard,15.0,6.0,11.0,6.0,3.0,2.0,5.0,1.0,0.0,3.0,3.0,1.0,-8.0,38:28,12.3,1
16,201935,James Harden,37.0,10.0,19.0,12.0,12.0,2.0,5.0,0.0,6.0,0.0,2.0,5.0,-2.0,44:28,29.0,1
17,202391,Jeremy Lin,14.0,5.0,11.0,3.0,3.0,1.0,1.0,0.0,4.0,0.0,2.0,3.0,-1.0,28:11,8.3,1
18,201166,Aaron Brooks,5.0,1.0,8.0,2.0,2.0,1.0,1.0,0.0,1.0,0.0,4.0,2.0,3.0,19:32,-2.1,1
19,202962,Greg Smith,0.0,0.0,0.0,0.0,0.0,0.0,1.0,0.0,0.0,0.0,0.0,0.0,10.0,9:32,0.3,1
20,201956,Omri Casspi,5.0,2.0,3.0,0.0,0.0,0.0,1.0,0.0,0.0,0.0,0.0,0.0,5.0,6:20,4.0,1
21,101128,Francisco Garcia,3.0,1.0,2.0,0.0,0.0,0.0,4.0,0.0,0.0,1.0,4.0,0.0,19.0,19:11,2.3,1
22,201600,Omer Asik,,,,,,,,,,,,,,,0.0,1
23,200758,Ronnie Brewer,,,,,,,,,,,,,,,0.0,1
24,203477,Isaiah Canaan,,,,,,,,,,,,,,,0.0,1
25,202700,Donatas Motiejunas,,,,,,,,,,,,,,,0.0,1
