,id,name,PTS,FG,FGA,FTA,FT,OREB,DREB,STL,AST,BLK,PF,TO,PLUS_MINUS,MIN,GS,WIN
0,202331,Paul George,15.0,5.0,13.0,3.0,2.0,1.0,6.0,5.0,4.0,0.0,4.0,4.0,-8.0,38:25,12.2,0
1,2561,David West,14.0,6.0,16.0,2.0,2.0,1.0,3.0,0.0,2.0,1.0,2.0,1.0,-9.0,35:08,7.1,0
2,201579,Roy Hibbert,6.0,2.0,9.0,3.0,2.0,4.0,1.0,0.0,1.0,2.0,5.0,3.0,3.0,23:31,0.3,0
3,202362,Lance Stephenson,11.0,4.0,9.0,2.0,1.0,2.0,5.0,0.0,3.0,0.0,2.0,1.0,-6.0,33:27,9.1,0
4,201588,George Hill,9.0,3.0,9.0,4.0,2.0,2.0,5.0,2.0,6.0,0.0,1.0,2.0,-10.0,36:21,9.8,0
5,101133,Ian Mahinmi,1.0,0.0,1.0,2.0,1.0,0.0,4.0,1.0,0.0,0.0,4.0,2.0,-17.0,15:46,-1.5,0
6,202323,Evan Turner,4.0,2.0,5.0,0.0,0.0,0.0,1.0,0.0,0.0,0.0,1.0,1.0,-11.0,10:22,0.2,0
7,202388,Donald Sloan,5.0,2.0,6.0,0.0,0.0,0.0,1.0,0.0,2.0,0.0,0.0,1.0,-1.0,14:31,2.3,0
8,2449,Luis Scola,6.0,3.0,6.0,0.0,0.0,0.0,2.0,0.0,2.0,0.0,0.0,0.0,-3.0,17:38,5.0,0
9,203142,Chris Copeland,5.0,2.0,3.0,0.0,0.0,0.0,2.0,0.0,1.0,0.0,2.0,0.0,-8.0,10:52,4.2,0
10,202730,Lavoy Allen,0.0,0.0,0.0,0.0,0.0,0.0,0.0,0.0,0.0,0.0,0.0,0.0,0.0,1:20,0.0,0
11,203524,Solomon Hill,0.0,0.0,0.0,0.0,0.0,0.0,1.0,0.0,0.0,0.0,0.0,0.0,0.0,1:20,0.3,0
12,2446,Rasual Butler,0.0,0.0,1.0,0.0,0.0,0.0,0.0,0.0,0.0,0.0,0.0,0.0,0.0,1:20,-0.7,0
13,2736,Luol Deng,15.0,6.0,12.0,5.0,3.0,1.0,4.0,1.0,3.0,0.0,1.0,3.0,12.0,35:30,9.8,1
14,202684,Tristan Thompson,12.0,4.0,10.0,4.0,4.0,6.0,10.0,2.0,1.0,0.0,3.0,1.0,6.0,30:22,14.3,1
15,201150,Spencer Hawes,13.0,5.0,9.0,2.0,2.0,1.0,4.0,0.0,0.0,0.0,5.0,4.0,-5.0,33:06,4.6,1
16,203079,Dion Waiters,19.0,9.0,20.0,0.0,0.0,0.0,1.0,2.0,1.0,0.0,3.0,2.0,-6.0,33:05,8.4,1
17,101127,Jarrett Jack,11.0,4.0,11.0,2.0,2.0,0.0,6.0,1.0,9.0,1.0,2.0,0.0,12.0,35:30,13.9,1
18,203521,Matthew Dellavedova,11.0,3.0,6.0,4.0,3.0,1.0,1.0,0.0,6.0,0.0,2.0,2.0,24.0,30:02,10.0,1
19,2760,Anderson Varejao,6.0,2.0,3.0,2.0,2.0,0.0,6.0,0.0,0.0,0.0,0.0,1.0,13.0,13:30,5.5,1
20,203092,Tyler Zeller,3.0,1.0,3.0,2.0,1.0,1.0,1.0,0.0,0.0,0.0,4.0,1.0,12.0,16:25,-0.7,1
21,202087,Alonzo Gee,0.0,0.0,2.0,0.0,0.0,0.0,2.0,0.0,0.0,0.0,1.0,1.0,2.0,12:30,-2.2,1
22,203461,Anthony Bennett,,,,,,,,,,,,,,,0.0,1
23,203552,Seth Curry,,,,,,,,,,,,,,,0.0,1
24,203508,Sergey Karasev,,,,,,,,,,,,,,,0.0,1
25,101139,CJ Miles,,,,,,,,,,,,,,,0.0,1
