,id,name,PTS,FG,FGA,FTA,FT,OREB,DREB,STL,AST,BLK,PF,TO,PLUS_MINUS,MIN,GS,WIN
0,2544,LeBron James,33.0,12.0,23.0,6.0,5.0,0.0,8.0,0.0,8.0,0.0,3.0,2.0,-10.0,43:43,26.1,0
1,2203,Shane Battier,9.0,3.0,5.0,0.0,0.0,0.0,0.0,1.0,0.0,2.0,2.0,3.0,6.0,19:05,5.3,0
2,2547,Chris Bosh,18.0,8.0,15.0,2.0,2.0,1.0,6.0,0.0,1.0,3.0,1.0,4.0,3.0,35:17,11.6,0
3,2427,Roger Mason Jr.,4.0,1.0,5.0,1.0,1.0,0.0,3.0,1.0,2.0,0.0,5.0,0.0,12.0,22:47,2.2,0
4,201596,Mario Chalmers,11.0,4.0,11.0,4.0,2.0,1.0,3.0,3.0,10.0,0.0,4.0,1.0,0.0,43:33,13.1,0
5,202708,Norris Cole,13.0,4.0,6.0,4.0,3.0,0.0,0.0,1.0,1.0,0.0,2.0,1.0,-12.0,35:55,9.9,0
6,2617,Udonis Haslem,4.0,2.0,7.0,1.0,0.0,1.0,4.0,1.0,0.0,0.0,1.0,0.0,-8.0,17:43,2.0,0
7,201563,Michael Beasley,9.0,3.0,9.0,3.0,3.0,0.0,6.0,1.0,1.0,0.0,5.0,3.0,-14.0,33:04,2.4,0
8,1740,Rashard Lewis,2.0,1.0,5.0,0.0,0.0,1.0,1.0,1.0,0.0,0.0,0.0,2.0,-2.0,13:52,-1.1,0
9,951,Ray Allen,,,,,,,,,,,,,,,0.0,0
10,2365,Chris Andersen,,,,,,,,,,,,,,,0.0,0
11,201202,Joel Anthony,,,,,,,,,,,,,,,0.0,0
12,2592,James Jones,,,,,,,,,,,,,,,0.0,0
13,200752,Rudy Gay,26.0,11.0,19.0,3.0,3.0,1.0,2.0,1.0,1.0,1.0,2.0,5.0,-4.0,39:52,15.0,1
14,201574,Jason Thompson,10.0,5.0,6.0,0.0,0.0,0.0,3.0,0.0,0.0,0.0,1.0,0.0,-6.0,21:18,8.3,1
15,202326,DeMarcus Cousins,27.0,10.0,21.0,10.0,7.0,6.0,11.0,2.0,5.0,0.0,5.0,5.0,0.0,40:34,21.1,1
16,203463,Ben McLemore,2.0,1.0,4.0,0.0,0.0,0.0,5.0,0.0,1.0,0.0,1.0,3.0,-7.0,23:58,-1.6,1
17,202738,Isaiah Thomas,22.0,7.0,16.0,6.0,5.0,1.0,6.0,1.0,11.0,0.0,3.0,3.0,6.0,41:01,20.2,1
18,202682,Derrick Williams,2.0,1.0,4.0,0.0,0.0,0.0,2.0,0.0,0.0,0.0,1.0,1.0,14.0,27:37,-1.2,1
19,2566,Travis Outlaw,4.0,2.0,5.0,0.0,0.0,1.0,3.0,0.0,1.0,1.0,2.0,2.0,7.0,14:59,1.5,1
20,201977,Marcus Thornton,7.0,1.0,4.0,4.0,4.0,0.0,5.0,1.0,1.0,0.0,2.0,1.0,12.0,29:02,6.0,1
21,203112,Quincy Acy,8.0,3.0,3.0,2.0,2.0,1.0,3.0,0.0,0.0,1.0,4.0,1.0,4.0,14:40,6.8,1
22,202690,Jimmer Fredette,0.0,0.0,1.0,0.0,0.0,0.0,1.0,0.0,3.0,1.0,0.0,1.0,-1.0,11:59,1.4,1
23,201189,Aaron Gray,,,,,,,,,,,,,,,0.0,1
24,203492,Ray McCallum,,,,,,,,,,,,,,,0.0,1
25,202380,Hamady Ndiaye,,,,,,,,,,,,,,,0.0,1
