,id,name,PTS,FG,FGA,FTA,FT,OREB,DREB,STL,AST,BLK,PF,TO,PLUS_MINUS,MIN,GS,WIN
0,202329,Al-Farouq Aminu,6.0,3.0,5.0,0.0,0.0,1.0,4.0,0.0,1.0,0.0,0.0,1.0,-12.0,17:33,5.3,0
1,203076,Anthony Davis,15.0,6.0,11.0,4.0,3.0,1.0,4.0,2.0,2.0,0.0,4.0,1.0,-16.0,26:29,12.0,0
2,201160,Jason Smith,8.0,4.0,13.0,0.0,0.0,0.0,3.0,2.0,1.0,0.0,2.0,0.0,-11.0,27:49,3.3,0
3,201569,Eric Gordon,17.0,5.0,13.0,7.0,7.0,0.0,1.0,3.0,3.0,0.0,1.0,2.0,-15.0,32:03,12.9,0
4,201950,Jrue Holiday,7.0,2.0,11.0,3.0,3.0,1.0,2.0,0.0,5.0,1.0,1.0,3.0,-8.0,27:11,2.2,0
5,201880,Greg Stiemsma,2.0,1.0,2.0,0.0,0.0,0.0,1.0,0.0,0.0,0.0,0.0,1.0,-19.0,11:41,0.3,0
6,201936,Tyreke Evans,11.0,4.0,13.0,7.0,3.0,1.0,3.0,1.0,6.0,0.0,1.0,1.0,-21.0,30:40,7.3,0
7,203148,Brian Roberts,2.0,1.0,5.0,0.0,0.0,0.0,0.0,0.0,1.0,0.0,2.0,1.0,-5.0,8:54,-2.2,0
8,201627,Anthony Morrow,8.0,3.0,3.0,0.0,0.0,0.0,1.0,2.0,1.0,0.0,2.0,1.0,-5.0,16:11,8.3,0
9,203085,Austin Rivers,7.0,2.0,4.0,2.0,2.0,0.0,0.0,0.0,2.0,0.0,2.0,1.0,-1.0,14:47,4.6,0
10,200811,Lou Amundson,3.0,1.0,2.0,4.0,1.0,1.0,2.0,0.0,1.0,1.0,2.0,0.0,10.0,8:24,2.7,0
11,203481,Jeff Withey,9.0,2.0,2.0,6.0,5.0,4.0,1.0,1.0,0.0,1.0,3.0,1.0,-2.0,18:17,10.6,0
12,2735,Josh Childress,,,,,,,,,,,,,,,0.0,0
13,202325,Wesley Johnson,5.0,2.0,4.0,2.0,1.0,0.0,5.0,0.0,0.0,0.0,3.0,1.0,-3.0,20:52,1.9,1
14,201941,Jordan Hill,21.0,7.0,12.0,8.0,7.0,2.0,9.0,2.0,2.0,1.0,4.0,2.0,12.0,26:18,19.6,1
15,2200,Pau Gasol,14.0,6.0,10.0,2.0,2.0,1.0,7.0,0.0,3.0,1.0,3.0,1.0,10.0,25:53,12.8,1
16,201975,Jodie Meeks,15.0,5.0,7.0,2.0,2.0,0.0,3.0,1.0,0.0,0.0,3.0,1.0,15.0,25:52,11.8,1
17,2581,Steve Blake,5.0,1.0,4.0,2.0,2.0,0.0,1.0,0.0,10.0,0.0,1.0,2.0,17.0,27:27,7.5,1
18,2549,Chris Kaman,8.0,4.0,9.0,0.0,0.0,2.0,7.0,1.0,6.0,0.0,3.0,3.0,17.0,21:24,7.8,1
19,201156,Nick Young,17.0,7.0,11.0,2.0,2.0,0.0,0.0,0.0,1.0,0.0,2.0,0.0,14.0,23:20,12.0,1
20,200770,Jordan Farmar,9.0,4.0,9.0,0.0,0.0,2.0,5.0,0.0,8.0,1.0,1.0,2.0,4.0,20:33,11.1,1
21,202333,Xavier Henry,15.0,6.0,8.0,0.0,0.0,0.0,2.0,3.0,1.0,0.0,3.0,5.0,20.0,22:09,9.9,1
22,200761,Shawne Williams,3.0,1.0,1.0,0.0,0.0,0.0,1.0,0.0,1.0,0.0,5.0,1.0,9.0,12:56,0.7,1
23,203135,Robert Sacre,1.0,0.0,2.0,2.0,1.0,1.0,3.0,0.0,1.0,1.0,2.0,1.0,-2.0,5:42,0.4,1
24,203527,Ryan Kelly,3.0,1.0,2.0,1.0,0.0,0.0,1.0,0.0,0.0,0.0,1.0,0.0,-4.0,3:47,1.5,1
25,203548,Elias Harris,0.0,0.0,0.0,0.0,0.0,1.0,0.0,0.0,0.0,0.0,0.0,0.0,-4.0,3:47,0.7,1
