,id,name,PTS,FG,FGA,FTA,FT,OREB,DREB,STL,AST,BLK,PF,TO,PLUS_MINUS,MIN,GS,WIN
0,2772,Trevor Ariza,21.0,6.0,16.0,6.0,5.0,3.0,8.0,1.0,5.0,0.0,2.0,2.0,12.0,43:56,18.0,1
1,202344,Trevor Booker,11.0,5.0,9.0,2.0,1.0,4.0,7.0,1.0,1.0,1.0,0.0,2.0,12.0,39:32,11.6,1
2,101162,Marcin Gortat,19.0,6.0,13.0,8.0,7.0,0.0,14.0,1.0,3.0,2.0,2.0,1.0,17.0,44:05,18.8,1
3,203078,Bradley Beal,20.0,8.0,19.0,2.0,2.0,1.0,3.0,1.0,2.0,1.0,1.0,2.0,-3.0,42:05,12.2,1
4,202322,John Wall,21.0,7.0,18.0,5.0,3.0,0.0,5.0,0.0,11.0,0.0,3.0,3.0,12.0,40:54,15.4,1
5,101110,Martell Webster,0.0,0.0,4.0,0.0,0.0,1.0,0.0,0.0,1.0,0.0,1.0,0.0,-3.0,19:16,-1.8,1
6,1733,Al Harrington,2.0,1.0,2.0,0.0,0.0,0.0,1.0,0.0,0.0,0.0,1.0,1.0,-9.0,8:10,-0.1,1
7,2400,Drew Gooden,0.0,0.0,3.0,0.0,0.0,0.0,3.0,0.0,0.0,0.0,1.0,0.0,-9.0,6:33,-1.6,1
8,1889,Andre Miller,7.0,1.0,3.0,6.0,5.0,1.0,0.0,1.0,1.0,0.0,2.0,0.0,-6.0,12:49,6.5,1
9,202338,Kevin Seraphin,4.0,2.0,3.0,0.0,0.0,1.0,0.0,0.0,0.0,0.0,1.0,0.0,-3.0,7:29,3.0,1
10,202066,Garrett Temple,0.0,0.0,0.0,0.0,0.0,0.0,0.0,0.0,0.0,0.0,0.0,0.0,0.0,0:12,0.0,1
11,203490,Otto Porter Jr.,,,,,,,,,,,,,,,0.0,1
12,202698,Chris Singleton,,,,,,,,,,,,,,,0.0,1
13,203090,Maurice Harkless,6.0,3.0,5.0,0.0,0.0,0.0,7.0,3.0,4.0,1.0,2.0,2.0,1.0,30:45,9.5,0
14,203124,Kyle O'Quinn,6.0,3.0,5.0,0.0,0.0,1.0,5.0,0.0,2.0,4.0,5.0,3.0,14.0,22:43,5.1,0
15,202696,Nikola Vucevic,8.0,4.0,9.0,1.0,0.0,3.0,9.0,0.0,1.0,0.0,2.0,2.0,-23.0,36:48,5.6,0
16,201167,Arron Afflalo,18.0,7.0,21.0,2.0,2.0,2.0,3.0,0.0,3.0,0.0,4.0,2.0,-8.0,42:29,6.9,0
17,2749,Jameer Nelson,13.0,5.0,16.0,3.0,2.0,1.0,5.0,1.0,8.0,0.0,3.0,1.0,-15.0,32:07,10.0,0
18,203094,Andrew Nicholson,6.0,3.0,5.0,0.0,0.0,0.0,1.0,0.0,0.0,0.0,0.0,0.0,-6.0,8:39,4.0,0
19,203506,Victor Oladipo,15.0,7.0,15.0,0.0,0.0,0.0,3.0,0.0,6.0,0.0,2.0,1.0,3.0,35:40,10.6,0
20,202699,Tobias Harris,21.0,8.0,14.0,4.0,4.0,2.0,3.0,1.0,2.0,0.0,1.0,2.0,10.0,31:41,16.7,0
21,202734,E'Twaun Moore,8.0,3.0,6.0,0.0,0.0,0.0,1.0,0.0,0.0,1.0,3.0,0.0,7.0,17:59,4.8,0
22,101131,Jason Maxiell,0.0,0.0,1.0,0.0,0.0,0.0,0.0,1.0,0.0,0.0,2.0,1.0,-3.0,6:09,-1.5,0
23,203473,Dewayne Dedmon,,,,,,,,,,,,,,,0.0,0
24,203117,Doron Lamb,,,,,,,,,,,,,,,0.0,0
25,101179,Ronnie Price,,,,,,,,,,,,,,,0.0,0
