,id,name,PTS,FG,FGA,FTA,FT,OREB,DREB,STL,AST,BLK,PF,TO,PLUS_MINUS,MIN,GS,WIN
0,201960,DeMarre Carroll,5.0,2.0,5.0,0.0,0.0,2.0,8.0,0.0,1.0,1.0,1.0,0.0,-4.0,34:09,7.1,1
1,200794,Paul Millsap,9.0,2.0,7.0,4.0,4.0,1.0,4.0,0.0,0.0,1.0,2.0,1.0,1.0,26:17,5.7,1
2,201143,Al Horford,24.0,9.0,15.0,7.0,6.0,0.0,5.0,1.0,5.0,0.0,3.0,4.0,3.0,31:04,17.5,1
3,2594,Kyle Korver,11.0,4.0,9.0,1.0,1.0,0.0,3.0,2.0,2.0,0.0,2.0,2.0,5.0,32:59,7.8,1
4,201952,Jeff Teague,14.0,4.0,14.0,8.0,5.0,1.0,2.0,2.0,12.0,1.0,2.0,4.0,8.0,31:16,12.2,1
5,203471,Dennis Schroder,4.0,2.0,2.0,0.0,0.0,0.0,1.0,0.0,1.0,0.0,3.0,0.0,6.0,9:38,3.2,1
6,202714,Shelvin Mack,6.0,2.0,3.0,0.0,0.0,0.0,1.0,0.0,2.0,0.0,0.0,1.0,-2.0,8:20,5.4,1
7,201858,Cartier Martin,16.0,5.0,7.0,4.0,3.0,0.0,3.0,1.0,1.0,0.0,4.0,1.0,12.0,20:13,12.7,1
8,1882,Elton Brand,6.0,2.0,5.0,2.0,2.0,1.0,6.0,0.0,0.0,0.0,2.0,0.0,11.0,19:11,5.0,1
9,203118,Mike Scott,8.0,3.0,8.0,2.0,2.0,1.0,2.0,1.0,2.0,0.0,3.0,0.0,3.0,19:28,6.1,1
10,203098,John Jenkins,0.0,0.0,1.0,0.0,0.0,0.0,0.0,0.0,0.0,0.0,0.0,0.0,2.0,7:25,-0.7,1
11,203544,Pero Antic,,,,,,,,,,,,,,,0.0,1
12,202970,Gustavo Ayon,,,,,,,,,,,,,,,0.0,1
13,203077,Michael Kidd-Gilchrist,16.0,6.0,11.0,5.0,4.0,4.0,2.0,0.0,2.0,0.0,1.0,3.0,-6.0,32:58,11.7,0
14,201177,Josh McRoberts,19.0,7.0,13.0,0.0,0.0,1.0,5.0,0.0,7.0,0.0,5.0,2.0,2.0,30:43,15.8,0
15,2744,Al Jefferson,10.0,5.0,11.0,0.0,0.0,1.0,6.0,1.0,3.0,0.0,3.0,0.0,4.0,27:39,8.7,0
16,201945,Gerald Henderson,11.0,3.0,8.0,6.0,5.0,0.0,1.0,0.0,3.0,0.0,2.0,2.0,0.0,33:06,5.8,0
17,202689,Kemba Walker,12.0,3.0,11.0,7.0,6.0,1.0,1.0,1.0,3.0,0.0,4.0,4.0,-4.0,32:21,3.6,0
18,202687,Bismack Biyombo,2.0,1.0,1.0,2.0,0.0,1.0,5.0,0.0,0.0,0.0,2.0,0.0,-4.0,16:55,2.3,0
19,203106,Jeffery Taylor,10.0,4.0,10.0,3.0,2.0,0.0,6.0,0.0,1.0,0.0,4.0,1.0,-13.0,25:24,4.1,0
20,203469,Cody Zeller,4.0,1.0,5.0,2.0,2.0,1.0,1.0,2.0,1.0,0.0,2.0,0.0,-14.0,17:20,3.8,0
21,201196,Ramon Sessions,10.0,3.0,10.0,4.0,4.0,1.0,2.0,0.0,2.0,0.0,1.0,1.0,-4.0,20:11,5.5,0
22,201229,Anthony Tolliver,0.0,0.0,1.0,0.0,0.0,0.0,1.0,0.0,0.0,0.0,0.0,1.0,-6.0,3:23,-1.4,0
23,202399,Jeff Adrien,,,,,,,,,,,,,,,0.0,0
24,2732,Ben Gordon,,,,,,,,,,,,,,,0.0,0
25,2457,Jannero Pargo,,,,,,,,,,,,,,,0.0,0
