,id,name,PTS,FG,FGA,FTA,FT,OREB,DREB,STL,AST,BLK,PF,TO,PLUS_MINUS,MIN,GS,WIN
0,200752,Rudy Gay,23.0,9.0,18.0,7.0,4.0,3.0,4.0,5.0,6.0,0.0,2.0,0.0,7.0,37:04,24.5,0
1,201574,Jason Thompson,10.0,3.0,6.0,4.0,4.0,0.0,7.0,0.0,0.0,2.0,4.0,1.0,2.0,33:54,7.9,0
2,201189,Aaron Gray,1.0,0.0,1.0,2.0,1.0,4.0,5.0,0.0,1.0,0.0,4.0,1.0,2.0,14:20,2.3,0
3,201977,Marcus Thornton,8.0,3.0,11.0,2.0,2.0,0.0,2.0,0.0,1.0,0.0,3.0,0.0,1.0,34:52,1.6,0
4,202738,Isaiah Thomas,26.0,11.0,26.0,2.0,2.0,0.0,2.0,1.0,5.0,0.0,4.0,2.0,-4.0,37:40,13.7,0
5,203112,Quincy Acy,2.0,1.0,4.0,0.0,0.0,1.0,9.0,0.0,0.0,1.0,1.0,0.0,-4.0,14:03,3.3,0
6,202682,Derrick Williams,14.0,3.0,5.0,8.0,7.0,0.0,1.0,1.0,0.0,1.0,5.0,5.0,-7.0,24:53,6.3,0
7,201171,Carl Landry,0.0,0.0,2.0,0.0,0.0,0.0,2.0,0.0,1.0,0.0,2.0,0.0,-4.0,13:10,-0.9,0
8,203463,Ben McLemore,4.0,2.0,7.0,0.0,0.0,0.0,3.0,1.0,1.0,0.0,0.0,0.0,-5.0,19:44,2.5,0
9,203492,Ray McCallum,5.0,2.0,3.0,0.0,0.0,0.0,0.0,0.0,0.0,0.0,1.0,0.0,2.0,10:21,3.3,0
10,202326,DeMarcus Cousins,,,,,,,,,,,,,,,0.0,0
11,2566,Travis Outlaw,,,,,,,,,,,,,,,0.0,0
12,200769,Shannon Brown,2.0,0.0,2.0,2.0,2.0,0.0,2.0,0.0,1.0,0.0,3.0,1.0,5.0,13:48,-0.3,1
13,1495,Tim Duncan,23.0,8.0,13.0,12.0,7.0,4.0,13.0,0.0,5.0,2.0,0.0,1.0,4.0,32:54,25.7,1
14,201168,Tiago Splitter,2.0,1.0,1.0,0.0,0.0,0.0,4.0,0.0,0.0,0.0,4.0,1.0,-7.0,16:33,0.3,1
15,202709,Cory Joseph,2.0,1.0,4.0,0.0,0.0,0.0,0.0,0.0,0.0,2.0,3.0,2.0,-14.0,22:49,-2.2,1
16,2225,Tony Parker,18.0,8.0,19.0,3.0,1.0,0.0,3.0,1.0,10.0,0.0,1.0,2.0,-7.0,34:56,13.6,1
17,2564,Boris Diaw,14.0,5.0,6.0,6.0,4.0,1.0,2.0,1.0,1.0,1.0,1.0,1.0,1.0,29:28,13.3,1
18,201158,Marco Belinelli,8.0,3.0,10.0,0.0,0.0,0.0,3.0,0.0,1.0,0.0,3.0,3.0,7.0,27:56,-0.4,1
19,201965,Jeff Ayres,2.0,1.0,2.0,0.0,0.0,1.0,4.0,0.0,1.0,0.0,3.0,2.0,-3.0,13:39,0.4,1
20,201988,Patty Mills,15.0,6.0,14.0,1.0,1.0,0.0,1.0,2.0,1.0,1.0,0.0,0.0,13.0,21:37,11.3,1
21,2588,Matt Bonner,7.0,3.0,4.0,0.0,0.0,1.0,3.0,0.0,1.0,1.0,1.0,0.0,6.0,17:22,8.0,1
22,201986,Nando De Colo,2.0,0.0,0.0,2.0,2.0,0.0,0.0,0.0,2.0,0.0,0.0,0.0,5.0,8:59,3.4,1
23,203382,Aron Baynes,,,,,,,,,,,,,,,0.0,1
