,id,name,PTS,FG,FGA,FTA,FT,OREB,DREB,STL,AST,BLK,PF,TO,PLUS_MINUS,MIN,GS,WIN
0,2746,Josh Smith,11.0,4.0,9.0,3.0,2.0,1.0,2.0,1.0,2.0,0.0,1.0,1.0,-7.0,35:48,8.2,0
1,202328,Greg Monroe,19.0,9.0,17.0,1.0,1.0,4.0,4.0,0.0,2.0,0.0,4.0,0.0,3.0,36:55,14.5,0
2,203083,Andre Drummond,16.0,8.0,9.0,2.0,0.0,7.0,9.0,2.0,2.0,1.0,1.0,0.0,-3.0,42:27,23.4,0
3,1497,Chauncey Billups,4.0,2.0,5.0,0.0,0.0,0.0,1.0,0.0,0.0,0.0,1.0,1.0,-4.0,14:14,0.2,0
4,201943,Brandon Jennings,28.0,11.0,24.0,5.0,5.0,1.0,3.0,3.0,5.0,0.0,2.0,2.0,-6.0,31:38,20.9,0
5,201155,Rodney Stuckey,13.0,4.0,15.0,6.0,4.0,3.0,1.0,2.0,3.0,1.0,1.0,1.0,-2.0,33:46,9.1,0
6,202713,Kyle Singler,2.0,0.0,2.0,2.0,2.0,1.0,3.0,0.0,0.0,0.0,1.0,0.0,-5.0,23:25,1.8,0
7,101198,Will Bynum,8.0,3.0,7.0,2.0,2.0,1.0,1.0,2.0,6.0,0.0,2.0,3.0,0.0,16:22,7.7,0
8,101111,Charlie Villanueva,2.0,1.0,3.0,0.0,0.0,0.0,0.0,0.0,0.0,0.0,0.0,0.0,-6.0,5:25,0.3,0
9,203484,Kentavious Caldwell-Pope,,,,,,,,,,,,,,,0.0,0
10,203540,Gigi Datome,,,,,,,,,,,,,,,0.0,0
11,201973,Jonas Jerebko,,,,,,,,,,,,,,,0.0,0
12,203502,Tony Mitchell,,,,,,,,,,,,,,,0.0,0
13,201587,Nicolas Batum,12.0,5.0,11.0,2.0,1.0,2.0,1.0,1.0,8.0,0.0,3.0,2.0,4.0,30:53,11.0,1
14,200746,LaMarcus Aldridge,18.0,8.0,19.0,2.0,2.0,1.0,11.0,1.0,4.0,1.0,2.0,2.0,11.0,36:55,13.6,1
15,201577,Robin Lopez,17.0,7.0,10.0,3.0,3.0,4.0,6.0,1.0,1.0,0.0,1.0,2.0,1.0,32:58,16.7,1
16,202083,Wesley Matthews,3.0,1.0,3.0,0.0,0.0,1.0,0.0,2.0,1.0,0.0,0.0,0.0,3.0,29:37,4.7,1
17,203081,Damian Lillard,25.0,7.0,16.0,6.0,6.0,0.0,5.0,0.0,4.0,1.0,3.0,2.0,6.0,35:00,18.4,1
18,200777,Joel Freeland,6.0,3.0,5.0,0.0,0.0,4.0,2.0,0.0,1.0,0.0,2.0,1.0,7.0,19:08,6.0,1
19,2590,Mo Williams,17.0,7.0,9.0,2.0,2.0,1.0,2.0,1.0,4.0,0.0,3.0,5.0,3.0,31:41,12.4,1
20,2748,Dorell Wright,11.0,4.0,7.0,0.0,0.0,0.0,4.0,0.0,0.0,0.0,1.0,0.0,0.0,18:43,8.5,1
21,203080,Thomas Robinson,0.0,0.0,2.0,0.0,0.0,0.0,0.0,1.0,0.0,0.0,1.0,1.0,-5.0,5:05,-1.8,1
22,203115,Will Barton,,,,,,,,,,,,,,,0.0,1
23,203459,Allen Crabbe,,,,,,,,,,,,,,,0.0,1
24,203086,Meyers Leonard,,,,,,,,,,,,,,,0.0,1
25,2248,Earl Watson,,,,,,,,,,,,,,,0.0,1
