,id,name,PTS,FG,FGA,FTA,FT,OREB,DREB,STL,AST,BLK,PF,TO,PLUS_MINUS,MIN,GS,WIN
0,201145,Jeff Green,39.0,12.0,23.0,12.0,11.0,0.0,6.0,0.0,1.0,1.0,5.0,1.0,5.0,39:21,27.5,0
1,101138,Brandon Bass,7.0,3.0,11.0,1.0,1.0,4.0,1.0,0.0,1.0,1.0,3.0,3.0,-10.0,23:12,0.8,0
2,2743,Kris Humphries,16.0,6.0,13.0,6.0,4.0,5.0,7.0,1.0,3.0,3.0,3.0,0.0,-7.0,35:39,18.1,0
3,201573,Jerryd Bayless,6.0,2.0,4.0,0.0,0.0,0.0,4.0,1.0,3.0,0.0,2.0,2.0,-17.0,25:56,5.5,0
4,200765,Rajon Rondo,6.0,3.0,14.0,2.0,0.0,0.0,8.0,1.0,14.0,0.0,3.0,2.0,-5.0,44:31,6.6,0
5,202340,Avery Bradley,12.0,5.0,9.0,2.0,2.0,1.0,1.0,1.0,2.0,0.0,0.0,2.0,7.0,28:09,9.1,0
6,203096,Jared Sullinger,14.0,6.0,13.0,0.0,0.0,3.0,6.0,1.0,4.0,2.0,5.0,4.0,14.0,30:26,10.4,0
7,203482,Kelly Olynyk,9.0,4.0,5.0,0.0,0.0,0.0,1.0,2.0,1.0,1.0,3.0,2.0,-1.0,16:27,7.6,0
8,203515,Phil Pressey,3.0,1.0,1.0,0.0,0.0,0.0,2.0,0.0,4.0,0.0,2.0,0.0,4.0,8:29,5.3,0
9,203187,Chris Johnson,8.0,3.0,4.0,0.0,0.0,0.0,0.0,0.0,0.0,0.0,0.0,0.0,5.0,12:50,6.4,0
10,201202,Joel Anthony,,,,,,,,,,,,,,,0.0,0
11,203569,Chris Babb,,,,,,,,,,,,,,,0.0,0
12,201936,Tyreke Evans,26.0,11.0,21.0,4.0,3.0,0.0,4.0,3.0,4.0,0.0,3.0,3.0,8.0,37:48,18.1,1
13,203076,Anthony Davis,40.0,14.0,22.0,12.0,12.0,5.0,16.0,1.0,3.0,3.0,2.0,1.0,10.0,47:42,41.9,1
14,201880,Greg Stiemsma,6.0,3.0,3.0,0.0,0.0,2.0,1.0,0.0,0.0,2.0,2.0,0.0,-1.0,28:51,7.4,1
15,201569,Eric Gordon,19.0,6.0,16.0,6.0,6.0,1.0,2.0,1.0,8.0,1.0,1.0,2.0,-5.0,40:28,16.4,1
16,203148,Brian Roberts,11.0,4.0,12.0,3.0,3.0,1.0,3.0,2.0,3.0,0.0,3.0,1.0,19.0,32:25,7.7,1
17,202329,Al-Farouq Aminu,6.0,3.0,5.0,0.0,0.0,0.0,2.0,0.0,0.0,0.0,2.0,1.0,-2.0,22:05,2.5,1
18,203481,Jeff Withey,2.0,1.0,2.0,2.0,0.0,2.0,3.0,0.0,3.0,3.0,2.0,1.0,-5.0,29:03,4.9,1
19,203085,Austin Rivers,9.0,4.0,10.0,1.0,0.0,1.0,1.0,1.0,3.0,0.0,2.0,2.0,-18.0,20:35,4.5,1
20,201627,Anthony Morrow,2.0,1.0,3.0,0.0,0.0,0.0,0.0,0.0,1.0,0.0,0.0,1.0,-1.0,6:02,0.0,1
21,201582,Alexis Ajinca,,,,,,,,,,,,,,,0.0,1
22,202337,Luke Babbitt,,,,,,,,,,,,,,,0.0,1
23,203121,Darius Miller,,,,,,,,,,,,,,,0.0,1
24,201160,Jason Smith,,,,,,,,,,,,,,,0.0,1
