,id,name,PTS,FG,FGA,FTA,FT,OREB,DREB,STL,AST,BLK,PF,TO,PLUS_MINUS,MIN,GS,WIN
0,200752,Rudy Gay,14.0,7.0,13.0,2.0,0.0,0.0,6.0,3.0,6.0,1.0,3.0,7.0,-24.0,34:38,8.4,0
1,201574,Jason Thompson,11.0,5.0,6.0,2.0,1.0,1.0,2.0,0.0,1.0,0.0,1.0,1.0,-18.0,21:51,9.0,0
2,202326,DeMarcus Cousins,27.0,11.0,15.0,8.0,5.0,1.0,7.0,2.0,5.0,0.0,2.0,3.0,-10.0,31:52,24.2,0
3,203463,Ben McLemore,20.0,8.0,13.0,0.0,0.0,2.0,2.0,1.0,1.0,0.0,2.0,2.0,-13.0,32:37,15.0,0
4,202738,Isaiah Thomas,11.0,4.0,11.0,5.0,2.0,0.0,2.0,1.0,7.0,0.0,2.0,3.0,-9.0,35:36,6.4,0
5,202682,Derrick Williams,7.0,3.0,5.0,5.0,1.0,0.0,2.0,3.0,3.0,0.0,2.0,0.0,-16.0,27:27,8.0,0
6,2566,Travis Outlaw,6.0,2.0,4.0,0.0,0.0,0.0,2.0,2.0,1.0,0.0,3.0,0.0,3.0,23:02,6.1,0
7,203112,Quincy Acy,5.0,2.0,3.0,2.0,1.0,1.0,1.0,0.0,0.0,0.0,0.0,0.0,-2.0,14:45,4.3,0
8,202690,Jimmer Fredette,0.0,0.0,0.0,0.0,0.0,0.0,0.0,0.0,0.0,0.0,0.0,2.0,-8.0,3:53,-2.0,0
9,201977,Marcus Thornton,2.0,1.0,2.0,0.0,0.0,2.0,0.0,2.0,0.0,0.0,1.0,1.0,-2.0,9:13,3.0,0
10,203492,Ray McCallum,0.0,0.0,2.0,0.0,0.0,0.0,1.0,0.0,1.0,0.0,0.0,1.0,4.0,5:06,-1.4,0
11,201189,Aaron Gray,,,,,,,,,,,,,,,0.0,0
12,202380,Hamady Ndiaye,,,,,,,,,,,,,,,0.0,0
13,2544,LeBron James,18.0,8.0,11.0,2.0,1.0,2.0,4.0,1.0,8.0,1.0,1.0,1.0,14.0,30:40,21.6,1
14,2203,Shane Battier,9.0,3.0,7.0,0.0,0.0,0.0,4.0,0.0,1.0,0.0,1.0,0.0,6.0,24:20,6.8,1
15,2547,Chris Bosh,25.0,11.0,16.0,3.0,3.0,2.0,6.0,1.0,1.0,0.0,1.0,3.0,15.0,25:27,19.7,1
16,2548,Dwyane Wade,20.0,9.0,16.0,1.0,0.0,1.0,4.0,3.0,5.0,0.0,1.0,2.0,28.0,30:55,18.0,1
17,201596,Mario Chalmers,16.0,5.0,7.0,6.0,5.0,0.0,1.0,4.0,5.0,1.0,5.0,4.0,19.0,32:54,15.2,1
18,951,Ray Allen,18.0,8.0,13.0,0.0,0.0,0.0,1.0,1.0,5.0,0.0,4.0,4.0,2.0,26:03,11.3,1
19,202708,Norris Cole,4.0,2.0,3.0,0.0,0.0,0.0,1.0,1.0,5.0,0.0,1.0,2.0,9.0,17:58,5.1,1
20,2365,Chris Andersen,6.0,3.0,5.0,0.0,0.0,1.0,6.0,2.0,0.0,0.0,2.0,0.0,7.0,20:47,7.4,1
21,1740,Rashard Lewis,5.0,2.0,4.0,0.0,0.0,1.0,2.0,1.0,2.0,0.0,0.0,0.0,5.0,19:15,6.7,1
22,2427,Roger Mason Jr.,0.0,0.0,1.0,0.0,0.0,0.0,1.0,1.0,0.0,0.0,0.0,0.0,-4.0,5:06,0.6,1
23,2617,Udonis Haslem,0.0,0.0,0.0,0.0,0.0,0.0,2.0,0.0,0.0,1.0,0.0,1.0,-1.0,3:47,0.3,1
24,2592,James Jones,1.0,0.0,0.0,2.0,1.0,0.0,0.0,0.0,0.0,0.0,0.0,0.0,-4.0,1:42,0.6,1
25,201202,Joel Anthony,0.0,0.0,0.0,0.0,0.0,0.0,0.0,0.0,0.0,0.0,0.0,0.0,-1.0,1:06,0.0,1
