,id,name,PTS,FG,FGA,FTA,FT,OREB,DREB,STL,AST,BLK,PF,TO,PLUS_MINUS,MIN,GS,WIN
0,202695,Kawhi Leonard,12.0,6.0,11.0,0.0,0.0,4.0,4.0,1.0,1.0,0.0,4.0,1.0,-20.0,31:33,9.8,0
1,1495,Tim Duncan,17.0,5.0,12.0,8.0,7.0,2.0,9.0,1.0,5.0,1.0,4.0,2.0,-6.0,32:17,15.9,0
2,201168,Tiago Splitter,2.0,1.0,2.0,4.0,0.0,1.0,2.0,1.0,1.0,0.0,3.0,1.0,-9.0,19:11,0.2,0
3,201980,Danny Green,7.0,3.0,6.0,0.0,0.0,1.0,1.0,2.0,1.0,0.0,2.0,3.0,-14.0,18:59,3.9,0
4,2225,Tony Parker,8.0,3.0,8.0,2.0,1.0,0.0,1.0,1.0,6.0,0.0,1.0,1.0,1.0,25:46,7.3,0
5,1938,Manu Ginobili,16.0,8.0,11.0,0.0,0.0,0.0,4.0,0.0,2.0,0.0,1.0,4.0,5.0,24:47,9.7,0
6,2564,Boris Diaw,9.0,4.0,7.0,2.0,1.0,0.0,2.0,1.0,2.0,1.0,1.0,2.0,-13.0,21:02,6.6,0
7,201158,Marco Belinelli,7.0,2.0,9.0,1.0,1.0,0.0,2.0,0.0,1.0,0.0,5.0,2.0,-28.0,23:12,-1.2,0
8,2588,Matt Bonner,0.0,0.0,0.0,0.0,0.0,0.0,0.0,0.0,0.0,0.0,0.0,1.0,-2.0,8:09,-1.0,0
9,201965,Jeff Ayres,2.0,1.0,2.0,0.0,0.0,0.0,2.0,1.0,0.0,0.0,1.0,1.0,-2.0,9:10,1.2,0
10,201988,Patty Mills,8.0,3.0,7.0,0.0,0.0,0.0,0.0,0.0,0.0,1.0,2.0,2.0,-12.0,14:20,2.2,0
11,202709,Cory Joseph,4.0,1.0,1.0,4.0,2.0,1.0,0.0,0.0,1.0,0.0,3.0,2.0,-15.0,11:35,1.1,0
12,203382,Aron Baynes,,,,,,,,,,,,,,,0.0,0
13,201162,Jared Dudley,14.0,5.0,10.0,0.0,0.0,2.0,5.0,2.0,2.0,0.0,2.0,1.0,24.0,35:07,13.5,1
14,201933,Blake Griffin,27.0,8.0,14.0,15.0,11.0,2.0,7.0,0.0,2.0,0.0,3.0,3.0,9.0,33:57,19.5,1
15,201599,DeAndre Jordan,7.0,2.0,3.0,6.0,3.0,3.0,8.0,1.0,1.0,3.0,4.0,5.0,11.0,30:33,6.2,1
16,2037,Jamal Crawford,17.0,5.0,16.0,4.0,4.0,1.0,3.0,2.0,3.0,0.0,2.0,3.0,8.0,39:03,9.7,1
17,101108,Chris Paul,23.0,8.0,13.0,7.0,6.0,1.0,7.0,4.0,7.0,0.0,1.0,2.0,14.0,35:48,26.0,1
18,2584,Willie Green,11.0,4.0,5.0,0.0,0.0,0.0,3.0,1.0,2.0,0.0,2.0,2.0,22.0,25:41,9.6,1
19,1712,Antawn Jamison,0.0,0.0,1.0,0.0,0.0,0.0,1.0,0.0,0.0,0.0,2.0,0.0,-3.0,7:21,-1.2,1
20,201954,Darren Collison,10.0,4.0,9.0,3.0,2.0,0.0,0.0,2.0,2.0,1.0,0.0,0.0,9.0,13:31,9.0,1
21,1536,Stephen Jackson,6.0,3.0,5.0,0.0,0.0,0.0,0.0,0.0,0.0,0.0,2.0,1.0,21.0,16:54,1.9,1
22,200797,Ryan Hollins,0.0,0.0,0.0,0.0,0.0,0.0,0.0,0.0,0.0,0.0,2.0,1.0,0.0,2:06,-1.8,1
23,2440,Matt Barnes,,,,,,,,,,,,,,,0.0,1
24,203493,Reggie Bullock,,,,,,,,,,,,,,,0.0,1
25,201957,Byron Mullens,,,,,,,,,,,,,,,0.0,1
