,id,name,PTS,FG,FGA,FTA,FT,OREB,DREB,STL,AST,BLK,PF,TO,PLUS_MINUS,MIN,GS,WIN
0,203084,Harrison Barnes,26.0,10.0,15.0,6.0,5.0,0.0,2.0,1.0,4.0,0.0,3.0,1.0,-6.0,41:59,21.3,0
1,101135,David Lee,10.0,2.0,12.0,8.0,6.0,2.0,10.0,0.0,4.0,0.0,2.0,2.0,7.0,42:08,6.0,0
2,101106,Andrew Bogut,14.0,6.0,8.0,3.0,2.0,4.0,4.0,0.0,0.0,4.0,6.0,4.0,3.0,31:14,10.8,0
3,202691,Klay Thompson,16.0,5.0,19.0,7.0,4.0,2.0,4.0,2.0,4.0,1.0,5.0,1.0,7.0,48:20,8.6,0
4,201939,Stephen Curry,32.0,13.0,26.0,3.0,2.0,2.0,9.0,0.0,5.0,0.0,4.0,3.0,7.0,44:42,21.6,0
5,979,Jermaine O'Neal,5.0,2.0,5.0,2.0,1.0,1.0,4.0,0.0,0.0,0.0,3.0,1.0,-5.0,23:07,1.6,0
6,203110,Draymond Green,7.0,3.0,5.0,0.0,0.0,1.0,1.0,1.0,0.0,0.0,2.0,2.0,-10.0,13:41,3.9,0
7,203517,Nemanja Nedovic,0.0,0.0,1.0,0.0,0.0,0.0,3.0,0.0,3.0,1.0,1.0,0.0,-2.0,11:25,2.6,0
8,201578,Marreese Speights,2.0,1.0,4.0,0.0,0.0,0.0,2.0,0.0,0.0,0.0,2.0,1.0,-6.0,8:24,-1.6,0
9,203145,Kent Bazemore,,,,,,,,,,,,,,,0.0,0
10,203473,Dewayne Dedmon,,,,,,,,,,,,,,,0.0,0
11,2738,Andre Iguodala,,,,,,,,,,,,,,,0.0,0
12,201142,Kevin Durant,25.0,7.0,22.0,12.0,11.0,0.0,13.0,0.0,5.0,2.0,3.0,4.0,1.0,43:46,15.6,1
13,201586,Serge Ibaka,18.0,6.0,11.0,8.0,6.0,3.0,10.0,0.0,0.0,4.0,4.0,3.0,7.0,46:45,15.2,1
14,2570,Kendrick Perkins,4.0,1.0,2.0,2.0,2.0,0.0,3.0,2.0,0.0,1.0,1.0,1.0,4.0,12:14,5.2,1
15,200757,Thabo Sefolosha,7.0,2.0,5.0,2.0,2.0,2.0,4.0,1.0,1.0,0.0,3.0,2.0,-4.0,32:32,5.4,1
16,201566,Russell Westbrook,34.0,10.0,25.0,15.0,12.0,0.0,1.0,5.0,7.0,0.0,2.0,1.0,1.0,41:44,27.7,1
17,2555,Nick Collison,4.0,2.0,5.0,0.0,0.0,1.0,2.0,0.0,1.0,0.0,2.0,1.0,3.0,16:49,1.5,1
18,202704,Reggie Jackson,8.0,3.0,10.0,1.0,1.0,0.0,2.0,0.0,1.0,0.0,1.0,0.0,5.0,24:23,3.1,1
19,203087,Jeremy Lamb,8.0,3.0,7.0,0.0,0.0,0.0,3.0,0.0,0.0,1.0,3.0,0.0,4.0,27:16,4.7,1
20,203500,Steven Adams,5.0,2.0,3.0,2.0,1.0,4.0,3.0,0.0,1.0,1.0,3.0,0.0,-13.0,14:16,7.2,1
21,965,Derek Fisher,0.0,0.0,2.0,0.0,0.0,1.0,1.0,0.0,0.0,0.0,0.0,0.0,-3.0,5:15,-0.4,1
22,203103,Perry Jones III,,,,,,,,,,,,,,,0.0,1
23,203460,Andre Roberson,,,,,,,,,,,,,,,0.0,1
24,201934,Hasheem Thabeet,,,,,,,,,,,,,,,0.0,1
