,id,name,PTS,FG,FGA,FTA,FT,OREB,DREB,STL,AST,BLK,PF,TO,PLUS_MINUS,MIN,GS,WIN
0,201145,Jeff Green,9.0,4.0,13.0,0.0,0.0,0.0,2.0,2.0,1.0,0.0,4.0,4.0,-15.0,39:40,-0.8,0
1,101138,Brandon Bass,18.0,7.0,10.0,4.0,4.0,3.0,6.0,0.0,3.0,4.0,1.0,2.0,-6.0,31:28,20.2,0
2,2743,Kris Humphries,11.0,5.0,7.0,2.0,1.0,1.0,2.0,1.0,1.0,0.0,2.0,2.0,-29.0,25:23,7.9,0
3,202340,Avery Bradley,1.0,0.0,5.0,1.0,1.0,0.0,2.0,0.0,3.0,0.0,0.0,0.0,-6.0,13:44,0.2,0
4,201573,Jerryd Bayless,18.0,6.0,14.0,2.0,2.0,0.0,2.0,1.0,5.0,0.0,1.0,1.0,-20.0,33:00,14.3,0
5,203096,Jared Sullinger,2.0,1.0,6.0,0.0,0.0,1.0,5.0,0.0,1.0,0.0,2.0,1.0,-3.0,19:54,-0.7,0
6,203187,Chris Johnson,5.0,1.0,7.0,4.0,3.0,1.0,1.0,2.0,0.0,0.0,1.0,0.0,3.0,35:05,2.7,0
7,203515,Phil Pressey,9.0,4.0,8.0,2.0,0.0,1.0,1.0,4.0,3.0,0.0,2.0,2.0,-2.0,18:52,8.5,0
8,203482,Kelly Olynyk,7.0,3.0,6.0,0.0,0.0,4.0,3.0,0.0,0.0,0.0,2.0,4.0,10.0,18:18,2.9,0
9,203569,Chris Babb,0.0,0.0,1.0,0.0,0.0,1.0,1.0,0.0,0.0,0.0,0.0,0.0,-2.0,4:36,0.3,0
10,201202,Joel Anthony,,,,,,,,,,,,,,,0.0,0
11,200765,Rajon Rondo,,,,,,,,,,,,,,,0.0,0
12,2399,Mike Dunleavy,22.0,7.0,12.0,5.0,5.0,0.0,3.0,0.0,3.0,0.0,2.0,3.0,11.0,38:49,15.6,1
13,2430,Carlos Boozer,16.0,7.0,12.0,2.0,2.0,3.0,4.0,0.0,1.0,0.0,3.0,1.0,4.0,24:00,12.2,1
14,201149,Joakim Noah,19.0,9.0,19.0,1.0,1.0,4.0,6.0,2.0,5.0,2.0,2.0,3.0,26.0,38:59,17.0,1
15,202710,Jimmy Butler,18.0,8.0,13.0,2.0,2.0,1.0,4.0,1.0,4.0,0.0,1.0,0.0,9.0,42:27,17.4,1
16,2550,Kirk Hinrich,1.0,0.0,6.0,2.0,1.0,0.0,3.0,4.0,3.0,1.0,1.0,1.0,11.0,27:21,2.7,1
17,201571,D.J. Augustin,4.0,1.0,9.0,2.0,2.0,0.0,1.0,0.0,11.0,0.0,2.0,1.0,11.0,30:33,4.3,1
18,201959,Taj Gibson,14.0,6.0,9.0,2.0,2.0,3.0,8.0,1.0,0.0,0.0,4.0,3.0,5.0,28:25,11.0,1
19,1737,Nazr Mohammed,0.0,0.0,0.0,0.0,0.0,0.0,0.0,0.0,0.0,0.0,0.0,0.0,-7.0,4:36,0.0,1
20,203503,Tony Snell,0.0,0.0,0.0,0.0,0.0,0.0,0.0,1.0,1.0,0.0,1.0,1.0,0.0,4:50,0.3,1
21,202690,Jimmer Fredette,,,,,,,,,,,,,,,0.0,1
22,203513,Erik Murphy,,,,,,,,,,,,,,,0.0,1
23,203129,Tornike Shengelia,,,,,,,,,,,,,,,0.0,1
