,id,name,PTS,FG,FGA,FTA,FT,OREB,DREB,STL,AST,BLK,PF,TO,PLUS_MINUS,MIN,GS,WIN
0,202713,Kyle Singler,8.0,3.0,6.0,0.0,0.0,3.0,2.0,1.0,1.0,0.0,3.0,0.0,-14.0,28:16,8.2,0
1,202328,Greg Monroe,15.0,7.0,18.0,1.0,1.0,6.0,1.0,3.0,1.0,0.0,1.0,3.0,-22.0,32:44,10.0,0
2,203083,Andre Drummond,11.0,5.0,10.0,7.0,1.0,7.0,7.0,1.0,0.0,0.0,2.0,3.0,-17.0,29:18,7.8,0
3,201155,Rodney Stuckey,15.0,4.0,14.0,7.0,7.0,0.0,2.0,1.0,3.0,0.0,0.0,1.0,-18.0,28:05,9.5,0
4,201943,Brandon Jennings,17.0,5.0,17.0,8.0,6.0,0.0,1.0,0.0,7.0,0.0,2.0,4.0,-18.0,31:13,6.7,0
5,201973,Jonas Jerebko,17.0,5.0,11.0,3.0,3.0,2.0,2.0,0.0,0.0,0.0,2.0,2.0,-12.0,25:35,10.5,0
6,203484,Kentavious Caldwell-Pope,2.0,1.0,7.0,0.0,0.0,1.0,1.0,1.0,2.0,1.0,2.0,0.0,-11.0,22:36,0.8,0
7,203491,Peyton Siva,5.0,2.0,8.0,0.0,0.0,0.0,1.0,1.0,4.0,0.0,0.0,1.0,-11.0,21:50,3.3,0
8,203540,Gigi Datome,9.0,2.0,3.0,4.0,4.0,0.0,4.0,1.0,1.0,0.0,0.0,1.0,6.0,12:00,9.6,0
9,203502,Tony Mitchell,1.0,0.0,2.0,2.0,1.0,2.0,4.0,1.0,0.0,1.0,0.0,0.0,7.0,8:23,3.5,0
10,2746,Josh Smith,,,,,,,,,,,,,,,0.0,0
11,101111,Charlie Villanueva,,,,,,,,,,,,,,,0.0,0
12,2736,Luol Deng,13.0,6.0,12.0,1.0,1.0,0.0,2.0,0.0,7.0,0.0,2.0,2.0,10.0,24:36,9.7,1
13,202684,Tristan Thompson,10.0,5.0,6.0,1.0,0.0,1.0,3.0,0.0,0.0,2.0,0.0,1.0,9.0,24:04,9.4,1
14,201150,Spencer Hawes,15.0,6.0,8.0,0.0,0.0,2.0,6.0,1.0,3.0,0.0,4.0,2.0,14.0,18:43,14.5,1
15,203079,Dion Waiters,22.0,9.0,18.0,1.0,0.0,0.0,3.0,1.0,8.0,0.0,4.0,1.0,20.0,30:33,17.5,1
16,202681,Kyrie Irving,8.0,3.0,6.0,2.0,2.0,2.0,3.0,3.0,5.0,0.0,2.0,2.0,15.0,23:07,11.0,1
17,101127,Jarrett Jack,7.0,3.0,6.0,2.0,1.0,0.0,2.0,0.0,3.0,0.0,2.0,4.0,18.0,22:24,1.5,1
18,2760,Anderson Varejao,11.0,5.0,8.0,2.0,1.0,5.0,7.0,1.0,2.0,0.0,2.0,0.0,14.0,21:02,14.2,1
19,203092,Tyler Zeller,18.0,9.0,11.0,0.0,0.0,3.0,3.0,1.0,0.0,2.0,2.0,0.0,14.0,23:48,18.5,1
20,203521,Matthew Dellavedova,14.0,5.0,8.0,0.0,0.0,0.0,4.0,1.0,12.0,0.0,3.0,2.0,18.0,31:12,17.8,1
21,202087,Alonzo Gee,4.0,2.0,5.0,0.0,0.0,0.0,0.0,0.0,0.0,2.0,0.0,0.0,-7.0,8:23,2.7,1
22,203508,Sergey Karasev,0.0,0.0,1.0,0.0,0.0,0.0,1.0,0.0,0.0,0.0,3.0,1.0,-7.0,7:11,-2.6,1
23,203816,Scotty Hopson,0.0,0.0,4.0,0.0,0.0,0.0,0.0,0.0,1.0,0.0,0.0,0.0,-8.0,4:57,-2.1,1
