,id,name,PTS,FG,FGA,FTA,FT,OREB,DREB,STL,AST,BLK,PF,TO,PLUS_MINUS,MIN,GS,WIN
0,203090,Maurice Harkless,13.0,5.0,11.0,4.0,2.0,3.0,4.0,2.0,3.0,0.0,2.0,1.0,-19.0,40:40,12.1,0
1,202699,Tobias Harris,10.0,4.0,9.0,2.0,2.0,1.0,6.0,0.0,0.0,0.0,3.0,2.0,-13.0,35:12,4.6,0
2,201175,Glen Davis,19.0,8.0,14.0,3.0,3.0,1.0,7.0,1.0,0.0,0.0,1.0,0.0,-6.0,31:43,15.8,0
3,203506,Victor Oladipo,11.0,4.0,11.0,2.0,2.0,1.0,2.0,1.0,2.0,0.0,4.0,4.0,-8.0,30:15,3.0,0
4,2749,Jameer Nelson,21.0,7.0,14.0,4.0,3.0,1.0,1.0,1.0,7.0,0.0,1.0,3.0,-12.0,38:59,17.1,0
5,202734,E'Twaun Moore,4.0,2.0,7.0,0.0,0.0,0.0,0.0,1.0,3.0,1.0,2.0,0.0,-15.0,20:10,2.9,0
6,101131,Jason Maxiell,0.0,0.0,2.0,0.0,0.0,1.0,5.0,0.0,1.0,0.0,1.0,1.0,-10.0,14:48,0.1,0
7,203117,Doron Lamb,4.0,1.0,4.0,1.0,1.0,0.0,0.0,1.0,1.0,0.0,2.0,2.0,-10.0,17:32,0.5,0
8,203124,Kyle O'Quinn,0.0,0.0,1.0,0.0,0.0,0.0,2.0,0.0,1.0,0.0,1.0,1.0,-2.0,3:31,-0.8,0
9,203094,Andrew Nicholson,6.0,3.0,3.0,0.0,0.0,0.0,2.0,1.0,0.0,0.0,1.0,1.0,0.0,7:10,5.3,0
10,201167,Arron Afflalo,,,,,,,,,,,,,,,0.0,0
11,101179,Ronnie Price,,,,,,,,,,,,,,,0.0,0
12,202696,Nikola Vucevic,,,,,,,,,,,,,,,0.0,0
13,203109,Jae Crowder,14.0,6.0,8.0,0.0,0.0,0.0,4.0,3.0,1.0,1.0,2.0,0.0,15.0,24:40,15.6,1
14,1717,Dirk Nowitzki,15.0,4.0,10.0,6.0,6.0,0.0,5.0,0.0,2.0,1.0,2.0,3.0,-8.0,28:11,9.4,1
15,2223,Samuel Dalembert,2.0,1.0,2.0,0.0,0.0,1.0,5.0,0.0,0.0,1.0,4.0,3.0,-1.0,19:00,-0.7,1
16,101145,Monta Ellis,21.0,8.0,18.0,5.0,4.0,0.0,3.0,1.0,3.0,0.0,1.0,1.0,18.0,36:29,13.8,1
17,101181,Jose Calderon,13.0,5.0,9.0,0.0,0.0,0.0,1.0,2.0,4.0,0.0,1.0,1.0,11.0,32:15,12.4,1
18,1713,Vince Carter,17.0,6.0,10.0,2.0,2.0,0.0,1.0,0.0,2.0,0.0,1.0,0.0,20.0,22:52,13.7,1
19,201148,Brandan Wright,2.0,1.0,5.0,0.0,0.0,3.0,3.0,0.0,0.0,2.0,2.0,1.0,15.0,22:41,1.5,1
20,201971,DeJuan Blair,6.0,3.0,4.0,0.0,0.0,3.0,4.0,0.0,1.0,0.0,1.0,1.0,15.0,15:31,7.0,1
21,201961,Wayne Ellington,12.0,5.0,8.0,0.0,0.0,1.0,5.0,0.0,1.0,0.0,1.0,1.0,-3.0,20:52,9.9,1
22,203539,Gal Mekel,0.0,0.0,3.0,0.0,0.0,1.0,0.0,0.0,7.0,0.0,1.0,1.0,7.0,14:31,2.1,1
23,203495,Ricky Ledo,5.0,1.0,2.0,2.0,2.0,0.0,0.0,0.0,0.0,0.0,0.0,0.0,3.0,1:29,4.0,1
24,203108,Bernard James,0.0,0.0,0.0,0.0,0.0,0.0,0.0,0.0,0.0,1.0,0.0,0.0,3.0,1:29,0.7,1
25,1890,Shawn Marion,,,,,,,,,,,,,,,0.0,1
