,id,name,PTS,FG,FGA,FTA,FT,OREB,DREB,STL,AST,BLK,PF,TO,PLUS_MINUS,MIN,GS,WIN
0,101110,Martell Webster,18.0,7.0,16.0,1.0,0.0,0.0,5.0,0.0,7.0,0.0,0.0,1.0,14.0,42:47,14.6,1
1,2403,Nene,9.0,2.0,6.0,6.0,5.0,2.0,6.0,1.0,1.0,0.0,1.0,2.0,5.0,35:07,7.7,1
2,101162,Marcin Gortat,25.0,11.0,12.0,5.0,3.0,0.0,8.0,0.0,2.0,2.0,0.0,2.0,18.0,40:39,23.4,1
3,2772,Trevor Ariza,14.0,5.0,11.0,4.0,2.0,0.0,1.0,3.0,3.0,0.0,2.0,3.0,9.0,41:48,9.1,1
4,202322,John Wall,19.0,7.0,18.0,2.0,2.0,0.0,2.0,5.0,6.0,0.0,1.0,5.0,10.0,38:36,13.6,1
5,202686,Jan Vesely,4.0,1.0,3.0,2.0,2.0,1.0,4.0,3.0,0.0,0.0,2.0,2.0,-4.0,22:35,4.4,1
6,202066,Garrett Temple,6.0,2.0,2.0,2.0,2.0,2.0,1.0,2.0,4.0,0.0,2.0,3.0,-8.0,22:03,8.1,1
7,201953,Eric Maynor,3.0,1.0,4.0,0.0,0.0,0.0,1.0,0.0,4.0,0.0,0.0,1.0,-2.0,14:24,2.7,1
8,202338,Kevin Seraphin,2.0,1.0,2.0,0.0,0.0,0.0,1.0,0.0,0.0,0.0,1.0,0.0,-2.0,7:01,0.9,1
9,202344,Trevor Booker,,,,,,,,,,,,,,,0.0,1
10,1733,Al Harrington,,,,,,,,,,,,,,,0.0,1
11,203318,Glen Rice,,,,,,,,,,,,,,,0.0,1
12,202698,Chris Singleton,,,,,,,,,,,,,,,0.0,1
13,203114,Khris Middleton,13.0,6.0,11.0,0.0,0.0,0.0,7.0,1.0,2.0,0.0,3.0,3.0,-3.0,32:54,8.0,0
14,101141,Ersan Ilyasova,12.0,6.0,7.0,0.0,0.0,1.0,5.0,1.0,4.0,0.0,4.0,5.0,-4.0,39:10,8.9,0
15,2585,Zaza Pachulia,3.0,1.0,2.0,2.0,1.0,7.0,3.0,1.0,2.0,0.0,5.0,3.0,-6.0,36:13,4.8,0
16,201564,O.J. Mayo,21.0,9.0,23.0,0.0,0.0,2.0,5.0,2.0,3.0,0.0,1.0,3.0,-4.0,36:29,12.1,0
17,202688,Brandon Knight,7.0,2.0,12.0,2.0,2.0,0.0,4.0,1.0,5.0,0.0,0.0,5.0,1.0,30:03,0.1,0
18,203089,John Henson,5.0,2.0,6.0,2.0,1.0,1.0,4.0,0.0,2.0,1.0,3.0,0.0,-6.0,15:22,4.0,0
19,2406,Caron Butler,5.0,2.0,7.0,0.0,0.0,0.0,3.0,0.0,2.0,0.0,1.0,0.0,-5.0,20:06,2.8,0
20,2557,Luke Ridnour,8.0,3.0,5.0,0.0,0.0,0.0,0.0,0.0,1.0,0.0,1.0,2.0,-9.0,22:57,4.0,0
21,202327,Ekpe Udoh,8.0,3.0,3.0,2.0,2.0,0.0,2.0,1.0,2.0,0.0,1.0,1.0,0.0,15:08,8.7,0
22,202390,Gary Neal,10.0,3.0,9.0,2.0,2.0,0.0,0.0,0.0,3.0,0.0,1.0,0.0,-4.0,16:38,6.6,0
23,203507,Giannis Antetokounmpo,,,,,,,,,,,,,,,0.0,0
24,203545,Miroslav Raduljica,,,,,,,,,,,,,,,0.0,0
25,203489,Nate Wolters,,,,,,,,,,,,,,,0.0,0
