,id,name,PTS,FG,FGA,FTA,FT,OREB,DREB,STL,AST,BLK,PF,TO,PLUS_MINUS,MIN,GS,WIN
0,202323,Evan Turner,27.0,10.0,19.0,8.0,7.0,1.0,3.0,0.0,4.0,0.0,1.0,7.0,-9.0,36:47,14.3,0
1,201152,Thaddeus Young,17.0,7.0,15.0,3.0,3.0,5.0,2.0,2.0,1.0,0.0,3.0,1.0,-9.0,33:00,13.9,0
2,201150,Spencer Hawes,14.0,5.0,11.0,4.0,3.0,2.0,10.0,0.0,2.0,0.0,1.0,0.0,-3.0,31:55,13.3,0
3,202341,James Anderson,2.0,1.0,6.0,0.0,0.0,0.0,4.0,2.0,5.0,2.0,1.0,2.0,-5.0,38:50,3.9,0
4,203100,Tony Wroten,22.0,9.0,19.0,6.0,4.0,0.0,0.0,1.0,6.0,0.0,4.0,1.0,-19.0,37:34,14.1,0
5,202730,Lavoy Allen,7.0,3.0,5.0,2.0,1.0,1.0,3.0,0.0,0.0,2.0,3.0,0.0,-7.0,16:05,6.1,0
6,202721,Darius Morris,9.0,3.0,7.0,0.0,0.0,0.0,0.0,0.0,3.0,0.0,2.0,2.0,4.0,16:40,4.6,0
7,203138,Hollis Thompson,5.0,2.0,3.0,0.0,0.0,0.0,4.0,1.0,0.0,0.0,1.0,2.0,-1.0,14:09,3.5,0
8,202350,Daniel Orton,0.0,0.0,0.0,0.0,0.0,0.0,2.0,0.0,0.0,0.0,2.0,1.0,3.0,4:56,-1.2,0
9,203561,Brandon Davies,0.0,0.0,1.0,0.0,0.0,0.0,2.0,0.0,0.0,0.0,1.0,0.0,-4.0,10:04,-0.5,0
10,2198,Kwame Brown,,,,,,,,,,,,,,,0.0,0
11,203487,Michael Carter-Williams,,,,,,,,,,,,,,,0.0,0
12,201960,DeMarre Carroll,21.0,8.0,14.0,0.0,0.0,0.0,6.0,1.0,2.0,0.0,3.0,0.0,16.0,34:10,17.4,1
13,201143,Al Horford,20.0,8.0,15.0,4.0,4.0,1.0,7.0,1.0,3.0,3.0,0.0,2.0,16.0,34:41,18.7,1
14,202970,Gustavo Ayon,6.0,3.0,5.0,0.0,0.0,1.0,3.0,0.0,1.0,1.0,5.0,0.0,11.0,16:47,4.7,1
15,2594,Kyle Korver,13.0,3.0,6.0,4.0,4.0,1.0,5.0,0.0,2.0,1.0,4.0,2.0,14.0,33:38,10.7,1
16,201952,Jeff Teague,33.0,10.0,16.0,13.0,12.0,0.0,4.0,1.0,10.0,0.0,3.0,4.0,18.0,34:52,29.4,1
17,200794,Paul Millsap,8.0,3.0,8.0,6.0,2.0,0.0,4.0,2.0,3.0,0.0,4.0,3.0,-3.0,28:60,2.7,1
18,1882,Elton Brand,2.0,0.0,2.0,2.0,2.0,0.0,4.0,0.0,1.0,0.0,1.0,0.0,-1.0,11:46,2.1,1
19,101150,Lou Williams,7.0,3.0,8.0,0.0,0.0,1.0,2.0,1.0,2.0,0.0,1.0,0.0,-1.0,16:01,5.9,1
20,203471,Dennis Schroder,1.0,0.0,0.0,2.0,1.0,1.0,0.0,0.0,1.0,0.0,0.0,3.0,-8.0,12:17,-1.0,1
21,201858,Cartier Martin,0.0,0.0,6.0,0.0,0.0,0.0,2.0,0.0,0.0,0.0,2.0,1.0,-7.0,12:31,-5.4,1
22,203118,Mike Scott,2.0,1.0,1.0,0.0,0.0,1.0,0.0,0.0,0.0,0.0,0.0,0.0,-5.0,4:17,2.4,1
23,203544,Pero Antic,,,,,,,,,,,,,,,0.0,1
24,202714,Shelvin Mack,,,,,,,,,,,,,,,0.0,1
