,id,name,PTS,FG,FGA,FTA,FT,OREB,DREB,STL,AST,BLK,PF,TO,PLUS_MINUS,MIN,GS,WIN
0,200752,Rudy Gay,14.0,4.0,12.0,6.0,6.0,2.0,7.0,1.0,3.0,1.0,1.0,3.0,-16.0,32:56,11.1,0
1,201574,Jason Thompson,0.0,0.0,0.0,0.0,0.0,1.0,2.0,0.0,0.0,2.0,3.0,1.0,-2.0,15:27,0.5,0
2,202326,DeMarcus Cousins,21.0,5.0,12.0,16.0,11.0,4.0,6.0,0.0,0.0,1.0,2.0,4.0,-14.0,35:49,13.1,0
3,201977,Marcus Thornton,11.0,4.0,9.0,0.0,0.0,0.0,0.0,1.0,0.0,0.0,0.0,2.0,-4.0,24:31,5.3,0
4,202738,Isaiah Thomas,16.0,7.0,14.0,5.0,1.0,0.0,2.0,1.0,8.0,1.0,2.0,2.0,-13.0,36:26,12.5,0
5,203112,Quincy Acy,5.0,2.0,2.0,0.0,0.0,1.0,4.0,0.0,1.0,0.0,2.0,1.0,-8.0,15:10,5.2,0
6,203463,Ben McLemore,9.0,3.0,6.0,2.0,1.0,0.0,0.0,0.0,2.0,0.0,2.0,0.0,-6.0,23:29,6.2,0
7,202682,Derrick Williams,10.0,4.0,10.0,2.0,2.0,1.0,2.0,1.0,2.0,1.0,3.0,1.0,-10.0,26:37,6.8,0
8,202690,Jimmer Fredette,0.0,0.0,3.0,0.0,0.0,0.0,0.0,0.0,2.0,0.0,0.0,0.0,-5.0,8:25,-0.7,0
9,201189,Aaron Gray,0.0,0.0,0.0,0.0,0.0,0.0,2.0,0.0,0.0,0.0,2.0,0.0,3.0,8:03,-0.2,0
10,203492,Ray McCallum,2.0,1.0,1.0,0.0,0.0,0.0,1.0,0.0,0.0,0.0,0.0,0.0,8.0,3:09,2.0,0
11,201171,Carl Landry,6.0,2.0,2.0,2.0,2.0,0.0,1.0,0.0,0.0,0.0,1.0,0.0,9.0,7:03,5.3,0
12,2566,Travis Outlaw,5.0,2.0,3.0,0.0,0.0,0.0,0.0,0.0,0.0,0.0,0.0,0.0,8.0,2:55,3.7,0
13,2736,Luol Deng,22.0,9.0,17.0,0.0,0.0,1.0,2.0,1.0,4.0,0.0,2.0,1.0,12.0,33:21,17.0,1
14,202684,Tristan Thompson,16.0,5.0,10.0,8.0,6.0,6.0,7.0,2.0,1.0,0.0,3.0,1.0,8.0,30:04,17.0,1
15,203092,Tyler Zeller,6.0,3.0,5.0,0.0,0.0,1.0,3.0,0.0,1.0,0.0,3.0,2.0,5.0,18:15,2.8,1
16,202681,Kyrie Irving,13.0,5.0,12.0,0.0,0.0,0.0,2.0,1.0,6.0,0.0,3.0,1.0,14.0,33:25,10.2,1
17,101127,Jarrett Jack,2.0,1.0,3.0,0.0,0.0,0.0,3.0,2.0,4.0,1.0,3.0,3.0,7.0,17:44,2.5,1
18,203461,Anthony Bennett,19.0,6.0,9.0,9.0,4.0,3.0,7.0,1.0,0.0,0.0,1.0,1.0,5.0,29:45,16.9,1
19,203079,Dion Waiters,20.0,7.0,17.0,4.0,4.0,0.0,1.0,0.0,8.0,0.0,3.0,1.0,5.0,28:07,14.6,1
20,202087,Alonzo Gee,4.0,2.0,5.0,0.0,0.0,0.0,0.0,0.0,1.0,0.0,0.0,0.0,-2.0,14:39,2.0,1
21,203521,Matthew Dellavedova,0.0,0.0,3.0,0.0,0.0,1.0,3.0,1.0,5.0,0.0,3.0,0.0,-6.0,16:44,2.8,1
22,203156,Henry Sims,7.0,3.0,5.0,2.0,1.0,3.0,2.0,0.0,0.0,0.0,6.0,2.0,2.0,17:56,2.6,1
23,201947,Earl Clark,,,,,,,,,,,,,,,0.0,1
24,101139,CJ Miles,,,,,,,,,,,,,,,0.0,1
25,2760,Anderson Varejao,,,,,,,,,,,,,,,0.0,1
