,id,name,PTS,FG,FGA,FTA,FT,OREB,DREB,STL,AST,BLK,PF,TO,PLUS_MINUS,MIN,GS,WIN
0,2440,Matt Barnes,15.0,6.0,15.0,0.0,0.0,0.0,10.0,1.0,2.0,1.0,4.0,0.0,18.0,37:38,11.4,1
1,201933,Blake Griffin,7.0,2.0,3.0,3.0,3.0,0.0,1.0,0.0,1.0,1.0,1.0,0.0,-6.0,6:11,7.0,1
2,201599,DeAndre Jordan,20.0,7.0,10.0,14.0,6.0,3.0,9.0,0.0,0.0,6.0,5.0,3.0,8.0,36:35,16.6,1
3,201954,Darren Collison,11.0,4.0,14.0,4.0,2.0,2.0,3.0,4.0,5.0,1.0,4.0,0.0,11.0,41:07,10.9,1
4,101108,Chris Paul,30.0,10.0,16.0,6.0,5.0,1.0,4.0,3.0,12.0,0.0,4.0,1.0,13.0,38:58,33.1,1
5,201162,Jared Dudley,4.0,2.0,4.0,0.0,0.0,2.0,0.0,0.0,1.0,1.0,1.0,1.0,-12.0,13:42,3.4,1
6,2037,Jamal Crawford,22.0,7.0,15.0,8.0,5.0,1.0,2.0,0.0,3.0,0.0,3.0,1.0,12.0,25:58,14.3,1
7,203493,Reggie Bullock,0.0,0.0,2.0,0.0,0.0,1.0,0.0,0.0,0.0,0.0,1.0,1.0,1.0,7:20,-2.1,1
8,201175,Glen Davis,0.0,0.0,2.0,0.0,0.0,0.0,0.0,1.0,0.0,0.0,0.0,0.0,-5.0,3:45,-0.4,1
9,2045,Hedo Turkoglu,3.0,1.0,2.0,1.0,1.0,0.0,0.0,0.0,0.0,0.0,1.0,0.0,-3.0,5:05,1.6,1
10,200797,Ryan Hollins,4.0,2.0,2.0,0.0,0.0,2.0,1.0,0.0,1.0,0.0,4.0,0.0,8.0,7:40,4.2,1
11,2584,Willie Green,2.0,1.0,4.0,0.0,0.0,0.0,1.0,1.0,1.0,0.0,1.0,2.0,10.0,16:01,-0.8,1
12,101122,Danny Granger,,,,,,,,,,,,,,,0.0,1
13,202718,Chandler Parsons,28.0,9.0,19.0,11.0,9.0,1.0,8.0,1.0,2.0,0.0,3.0,2.0,-13.0,46:01,19.8,0
14,203093,Terrence Jones,2.0,1.0,4.0,2.0,0.0,4.0,1.0,0.0,0.0,0.0,4.0,0.0,-20.0,18:32,0.3,0
15,201600,Omer Asik,12.0,5.0,9.0,2.0,2.0,4.0,7.0,0.0,0.0,1.0,5.0,2.0,-7.0,34:57,9.3,0
16,201935,James Harden,32.0,9.0,22.0,13.0,11.0,2.0,5.0,1.0,6.0,0.0,3.0,6.0,-2.0,41:31,20.3,0
17,202391,Jeremy Lin,10.0,1.0,9.0,8.0,8.0,0.0,2.0,0.0,2.0,0.0,3.0,3.0,-8.0,31:36,1.9,0
18,202700,Donatas Motiejunas,6.0,3.0,8.0,1.0,0.0,1.0,6.0,0.0,1.0,2.0,3.0,1.0,3.0,26:55,3.6,0
19,201956,Omri Casspi,0.0,0.0,1.0,0.0,0.0,1.0,1.0,0.0,0.0,0.0,1.0,0.0,6.0,11:31,-0.1,0
20,203477,Isaiah Canaan,14.0,3.0,5.0,8.0,6.0,0.0,4.0,0.0,3.0,0.0,2.0,4.0,-7.0,20:29,9.4,0
21,101128,Francisco Garcia,3.0,1.0,2.0,0.0,0.0,1.0,1.0,0.0,0.0,0.0,1.0,1.0,-7.0,8:28,1.6,0
22,201976,Patrick Beverley,,,,,,,,,,,,,,,0.0,0
23,202706,Jordan Hamilton,,,,,,,,,,,,,,,0.0,0
24,2730,Dwight Howard,,,,,,,,,,,,,,,0.0,0
25,202962,Greg Smith,,,,,,,,,,,,,,,0.0,0
