,id,name,PTS,FG,FGA,FTA,FT,OREB,DREB,STL,AST,BLK,PF,TO,PLUS_MINUS,MIN,GS,WIN
0,2772,Trevor Ariza,10.0,3.0,9.0,5.0,3.0,1.0,3.0,0.0,1.0,0.0,3.0,1.0,11.0,35:42,4.2,1
1,202344,Trevor Booker,4.0,2.0,4.0,0.0,0.0,2.0,4.0,1.0,2.0,0.0,2.0,0.0,10.0,29:28,6.2,1
2,101162,Marcin Gortat,13.0,6.0,10.0,3.0,1.0,3.0,7.0,0.0,2.0,0.0,2.0,1.0,4.0,33:00,11.4,1
3,203078,Bradley Beal,28.0,12.0,22.0,5.0,3.0,2.0,3.0,2.0,0.0,0.0,0.0,1.0,3.0,39:10,19.9,1
4,202322,John Wall,19.0,8.0,14.0,2.0,2.0,0.0,4.0,1.0,9.0,0.0,3.0,7.0,5.0,34:13,12.7,1
5,101110,Martell Webster,6.0,2.0,6.0,0.0,0.0,0.0,3.0,3.0,0.0,0.0,2.0,1.0,-4.0,31:31,4.7,1
6,1889,Andre Miller,6.0,3.0,7.0,0.0,0.0,1.0,3.0,0.0,3.0,0.0,1.0,1.0,-10.0,15:17,4.6,1
7,2400,Drew Gooden,4.0,2.0,4.0,0.0,0.0,3.0,2.0,0.0,1.0,0.0,2.0,2.0,-3.0,14:60,2.6,1
8,1733,Al Harrington,0.0,0.0,2.0,0.0,0.0,0.0,0.0,0.0,0.0,0.0,0.0,1.0,-11.0,6:38,-2.4,1
9,203490,Otto Porter Jr.,,,,,,,,,,,,,,,0.0,1
10,202338,Kevin Seraphin,,,,,,,,,,,,,,,0.0,1
11,202698,Chris Singleton,,,,,,,,,,,,,,,0.0,1
12,202066,Garrett Temple,,,,,,,,,,,,,,,0.0,1
13,2546,Carmelo Anthony,10.0,5.0,14.0,0.0,0.0,1.0,7.0,4.0,5.0,0.0,3.0,9.0,-13.0,38:22,2.3,0
14,2405,Amar'e Stoudemire,16.0,6.0,9.0,4.0,4.0,0.0,4.0,0.0,0.0,1.0,1.0,1.0,0.0,29:42,12.6,0
15,2199,Tyson Chandler,6.0,3.0,7.0,0.0,0.0,2.0,6.0,1.0,0.0,0.0,0.0,0.0,-11.0,30:38,6.5,0
16,101109,Raymond Felton,9.0,2.0,8.0,4.0,3.0,1.0,4.0,1.0,7.0,0.0,3.0,0.0,-6.0,27:51,10.4,0
17,2747,JR Smith,32.0,12.0,23.0,0.0,0.0,1.0,2.0,0.0,1.0,0.0,3.0,2.0,11.0,43:27,19.5,0
18,202697,Iman Shumpert,5.0,2.0,5.0,0.0,0.0,3.0,1.0,3.0,2.0,0.0,2.0,1.0,9.0,28:32,7.3,0
19,203501,Tim Hardaway Jr.,5.0,2.0,6.0,0.0,0.0,0.0,0.0,0.0,1.0,0.0,1.0,1.0,0.0,21:18,0.9,0
20,203143,Pablo Prigioni,6.0,2.0,4.0,0.0,0.0,0.0,2.0,0.0,7.0,0.0,1.0,2.0,5.0,20:09,7.1,0
21,202332,Cole Aldrich,,,,,,,,,,,,,,,0.0,0
22,200769,Shannon Brown,,,,,,,,,,,,,,,0.0,0
23,203315,Toure' Murry,,,,,,,,,,,,,,,0.0,0
24,202719,Jeremy Tyler,,,,,,,,,,,,,,,0.0,0
