,id,name,PTS,FG,FGA,FTA,FT,OREB,DREB,STL,AST,BLK,PF,TO,PLUS_MINUS,MIN,GS,WIN
0,203077,Michael Kidd-Gilchrist,7.0,1.0,2.0,6.0,5.0,1.0,5.0,0.0,2.0,0.0,0.0,0.0,10.0,19:43,9.2,1
1,203469,Cody Zeller,9.0,3.0,5.0,6.0,3.0,1.0,7.0,0.0,3.0,1.0,2.0,3.0,13.0,26:57,7.3,1
2,2744,Al Jefferson,25.0,9.0,17.0,10.0,7.0,1.0,9.0,0.0,0.0,0.0,0.0,1.0,12.0,30:35,17.9,1
3,201945,Gerald Henderson,14.0,5.0,8.0,4.0,3.0,0.0,2.0,1.0,4.0,0.0,1.0,0.0,10.0,26:29,14.0,1
4,202689,Kemba Walker,8.0,3.0,6.0,2.0,2.0,0.0,0.0,0.0,5.0,0.0,4.0,0.0,15.0,20:16,6.9,1
5,202390,Gary Neal,15.0,6.0,10.0,2.0,2.0,0.0,0.0,0.0,3.0,0.0,1.0,0.0,25.0,18:50,12.1,1
6,2557,Luke Ridnour,8.0,3.0,8.0,0.0,0.0,0.0,2.0,0.0,1.0,0.0,1.0,1.0,11.0,20:02,3.5,1
7,201229,Anthony Tolliver,16.0,5.0,8.0,2.0,2.0,1.0,7.0,0.0,5.0,0.0,3.0,1.0,17.0,21:03,16.5,1
8,201604,Chris Douglas-Roberts,14.0,4.0,6.0,3.0,3.0,0.0,2.0,0.0,4.0,1.0,1.0,2.0,17.0,24:51,13.1,1
9,202687,Bismack Biyombo,2.0,1.0,3.0,0.0,0.0,4.0,3.0,0.0,0.0,2.0,3.0,1.0,18.0,17:25,3.2,1
10,2457,Jannero Pargo,5.0,2.0,5.0,0.0,0.0,1.0,0.0,0.0,5.0,0.0,1.0,0.0,4.0,7:42,6.1,1
11,201591,DJ White,0.0,0.0,1.0,0.0,0.0,0.0,1.0,0.0,0.0,0.0,0.0,0.0,-2.0,6:07,-0.4,1
12,201177,Josh McRoberts,,,,,,,,,,,,,,,0.0,1
13,203138,Hollis Thompson,9.0,3.0,5.0,2.0,2.0,1.0,1.0,0.0,0.0,0.0,4.0,1.0,-22.0,26:18,5.1,0
14,201152,Thaddeus Young,11.0,4.0,13.0,3.0,3.0,0.0,5.0,2.0,4.0,0.0,2.0,4.0,-21.0,34:08,5.0,0
15,203156,Henry Sims,15.0,5.0,13.0,7.0,5.0,4.0,2.0,1.0,2.0,0.0,2.0,1.0,-28.0,31:15,11.1,0
16,202341,James Anderson,0.0,0.0,4.0,0.0,0.0,0.0,3.0,0.0,2.0,0.0,2.0,1.0,-16.0,25:07,-2.3,0
17,203487,Michael Carter-Williams,22.0,10.0,18.0,4.0,2.0,2.0,5.0,0.0,3.0,1.0,3.0,1.0,-18.0,26:34,16.1,0
18,202363,Jarvis Varnado,4.0,2.0,5.0,0.0,0.0,0.0,1.0,0.0,4.0,1.0,5.0,1.0,-7.0,15:48,2.1,0
19,203100,Tony Wroten,8.0,2.0,8.0,6.0,4.0,0.0,0.0,0.0,4.0,0.0,2.0,1.0,-17.0,20:32,3.4,0
20,202343,Elliot Williams,12.0,5.0,8.0,0.0,0.0,0.0,2.0,0.0,0.0,0.0,3.0,1.0,-5.0,20:41,6.8,0
21,203263,James Nunnally,3.0,1.0,4.0,2.0,1.0,0.0,3.0,2.0,1.0,0.0,0.0,0.0,-11.0,17:38,3.8,0
22,203561,Brandon Davies,6.0,2.0,3.0,2.0,2.0,0.0,3.0,0.0,0.0,0.0,1.0,0.0,-4.0,14:49,5.2,0
23,203810,Casper Ware,3.0,1.0,2.0,0.0,0.0,0.0,0.0,0.0,1.0,0.0,0.0,0.0,-1.0,7:10,2.7,0
24,203102,Arnett Moultrie,,,,,,,,,,,,,,,0.0,0
