,id,name,PTS,FG,FGA,FTA,FT,OREB,DREB,STL,AST,BLK,PF,TO,PLUS_MINUS,MIN,GS,WIN
0,2546,Carmelo Anthony,25.0,8.0,20.0,11.0,8.0,4.0,3.0,2.0,1.0,0.0,5.0,7.0,-5.0,37:15,10.4,0
1,2030,Kenyon Martin,5.0,1.0,2.0,4.0,3.0,1.0,6.0,2.0,0.0,1.0,3.0,0.0,3.0,28:58,7.6,0
2,200745,Andrea Bargnani,13.0,6.0,12.0,1.0,1.0,1.0,5.0,0.0,2.0,1.0,4.0,0.0,-10.0,37:58,9.7,0
3,202697,Iman Shumpert,11.0,5.0,9.0,0.0,0.0,0.0,2.0,1.0,1.0,0.0,5.0,1.0,-9.0,34:10,6.0,0
4,2757,Beno Udrih,0.0,0.0,3.0,0.0,0.0,1.0,0.0,0.0,4.0,0.0,0.0,2.0,-9.0,18:28,-0.6,0
5,2747,JR Smith,18.0,7.0,15.0,2.0,2.0,0.0,1.0,1.0,2.0,0.0,2.0,3.0,1.0,34:12,9.2,0
6,203143,Pablo Prigioni,8.0,3.0,5.0,0.0,0.0,0.0,5.0,2.0,5.0,1.0,2.0,0.0,-2.0,23:00,12.6,0
7,203501,Tim Hardaway Jr.,0.0,0.0,3.0,0.0,0.0,0.0,1.0,1.0,0.0,0.0,0.0,0.0,-1.0,10:52,-0.8,0
8,2405,Amar'e Stoudemire,6.0,3.0,7.0,0.0,0.0,3.0,2.0,0.0,1.0,0.0,1.0,0.0,2.0,15:07,5.3,0
9,202332,Cole Aldrich,,,,,,,,,,,,,,,0.0,0
10,101109,Raymond Felton,,,,,,,,,,,,,,,0.0,0
11,203315,Toure' Murry,,,,,,,,,,,,,,,0.0,0
12,1897,Metta World Peace,,,,,,,,,,,,,,,0.0,0
13,2746,Josh Smith,19.0,7.0,19.0,5.0,3.0,3.0,2.0,1.0,4.0,0.0,3.0,1.0,9.0,41:27,12.0,1
14,202328,Greg Monroe,16.0,6.0,8.0,4.0,4.0,2.0,9.0,0.0,1.0,0.0,4.0,5.0,10.0,36:24,11.0,1
15,203083,Andre Drummond,13.0,6.0,7.0,5.0,1.0,4.0,7.0,2.0,1.0,3.0,4.0,3.0,-6.0,35:47,14.0,1
16,203484,Kentavious Caldwell-Pope,13.0,4.0,12.0,2.0,2.0,0.0,4.0,1.0,0.0,0.0,2.0,0.0,12.0,29:29,7.6,1
17,201943,Brandon Jennings,2.0,1.0,3.0,0.0,0.0,0.0,0.0,0.0,7.0,1.0,0.0,1.0,3.0,26:34,4.9,1
18,201155,Rodney Stuckey,21.0,8.0,14.0,5.0,5.0,1.0,1.0,1.0,5.0,0.0,3.0,2.0,-2.0,31:01,16.7,1
19,202713,Kyle Singler,5.0,2.0,4.0,0.0,0.0,0.0,2.0,0.0,0.0,0.0,2.0,0.0,3.0,23:13,2.8,1
20,203491,Peyton Siva,0.0,0.0,1.0,0.0,0.0,0.0,2.0,0.0,0.0,0.0,2.0,1.0,4.0,11:22,-1.9,1
21,203540,Gigi Datome,3.0,1.0,2.0,0.0,0.0,0.0,0.0,1.0,1.0,0.0,0.0,2.0,-3.0,4:44,1.7,1
22,202725,Josh Harrellson,,,,,,,,,,,,,,,0.0,1
23,201973,Jonas Jerebko,,,,,,,,,,,,,,,0.0,1
24,203502,Tony Mitchell,,,,,,,,,,,,,,,0.0,1
25,101111,Charlie Villanueva,,,,,,,,,,,,,,,0.0,1
