,id,name,PTS,FG,FGA,FTA,FT,OREB,DREB,STL,AST,BLK,PF,TO,PLUS_MINUS,MIN,GS,WIN
0,202695,Kawhi Leonard,13.0,6.0,8.0,0.0,0.0,1.0,2.0,2.0,2.0,0.0,1.0,2.0,11.0,30:45,12.1,1
1,1495,Tim Duncan,22.0,9.0,17.0,6.0,4.0,2.0,10.0,0.0,3.0,0.0,2.0,2.0,5.0,28:40,16.6,1
2,201965,Jeff Ayres,0.0,0.0,4.0,0.0,0.0,3.0,1.0,0.0,1.0,0.0,2.0,1.0,-8.0,11:54,-1.5,1
3,201980,Danny Green,3.0,1.0,4.0,0.0,0.0,0.0,4.0,0.0,0.0,1.0,2.0,0.0,9.0,17:12,1.7,1
4,2225,Tony Parker,15.0,6.0,15.0,3.0,3.0,0.0,5.0,0.0,7.0,0.0,2.0,2.0,14.0,29:51,10.5,1
5,2564,Boris Diaw,4.0,2.0,3.0,0.0,0.0,0.0,4.0,1.0,3.0,0.0,1.0,0.0,23.0,23:20,6.6,1
6,201158,Marco Belinelli,11.0,4.0,8.0,0.0,0.0,0.0,3.0,0.0,1.0,0.0,1.0,1.0,9.0,24:16,7.2,1
7,1938,Manu Ginobili,6.0,2.0,6.0,2.0,2.0,0.0,6.0,1.0,3.0,0.0,1.0,2.0,3.0,21:29,5.1,1
8,201988,Patty Mills,11.0,5.0,7.0,0.0,0.0,2.0,1.0,1.0,2.0,0.0,2.0,0.0,7.0,17:07,11.4,1
9,203382,Aron Baynes,9.0,4.0,8.0,1.0,1.0,2.0,6.0,0.0,2.0,0.0,1.0,0.0,11.0,16:46,9.2,1
10,2588,Matt Bonner,6.0,2.0,5.0,0.0,0.0,0.0,2.0,0.0,0.0,0.0,0.0,0.0,1.0,15:12,3.9,1
11,201986,Nando De Colo,0.0,0.0,1.0,0.0,0.0,0.0,0.0,0.0,0.0,0.0,0.0,0.0,0.0,2:26,-0.7,1
12,202709,Cory Joseph,0.0,0.0,2.0,0.0,0.0,1.0,0.0,1.0,0.0,0.0,0.0,0.0,-5.0,1:02,0.3,1
13,2210,Richard Jefferson,8.0,3.0,5.0,1.0,1.0,0.0,4.0,0.0,1.0,1.0,0.0,0.0,-10.0,24:10,8.3,0
14,101107,Marvin Williams,10.0,4.0,7.0,0.0,0.0,0.0,7.0,1.0,2.0,3.0,3.0,0.0,-4.0,27:10,12.1,0
15,202324,Derrick Favors,6.0,3.0,8.0,0.0,0.0,1.0,6.0,0.0,0.0,2.0,4.0,2.0,-8.0,31:00,1.9,0
16,202330,Gordon Hayward,18.0,7.0,16.0,5.0,4.0,0.0,5.0,2.0,5.0,1.0,1.0,1.0,-12.0,40:01,15.5,0
17,203504,Trey Burke,20.0,9.0,18.0,2.0,1.0,0.0,2.0,0.0,5.0,0.0,2.0,2.0,-14.0,32:08,11.9,0
18,202692,Alec Burks,9.0,4.0,16.0,1.0,1.0,1.0,1.0,0.0,0.0,0.0,2.0,0.0,-8.0,26:29,-0.4,0
19,202379,Jeremy Evans,4.0,2.0,7.0,0.0,0.0,4.0,7.0,1.0,2.0,2.0,0.0,1.0,-12.0,20:50,7.6,0
20,203197,Diante Garrett,0.0,0.0,1.0,0.0,0.0,0.0,0.0,1.0,1.0,0.0,0.0,1.0,-2.0,6:14,0.0,0
21,202683,Enes Kanter,3.0,1.0,6.0,2.0,1.0,1.0,0.0,0.0,0.0,2.0,3.0,2.0,-13.0,15:58,-2.3,0
22,201575,Brandon Rush,3.0,1.0,3.0,0.0,0.0,0.0,0.0,0.0,0.0,0.0,1.0,0.0,-7.0,4:18,0.9,0
23,101249,John Lucas III,3.0,1.0,2.0,0.0,0.0,0.0,1.0,0.0,1.0,0.0,1.0,0.0,5.0,10:40,2.6,0
24,200839,Mike Harris,0.0,0.0,0.0,0.0,0.0,1.0,1.0,0.0,0.0,0.0,0.0,0.0,5.0,1:02,1.0,0
25,2740,Andris Biedrins,,,,,,,,,,,,,,,0.0,0
