,id,name,PTS,FG,FGA,FTA,FT,OREB,DREB,STL,AST,BLK,PF,TO,PLUS_MINUS,MIN,GS,WIN
0,2440,Matt Barnes,12.0,4.0,6.0,2.0,2.0,0.0,3.0,0.0,3.0,1.0,2.0,0.0,12.0,34:20,12.3,1
1,201933,Blake Griffin,22.0,6.0,12.0,14.0,10.0,0.0,4.0,1.0,3.0,0.0,5.0,4.0,17.0,33:04,12.7,1
2,201599,DeAndre Jordan,14.0,7.0,10.0,1.0,0.0,7.0,9.0,1.0,2.0,4.0,3.0,1.0,14.0,37:05,20.0,1
3,2037,Jamal Crawford,24.0,8.0,17.0,1.0,1.0,0.0,0.0,0.0,5.0,0.0,3.0,2.0,12.0,33:59,15.6,1
4,101108,Chris Paul,19.0,6.0,10.0,7.0,7.0,0.0,4.0,2.0,13.0,0.0,4.0,0.0,18.0,30:20,25.1,1
5,201954,Darren Collison,12.0,5.0,10.0,1.0,1.0,1.0,1.0,0.0,3.0,0.0,1.0,2.0,-3.0,21:54,7.7,1
6,201162,Jared Dudley,5.0,2.0,5.0,0.0,0.0,1.0,1.0,0.0,4.0,0.0,1.0,0.0,-1.0,17:27,5.7,1
7,2045,Hedo Turkoglu,12.0,4.0,10.0,0.0,0.0,1.0,3.0,0.0,1.0,0.0,4.0,0.0,-4.0,14:56,7.3,1
8,200797,Ryan Hollins,0.0,0.0,0.0,0.0,0.0,0.0,2.0,0.0,0.0,0.0,5.0,0.0,-1.0,10:53,-1.4,1
9,203493,Reggie Bullock,3.0,1.0,3.0,0.0,0.0,0.0,3.0,0.0,0.0,0.0,0.0,0.0,1.0,6:03,2.2,1
10,2584,Willie Green,,,,,,,,,,,,,,,0.0,1
11,200755,JJ Redick,,,,,,,,,,,,,,,0.0,1
12,202329,Al-Farouq Aminu,12.0,4.0,9.0,3.0,3.0,3.0,1.0,0.0,2.0,0.0,2.0,1.0,-7.0,20:35,9.3,0
13,203076,Anthony Davis,26.0,7.0,16.0,13.0,12.0,1.0,10.0,0.0,2.0,2.0,4.0,1.0,-22.0,38:03,21.1,0
14,201880,Greg Stiemsma,2.0,1.0,2.0,0.0,0.0,2.0,4.0,1.0,1.0,0.0,2.0,0.0,-10.0,11:25,4.5,0
15,201569,Eric Gordon,10.0,4.0,6.0,0.0,0.0,0.0,0.0,0.0,1.0,0.0,3.0,1.0,-21.0,23:01,5.9,0
16,203148,Brian Roberts,4.0,1.0,4.0,2.0,2.0,2.0,1.0,0.0,7.0,1.0,0.0,2.0,-9.0,18:40,6.9,0
17,201582,Alexis Ajinca,19.0,7.0,13.0,6.0,5.0,6.0,6.0,0.0,1.0,1.0,5.0,0.0,6.0,26:39,17.7,0
18,201936,Tyreke Evans,8.0,4.0,13.0,2.0,0.0,0.0,4.0,0.0,5.0,0.0,1.0,1.0,-11.0,29:17,3.0,0
19,203085,Austin Rivers,10.0,3.0,8.0,3.0,3.0,0.0,2.0,1.0,3.0,1.0,4.0,1.0,-4.0,29:23,7.4,0
20,202337,Luke Babbitt,3.0,1.0,3.0,0.0,0.0,1.0,1.0,0.0,2.0,2.0,1.0,1.0,6.0,14:04,3.7,0
21,201627,Anthony Morrow,13.0,4.0,10.0,4.0,3.0,1.0,1.0,0.0,0.0,0.0,0.0,1.0,11.0,22:21,7.2,0
22,203481,Jeff Withey,3.0,1.0,3.0,2.0,1.0,4.0,0.0,0.0,0.0,0.0,1.0,0.0,-4.0,6:33,3.3,0
23,203121,Darius Miller,,,,,,,,,,,,,,,0.0,0
24,201160,Jason Smith,,,,,,,,,,,,,,,0.0,0
