,id,name,PTS,FG,FGA,FTA,FT,OREB,DREB,STL,AST,BLK,PF,TO,PLUS_MINUS,MIN,GS,WIN
0,200752,Rudy Gay,15.0,5.0,13.0,4.0,3.0,1.0,4.0,3.0,1.0,0.0,2.0,2.0,-13.0,32:48,10.3,0
1,201574,Jason Thompson,2.0,1.0,3.0,0.0,0.0,0.0,6.0,0.0,0.0,0.0,2.0,2.0,-11.0,26:25,-0.7,0
2,202326,DeMarcus Cousins,24.0,8.0,12.0,10.0,8.0,3.0,4.0,1.0,2.0,0.0,4.0,5.0,1.0,27:07,17.1,0
3,203463,Ben McLemore,14.0,4.0,11.0,4.0,4.0,1.0,1.0,1.0,1.0,1.0,3.0,3.0,-13.0,30:26,7.1,0
4,202738,Isaiah Thomas,14.0,5.0,13.0,4.0,3.0,0.0,2.0,1.0,5.0,0.0,0.0,1.0,-10.0,34:41,10.6,0
5,2501,Reggie Evans,8.0,3.0,4.0,10.0,2.0,2.0,8.0,0.0,2.0,0.0,3.0,1.0,-8.0,25:43,6.2,0
6,203111,Orlando Johnson,0.0,0.0,2.0,0.0,0.0,0.0,0.0,0.0,0.0,0.0,1.0,0.0,-3.0,6:10,-1.8,0
7,203112,Quincy Acy,0.0,0.0,0.0,2.0,0.0,0.0,1.0,1.0,0.0,1.0,2.0,1.0,-9.0,9:46,-0.6,0
8,202682,Derrick Williams,2.0,1.0,5.0,1.0,0.0,1.0,3.0,0.0,1.0,0.0,2.0,2.0,5.0,20:26,-2.0,0
9,203492,Ray McCallum,8.0,3.0,8.0,2.0,2.0,1.0,1.0,2.0,2.0,0.0,4.0,0.0,6.0,24:17,6.4,0
10,2566,Travis Outlaw,0.0,0.0,1.0,0.0,0.0,0.0,0.0,0.0,0.0,0.0,0.0,0.0,-5.0,2:11,-0.7,0
11,201189,Aaron Gray,,,,,,,,,,,,,,,0.0,0
12,203082,Terrence Ross,18.0,6.0,12.0,0.0,0.0,0.0,2.0,1.0,1.0,1.0,3.0,0.0,11.0,26:13,13.8,1
13,101161,Amir Johnson,9.0,4.0,4.0,2.0,1.0,2.0,7.0,0.0,1.0,1.0,4.0,3.0,1.0,24:57,7.7,1
14,202685,Jonas Valanciunas,14.0,7.0,9.0,2.0,0.0,1.0,4.0,0.0,0.0,0.0,5.0,0.0,5.0,25:48,9.6,1
15,201942,DeMar DeRozan,15.0,4.0,13.0,10.0,7.0,0.0,1.0,1.0,6.0,1.0,3.0,2.0,4.0,32:34,9.3,1
16,200768,Kyle Lowry,12.0,2.0,11.0,8.0,7.0,0.0,3.0,1.0,7.0,0.0,3.0,4.0,13.0,38:50,6.3,1
17,202335,Patrick Patterson,15.0,6.0,8.0,0.0,0.0,2.0,4.0,1.0,1.0,2.0,3.0,1.0,9.0,26:52,15.3,1
18,2422,John Salmons,8.0,4.0,9.0,0.0,0.0,1.0,1.0,1.0,2.0,0.0,2.0,0.0,6.0,23:58,5.9,1
19,202349,Greivis Vasquez,4.0,1.0,5.0,2.0,2.0,0.0,0.0,2.0,3.0,0.0,2.0,1.0,9.0,18:21,3.2,1
20,201946,Tyler Hansbrough,0.0,0.0,1.0,0.0,0.0,0.0,4.0,0.0,0.0,0.0,2.0,0.0,-2.0,7:08,-0.3,1
21,200779,Steve Novak,0.0,0.0,0.0,0.0,0.0,0.0,0.0,0.0,0.0,0.0,0.0,0.0,2.0,0:27,0.0,1
22,101236,Chuck Hayes,0.0,0.0,1.0,0.0,0.0,0.0,4.0,2.0,0.0,0.0,2.0,0.0,9.0,10:48,1.7,1
23,202361,Landry Fields,0.0,0.0,0.0,0.0,0.0,0.0,0.0,0.0,0.0,0.0,0.0,1.0,-6.0,2:36,-1.0,1
24,201986,Nando De Colo,4.0,0.0,0.0,4.0,4.0,0.0,1.0,0.0,0.0,1.0,0.0,0.0,-1.0,1:28,5.0,1
