,id,name,PTS,FG,FGA,FTA,FT,OREB,DREB,STL,AST,BLK,PF,TO,PLUS_MINUS,MIN,GS,WIN
0,202695,Kawhi Leonard,11.0,5.0,10.0,1.0,1.0,0.0,6.0,2.0,1.0,1.0,3.0,0.0,-10.0,26:58,10.0,0
1,1495,Tim Duncan,10.0,4.0,11.0,4.0,2.0,3.0,3.0,0.0,1.0,4.0,2.0,3.0,-26.0,19:54,5.8,0
2,2564,Boris Diaw,13.0,6.0,13.0,0.0,0.0,2.0,4.0,0.0,5.0,0.0,4.0,5.0,-11.0,22:48,5.8,0
3,201980,Danny Green,5.0,1.0,6.0,4.0,3.0,0.0,2.0,1.0,4.0,1.0,4.0,2.0,-3.0,24:49,2.3,0
4,202709,Cory Joseph,13.0,4.0,5.0,8.0,5.0,1.0,1.0,3.0,2.0,0.0,2.0,1.0,0.0,19:59,13.5,0
5,1938,Manu Ginobili,7.0,3.0,7.0,2.0,1.0,0.0,2.0,1.0,1.0,0.0,0.0,1.0,-22.0,14:37,4.2,0
6,201988,Patty Mills,8.0,3.0,7.0,0.0,0.0,0.0,0.0,0.0,0.0,0.0,1.0,1.0,-12.0,22:13,2.9,0
7,201168,Tiago Splitter,1.0,0.0,2.0,2.0,1.0,1.0,3.0,0.0,1.0,0.0,2.0,2.0,-9.0,13:00,-1.3,0
8,201158,Marco Belinelli,3.0,1.0,4.0,2.0,1.0,0.0,1.0,0.0,1.0,0.0,0.0,0.0,-8.0,25:57,1.2,0
9,2588,Matt Bonner,11.0,5.0,8.0,0.0,0.0,1.0,2.0,0.0,2.0,0.0,1.0,0.0,-1.0,19:59,9.7,0
10,201965,Jeff Ayres,7.0,3.0,4.0,2.0,1.0,3.0,1.0,1.0,0.0,1.0,2.0,0.0,9.0,20:19,8.3,0
11,201948,Austin Daye,2.0,1.0,3.0,0.0,0.0,0.0,0.0,0.0,1.0,0.0,1.0,1.0,-1.0,4:44,-0.4,0
12,202345,Damion James,0.0,0.0,1.0,0.0,0.0,0.0,1.0,0.0,0.0,0.0,0.0,0.0,-1.0,4:44,-0.4,0
13,201147,Corey Brewer,14.0,5.0,8.0,3.0,3.0,0.0,3.0,4.0,2.0,0.0,1.0,2.0,24.0,28:31,14.3,1
14,201567,Kevin Love,19.0,5.0,15.0,7.0,7.0,2.0,10.0,0.0,4.0,1.0,0.0,4.0,14.0,32:50,14.4,1
15,203476,Gorgui Dieng,12.0,4.0,15.0,5.0,4.0,7.0,8.0,0.0,0.0,1.0,3.0,0.0,20.0,26:42,9.5,1
16,203133,Robbie Hummel,9.0,4.0,10.0,0.0,0.0,3.0,4.0,1.0,0.0,0.0,2.0,1.0,13.0,35:13,6.1,1
17,201937,Ricky Rubio,23.0,10.0,17.0,4.0,3.0,0.0,2.0,1.0,7.0,0.0,2.0,2.0,25.0,34:05,18.4,1
18,201601,Luc Mbah a Moute,11.0,5.0,7.0,0.0,0.0,1.0,0.0,0.0,0.0,0.0,2.0,0.0,-2.0,19:16,8.0,1
19,101142,Ronny Turiaf,10.0,4.0,5.0,4.0,2.0,3.0,6.0,0.0,1.0,1.0,3.0,1.0,-1.0,21:18,10.4,1
20,200826,J.J. Barea,7.0,3.0,9.0,1.0,1.0,0.0,1.0,0.0,4.0,0.0,4.0,5.0,0.0,21:25,-1.6,1
21,201967,Dante Cunningham,5.0,2.0,4.0,2.0,1.0,0.0,1.0,3.0,5.0,0.0,0.0,0.0,5.0,15:10,9.4,1
22,203144,Alexey Shved,0.0,0.0,1.0,0.0,0.0,0.0,1.0,0.0,0.0,0.0,1.0,0.0,-2.0,3:57,-0.8,1
23,201785,Othyus Jeffers,0.0,0.0,0.0,0.0,0.0,0.0,0.0,0.0,0.0,0.0,0.0,0.0,-1.0,1:34,0.0,1
24,201978,Chase Budinger,,,,,,,,,,,,,,,0.0,1
25,2755,Kevin Martin,,,,,,,,,,,,,,,0.0,1
