,id,name,PTS,FG,FGA,FTA,FT,OREB,DREB,STL,AST,BLK,PF,TO,PLUS_MINUS,MIN,GS,WIN
0,201162,Jared Dudley,5.0,2.0,5.0,2.0,0.0,1.0,2.0,1.0,1.0,0.0,4.0,1.0,-2.0,37:16,1.9,1
1,201933,Blake Griffin,21.0,7.0,15.0,10.0,7.0,2.0,10.0,0.0,1.0,0.0,4.0,4.0,-1.0,38:57,11.6,1
2,201599,DeAndre Jordan,10.0,5.0,9.0,5.0,0.0,6.0,9.0,0.0,2.0,9.0,1.0,1.0,-6.0,40:14,16.9,1
3,200755,JJ Redick,13.0,4.0,9.0,4.0,4.0,0.0,1.0,1.0,2.0,0.0,2.0,1.0,0.0,16:59,9.2,1
4,201954,Darren Collison,15.0,5.0,12.0,4.0,4.0,0.0,1.0,1.0,2.0,0.0,1.0,1.0,1.0,40:07,9.9,1
5,2037,Jamal Crawford,31.0,12.0,22.0,4.0,4.0,2.0,5.0,0.0,11.0,0.0,1.0,2.0,11.0,37:29,28.6,1
6,1712,Antawn Jamison,5.0,1.0,5.0,4.0,3.0,1.0,4.0,1.0,1.0,0.0,1.0,2.0,7.0,16:37,2.7,1
7,200797,Ryan Hollins,3.0,1.0,1.0,2.0,1.0,0.0,0.0,0.0,0.0,0.0,2.0,0.0,10.0,10:11,1.5,1
8,203493,Reggie Bullock,1.0,0.0,4.0,2.0,1.0,1.0,0.0,0.0,0.0,0.0,0.0,0.0,10.0,12:03,-1.5,1
9,2584,Willie Green,0.0,0.0,1.0,0.0,0.0,0.0,1.0,0.0,0.0,0.0,0.0,0.0,0.0,15:07,-0.4,1
10,2440,Matt Barnes,,,,,,,,,,,,,,,0.0,1
11,201957,Byron Mullens,,,,,,,,,,,,,,,0.0,1
12,101108,Chris Paul,,,,,,,,,,,,,,,0.0,1
13,202682,Derrick Williams,12.0,6.0,13.0,1.0,0.0,0.0,6.0,0.0,4.0,0.0,3.0,1.0,1.0,32:21,7.3,0
14,201574,Jason Thompson,6.0,3.0,7.0,0.0,0.0,2.0,2.0,0.0,0.0,1.0,4.0,1.0,2.0,23:11,2.4,0
15,202326,DeMarcus Cousins,25.0,11.0,19.0,3.0,3.0,1.0,8.0,0.0,6.0,3.0,5.0,3.0,8.0,41:21,20.5,0
16,203463,Ben McLemore,14.0,5.0,12.0,3.0,3.0,2.0,2.0,2.0,3.0,0.0,3.0,2.0,2.0,34:43,10.5,0
17,202349,Greivis Vasquez,11.0,4.0,12.0,1.0,1.0,1.0,2.0,0.0,7.0,0.0,2.0,0.0,-1.0,35:58,9.6,0
18,201977,Marcus Thornton,4.0,2.0,4.0,0.0,0.0,1.0,2.0,0.0,0.0,0.0,5.0,1.0,-10.0,17:26,0.3,0
19,2422,John Salmons,14.0,6.0,11.0,0.0,0.0,1.0,2.0,1.0,2.0,1.0,2.0,0.0,-7.0,21:10,12.3,0
20,202738,Isaiah Thomas,5.0,2.0,5.0,0.0,0.0,0.0,2.0,0.0,1.0,0.0,2.0,4.0,-7.0,17:25,-1.2,0
21,202335,Patrick Patterson,7.0,3.0,5.0,2.0,1.0,3.0,6.0,0.0,0.0,0.0,4.0,1.0,-8.0,26:59,5.6,0
22,202380,Hamady Ndiaye,0.0,0.0,1.0,0.0,0.0,1.0,0.0,0.0,0.0,0.0,3.0,2.0,-10.0,4:56,-3.2,0
23,2566,Travis Outlaw,0.0,0.0,2.0,0.0,0.0,0.0,0.0,1.0,1.0,0.0,0.0,0.0,0.0,9:31,0.3,0
24,202690,Jimmer Fredette,,,,,,,,,,,,,,,0.0,0
25,101236,Chuck Hayes,,,,,,,,,,,,,,,0.0,0
