,id,name,PTS,FG,FGA,FTA,FT,OREB,DREB,STL,AST,BLK,PF,TO,PLUS_MINUS,MIN,GS,WIN
0,2399,Mike Dunleavy,9.0,4.0,7.0,0.0,0.0,0.0,5.0,2.0,1.0,0.0,1.0,0.0,23.0,30:20,9.5,1
1,201959,Taj Gibson,18.0,7.0,18.0,4.0,4.0,2.0,4.0,2.0,3.0,2.0,3.0,2.0,6.0,45:18,13.1,1
2,201149,Joakim Noah,20.0,6.0,10.0,8.0,8.0,4.0,9.0,2.0,3.0,3.0,5.0,3.0,6.0,41:22,22.1,1
3,202710,Jimmy Butler,9.0,4.0,13.0,0.0,0.0,0.0,9.0,2.0,2.0,0.0,0.0,4.0,4.0,40:28,3.6,1
4,2550,Kirk Hinrich,17.0,7.0,13.0,0.0,0.0,1.0,3.0,3.0,5.0,0.0,3.0,2.0,18.0,28:37,15.6,1
5,201571,D.J. Augustin,15.0,4.0,13.0,5.0,5.0,1.0,0.0,2.0,6.0,0.0,1.0,3.0,-9.0,30:00,11.0,1
6,203503,Tony Snell,4.0,2.0,6.0,0.0,0.0,0.0,2.0,0.0,1.0,1.0,1.0,0.0,-18.0,17:17,2.2,1
7,1737,Nazr Mohammed,0.0,0.0,0.0,0.0,0.0,0.0,3.0,0.0,0.0,0.0,2.0,0.0,0.0,6:38,0.1,1
8,2430,Carlos Boozer,,,,,,,,,,,,,,,0.0,1
9,203513,Erik Murphy,,,,,,,,,,,,,,,0.0,1
10,201565,Derrick Rose,,,,,,,,,,,,,,,0.0,1
11,202325,Wesley Johnson,6.0,3.0,8.0,0.0,0.0,1.0,3.0,1.0,3.0,1.0,2.0,1.0,-10.0,29:42,5.2,0
12,203527,Ryan Kelly,0.0,0.0,5.0,0.0,0.0,0.0,2.0,0.0,1.0,1.0,1.0,0.0,-5.0,15:52,-1.9,0
13,203135,Robert Sacre,2.0,1.0,6.0,0.0,0.0,1.0,3.0,0.0,0.0,0.0,3.0,0.0,-18.0,20:20,-1.4,0
14,2581,Steve Blake,8.0,3.0,12.0,0.0,0.0,1.0,3.0,3.0,4.0,0.0,4.0,5.0,-8.0,40:18,1.6,0
15,959,Steve Nash,8.0,3.0,4.0,2.0,2.0,0.0,2.0,0.0,2.0,0.0,1.0,3.0,-24.0,21:14,5.0,0
16,200761,Shawne Williams,7.0,2.0,6.0,2.0,2.0,1.0,5.0,1.0,0.0,0.0,2.0,0.0,-6.0,21:31,6.0,0
17,2549,Chris Kaman,27.0,13.0,23.0,4.0,1.0,0.0,10.0,0.0,3.0,2.0,1.0,3.0,12.0,27:40,18.0,0
18,203088,Kendall Marshall,13.0,5.0,6.0,0.0,0.0,0.0,2.0,0.0,11.0,1.0,0.0,5.0,14.0,36:59,14.8,0
19,201941,Jordan Hill,15.0,6.0,12.0,3.0,3.0,3.0,6.0,2.0,2.0,0.0,1.0,1.0,15.0,26:24,14.9,0
20,200770,Jordan Farmar,,,,,,,,,,,,,,,0.0,0
21,2200,Pau Gasol,,,,,,,,,,,,,,,0.0,0
22,201975,Jodie Meeks,,,,,,,,,,,,,,,0.0,0
23,201156,Nick Young,,,,,,,,,,,,,,,0.0,0
