,id,name,PTS,FG,FGA,FTA,FT,OREB,DREB,STL,AST,BLK,PF,TO,PLUS_MINUS,MIN,GS,WIN
0,2772,Trevor Ariza,13.0,6.0,16.0,1.0,1.0,2.0,1.0,1.0,6.0,0.0,3.0,3.0,-1.0,37:19,6.9,0
1,2403,Nene,14.0,7.0,15.0,1.0,0.0,2.0,6.0,2.0,6.0,0.0,4.0,4.0,-12.0,25:39,9.7,0
2,101162,Marcin Gortat,8.0,4.0,4.0,0.0,0.0,1.0,4.0,1.0,1.0,3.0,3.0,1.0,-2.0,23:48,10.3,0
3,203078,Bradley Beal,20.0,8.0,15.0,6.0,4.0,0.0,0.0,2.0,3.0,0.0,2.0,0.0,-10.0,30:44,15.2,0
4,202322,John Wall,19.0,7.0,12.0,6.0,5.0,0.0,4.0,2.0,11.0,0.0,2.0,3.0,-3.0,34:51,20.1,0
5,101110,Martell Webster,9.0,3.0,8.0,0.0,0.0,0.0,2.0,0.0,1.0,0.0,1.0,1.0,-5.0,27:23,4.5,0
6,202344,Trevor Booker,6.0,3.0,6.0,2.0,0.0,0.0,5.0,0.0,0.0,0.0,2.0,2.0,6.0,17:47,0.9,0
7,202338,Kevin Seraphin,10.0,5.0,8.0,0.0,0.0,1.0,6.0,0.0,1.0,1.0,4.0,2.0,-6.0,28:46,6.7,0
8,202066,Garrett Temple,4.0,2.0,4.0,1.0,0.0,0.0,2.0,2.0,2.0,0.0,5.0,0.0,-4.0,13:09,3.6,0
9,203490,Otto Porter Jr.,0.0,0.0,0.0,0.0,0.0,0.0,0.0,0.0,0.0,0.0,0.0,0.0,2.0,0:34,0.0,0
10,201953,Eric Maynor,,,,,,,,,,,,,,,0.0,0
11,202698,Chris Singleton,,,,,,,,,,,,,,,0.0,0
12,202686,Jan Vesely,,,,,,,,,,,,,,,0.0,0
13,2440,Matt Barnes,4.0,2.0,7.0,0.0,0.0,0.0,4.0,1.0,1.0,0.0,2.0,1.0,0.0,26:56,1.0,1
14,201933,Blake Griffin,29.0,12.0,20.0,8.0,5.0,1.0,8.0,1.0,4.0,1.0,4.0,6.0,4.0,37:23,18.6,1
15,201599,DeAndre Jordan,14.0,4.0,5.0,10.0,6.0,5.0,12.0,1.0,0.0,2.0,2.0,2.0,4.0,42:16,17.2,1
16,200755,JJ Redick,20.0,7.0,11.0,4.0,3.0,0.0,2.0,1.0,1.0,0.0,2.0,4.0,6.0,36:10,12.2,1
17,201954,Darren Collison,16.0,5.0,9.0,6.0,6.0,0.0,1.0,0.0,9.0,0.0,2.0,4.0,6.0,27:40,13.5,1
18,2037,Jamal Crawford,21.0,4.0,12.0,12.0,11.0,0.0,5.0,0.0,3.0,0.0,1.0,2.0,7.0,28:52,15.0,1
19,201162,Jared Dudley,5.0,2.0,2.0,0.0,0.0,0.0,0.0,0.0,1.0,0.0,1.0,0.0,1.0,16:25,4.7,1
20,2584,Willie Green,0.0,0.0,6.0,0.0,0.0,1.0,0.0,0.0,1.0,0.0,1.0,0.0,3.0,10:38,-3.2,1
21,2045,Hedo Turkoglu,1.0,0.0,1.0,2.0,1.0,1.0,3.0,1.0,1.0,0.0,1.0,0.0,1.0,10:07,2.8,1
22,200797,Ryan Hollins,0.0,0.0,0.0,0.0,0.0,0.0,0.0,0.0,0.0,0.0,0.0,0.0,3.0,3:34,0.0,1
23,203493,Reggie Bullock,,,,,,,,,,,,,,,0.0,1
24,1712,Antawn Jamison,,,,,,,,,,,,,,,0.0,1
25,201957,Byron Mullens,,,,,,,,,,,,,,,0.0,1
