,id,name,PTS,FG,FGA,FTA,FT,OREB,DREB,STL,AST,BLK,PF,TO,PLUS_MINUS,MIN,GS,WIN
0,2772,Trevor Ariza,11.0,4.0,9.0,0.0,0.0,0.0,2.0,0.0,1.0,0.0,1.0,1.0,-22.0,29:55,6.2,0
1,202344,Trevor Booker,4.0,2.0,5.0,0.0,0.0,1.0,1.0,2.0,1.0,1.0,1.0,0.0,-11.0,19:48,5.3,0
2,101162,Marcin Gortat,6.0,3.0,7.0,0.0,0.0,2.0,9.0,0.0,1.0,1.0,3.0,1.0,-21.0,26:56,5.6,0
3,203078,Bradley Beal,20.0,8.0,12.0,3.0,2.0,0.0,2.0,0.0,5.0,1.0,3.0,4.0,0.0,39:52,14.0,0
4,202322,John Wall,10.0,4.0,16.0,3.0,2.0,0.0,1.0,0.0,6.0,0.0,2.0,5.0,-24.0,29:16,-1.3,0
5,2400,Drew Gooden,12.0,5.0,12.0,2.0,2.0,4.0,4.0,2.0,2.0,0.0,5.0,0.0,0.0,27:13,11.0,0
6,101110,Martell Webster,14.0,5.0,7.0,2.0,2.0,0.0,2.0,0.0,1.0,0.0,2.0,1.0,10.0,26:40,10.6,0
7,1733,Al Harrington,11.0,4.0,5.0,3.0,1.0,0.0,5.0,1.0,0.0,0.0,3.0,1.0,15.0,20:38,8.6,0
8,1889,Andre Miller,4.0,2.0,5.0,0.0,0.0,1.0,2.0,1.0,9.0,0.0,1.0,1.0,18.0,18:44,8.5,0
9,202338,Kevin Seraphin,2.0,1.0,1.0,0.0,0.0,1.0,0.0,0.0,0.0,0.0,0.0,0.0,5.0,0:59,2.4,0
10,203490,Otto Porter Jr.,,,,,,,,,,,,,,,0.0,0
11,202698,Chris Singleton,,,,,,,,,,,,,,,0.0,0
12,202066,Garrett Temple,,,,,,,,,,,,,,,0.0,0
13,203077,Michael Kidd-Gilchrist,3.0,0.0,5.0,4.0,3.0,3.0,3.0,1.0,0.0,0.0,2.0,1.0,2.0,20:50,1.3,1
14,201177,Josh McRoberts,2.0,1.0,2.0,0.0,0.0,3.0,2.0,0.0,1.0,1.0,1.0,0.0,-3.0,27:13,4.7,1
15,2744,Al Jefferson,19.0,8.0,19.0,3.0,3.0,3.0,8.0,0.0,0.0,2.0,3.0,0.0,-2.0,40:03,13.6,1
16,201945,Gerald Henderson,9.0,3.0,7.0,4.0,3.0,0.0,3.0,1.0,2.0,0.0,2.0,1.0,-1.0,27:05,6.4,1
17,202689,Kemba Walker,21.0,6.0,22.0,10.0,9.0,1.0,4.0,1.0,10.0,1.0,2.0,1.0,16.0,38:12,16.4,1
18,203469,Cody Zeller,15.0,4.0,4.0,8.0,7.0,3.0,5.0,1.0,2.0,0.0,1.0,1.0,9.0,20:20,18.0,1
19,202687,Bismack Biyombo,4.0,2.0,2.0,0.0,0.0,0.0,0.0,1.0,0.0,1.0,0.0,0.0,8.0,7:57,5.1,1
20,202390,Gary Neal,9.0,3.0,6.0,2.0,2.0,1.0,5.0,1.0,1.0,0.0,2.0,3.0,7.0,20:55,6.1,1
21,2557,Luke Ridnour,0.0,0.0,2.0,0.0,0.0,0.0,1.0,0.0,1.0,0.0,1.0,2.0,-10.0,9:48,-2.8,1
22,201604,Chris Douglas-Roberts,18.0,7.0,9.0,3.0,2.0,1.0,2.0,0.0,0.0,0.0,1.0,1.0,4.0,27:37,14.0,1
23,2457,Jannero Pargo,,,,,,,,,,,,,,,0.0,1
24,201229,Anthony Tolliver,,,,,,,,,,,,,,,0.0,1
25,201591,DJ White,,,,,,,,,,,,,,,0.0,1
