,id,name,PTS,FG,FGA,FTA,FT,OREB,DREB,STL,AST,BLK,PF,TO,PLUS_MINUS,MIN,GS,WIN
0,201142,Kevin Durant,30.0,9.0,21.0,15.0,11.0,1.0,9.0,1.0,5.0,2.0,2.0,5.0,17.0,37:15,20.8,1
1,201586,Serge Ibaka,19.0,7.0,14.0,7.0,5.0,2.0,8.0,0.0,1.0,2.0,4.0,1.0,5.0,32:58,14.5,1
2,2570,Kendrick Perkins,4.0,1.0,1.0,2.0,2.0,2.0,2.0,1.0,2.0,1.0,3.0,1.0,6.0,23:53,6.6,1
3,203460,Andre Roberson,2.0,1.0,1.0,0.0,0.0,1.0,4.0,0.0,0.0,1.0,1.0,0.0,-3.0,12:15,3.9,1
4,201566,Russell Westbrook,14.0,6.0,21.0,2.0,1.0,0.0,9.0,4.0,11.0,0.0,1.0,4.0,8.0,35:15,11.3,1
5,2555,Nick Collison,4.0,2.0,3.0,0.0,0.0,2.0,4.0,0.0,2.0,0.0,3.0,0.0,2.0,21:17,5.5,1
6,203087,Jeremy Lamb,11.0,5.0,9.0,0.0,0.0,0.0,2.0,2.0,0.0,0.0,2.0,2.0,5.0,21:17,6.5,1
7,202704,Reggie Jackson,13.0,5.0,10.0,2.0,2.0,0.0,4.0,0.0,3.0,0.0,2.0,2.0,5.0,30:10,8.5,1
8,965,Derek Fisher,0.0,0.0,3.0,0.0,0.0,0.0,0.0,0.0,2.0,0.0,0.0,1.0,3.0,14:40,-1.7,1
9,203500,Steven Adams,4.0,2.0,3.0,0.0,0.0,2.0,2.0,0.0,1.0,1.0,1.0,0.0,-3.0,11:00,5.7,1
10,101155,Ryan Gomes,,,,,,,,,,,,,,,0.0,1
11,203103,Perry Jones III,,,,,,,,,,,,,,,0.0,1
12,201934,Hasheem Thabeet,,,,,,,,,,,,,,,0.0,1
13,201960,DeMarre Carroll,7.0,2.0,10.0,2.0,2.0,2.0,3.0,1.0,2.0,1.0,4.0,2.0,-14.0,26:44,2.6,0
14,200794,Paul Millsap,23.0,5.0,18.0,12.0,11.0,2.0,10.0,0.0,3.0,1.0,3.0,1.0,7.0,37:15,17.0,0
15,201143,Al Horford,7.0,3.0,10.0,2.0,1.0,3.0,7.0,0.0,2.0,1.0,5.0,2.0,-13.0,32:60,3.1,0
16,2594,Kyle Korver,9.0,4.0,10.0,2.0,0.0,1.0,5.0,1.0,3.0,0.0,2.0,0.0,-8.0,37:11,7.3,0
17,201952,Jeff Teague,17.0,5.0,15.0,7.0,7.0,3.0,2.0,3.0,6.0,0.0,2.0,4.0,-7.0,35:45,13.6,0
18,101150,Lou Williams,8.0,3.0,6.0,0.0,0.0,0.0,0.0,1.0,1.0,0.0,0.0,2.0,-5.0,19:14,4.7,0
19,1882,Elton Brand,0.0,0.0,2.0,2.0,0.0,0.0,2.0,3.0,1.0,2.0,2.0,1.0,5.0,14:41,1.7,0
20,202714,Shelvin Mack,17.0,7.0,9.0,0.0,0.0,0.0,1.0,0.0,6.0,0.0,3.0,2.0,8.0,19:35,14.8,0
21,201858,Cartier Martin,0.0,0.0,1.0,0.0,0.0,0.0,2.0,0.0,0.0,0.0,1.0,0.0,-2.0,5:51,-0.5,0
22,203118,Mike Scott,4.0,2.0,6.0,0.0,0.0,1.0,1.0,1.0,0.0,0.0,0.0,1.0,-16.0,10:45,1.6,0
23,203544,Pero Antic,,,,,,,,,,,,,,,0.0,0
24,202970,Gustavo Ayon,,,,,,,,,,,,,,,0.0,0
25,203099,Jared Cunningham,,,,,,,,,,,,,,,0.0,0
