,id,name,PTS,FG,FGA,FTA,FT,OREB,DREB,STL,AST,BLK,PF,TO,PLUS_MINUS,MIN,GS,WIN
0,2736,Luol Deng,12.0,5.0,11.0,2.0,1.0,2.0,3.0,1.0,2.0,0.0,1.0,3.0,-15.0,24:01,7.2,0
1,202684,Tristan Thompson,6.0,2.0,5.0,2.0,2.0,0.0,3.0,0.0,0.0,1.0,1.0,0.0,-19.0,23:58,4.5,0
2,2760,Anderson Varejao,10.0,4.0,7.0,2.0,2.0,0.0,7.0,1.0,6.0,0.0,3.0,2.0,-24.0,25:36,10.8,0
3,101139,CJ Miles,14.0,5.0,8.0,1.0,1.0,1.0,1.0,1.0,1.0,0.0,2.0,1.0,-18.0,24:35,11.3,0
4,202681,Kyrie Irving,7.0,3.0,14.0,4.0,1.0,1.0,3.0,2.0,5.0,0.0,2.0,1.0,-29.0,31:30,2.5,0
5,203079,Dion Waiters,4.0,1.0,7.0,2.0,1.0,0.0,0.0,0.0,3.0,0.0,2.0,2.0,-19.0,20:08,-1.6,0
6,203092,Tyler Zeller,6.0,3.0,4.0,4.0,0.0,0.0,1.0,0.0,0.0,0.0,3.0,1.0,-12.0,12:54,0.9,0
7,101127,Jarrett Jack,2.0,1.0,6.0,0.0,0.0,0.0,1.0,1.0,2.0,0.0,4.0,3.0,-28.0,18:50,-3.7,0
8,201947,Earl Clark,11.0,4.0,7.0,2.0,1.0,1.0,4.0,0.0,1.0,0.0,2.0,1.0,-25.0,23:42,8.1,0
9,203521,Matthew Dellavedova,0.0,0.0,1.0,0.0,0.0,0.0,1.0,0.0,2.0,1.0,0.0,0.0,-12.0,11:40,1.7,0
10,203461,Anthony Bennett,3.0,1.0,5.0,2.0,1.0,1.0,2.0,0.0,0.0,1.0,1.0,0.0,-9.0,9:08,1.1,0
11,202087,Alonzo Gee,3.0,1.0,3.0,2.0,1.0,0.0,0.0,0.0,1.0,0.0,1.0,0.0,-6.0,7:56,1.2,0
12,203508,Sergey Karasev,2.0,1.0,2.0,0.0,0.0,0.0,0.0,0.0,0.0,0.0,1.0,0.0,-4.0,6:02,0.6,0
13,200752,Rudy Gay,20.0,8.0,12.0,1.0,1.0,0.0,5.0,1.0,3.0,3.0,1.0,2.0,30.0,29:30,19.1,1
14,201574,Jason Thompson,8.0,4.0,11.0,0.0,0.0,6.0,10.0,1.0,0.0,2.0,3.0,0.0,28.0,30:33,10.3,1
15,202326,DeMarcus Cousins,16.0,5.0,9.0,7.0,6.0,2.0,9.0,0.0,2.0,2.0,3.0,3.0,17.0,29:54,14.0,1
16,201977,Marcus Thornton,5.0,2.0,4.0,0.0,0.0,1.0,0.0,1.0,3.0,0.0,2.0,3.0,19.0,21:57,3.0,1
17,202738,Isaiah Thomas,26.0,7.0,15.0,11.0,10.0,0.0,4.0,2.0,6.0,0.0,1.0,2.0,27.0,35:05,22.9,1
18,203112,Quincy Acy,5.0,2.0,3.0,1.0,1.0,0.0,3.0,1.0,2.0,0.0,4.0,0.0,17.0,16:45,5.4,1
19,202682,Derrick Williams,13.0,4.0,6.0,5.0,3.0,1.0,1.0,0.0,0.0,0.0,1.0,2.0,22.0,18:21,8.2,1
20,203463,Ben McLemore,9.0,2.0,7.0,4.0,4.0,0.0,1.0,0.0,0.0,0.0,4.0,1.0,25.0,26:03,2.6,1
21,202690,Jimmer Fredette,13.0,5.0,9.0,1.0,0.0,1.0,2.0,0.0,3.0,0.0,3.0,2.0,25.0,19:02,8.5,1
22,2566,Travis Outlaw,6.0,2.0,4.0,0.0,0.0,0.0,2.0,0.0,1.0,1.0,1.0,0.0,6.0,7:07,5.6,1
23,203492,Ray McCallum,3.0,1.0,1.0,0.0,0.0,1.0,1.0,0.0,1.0,0.0,0.0,0.0,4.0,5:43,4.4,1
24,201189,Aaron Gray,,,,,,,,,,,,,,,0.0,1
