,id,name,PTS,FG,FGA,FTA,FT,OREB,DREB,STL,AST,BLK,PF,TO,PLUS_MINUS,MIN,GS,WIN
0,202695,Kawhi Leonard,15.0,6.0,15.0,3.0,3.0,2.0,9.0,1.0,0.0,0.0,3.0,0.0,11.0,31:34,10.8,1
1,2564,Boris Diaw,14.0,5.0,11.0,5.0,3.0,1.0,0.0,1.0,1.0,0.0,1.0,3.0,-4.0,22:23,6.5,1
2,201168,Tiago Splitter,9.0,4.0,10.0,3.0,1.0,7.0,7.0,1.0,3.0,0.0,5.0,1.0,16.0,32:22,9.9,1
3,201980,Danny Green,3.0,1.0,6.0,0.0,0.0,0.0,2.0,2.0,1.0,0.0,1.0,0.0,1.0,20:52,2.1,1
4,2225,Tony Parker,24.0,12.0,18.0,0.0,0.0,0.0,4.0,0.0,6.0,0.0,1.0,1.0,14.0,35:56,20.2,1
5,2588,Matt Bonner,0.0,0.0,2.0,0.0,0.0,0.0,3.0,0.0,1.0,0.0,0.0,0.0,-2.0,15:39,0.2,1
6,1938,Manu Ginobili,20.0,7.0,14.0,3.0,3.0,0.0,3.0,1.0,3.0,0.0,2.0,1.0,5.0,27:08,15.2,1
7,201158,Marco Belinelli,2.0,1.0,5.0,0.0,0.0,0.0,3.0,0.0,1.0,0.0,0.0,0.0,-5.0,16:26,0.5,1
8,203382,Aron Baynes,0.0,0.0,4.0,0.0,0.0,1.0,2.0,0.0,1.0,0.0,2.0,2.0,-11.0,12:06,-3.6,1
9,201988,Patty Mills,4.0,2.0,6.0,0.0,0.0,0.0,1.0,1.0,2.0,0.0,0.0,1.0,-8.0,12:04,2.3,1
10,201965,Jeff Ayres,0.0,0.0,3.0,0.0,0.0,1.0,4.0,0.0,1.0,0.0,3.0,3.0,11.0,13:09,-3.7,1
11,202709,Cory Joseph,0.0,0.0,0.0,0.0,0.0,0.0,0.0,0.0,0.0,0.0,0.0,0.0,2.0,0:21,0.0,1
12,201986,Nando De Colo,,,,,,,,,,,,,,,0.0,1
13,201156,Nick Young,6.0,1.0,3.0,5.0,4.0,0.0,1.0,1.0,0.0,2.0,4.0,1.0,-5.0,17:41,4.0,0
14,200761,Shawne Williams,3.0,1.0,4.0,0.0,0.0,0.0,6.0,0.0,0.0,0.0,1.0,1.0,0.0,20:38,1.0,0
15,2200,Pau Gasol,20.0,8.0,17.0,4.0,3.0,2.0,9.0,0.0,1.0,2.0,1.0,2.0,-9.0,29:06,14.7,0
16,2581,Steve Blake,6.0,2.0,12.0,0.0,0.0,0.0,4.0,1.0,9.0,0.0,1.0,1.0,-8.0,31:38,5.5,0
17,959,Steve Nash,5.0,1.0,8.0,4.0,3.0,0.0,2.0,0.0,5.0,1.0,1.0,2.0,-4.0,23:20,1.8,0
18,202325,Wesley Johnson,12.0,5.0,11.0,0.0,0.0,0.0,2.0,1.0,0.0,2.0,3.0,0.0,-6.0,27:22,8.1,0
19,202333,Xavier Henry,3.0,0.0,6.0,6.0,3.0,0.0,3.0,0.0,1.0,0.0,4.0,0.0,5.0,22:00,-2.4,0
20,201975,Jodie Meeks,14.0,5.0,9.0,3.0,3.0,0.0,6.0,1.0,0.0,0.0,0.0,1.0,-5.0,27:35,11.5,0
21,200770,Jordan Farmar,7.0,3.0,6.0,0.0,0.0,1.0,2.0,0.0,4.0,0.0,0.0,2.0,2.0,16:22,6.1,0
22,2549,Chris Kaman,4.0,2.0,3.0,0.0,0.0,2.0,2.0,0.0,1.0,0.0,2.0,1.0,2.0,12:40,3.6,0
23,201941,Jordan Hill,5.0,2.0,3.0,2.0,1.0,3.0,1.0,0.0,1.0,0.0,2.0,1.0,-2.0,11:38,4.6,0
24,203527,Ryan Kelly,,,,,,,,,,,,,,,0.0,0
25,203135,Robert Sacre,,,,,,,,,,,,,,,0.0,0
