,id,name,PTS,FG,FGA,FTA,FT,OREB,DREB,STL,AST,BLK,PF,TO,PLUS_MINUS,MIN,GS,WIN
0,203090,Maurice Harkless,10.0,4.0,8.0,1.0,1.0,1.0,2.0,0.0,2.0,0.0,1.0,2.0,-9.0,23:43,6.3,0
1,203124,Kyle O'Quinn,10.0,5.0,7.0,0.0,0.0,1.0,3.0,2.0,2.0,0.0,3.0,1.0,-5.0,22:27,9.9,0
2,203473,Dewayne Dedmon,2.0,1.0,4.0,0.0,0.0,1.0,4.0,1.0,0.0,2.0,2.0,2.0,2.0,20:01,1.1,0
3,201167,Arron Afflalo,5.0,2.0,7.0,0.0,0.0,0.0,0.0,0.0,5.0,0.0,1.0,0.0,2.0,21:18,4.0,0
4,203506,Victor Oladipo,14.0,5.0,8.0,2.0,1.0,0.0,2.0,2.0,1.0,0.0,2.0,6.0,-13.0,25:41,6.5,0
5,202699,Tobias Harris,18.0,7.0,11.0,5.0,3.0,2.0,5.0,3.0,2.0,0.0,2.0,2.0,-2.0,27:09,16.8,0
6,203117,Doron Lamb,3.0,1.0,7.0,0.0,0.0,1.0,0.0,1.0,1.0,0.0,2.0,2.0,-11.0,26:42,-1.9,0
7,203094,Andrew Nicholson,12.0,5.0,8.0,2.0,2.0,1.0,6.0,2.0,0.0,0.0,6.0,1.0,-13.0,26:23,9.5,0
8,202734,E'Twaun Moore,8.0,3.0,6.0,2.0,2.0,0.0,0.0,1.0,3.0,0.0,0.0,2.0,0.0,24:17,6.1,0
9,101179,Ronnie Price,6.0,2.0,8.0,2.0,1.0,1.0,1.0,1.0,6.0,0.0,4.0,1.0,4.0,22:19,4.4,0
10,101131,Jason Maxiell,,,,,,,,,,,,,,,0.0,0
11,2749,Jameer Nelson,,,,,,,,,,,,,,,0.0,0
12,202696,Nikola Vucevic,,,,,,,,,,,,,,,0.0,0
13,1905,Andrei Kirilenko,2.0,1.0,4.0,0.0,0.0,0.0,3.0,0.0,2.0,1.0,1.0,1.0,-7.0,27:17,1.2,1
14,1718,Paul Pierce,10.0,3.0,7.0,4.0,4.0,0.0,5.0,3.0,3.0,0.0,1.0,0.0,2.0,19:16,12.5,1
15,708,Kevin Garnett,3.0,1.0,3.0,2.0,1.0,2.0,5.0,1.0,2.0,2.0,2.0,5.0,5.0,19:17,1.8,1
16,2207,Joe Johnson,17.0,6.0,13.0,2.0,2.0,1.0,2.0,0.0,2.0,0.0,0.0,4.0,18.0,33:48,9.0,1
17,101114,Deron Williams,16.0,5.0,10.0,3.0,2.0,0.0,1.0,4.0,5.0,0.0,1.0,2.0,16.0,34:57,16.0,1
18,203486,Mason Plumlee,17.0,6.0,8.0,8.0,5.0,5.0,6.0,2.0,2.0,1.0,1.0,4.0,17.0,26:10,17.6,1
19,201977,Marcus Thornton,8.0,3.0,11.0,2.0,1.0,2.0,2.0,0.0,4.0,0.0,1.0,1.0,0.0,22:39,4.5,1
20,203141,Mirza Teletovic,20.0,7.0,12.0,2.0,2.0,2.0,4.0,0.0,1.0,1.0,4.0,2.0,7.0,28:44,14.8,1
21,203268,Jorge Gutierrez,0.0,0.0,2.0,0.0,0.0,1.0,1.0,0.0,2.0,0.0,4.0,2.0,2.0,18:51,-2.6,1
22,101154,Andray Blatche,4.0,2.0,3.0,0.0,0.0,1.0,0.0,1.0,0.0,0.0,1.0,2.0,-7.0,6:55,2.0,1
23,2215,Jason Collins,0.0,0.0,0.0,0.0,0.0,0.0,0.0,0.0,0.0,0.0,0.0,0.0,-4.0,1:03,0.0,1
24,203104,Marquis Teague,0.0,0.0,0.0,0.0,0.0,0.0,0.0,0.0,0.0,0.0,0.0,0.0,-4.0,1:03,0.0,1
25,101187,Alan Anderson,,,,,,,,,,,,,,,0.0,1
