,id,name,PTS,FG,FGA,FTA,FT,OREB,DREB,STL,AST,BLK,PF,TO,PLUS_MINUS,MIN,GS,WIN
0,2546,Carmelo Anthony,29.0,9.0,29.0,8.0,7.0,4.0,5.0,0.0,5.0,2.0,5.0,4.0,7.0,55:27,15.1,1
1,2747,JR Smith,19.0,7.0,23.0,0.0,0.0,1.0,4.0,0.0,6.0,0.0,4.0,1.0,-3.0,48:29,9.2,1
2,2199,Tyson Chandler,9.0,3.0,4.0,4.0,3.0,5.0,4.0,1.0,1.0,3.0,3.0,1.0,-3.0,36:30,13.3,1
3,2757,Beno Udrih,21.0,8.0,12.0,0.0,0.0,0.0,4.0,2.0,5.0,0.0,5.0,1.0,3.0,39:45,19.5,1
4,202697,Iman Shumpert,1.0,0.0,5.0,2.0,1.0,1.0,5.0,2.0,4.0,1.0,5.0,3.0,-10.0,30:53,-0.2,1
5,200745,Andrea Bargnani,12.0,5.0,16.0,0.0,0.0,2.0,8.0,0.0,0.0,0.0,4.0,2.0,16.0,34:22,3.0,1
6,203501,Tim Hardaway Jr.,8.0,3.0,7.0,1.0,1.0,0.0,3.0,1.0,3.0,0.0,2.0,0.0,13.0,22:25,7.5,1
7,203315,Toure' Murry,0.0,0.0,1.0,0.0,0.0,0.0,2.0,1.0,1.0,0.0,3.0,0.0,4.0,9:52,0.4,1
8,1897,Metta World Peace,8.0,3.0,4.0,4.0,2.0,1.0,2.0,4.0,1.0,0.0,0.0,0.0,3.0,12:17,11.6,1
9,202332,Cole Aldrich,,,,,,,,,,,,,,,0.0,1
10,101109,Raymond Felton,,,,,,,,,,,,,,,0.0,1
11,2030,Kenyon Martin,,,,,,,,,,,,,,,0.0,1
12,203147,Chris Smith,,,,,,,,,,,,,,,0.0,1
13,203114,Khris Middleton,20.0,8.0,22.0,4.0,2.0,3.0,6.0,1.0,2.0,0.0,6.0,2.0,-4.0,51:38,8.9,0
14,101141,Ersan Ilyasova,11.0,2.0,10.0,8.0,7.0,1.0,3.0,0.0,2.0,1.0,3.0,2.0,-5.0,49:25,4.9,0
15,203089,John Henson,20.0,7.0,14.0,10.0,6.0,4.0,10.0,0.0,2.0,1.0,2.0,3.0,2.0,50:39,15.5,0
16,203507,Giannis Antetokounmpo,10.0,2.0,3.0,7.0,6.0,1.0,6.0,2.0,2.0,1.0,6.0,3.0,-1.0,41:46,9.5,0
17,202688,Brandon Knight,36.0,13.0,25.0,6.0,4.0,1.0,8.0,0.0,3.0,1.0,4.0,8.0,3.0,49:47,19.2,0
18,203489,Nate Wolters,2.0,1.0,3.0,0.0,0.0,0.0,2.0,0.0,1.0,0.0,0.0,0.0,-3.0,13:58,1.6,0
19,202327,Ekpe Udoh,0.0,0.0,2.0,0.0,0.0,2.0,6.0,1.0,0.0,1.0,3.0,1.0,-9.0,15:56,1.3,0
20,2557,Luke Ridnour,2.0,1.0,3.0,0.0,0.0,1.0,0.0,0.0,1.0,0.0,1.0,1.0,-13.0,16:51,0.3,0
21,2406,Caron Butler,,,,,,,,,,,,,,,0.0,0
22,201564,O.J. Mayo,,,,,,,,,,,,,,,0.0,0
23,202390,Gary Neal,,,,,,,,,,,,,,,0.0,0
24,2585,Zaza Pachulia,,,,,,,,,,,,,,,0.0,0
25,203545,Miroslav Raduljica,,,,,,,,,,,,,,,0.0,0
