,id,name,PTS,FG,FGA,FTA,FT,OREB,DREB,STL,AST,BLK,PF,TO,PLUS_MINUS,MIN,GS,WIN
0,203138,Hollis Thompson,8.0,3.0,7.0,0.0,0.0,1.0,0.0,1.0,1.0,0.0,2.0,1.0,0.0,36:30,4.9,0
1,201152,Thaddeus Young,17.0,7.0,20.0,5.0,3.0,2.0,3.0,2.0,2.0,1.0,0.0,3.0,-3.0,34:40,8.4,0
2,203156,Henry Sims,10.0,5.0,8.0,2.0,0.0,4.0,3.0,2.0,7.0,0.0,4.0,1.0,-8.0,32:33,13.6,0
3,202341,James Anderson,10.0,4.0,9.0,0.0,0.0,0.0,6.0,2.0,6.0,1.0,0.0,1.0,-15.0,33:06,13.0,0
4,203487,Michael Carter-Williams,17.0,5.0,20.0,7.0,5.0,2.0,5.0,2.0,4.0,0.0,2.0,3.0,-5.0,38:02,8.1,0
5,202343,Elliot Williams,14.0,6.0,7.0,2.0,0.0,0.0,1.0,1.0,1.0,0.0,2.0,1.0,-13.0,19:00,10.9,0
6,202363,Jarvis Varnado,0.0,0.0,0.0,2.0,0.0,1.0,0.0,2.0,1.0,1.0,2.0,1.0,-18.0,11:00,1.5,0
7,203263,James Nunnally,0.0,0.0,3.0,0.0,0.0,0.0,0.0,0.0,0.0,0.0,1.0,0.0,-16.0,7:24,-2.5,0
8,203810,Casper Ware,0.0,0.0,3.0,0.0,0.0,0.0,1.0,0.0,0.0,0.0,1.0,1.0,-17.0,9:58,-3.2,0
9,201957,Byron Mullens,15.0,6.0,11.0,0.0,0.0,2.0,6.0,1.0,0.0,0.0,1.0,1.0,-15.0,17:47,12.5,0
10,203561,Brandon Davies,,,,,,,,,,,,,,,0.0,0
11,203100,Tony Wroten,,,,,,,,,,,,,,,0.0,0
12,202695,Kawhi Leonard,15.0,6.0,9.0,2.0,2.0,1.0,4.0,0.0,2.0,1.0,0.0,1.0,26.0,25:53,14.1,1
13,1495,Tim Duncan,19.0,9.0,12.0,2.0,1.0,2.0,3.0,1.0,2.0,0.0,2.0,2.0,-1.0,23:18,15.7,1
14,2564,Boris Diaw,7.0,3.0,6.0,0.0,0.0,0.0,6.0,0.0,7.0,0.0,0.0,3.0,0.0,28:22,7.7,1
15,1938,Manu Ginobili,9.0,3.0,7.0,4.0,2.0,0.0,5.0,1.0,3.0,0.0,0.0,5.0,-1.0,26:22,4.1,1
16,202709,Cory Joseph,12.0,5.0,11.0,2.0,2.0,0.0,7.0,2.0,5.0,0.0,5.0,2.0,1.0,34:52,9.9,1
17,201158,Marco Belinelli,9.0,2.0,7.0,4.0,4.0,0.0,4.0,0.0,8.0,0.0,1.0,1.0,23.0,24:29,10.3,1
18,201948,Austin Daye,22.0,8.0,13.0,0.0,0.0,0.0,6.0,2.0,1.0,2.0,3.0,0.0,23.0,28:34,20.8,1
19,201988,Patty Mills,15.0,6.0,9.0,0.0,0.0,0.0,3.0,3.0,3.0,1.0,2.0,0.0,16.0,23:28,17.0,1
20,201965,Jeff Ayres,5.0,2.0,3.0,2.0,1.0,3.0,3.0,0.0,0.0,0.0,4.0,2.0,18.0,19:41,2.7,1
21,203382,Aron Baynes,0.0,0.0,2.0,0.0,0.0,0.0,0.0,0.0,0.0,0.0,0.0,1.0,5.0,5:01,-2.4,1
22,201980,Danny Green,,,,,,,,,,,,,,,0.0,1
23,2225,Tony Parker,,,,,,,,,,,,,,,0.0,1
24,201168,Tiago Splitter,,,,,,,,,,,,,,,0.0,1
