,id,name,PTS,FG,FGA,FTA,FT,OREB,DREB,STL,AST,BLK,PF,TO,PLUS_MINUS,MIN,GS,WIN
0,2544,LeBron James,30.0,13.0,18.0,4.0,4.0,1.0,3.0,1.0,7.0,1.0,1.0,3.0,7.0,31:55,27.4,1
1,2203,Shane Battier,5.0,1.0,1.0,2.0,2.0,0.0,3.0,1.0,0.0,2.0,1.0,0.0,-2.0,24:41,7.6,1
2,2547,Chris Bosh,7.0,3.0,4.0,0.0,0.0,0.0,3.0,0.0,0.0,0.0,5.0,2.0,-1.0,15:34,2.3,1
3,2548,Dwyane Wade,4.0,1.0,7.0,4.0,2.0,0.0,2.0,0.0,3.0,1.0,3.0,4.0,-3.0,22:58,-3.1,1
4,202708,Norris Cole,8.0,3.0,10.0,2.0,2.0,1.0,6.0,1.0,5.0,0.0,3.0,1.0,14.0,35:46,7.0,1
5,2365,Chris Andersen,10.0,2.0,2.0,6.0,6.0,0.0,7.0,1.0,1.0,2.0,2.0,1.0,15.0,23:52,12.8,1
6,1740,Rashard Lewis,9.0,3.0,7.0,2.0,2.0,2.0,7.0,0.0,0.0,0.0,1.0,1.0,21.0,33:15,7.4,1
7,201563,Michael Beasley,15.0,7.0,14.0,0.0,0.0,1.0,2.0,1.0,1.0,0.0,3.0,1.0,18.0,23:19,8.8,1
8,201202,Joel Anthony,0.0,0.0,1.0,0.0,0.0,1.0,0.0,0.0,0.0,2.0,1.0,0.0,2.0,8:34,1.0,1
9,2427,Roger Mason Jr.,9.0,2.0,5.0,3.0,3.0,0.0,4.0,0.0,1.0,0.0,2.0,2.0,9.0,20:06,5.4,1
10,201596,Mario Chalmers,,,,,,,,,,,,,,,0.0,1
11,2617,Udonis Haslem,,,,,,,,,,,,,,,0.0,1
12,2592,James Jones,,,,,,,,,,,,,,,0.0,1
13,203077,Michael Kidd-Gilchrist,8.0,3.0,8.0,2.0,2.0,3.0,2.0,1.0,0.0,0.0,3.0,1.0,-3.0,25:36,5.1,0
14,201177,Josh McRoberts,6.0,3.0,10.0,0.0,0.0,3.0,4.0,1.0,8.0,0.0,1.0,2.0,-4.0,36:40,7.7,0
15,202687,Bismack Biyombo,4.0,1.0,2.0,2.0,2.0,2.0,6.0,0.0,0.0,0.0,2.0,0.0,-13.0,20:53,5.4,0
16,201945,Gerald Henderson,13.0,4.0,12.0,5.0,4.0,0.0,7.0,1.0,2.0,0.0,3.0,1.0,0.0,32:34,8.1,0
17,202689,Kemba Walker,22.0,7.0,18.0,6.0,5.0,0.0,3.0,1.0,2.0,1.0,1.0,1.0,-15.0,33:47,14.4,0
18,203106,Jeffery Taylor,14.0,5.0,14.0,5.0,2.0,1.0,0.0,1.0,1.0,0.0,4.0,0.0,-19.0,30:14,5.8,0
19,203469,Cody Zeller,0.0,0.0,2.0,0.0,0.0,0.0,0.0,0.0,0.0,0.0,2.0,1.0,-6.0,6:47,-3.2,0
20,201229,Anthony Tolliver,3.0,1.0,9.0,0.0,0.0,1.0,2.0,0.0,4.0,1.0,3.0,1.0,-9.0,31:40,-0.3,0
21,201196,Ramon Sessions,11.0,5.0,8.0,0.0,0.0,0.0,2.0,0.0,3.0,1.0,1.0,1.0,-11.0,21:49,9.4,0
22,202399,Jeff Adrien,,,,,,,,,,,,,,,0.0,0
23,2732,Ben Gordon,,,,,,,,,,,,,,,0.0,0
24,2457,Jannero Pargo,,,,,,,,,,,,,,,0.0,0
25,203480,James Southerland,,,,,,,,,,,,,,,0.0,0
