,id,name,PTS,FG,FGA,FTA,FT,OREB,DREB,STL,AST,BLK,PF,TO,PLUS_MINUS,MIN,GS,WIN
0,2746,Josh Smith,14.0,7.0,18.0,1.0,0.0,0.0,4.0,0.0,4.0,2.0,3.0,1.0,-26.0,41:09,7.0,0
1,202328,Greg Monroe,13.0,5.0,15.0,4.0,3.0,2.0,5.0,2.0,0.0,2.0,2.0,0.0,-26.0,31:29,9.6,0
2,203083,Andre Drummond,8.0,4.0,7.0,0.0,0.0,3.0,3.0,1.0,0.0,0.0,4.0,2.0,-12.0,33:13,5.1,0
3,202713,Kyle Singler,10.0,3.0,8.0,2.0,2.0,0.0,0.0,1.0,0.0,0.0,5.0,0.0,-20.0,28:59,4.6,0
4,201943,Brandon Jennings,20.0,7.0,18.0,4.0,2.0,1.0,3.0,3.0,6.0,0.0,1.0,2.0,-17.0,35:07,15.8,0
5,201155,Rodney Stuckey,15.0,6.0,10.0,2.0,2.0,0.0,3.0,1.0,1.0,0.0,2.0,2.0,1.0,23:24,10.2,0
6,201973,Jonas Jerebko,4.0,1.0,4.0,2.0,2.0,0.0,4.0,0.0,1.0,1.0,1.0,0.0,4.0,20:14,3.8,0
7,101198,Will Bynum,14.0,5.0,9.0,5.0,3.0,0.0,2.0,0.0,8.0,0.0,2.0,2.0,-2.0,20:55,12.3,0
8,203484,Kentavious Caldwell-Pope,0.0,0.0,0.0,0.0,0.0,0.0,0.0,0.0,0.0,0.0,0.0,0.0,4.0,3:04,0.0,0
9,203502,Tony Mitchell,0.0,0.0,1.0,0.0,0.0,1.0,0.0,0.0,0.0,0.0,0.0,0.0,2.0,1:13,0.0,0
10,203540,Gigi Datome,0.0,0.0,0.0,0.0,0.0,0.0,0.0,0.0,0.0,0.0,0.0,0.0,2.0,1:13,0.0,0
11,202725,Josh Harrellson,,,,,,,,,,,,,,,0.0,0
12,101111,Charlie Villanueva,,,,,,,,,,,,,,,0.0,0
13,203077,Michael Kidd-Gilchrist,11.0,3.0,5.0,6.0,5.0,2.0,2.0,0.0,0.0,0.0,3.0,0.0,16.0,24:14,9.1,1
14,201177,Josh McRoberts,15.0,5.0,8.0,2.0,2.0,0.0,5.0,1.0,5.0,0.0,1.0,1.0,22.0,31:21,16.0,1
15,2744,Al Jefferson,29.0,12.0,20.0,8.0,5.0,1.0,7.0,0.0,1.0,1.0,2.0,2.0,27.0,31:44,20.0,1
16,201945,Gerald Henderson,11.0,5.0,7.0,0.0,0.0,0.0,8.0,0.0,0.0,0.0,3.0,1.0,21.0,26:25,8.3,1
17,202689,Kemba Walker,24.0,8.0,20.0,5.0,5.0,0.0,5.0,2.0,16.0,1.0,2.0,4.0,26.0,41:09,23.8,1
18,203469,Cody Zeller,7.0,3.0,6.0,2.0,1.0,1.0,3.0,1.0,0.0,3.0,3.0,2.0,-4.0,16:39,5.1,1
19,201196,Ramon Sessions,10.0,3.0,7.0,4.0,3.0,0.0,3.0,0.0,10.0,0.0,1.0,3.0,0.0,28:14,10.4,1
20,201229,Anthony Tolliver,4.0,2.0,6.0,0.0,0.0,0.0,1.0,1.0,0.0,0.0,0.0,0.0,-1.0,17:58,1.9,1
21,202687,Bismack Biyombo,1.0,0.0,1.0,2.0,1.0,3.0,5.0,0.0,0.0,5.0,2.0,1.0,-5.0,13:16,5.2,1
22,2457,Jannero Pargo,4.0,1.0,2.0,2.0,2.0,0.0,0.0,0.0,0.0,0.0,0.0,0.0,-4.0,3:00,3.0,1
23,201604,Chris Douglas-Roberts,0.0,0.0,0.0,0.0,0.0,0.0,0.0,0.0,0.0,0.0,0.0,0.0,-4.0,3:00,0.0,1
24,202399,Jeff Adrien,0.0,0.0,0.0,0.0,0.0,1.0,2.0,0.0,0.0,1.0,1.0,1.0,-4.0,3:00,0.6,1
25,2732,Ben Gordon,,,,,,,,,,,,,,,0.0,1
