,id,name,PTS,FG,FGA,FTA,FT,OREB,DREB,STL,AST,BLK,PF,TO,PLUS_MINUS,MIN,GS,WIN
0,203138,Hollis Thompson,6.0,2.0,4.0,0.0,0.0,1.0,4.0,0.0,1.0,0.0,5.0,2.0,-7.0,20:15,2.6,0
1,201152,Thaddeus Young,15.0,6.0,16.0,2.0,1.0,3.0,6.0,1.0,0.0,1.0,2.0,6.0,-29.0,33:25,4.6,0
2,203156,Henry Sims,18.0,6.0,11.0,8.0,6.0,4.0,2.0,1.0,2.0,1.0,5.0,2.0,-12.0,26:21,14.4,0
3,202341,James Anderson,30.0,11.0,18.0,2.0,2.0,0.0,3.0,0.0,2.0,0.0,2.0,2.0,-15.0,28:54,21.3,0
4,203487,Michael Carter-Williams,4.0,2.0,11.0,0.0,0.0,1.0,0.0,2.0,10.0,0.0,3.0,3.0,-17.0,27:43,2.6,0
5,202363,Jarvis Varnado,5.0,2.0,2.0,2.0,1.0,2.0,2.0,1.0,2.0,2.0,3.0,2.0,-2.0,21:59,6.6,0
6,202343,Elliot Williams,8.0,3.0,9.0,2.0,1.0,0.0,1.0,1.0,2.0,1.0,0.0,2.0,-13.0,26:40,3.9,0
7,203263,James Nunnally,3.0,1.0,5.0,0.0,0.0,0.0,3.0,1.0,1.0,0.0,2.0,0.0,-4.0,17:52,1.7,0
8,203810,Casper Ware,7.0,2.0,10.0,2.0,1.0,0.0,1.0,2.0,2.0,0.0,2.0,1.0,-10.0,22:36,2.3,0
9,201957,Byron Mullens,0.0,0.0,1.0,0.0,0.0,0.0,0.0,0.0,1.0,0.0,0.0,0.0,4.0,3:05,0.0,0
10,203561,Brandon Davies,2.0,0.0,3.0,4.0,2.0,3.0,3.0,0.0,0.0,0.0,2.0,1.0,-5.0,11:10,0.3,0
11,203100,Tony Wroten,,,,,,,,,,,,,,,0.0,0
12,202718,Chandler Parsons,16.0,7.0,14.0,0.0,0.0,0.0,5.0,2.0,7.0,0.0,2.0,2.0,36.0,39:10,14.6,1
13,203093,Terrence Jones,20.0,8.0,15.0,6.0,4.0,2.0,5.0,4.0,0.0,2.0,0.0,1.0,31.0,29:36,19.2,1
14,2730,Dwight Howard,17.0,6.0,6.0,9.0,5.0,3.0,10.0,2.0,0.0,3.0,3.0,3.0,35.0,26:10,18.6,1
15,201935,James Harden,26.0,9.0,17.0,6.0,5.0,4.0,6.0,1.0,10.0,0.0,0.0,5.0,26.0,31:29,24.9,1
16,201976,Patrick Beverley,5.0,1.0,2.0,2.0,2.0,0.0,0.0,0.0,1.0,0.0,1.0,0.0,2.0,7:33,4.3,1
17,202391,Jeremy Lin,13.0,4.0,9.0,4.0,4.0,0.0,1.0,0.0,7.0,0.0,4.0,2.0,14.0,27:06,9.9,1
18,202700,Donatas Motiejunas,6.0,3.0,7.0,0.0,0.0,2.0,2.0,2.0,0.0,0.0,5.0,2.0,-9.0,18:24,2.3,1
19,201600,Omer Asik,4.0,2.0,4.0,1.0,0.0,3.0,4.0,1.0,0.0,0.0,3.0,0.0,-13.0,21:50,4.7,1
20,202706,Jordan Hamilton,3.0,1.0,5.0,0.0,0.0,1.0,4.0,0.0,0.0,0.0,2.0,2.0,-15.0,11:50,-1.0,1
21,203477,Isaiah Canaan,5.0,2.0,6.0,0.0,0.0,0.0,1.0,1.0,0.0,1.0,2.0,3.0,3.0,13:49,-0.2,1
22,201956,Omri Casspi,5.0,1.0,5.0,6.0,3.0,2.0,2.0,0.0,2.0,0.0,0.0,0.0,0.0,13:03,4.1,1
23,101128,Francisco Garcia,,,,,,,,,,,,,,,0.0,1
24,202962,Greg Smith,,,,,,,,,,,,,,,0.0,1
