,id,name,PTS,FG,FGA,FTA,FT,OREB,DREB,STL,AST,BLK,PF,TO,PLUS_MINUS,MIN,GS,WIN
0,201145,Jeff Green,10.0,5.0,14.0,1.0,0.0,1.0,2.0,2.0,3.0,0.0,0.0,0.0,10.0,31:51,7.2,1
1,101138,Brandon Bass,16.0,6.0,14.0,4.0,4.0,3.0,4.0,0.0,1.0,1.0,3.0,0.0,0.0,36:40,12.1,1
2,203543,Vitor Faverani,3.0,1.0,4.0,0.0,0.0,2.0,3.0,0.0,1.0,0.0,2.0,1.0,2.0,16:31,1.8,1
3,202340,Avery Bradley,14.0,5.0,13.0,4.0,3.0,3.0,5.0,3.0,1.0,1.0,1.0,2.0,6.0,28:53,12.1,1
4,202348,Jordan Crawford,13.0,5.0,13.0,3.0,3.0,1.0,2.0,1.0,5.0,0.0,1.0,2.0,11.0,30:36,9.3,1
5,2222,Gerald Wallace,2.0,1.0,3.0,0.0,0.0,0.0,6.0,1.0,3.0,0.0,5.0,2.0,-13.0,19:52,1.2,1
6,203482,Kelly Olynyk,8.0,4.0,13.0,0.0,0.0,4.0,2.0,0.0,0.0,0.0,5.0,3.0,1.0,22:15,-1.1,1
7,203096,Jared Sullinger,11.0,2.0,8.0,8.0,7.0,3.0,3.0,0.0,4.0,2.0,2.0,1.0,-1.0,19:32,11.2,1
8,201584,Courtney Lee,13.0,5.0,9.0,4.0,3.0,2.0,2.0,2.0,0.0,1.0,2.0,0.0,-7.0,17:24,12.2,1
9,203515,Phil Pressey,1.0,0.0,4.0,2.0,1.0,0.0,2.0,2.0,1.0,0.0,2.0,0.0,-2.0,15:35,0.3,1
10,2743,Kris Humphries,0.0,0.0,0.0,0.0,0.0,0.0,0.0,0.0,0.0,0.0,1.0,0.0,3.0,0:52,-0.4,1
11,2586,Keith Bogans,,,,,,,,,,,,,,,0.0,1
12,202705,MarShon Brooks,,,,,,,,,,,,,,,0.0,1
13,203090,Maurice Harkless,4.0,1.0,4.0,3.0,2.0,2.0,3.0,0.0,2.0,1.0,1.0,0.0,-1.0,31:16,5.2,0
14,101131,Jason Maxiell,9.0,4.0,6.0,5.0,1.0,2.0,3.0,1.0,2.0,1.0,4.0,0.0,-4.0,27:06,8.6,0
15,202696,Nikola Vucevic,14.0,6.0,12.0,4.0,2.0,5.0,8.0,0.0,1.0,1.0,3.0,4.0,-8.0,36:05,9.3,0
16,201167,Arron Afflalo,23.0,8.0,15.0,6.0,5.0,0.0,5.0,0.0,1.0,0.0,5.0,3.0,3.0,34:03,12.5,0
17,2749,Jameer Nelson,12.0,4.0,15.0,2.0,2.0,0.0,3.0,1.0,7.0,0.0,3.0,7.0,3.0,36:01,1.7,0
18,203506,Victor Oladipo,9.0,3.0,12.0,4.0,3.0,1.0,3.0,1.0,3.0,0.0,4.0,3.0,-6.0,23:16,1.5,0
19,202734,E'Twaun Moore,7.0,3.0,7.0,1.0,1.0,0.0,1.0,0.0,3.0,0.0,0.0,0.0,-5.0,19:24,5.7,0
20,203124,Kyle O'Quinn,5.0,2.0,6.0,2.0,1.0,4.0,5.0,1.0,0.0,1.0,2.0,2.0,6.0,11:55,4.4,0
21,203094,Andrew Nicholson,6.0,2.0,6.0,2.0,2.0,2.0,9.0,0.0,0.0,0.0,2.0,1.0,2.0,20:54,4.9,0
22,202699,Tobias Harris,,,,,,,,,,,,,,,0.0,0
23,200780,Solomon Jones,,,,,,,,,,,,,,,0.0,0
24,203117,Doron Lamb,,,,,,,,,,,,,,,0.0,0
25,101179,Ronnie Price,,,,,,,,,,,,,,,0.0,0
