,id,name,PTS,FG,FGA,FTA,FT,OREB,DREB,STL,AST,BLK,PF,TO,PLUS_MINUS,MIN,GS,WIN
0,201142,Kevin Durant,27.0,8.0,19.0,11.0,7.0,1.0,9.0,0.0,12.0,0.0,4.0,5.0,-5.0,41:36,20.5,0
1,201586,Serge Ibaka,21.0,9.0,18.0,5.0,3.0,8.0,7.0,2.0,1.0,2.0,4.0,0.0,-9.0,34:09,21.4,0
2,203500,Steven Adams,0.0,0.0,0.0,0.0,0.0,1.0,1.0,1.0,0.0,0.0,1.0,0.0,5.0,10:17,1.6,0
3,203103,Perry Jones III,7.0,3.0,6.0,0.0,0.0,1.0,3.0,0.0,0.0,0.0,2.0,0.0,-3.0,16:58,4.8,0
4,201566,Russell Westbrook,20.0,7.0,23.0,5.0,4.0,3.0,4.0,3.0,8.0,0.0,4.0,8.0,-7.0,30:32,8.6,0
5,201934,Hasheem Thabeet,4.0,2.0,2.0,0.0,0.0,0.0,1.0,0.0,0.0,0.0,4.0,0.0,-2.0,6:17,2.1,0
6,202704,Reggie Jackson,14.0,6.0,12.0,0.0,0.0,3.0,6.0,2.0,1.0,0.0,2.0,0.0,4.0,29:56,13.8,0
7,2406,Caron Butler,4.0,2.0,6.0,0.0,0.0,0.0,2.0,1.0,1.0,0.0,1.0,0.0,-15.0,23:52,2.5,0
8,965,Derek Fisher,8.0,3.0,7.0,0.0,0.0,0.0,2.0,2.0,3.0,0.0,4.0,1.0,18.0,22:06,6.4,0
9,2555,Nick Collison,2.0,1.0,2.0,0.0,0.0,1.0,2.0,0.0,0.0,0.0,2.0,1.0,1.0,11:31,0.5,0
10,203087,Jeremy Lamb,3.0,1.0,5.0,0.0,0.0,1.0,3.0,0.0,0.0,0.0,2.0,1.0,-7.0,12:46,-0.3,0
11,203460,Andre Roberson,,,,,,,,,,,,,,,0.0,0
12,202130,Reggie Williams,,,,,,,,,,,,,,,0.0,0
13,202325,Wesley Johnson,11.0,3.0,8.0,5.0,4.0,0.0,3.0,1.0,5.0,1.0,4.0,1.0,7.0,36:58,9.7,1
14,203527,Ryan Kelly,12.0,5.0,10.0,0.0,0.0,0.0,5.0,1.0,8.0,2.0,2.0,0.0,6.0,37:00,15.7,1
15,2200,Pau Gasol,20.0,8.0,17.0,4.0,4.0,1.0,10.0,0.0,3.0,1.0,3.0,3.0,14.0,38:36,13.6,1
16,201975,Jodie Meeks,42.0,11.0,18.0,14.0,14.0,0.0,2.0,4.0,0.0,0.0,2.0,3.0,14.0,37:02,34.6,1
17,203088,Kendall Marshall,0.0,0.0,3.0,2.0,0.0,0.0,5.0,0.0,10.0,0.0,1.0,3.0,17.0,26:55,2.2,1
18,200770,Jordan Farmar,12.0,4.0,9.0,3.0,1.0,0.0,0.0,1.0,3.0,0.0,2.0,1.0,-13.0,20:54,7.8,1
19,202333,Xavier Henry,4.0,1.0,3.0,2.0,2.0,0.0,0.0,0.0,0.0,0.0,1.0,2.0,-11.0,12:51,-0.1,1
20,203145,Kent Bazemore,11.0,5.0,11.0,0.0,0.0,0.0,7.0,0.0,2.0,1.0,1.0,1.0,-4.0,20:20,8.1,1
21,203135,Robert Sacre,2.0,1.0,2.0,0.0,0.0,0.0,3.0,0.0,0.0,1.0,0.0,1.0,-10.0,9:24,1.6,1
22,202705,MarShon Brooks,,,,,,,,,,,,,,,0.0,1
23,201941,Jordan Hill,,,,,,,,,,,,,,,0.0,1
24,2549,Chris Kaman,,,,,,,,,,,,,,,0.0,1
25,201156,Nick Young,,,,,,,,,,,,,,,0.0,1
