,id,name,PTS,FG,FGA,FTA,FT,OREB,DREB,STL,AST,BLK,PF,TO,PLUS_MINUS,MIN,GS,WIN
0,2419,Tayshaun Prince,0.0,0.0,2.0,0.0,0.0,0.0,0.0,0.0,1.0,1.0,1.0,1.0,-4.0,22:19,-1.4,1
1,2216,Zach Randolph,10.0,5.0,13.0,0.0,0.0,2.0,9.0,0.0,2.0,0.0,1.0,1.0,9.0,36:18,7.0,1
2,201188,Marc Gasol,18.0,8.0,16.0,2.0,2.0,1.0,9.0,0.0,1.0,3.0,3.0,5.0,-5.0,33:25,10.0,1
3,201584,Courtney Lee,6.0,3.0,8.0,1.0,0.0,0.0,2.0,0.0,1.0,1.0,2.0,1.0,-11.0,28:26,1.4,1
4,201144,Mike Conley,12.0,4.0,15.0,5.0,4.0,1.0,4.0,2.0,7.0,0.0,0.0,2.0,3.0,30:36,9.5,1
5,201979,Nick Calathes,0.0,0.0,0.0,0.0,0.0,0.0,1.0,2.0,5.0,0.0,0.0,0.0,5.0,17:24,5.8,1
6,2034,Mike Miller,14.0,5.0,7.0,0.0,0.0,0.0,5.0,2.0,0.0,1.0,2.0,1.0,19.0,20:08,13.5,1
7,201585,Kosta Koufos,12.0,6.0,8.0,0.0,0.0,4.0,2.0,1.0,1.0,0.0,3.0,1.0,13.0,19:15,11.7,1
8,2754,Tony Allen,6.0,2.0,6.0,6.0,2.0,3.0,2.0,2.0,1.0,0.0,2.0,1.0,12.0,25:07,4.6,1
9,202720,Jon Leuer,7.0,2.0,3.0,4.0,2.0,0.0,0.0,0.0,0.0,0.0,2.0,0.0,-1.0,7:02,4.1,1
10,202334,Ed Davis,,,,,,,,,,,,,,,0.0,1
11,201949,James Johnson,,,,,,,,,,,,,,,0.0,1
12,2757,Beno Udrih,,,,,,,,,,,,,,,0.0,1
13,2399,Mike Dunleavy,5.0,2.0,10.0,1.0,1.0,1.0,5.0,0.0,1.0,0.0,3.0,1.0,-4.0,27:54,-0.5,0
14,2430,Carlos Boozer,8.0,4.0,12.0,0.0,0.0,2.0,6.0,0.0,1.0,0.0,3.0,0.0,-9.0,24:00,3.9,0
15,201149,Joakim Noah,15.0,6.0,9.0,4.0,3.0,0.0,8.0,1.0,6.0,2.0,3.0,6.0,3.0,40:19,12.5,0
16,202710,Jimmy Butler,8.0,1.0,3.0,6.0,6.0,1.0,2.0,2.0,2.0,0.0,0.0,1.0,-14.0,42:36,10.0,0
17,2550,Kirk Hinrich,9.0,4.0,10.0,0.0,0.0,1.0,3.0,0.0,1.0,0.0,5.0,2.0,12.0,32:33,1.9,0
18,201571,D.J. Augustin,14.0,5.0,14.0,3.0,3.0,0.0,1.0,0.0,3.0,0.0,2.0,1.0,-15.0,30:21,6.8,0
19,201959,Taj Gibson,18.0,9.0,16.0,0.0,0.0,1.0,3.0,1.0,0.0,0.0,0.0,1.0,-9.0,28:06,12.0,0
20,1737,Nazr Mohammed,0.0,0.0,0.0,0.0,0.0,0.0,1.0,0.0,0.0,0.0,1.0,1.0,-1.0,3:35,-1.1,0
21,203503,Tony Snell,0.0,0.0,1.0,0.0,0.0,0.0,3.0,0.0,2.0,0.0,2.0,0.0,-3.0,10:36,0.8,0
22,202690,Jimmer Fredette,,,,,,,,,,,,,,,0.0,0
23,203513,Erik Murphy,,,,,,,,,,,,,,,0.0,0
24,203129,Tornike Shengelia,,,,,,,,,,,,,,,0.0,0
