,id,name,PTS,FG,FGA,FTA,FT,OREB,DREB,STL,AST,BLK,PF,TO,PLUS_MINUS,MIN,GS,WIN
0,202329,Al-Farouq Aminu,3.0,1.0,3.0,2.0,1.0,2.0,3.0,0.0,0.0,0.0,1.0,1.0,-24.0,19:15,1.8,0
1,203076,Anthony Davis,19.0,7.0,14.0,7.0,5.0,2.0,5.0,3.0,1.0,0.0,5.0,2.0,-4.0,35:11,13.8,0
2,201582,Alexis Ajinca,2.0,1.0,3.0,0.0,0.0,1.0,0.0,0.0,0.0,0.0,1.0,1.0,-16.0,9:17,-0.4,0
3,201569,Eric Gordon,10.0,5.0,12.0,0.0,0.0,0.0,0.0,0.0,2.0,1.0,1.0,1.0,-14.0,26:24,4.3,0
4,203148,Brian Roberts,18.0,7.0,14.0,1.0,1.0,0.0,3.0,2.0,2.0,0.0,1.0,2.0,-16.0,27:46,12.9,0
5,201880,Greg Stiemsma,2.0,1.0,2.0,0.0,0.0,2.0,2.0,0.0,2.0,0.0,4.0,1.0,-6.0,15:13,1.8,0
6,201936,Tyreke Evans,23.0,10.0,14.0,6.0,3.0,1.0,4.0,3.0,10.0,0.0,2.0,2.0,12.0,32:12,25.1,0
7,203085,Austin Rivers,7.0,1.0,3.0,8.0,5.0,0.0,4.0,0.0,4.0,0.0,4.0,2.0,9.0,20:14,4.5,0
8,201627,Anthony Morrow,8.0,3.0,6.0,1.0,1.0,0.0,2.0,0.0,0.0,0.0,2.0,1.0,7.0,21:36,3.8,0
9,203481,Jeff Withey,3.0,1.0,2.0,1.0,1.0,1.0,1.0,0.0,0.0,0.0,1.0,0.0,-4.0,13:16,2.6,0
10,202337,Luke Babbitt,6.0,2.0,4.0,0.0,0.0,0.0,3.0,0.0,0.0,3.0,4.0,1.0,21.0,19:36,4.4,0
11,203121,Darius Miller,,,,,,,,,,,,,,,0.0,0
12,201160,Jason Smith,,,,,,,,,,,,,,,0.0,0
13,203082,Terrence Ross,14.0,5.0,8.0,0.0,0.0,1.0,3.0,0.0,0.0,1.0,0.0,1.0,19.0,34:45,11.7,1
14,202335,Patrick Patterson,22.0,7.0,11.0,6.0,5.0,1.0,5.0,0.0,2.0,0.0,4.0,1.0,19.0,32:52,17.7,1
15,202685,Jonas Valanciunas,9.0,3.0,7.0,4.0,3.0,1.0,7.0,0.0,0.0,1.0,5.0,1.0,17.0,29:58,5.4,1
16,201942,DeMar DeRozan,22.0,7.0,21.0,10.0,7.0,0.0,2.0,1.0,4.0,0.0,2.0,3.0,5.0,40:21,9.5,1
17,200768,Kyle Lowry,19.0,8.0,13.0,2.0,2.0,5.0,2.0,2.0,12.0,0.0,2.0,2.0,19.0,38:48,24.8,1
18,201946,Tyler Hansbrough,12.0,4.0,6.0,6.0,4.0,0.0,6.0,0.0,0.0,0.0,0.0,1.0,8.0,14:34,9.4,1
19,2422,John Salmons,4.0,0.0,3.0,4.0,4.0,1.0,0.0,1.0,2.0,0.0,2.0,0.0,-10.0,16:51,4.2,1
20,202349,Greivis Vasquez,3.0,1.0,4.0,1.0,1.0,0.0,0.0,0.0,2.0,0.0,2.0,2.0,-12.0,13:15,-0.8,1
21,200779,Steve Novak,3.0,1.0,2.0,0.0,0.0,0.0,2.0,0.0,0.0,1.0,2.0,0.0,-14.0,11:44,2.5,1
22,101236,Chuck Hayes,0.0,0.0,1.0,0.0,0.0,0.0,0.0,2.0,0.0,0.0,1.0,0.0,-16.0,6:52,0.9,1
23,202779,Dwight Buycks,,,,,,,,,,,,,,,0.0,1
24,201948,Austin Daye,,,,,,,,,,,,,,,0.0,1
25,202933,Julyan Stone,,,,,,,,,,,,,,,0.0,1
