,id,name,PTS,FG,FGA,FTA,FT,OREB,DREB,STL,AST,BLK,PF,TO,PLUS_MINUS,MIN,GS,WIN
0,203082,Terrence Ross,12.0,5.0,12.0,0.0,0.0,1.0,3.0,0.0,1.0,0.0,3.0,1.0,7.0,32:30,5.7,0
1,101161,Amir Johnson,16.0,8.0,14.0,0.0,0.0,0.0,5.0,2.0,2.0,4.0,3.0,1.0,-2.0,36:05,14.9,0
2,202685,Jonas Valanciunas,6.0,2.0,3.0,3.0,2.0,3.0,3.0,0.0,0.0,2.0,3.0,1.0,-12.0,22:05,6.5,0
3,201942,DeMar DeRozan,14.0,3.0,9.0,8.0,8.0,0.0,3.0,0.0,1.0,0.0,3.0,2.0,-12.0,35:20,7.3,0
4,200768,Kyle Lowry,21.0,8.0,16.0,1.0,1.0,2.0,6.0,2.0,7.0,0.0,5.0,4.0,-5.0,37:46,17.1,0
5,201946,Tyler Hansbrough,16.0,4.0,6.0,10.0,8.0,1.0,3.0,2.0,0.0,0.0,0.0,0.0,8.0,22:36,16.2,0
6,202349,Greivis Vasquez,4.0,2.0,6.0,0.0,0.0,0.0,3.0,0.0,5.0,0.0,1.0,1.0,-2.0,18:05,3.6,0
7,2422,John Salmons,4.0,1.0,3.0,2.0,2.0,0.0,2.0,0.0,3.0,0.0,1.0,1.0,0.0,21:10,3.6,0
8,200779,Steve Novak,2.0,1.0,1.0,0.0,0.0,0.0,1.0,1.0,0.0,0.0,3.0,0.0,-3.0,7:15,1.8,0
9,101236,Chuck Hayes,2.0,1.0,1.0,0.0,0.0,0.0,1.0,0.0,0.0,0.0,0.0,1.0,1.0,7:08,1.0,0
10,202779,Dwight Buycks,,,,,,,,,,,,,,,0.0,0
11,201986,Nando De Colo,,,,,,,,,,,,,,,0.0,0
12,202361,Landry Fields,,,,,,,,,,,,,,,0.0,0
13,2207,Joe Johnson,14.0,6.0,13.0,0.0,0.0,1.0,3.0,0.0,4.0,0.0,1.0,1.0,5.0,33:02,10.3,1
14,1718,Paul Pierce,15.0,3.0,8.0,8.0,6.0,0.0,4.0,4.0,0.0,0.0,4.0,6.0,-9.0,29:38,7.4,1
15,203486,Mason Plumlee,6.0,3.0,7.0,0.0,0.0,3.0,5.0,1.0,0.0,1.0,3.0,0.0,7.0,26:10,6.4,1
16,2733,Shaun Livingston,18.0,7.0,10.0,4.0,4.0,1.0,2.0,1.0,3.0,0.0,3.0,2.0,3.0,32:49,15.0,1
17,101114,Deron Williams,18.0,6.0,13.0,4.0,2.0,0.0,2.0,1.0,5.0,0.0,5.0,1.0,9.0,35:44,12.6,1
18,101154,Andray Blatche,9.0,4.0,7.0,2.0,1.0,1.0,3.0,2.0,2.0,1.0,4.0,1.0,15.0,28:49,8.4,1
19,201977,Marcus Thornton,5.0,2.0,6.0,1.0,0.0,0.0,0.0,0.0,0.0,0.0,2.0,1.0,-3.0,18:07,-0.6,1
20,203141,Mirza Teletovic,5.0,1.0,3.0,4.0,3.0,2.0,0.0,0.0,0.0,0.0,0.0,1.0,1.0,7:22,3.3,1
21,101187,Alan Anderson,11.0,2.0,3.0,8.0,6.0,0.0,3.0,0.0,1.0,0.0,2.0,0.0,-2.0,24:18,9.7,1
22,2215,Jason Collins,0.0,0.0,0.0,0.0,0.0,0.0,0.0,0.0,0.0,0.0,3.0,1.0,-6.0,4:01,-2.2,1
23,708,Kevin Garnett,,,,,,,,,,,,,,,0.0,1
24,203268,Jorge Gutierrez,,,,,,,,,,,,,,,0.0,1
25,203104,Marquis Teague,,,,,,,,,,,,,,,0.0,1
