,id,name,PTS,FG,FGA,FTA,FT,OREB,DREB,STL,AST,BLK,PF,TO,PLUS_MINUS,MIN,GS,WIN
0,2419,Tayshaun Prince,2.0,1.0,4.0,1.0,0.0,0.0,2.0,0.0,0.0,1.0,0.0,0.0,-11.0,14:14,0.5,0
1,2216,Zach Randolph,12.0,5.0,12.0,4.0,2.0,4.0,7.0,0.0,0.0,0.0,5.0,3.0,2.0,33:19,4.7,0
2,201188,Marc Gasol,15.0,5.0,15.0,6.0,5.0,0.0,3.0,3.0,4.0,1.0,5.0,0.0,-1.0,37:36,11.5,0
3,201584,Courtney Lee,10.0,4.0,13.0,1.0,1.0,1.0,8.0,0.0,1.0,0.0,1.0,1.0,1.0,34:40,4.9,0
4,201144,Mike Conley,16.0,6.0,16.0,5.0,4.0,1.0,4.0,1.0,5.0,0.0,1.0,2.0,-5.0,32:33,10.8,0
5,201979,Nick Calathes,4.0,2.0,2.0,0.0,0.0,0.0,2.0,1.0,4.0,1.0,3.0,3.0,2.0,16:04,4.3,0
6,201585,Kosta Koufos,4.0,2.0,2.0,0.0,0.0,0.0,1.0,0.0,1.0,1.0,1.0,1.0,0.0,8:39,3.7,0
7,2754,Tony Allen,9.0,4.0,7.0,1.0,1.0,0.0,6.0,1.0,0.0,1.0,2.0,1.0,10.0,24:33,7.4,0
8,2034,Mike Miller,11.0,4.0,6.0,0.0,0.0,1.0,0.0,0.0,2.0,0.0,1.0,0.0,-6.0,22:02,10.1,0
9,201949,James Johnson,6.0,1.0,2.0,4.0,4.0,0.0,2.0,0.0,0.0,0.0,3.0,3.0,-2.0,10:18,1.4,0
10,202334,Ed Davis,0.0,0.0,0.0,0.0,0.0,0.0,0.0,0.0,0.0,0.0,2.0,1.0,-5.0,6:02,-1.8,0
11,203479,Jamaal Franklin,,,,,,,,,,,,,,,0.0,0
12,202720,Jon Leuer,,,,,,,,,,,,,,,0.0,0
13,203077,Michael Kidd-Gilchrist,6.0,2.0,5.0,2.0,2.0,4.0,1.0,1.0,0.0,1.0,3.0,1.0,10.0,19:21,5.9,1
14,201177,Josh McRoberts,12.0,3.0,11.0,4.0,4.0,0.0,2.0,0.0,3.0,0.0,2.0,1.0,-17.0,30:37,6.4,1
15,2744,Al Jefferson,6.0,2.0,13.0,2.0,2.0,0.0,9.0,0.0,1.0,0.0,3.0,2.0,-2.0,30:57,-2.1,1
16,201945,Gerald Henderson,9.0,4.0,9.0,2.0,1.0,0.0,5.0,0.0,1.0,0.0,2.0,1.0,-8.0,29:54,4.3,1
17,202689,Kemba Walker,31.0,9.0,20.0,10.0,10.0,0.0,8.0,1.0,5.0,0.0,2.0,4.0,6.0,41:58,22.7,1
18,201229,Anthony Tolliver,9.0,3.0,5.0,0.0,0.0,0.0,2.0,0.0,0.0,0.0,0.0,0.0,-1.0,26:48,7.3,1
19,203469,Cody Zeller,7.0,2.0,6.0,3.0,3.0,1.0,1.0,1.0,3.0,1.0,3.0,1.0,20.0,17:23,6.2,1
20,2732,Ben Gordon,4.0,1.0,7.0,2.0,2.0,2.0,0.0,0.0,2.0,0.0,1.0,1.0,5.0,19:57,0.9,1
21,202687,Bismack Biyombo,6.0,3.0,3.0,2.0,0.0,2.0,5.0,0.0,0.0,2.0,2.0,0.0,5.0,17:03,7.8,1
22,2457,Jannero Pargo,2.0,1.0,3.0,0.0,0.0,0.0,0.0,1.0,1.0,0.0,0.0,0.0,-3.0,6:02,2.0,1
23,201604,Chris Douglas-Roberts,,,,,,,,,,,,,,,0.0,1
24,202390,Gary Neal,,,,,,,,,,,,,,,0.0,1
25,2557,Luke Ridnour,,,,,,,,,,,,,,,0.0,1
