,id,name,PTS,FG,FGA,FTA,FT,OREB,DREB,STL,AST,BLK,PF,TO,PLUS_MINUS,MIN,GS,WIN
0,202331,Paul George,28.0,9.0,14.0,6.0,6.0,1.0,3.0,0.0,6.0,0.0,2.0,2.0,25.0,36:30,24.8,1
1,2561,David West,20.0,9.0,12.0,3.0,2.0,1.0,7.0,3.0,4.0,2.0,3.0,0.0,33.0,34:00,23.6,1
2,201579,Roy Hibbert,12.0,3.0,4.0,6.0,6.0,3.0,7.0,0.0,3.0,1.0,2.0,1.0,1.0,27:02,15.6,1
3,202362,Lance Stephenson,15.0,5.0,11.0,3.0,3.0,0.0,3.0,0.0,4.0,0.0,2.0,3.0,24.0,36:08,9.2,1
4,201588,George Hill,12.0,5.0,8.0,0.0,0.0,1.0,3.0,0.0,1.0,0.0,1.0,0.0,12.0,26:37,10.3,1
5,2449,Luis Scola,12.0,5.0,9.0,2.0,2.0,1.0,9.0,1.0,0.0,0.0,2.0,4.0,-1.0,28:28,7.3,1
6,203111,Orlando Johnson,0.0,0.0,5.0,0.0,0.0,0.0,1.0,2.0,0.0,0.0,1.0,1.0,-20.0,16:05,-2.6,1
7,101133,Ian Mahinmi,0.0,0.0,0.0,0.0,0.0,0.0,0.0,0.0,0.0,0.0,3.0,1.0,-11.0,6:30,-2.2,1
8,201228,C.J. Watson,12.0,2.0,6.0,8.0,7.0,1.0,0.0,2.0,4.0,0.0,0.0,1.0,2.0,24:23,12.7,1
9,203524,Solomon Hill,0.0,0.0,1.0,0.0,0.0,0.0,0.0,0.0,0.0,0.0,0.0,1.0,-8.0,2:39,-1.7,1
10,202388,Donald Sloan,0.0,0.0,1.0,0.0,0.0,0.0,0.0,0.0,0.0,0.0,0.0,0.0,-2.0,1:38,-0.7,1
11,2446,Rasual Butler,,,,,,,,,,,,,,,0.0,1
12,203142,Chris Copeland,,,,,,,,,,,,,,,0.0,1
13,202695,Kawhi Leonard,18.0,8.0,13.0,0.0,0.0,1.0,2.0,0.0,3.0,0.0,2.0,1.0,-25.0,36:30,13.7,0
14,1495,Tim Duncan,10.0,3.0,10.0,4.0,4.0,2.0,4.0,0.0,4.0,1.0,3.0,2.0,-18.0,26:29,7.1,0
15,201168,Tiago Splitter,2.0,1.0,3.0,0.0,0.0,1.0,1.0,0.0,1.0,0.0,0.0,1.0,6.0,8:14,1.0,0
16,201980,Danny Green,2.0,1.0,4.0,0.0,0.0,0.0,3.0,0.0,0.0,0.0,0.0,0.0,-16.0,16:40,0.5,0
17,2225,Tony Parker,13.0,6.0,14.0,0.0,0.0,0.0,4.0,0.0,2.0,0.0,1.0,1.0,-18.0,26:29,6.8,0
18,2564,Boris Diaw,6.0,3.0,9.0,0.0,0.0,1.0,3.0,1.0,2.0,0.0,3.0,3.0,-13.0,25:30,0.7,0
19,1938,Manu Ginobili,16.0,6.0,9.0,0.0,0.0,1.0,1.0,0.0,3.0,0.0,3.0,0.0,5.0,18:34,14.0,0
20,201158,Marco Belinelli,9.0,4.0,7.0,0.0,0.0,0.0,0.0,0.0,1.0,0.0,2.0,1.0,-1.0,19:17,4.6,0
21,201988,Patty Mills,10.0,3.0,9.0,2.0,1.0,2.0,3.0,3.0,6.0,0.0,2.0,0.0,9.0,20:44,13.2,0
22,201965,Jeff Ayres,0.0,0.0,2.0,0.0,0.0,1.0,1.0,0.0,0.0,0.0,3.0,2.0,-6.0,9:18,-3.6,0
23,2588,Matt Bonner,8.0,3.0,5.0,0.0,0.0,0.0,0.0,2.0,2.0,0.0,2.0,0.0,-7.0,20:23,8.3,0
24,203382,Aron Baynes,2.0,1.0,3.0,0.0,0.0,0.0,2.0,0.0,0.0,0.0,0.0,0.0,16.0,6:06,0.9,0
25,202709,Cory Joseph,4.0,2.0,3.0,0.0,0.0,1.0,0.0,0.0,0.0,0.0,0.0,0.0,13.0,5:46,3.4,0
