,id,name,PTS,FG,FGA,FTA,FT,OREB,DREB,STL,AST,BLK,PF,TO,PLUS_MINUS,MIN,GS,WIN
0,201142,Kevin Durant,38.0,13.0,28.0,10.0,8.0,2.0,9.0,2.0,3.0,0.0,0.0,3.0,-4.0,43:09,28.0,0
1,201586,Serge Ibaka,11.0,3.0,5.0,6.0,5.0,1.0,5.0,1.0,1.0,0.0,5.0,1.0,-4.0,35:07,9.2,0
2,2570,Kendrick Perkins,4.0,2.0,3.0,2.0,0.0,1.0,2.0,0.0,0.0,0.0,2.0,0.0,-3.0,13:29,2.4,0
3,203460,Andre Roberson,0.0,0.0,0.0,0.0,0.0,0.0,2.0,0.0,0.0,0.0,1.0,0.0,5.0,5:19,0.2,0
4,201566,Russell Westbrook,33.0,12.0,26.0,8.0,7.0,1.0,3.0,0.0,8.0,2.0,6.0,5.0,-9.0,33:29,20.4,0
5,965,Derek Fisher,5.0,2.0,3.0,0.0,0.0,1.0,2.0,0.0,3.0,0.0,4.0,1.0,-11.0,27:13,4.5,0
6,2555,Nick Collison,6.0,3.0,3.0,0.0,0.0,0.0,1.0,1.0,0.0,1.0,1.0,1.0,-4.0,14:36,5.7,0
7,202704,Reggie Jackson,11.0,3.0,8.0,4.0,4.0,1.0,6.0,1.0,2.0,0.0,3.0,1.0,-3.0,33:15,9.3,0
8,2406,Caron Butler,5.0,1.0,6.0,2.0,2.0,0.0,1.0,0.0,0.0,1.0,3.0,0.0,2.0,26:20,1.0,0
9,203087,Jeremy Lamb,2.0,1.0,2.0,0.0,0.0,0.0,0.0,1.0,0.0,0.0,5.0,0.0,-4.0,8:03,0.0,0
10,203500,Steven Adams,,,,,,,,,,,,,,,0.0,0
11,203103,Perry Jones III,,,,,,,,,,,,,,,0.0,0
12,201934,Hasheem Thabeet,,,,,,,,,,,,,,,0.0,0
13,200782,P.J. Tucker,22.0,7.0,9.0,6.0,4.0,1.0,6.0,2.0,3.0,2.0,4.0,0.0,9.0,40:18,24.1,1
14,101112,Channing Frye,2.0,1.0,5.0,0.0,0.0,0.0,2.0,0.0,0.0,0.0,4.0,0.0,2.0,18:25,-2.1,1
15,203101,Miles Plumlee,8.0,3.0,5.0,2.0,2.0,2.0,4.0,0.0,0.0,0.0,3.0,0.0,-1.0,18:23,7.1,1
16,201609,Goran Dragic,26.0,11.0,19.0,3.0,2.0,0.0,2.0,1.0,5.0,0.0,2.0,1.0,5.0,40:44,20.0,1
17,202339,Eric Bledsoe,18.0,6.0,13.0,11.0,6.0,0.0,4.0,3.0,4.0,0.0,1.0,5.0,11.0,31:30,10.9,1
18,202693,Markieff Morris,10.0,4.0,6.0,2.0,2.0,0.0,4.0,0.0,3.0,0.0,3.0,4.0,6.0,26:56,5.5,1
19,101123,Gerald Green,24.0,7.0,11.0,7.0,5.0,1.0,1.0,0.0,0.0,0.0,4.0,2.0,0.0,33:26,15.7,1
20,101183,Shavlik Randolph,2.0,1.0,2.0,0.0,0.0,1.0,4.0,0.0,1.0,0.0,1.0,0.0,6.0,6:14,3.2,1
21,202694,Marcus Morris Sr.,10.0,5.0,6.0,0.0,0.0,0.0,4.0,0.0,0.0,0.0,1.0,0.0,4.0,18:36,8.6,1
22,202397,Ish Smith,0.0,0.0,1.0,0.0,0.0,0.0,0.0,0.0,1.0,0.0,1.0,0.0,-7.0,5:28,-0.4,1
23,202091,Dionte Christmas,,,,,,,,,,,,,,,0.0,1
24,203462,Archie Goodwin,,,,,,,,,,,,,,,0.0,1
25,203458,Alex Len,,,,,,,,,,,,,,,0.0,1
