,id,name,PTS,FG,FGA,FTA,FT,OREB,DREB,STL,AST,BLK,PF,TO,PLUS_MINUS,MIN,GS,WIN
0,203084,Harrison Barnes,9.0,4.0,10.0,0.0,0.0,0.0,4.0,0.0,0.0,0.0,1.0,3.0,24.0,35:35,1.4,1
1,101135,David Lee,23.0,10.0,21.0,4.0,3.0,4.0,7.0,3.0,0.0,1.0,1.0,0.0,17.0,38:57,20.1,1
2,101106,Andrew Bogut,8.0,4.0,8.0,0.0,0.0,7.0,5.0,1.0,1.0,2.0,2.0,2.0,12.0,27:08,10.7,1
3,202691,Klay Thompson,30.0,12.0,19.0,3.0,3.0,0.0,3.0,2.0,5.0,0.0,2.0,2.0,20.0,37:52,25.1,1
4,201939,Stephen Curry,22.0,7.0,16.0,7.0,6.0,1.0,5.0,0.0,15.0,1.0,4.0,1.0,21.0,45:21,24.0,1
5,203110,Draymond Green,5.0,2.0,5.0,0.0,0.0,0.0,5.0,0.0,1.0,0.0,4.0,1.0,14.0,21:07,1.9,1
6,979,Jermaine O'Neal,2.0,1.0,2.0,0.0,0.0,1.0,1.0,0.0,0.0,1.0,4.0,1.0,4.0,16:58,0.1,1
7,201578,Marreese Speights,6.0,3.0,5.0,0.0,0.0,2.0,2.0,0.0,1.0,0.0,2.0,0.0,14.0,10:14,5.6,1
8,203145,Kent Bazemore,0.0,0.0,1.0,0.0,0.0,0.0,0.0,0.0,0.0,0.0,0.0,0.0,2.0,3:26,-0.7,1
9,203517,Nemanja Nedovic,3.0,1.0,1.0,0.0,0.0,0.0,0.0,0.0,1.0,0.0,0.0,0.0,2.0,3:22,3.4,1
10,201962,Toney Douglas,,,,,,,,,,,,,,,0.0,1
11,2738,Andre Iguodala,,,,,,,,,,,,,,,0.0,1
12,2419,Tayshaun Prince,4.0,2.0,7.0,0.0,0.0,1.0,1.0,1.0,0.0,0.0,0.0,1.0,-15.0,19:42,0.9,0
13,2216,Zach Randolph,15.0,6.0,13.0,4.0,3.0,1.0,5.0,1.0,4.0,1.0,3.0,0.0,-26.0,33:43,13.4,0
14,201585,Kosta Koufos,10.0,4.0,13.0,2.0,2.0,9.0,7.0,1.0,1.0,2.0,2.0,2.0,-13.0,32:35,11.2,0
15,202347,Quincy Pondexter,4.0,1.0,3.0,2.0,2.0,1.0,0.0,0.0,1.0,0.0,1.0,0.0,-7.0,12:53,3.3,0
16,201144,Mike Conley,12.0,4.0,12.0,4.0,4.0,0.0,0.0,1.0,2.0,1.0,1.0,2.0,-8.0,30:29,5.9,0
17,202720,Jon Leuer,15.0,6.0,11.0,4.0,3.0,2.0,4.0,2.0,0.0,0.0,0.0,1.0,-13.0,29:38,12.9,0
18,201573,Jerryd Bayless,2.0,0.0,11.0,2.0,2.0,1.0,0.0,2.0,2.0,2.0,1.0,0.0,-6.0,24:17,-0.6,0
19,2034,Mike Miller,16.0,7.0,9.0,0.0,0.0,1.0,4.0,0.0,1.0,0.0,0.0,1.0,-11.0,28:18,14.1,0
20,201979,Nick Calathes,4.0,1.0,4.0,4.0,2.0,1.0,1.0,0.0,2.0,0.0,2.0,1.0,-25.0,23:08,1.4,0
21,203479,Jamaal Franklin,0.0,0.0,2.0,0.0,0.0,0.0,1.0,0.0,0.0,0.0,0.0,0.0,-6.0,5:17,-1.1,0
22,2754,Tony Allen,,,,,,,,,,,,,,,0.0,0
23,202334,Ed Davis,,,,,,,,,,,,,,,0.0,0
