,id,name,PTS,FG,FGA,FTA,FT,OREB,DREB,STL,AST,BLK,PF,TO,PLUS_MINUS,MIN,GS,WIN
0,2546,Carmelo Anthony,27.0,9.0,23.0,10.0,9.0,3.0,7.0,0.0,1.0,0.0,4.0,1.0,-2.0,40:32,16.4,0
1,2030,Kenyon Martin,6.0,3.0,3.0,0.0,0.0,2.0,5.0,1.0,5.0,0.0,4.0,0.0,17.0,23:42,10.9,0
2,200745,Andrea Bargnani,20.0,8.0,18.0,4.0,4.0,3.0,6.0,0.0,1.0,4.0,3.0,0.0,3.0,38:46,16.8,0
3,202697,Iman Shumpert,2.0,1.0,5.0,0.0,0.0,2.0,1.0,0.0,2.0,0.0,0.0,1.0,0.0,24:32,1.0,0
4,101109,Raymond Felton,12.0,5.0,9.0,0.0,0.0,0.0,3.0,2.0,7.0,0.0,3.0,4.0,-6.0,35:25,10.3,0
5,2405,Amar'e Stoudemire,4.0,2.0,5.0,1.0,0.0,0.0,2.0,1.0,0.0,0.0,4.0,2.0,-29.0,20:20,-1.1,0
6,2747,JR Smith,7.0,3.0,9.0,0.0,0.0,2.0,3.0,0.0,2.0,1.0,2.0,1.0,-14.0,26:18,4.5,0
7,2757,Beno Udrih,0.0,0.0,0.0,0.0,0.0,0.0,0.0,0.0,1.0,0.0,2.0,2.0,-1.0,3:29,-2.1,0
8,1897,Metta World Peace,0.0,0.0,6.0,0.0,0.0,0.0,1.0,1.0,0.0,1.0,2.0,1.0,-16.0,9:49,-4.0,0
9,203143,Pablo Prigioni,0.0,0.0,2.0,0.0,0.0,0.0,4.0,1.0,1.0,0.0,2.0,1.0,-6.0,9:06,-0.3,0
10,203501,Tim Hardaway Jr.,2.0,1.0,3.0,0.0,0.0,0.0,0.0,0.0,0.0,0.0,1.0,1.0,-11.0,8:02,-1.1,0
11,202332,Cole Aldrich,,,,,,,,,,,,,,,0.0,0
12,203315,Toure' Murry,,,,,,,,,,,,,,,0.0,0
13,201162,Jared Dudley,5.0,2.0,8.0,0.0,0.0,1.0,1.0,1.0,3.0,0.0,3.0,0.0,0.0,35:11,3.1,1
14,201933,Blake Griffin,15.0,6.0,13.0,6.0,3.0,3.0,10.0,0.0,2.0,1.0,3.0,3.0,-5.0,35:44,10.1,1
15,201599,DeAndre Jordan,9.0,3.0,6.0,6.0,3.0,2.0,11.0,1.0,1.0,1.0,3.0,1.0,-2.0,35:09,9.7,1
16,200755,JJ Redick,15.0,5.0,10.0,2.0,2.0,0.0,2.0,0.0,0.0,0.0,1.0,1.0,1.0,23:30,9.2,1
17,101108,Chris Paul,15.0,4.0,9.0,7.0,6.0,1.0,4.0,2.0,7.0,0.0,0.0,2.0,0.0,26:15,16.7,1
18,1712,Antawn Jamison,6.0,3.0,8.0,0.0,0.0,0.0,1.0,0.0,0.0,0.0,3.0,1.0,25.0,16:05,-0.3,1
19,2037,Jamal Crawford,13.0,3.0,10.0,6.0,6.0,0.0,0.0,2.0,2.0,0.0,1.0,1.0,10.0,25:09,9.2,1
20,200797,Ryan Hollins,4.0,1.0,1.0,2.0,2.0,0.0,2.0,0.0,0.0,0.0,0.0,2.0,10.0,7:56,2.3,1
21,201954,Darren Collison,9.0,4.0,7.0,2.0,1.0,0.0,3.0,2.0,2.0,0.0,2.0,2.0,13.0,22:13,6.8,1
22,203493,Reggie Bullock,2.0,1.0,2.0,0.0,0.0,0.0,1.0,0.0,0.0,0.0,1.0,0.0,13.0,12:49,0.9,1
23,2440,Matt Barnes,,,,,,,,,,,,,,,0.0,1
24,2584,Willie Green,,,,,,,,,,,,,,,0.0,1
25,201957,Byron Mullens,,,,,,,,,,,,,,,0.0,1
