,id,name,PTS,FG,FGA,FTA,FT,OREB,DREB,STL,AST,BLK,PF,TO,PLUS_MINUS,MIN,GS,WIN
0,202718,Chandler Parsons,21.0,7.0,10.0,4.0,3.0,1.0,4.0,4.0,11.0,0.0,3.0,2.0,5.0,37:51,26.8,0
1,203093,Terrence Jones,18.0,8.0,13.0,1.0,1.0,1.0,1.0,0.0,2.0,0.0,2.0,2.0,3.0,32:40,11.7,0
2,2730,Dwight Howard,33.0,12.0,16.0,13.0,9.0,3.0,8.0,0.0,1.0,0.0,3.0,1.0,1.0,36:15,28.0,0
3,201935,James Harden,23.0,6.0,14.0,11.0,9.0,0.0,1.0,0.0,8.0,0.0,4.0,1.0,3.0,42:34,18.1,0
4,201976,Patrick Beverley,9.0,3.0,9.0,0.0,0.0,1.0,1.0,4.0,3.0,0.0,3.0,2.0,-1.0,36:37,7.8,0
5,202391,Jeremy Lin,1.0,0.0,5.0,2.0,1.0,0.0,1.0,0.0,4.0,1.0,1.0,0.0,-10.0,16:57,0.5,0
6,201956,Omri Casspi,11.0,5.0,5.0,0.0,0.0,1.0,2.0,1.0,0.0,0.0,3.0,1.0,-4.0,15:19,9.6,0
7,201600,Omer Asik,1.0,0.0,0.0,2.0,1.0,1.0,4.0,0.0,0.0,1.0,3.0,1.0,-4.0,11:38,1.0,0
8,101128,Francisco Garcia,3.0,1.0,4.0,0.0,0.0,0.0,0.0,0.0,0.0,0.0,1.0,1.0,-8.0,10:09,-0.8,0
9,200758,Ronnie Brewer,,,,,,,,,,,,,,,0.0,0
10,201166,Aaron Brooks,,,,,,,,,,,,,,,0.0,0
11,202700,Donatas Motiejunas,,,,,,,,,,,,,,,0.0,0
12,202962,Greg Smith,,,,,,,,,,,,,,,0.0,0
13,1890,Shawn Marion,13.0,5.0,8.0,1.0,1.0,1.0,3.0,1.0,2.0,0.0,2.0,1.0,-8.0,34:36,11.6,1
14,1717,Dirk Nowitzki,35.0,13.0,20.0,7.0,7.0,1.0,6.0,1.0,4.0,1.0,3.0,1.0,6.0,33:38,31.0,1
15,2223,Samuel Dalembert,6.0,1.0,3.0,4.0,4.0,2.0,8.0,0.0,0.0,4.0,5.0,2.0,-5.0,31:48,6.9,1
16,101145,Monta Ellis,37.0,13.0,18.0,12.0,9.0,0.0,2.0,2.0,9.0,0.0,4.0,3.0,2.0,40:17,32.7,1
17,101181,Jose Calderon,13.0,4.0,8.0,2.0,2.0,0.0,1.0,1.0,2.0,0.0,3.0,2.0,-1.0,29:20,8.5,1
18,1713,Vince Carter,9.0,2.0,7.0,7.0,5.0,1.0,4.0,2.0,5.0,0.0,2.0,1.0,5.0,25:11,9.7,1
19,203109,Jae Crowder,0.0,0.0,1.0,0.0,0.0,0.0,1.0,0.0,0.0,0.0,1.0,0.0,3.0,12:17,-0.8,1
20,201971,DeJuan Blair,2.0,1.0,2.0,0.0,0.0,1.0,1.0,0.0,2.0,0.0,4.0,1.0,6.0,16:04,0.8,1
21,203499,Shane Larkin,8.0,3.0,5.0,0.0,0.0,1.0,3.0,2.0,2.0,0.0,2.0,4.0,7.0,16:48,5.9,1
22,201961,Wayne Ellington,,,,,,,,,,,,,,,0.0,1
23,203108,Bernard James,,,,,,,,,,,,,,,0.0,1
24,203495,Ricky Ledo,,,,,,,,,,,,,,,0.0,1
25,203539,Gal Mekel,,,,,,,,,,,,,,,0.0,1
