,id,name,PTS,FG,FGA,FTA,FT,OREB,DREB,STL,AST,BLK,PF,TO,PLUS_MINUS,MIN,GS,WIN
0,2544,LeBron James,13.0,5.0,10.0,4.0,2.0,2.0,5.0,0.0,2.0,0.0,1.0,4.0,19.0,30:03,7.1,1
1,2617,Udonis Haslem,4.0,2.0,4.0,0.0,0.0,0.0,1.0,1.0,1.0,0.0,3.0,0.0,5.0,15:09,2.8,1
2,2547,Chris Bosh,14.0,4.0,10.0,6.0,6.0,3.0,2.0,1.0,3.0,2.0,1.0,1.0,13.0,25:54,14.4,1
3,2592,James Jones,10.0,4.0,6.0,0.0,0.0,2.0,0.0,0.0,1.0,1.0,0.0,0.0,15.0,26:43,10.2,1
4,201962,Toney Douglas,13.0,5.0,10.0,2.0,2.0,2.0,7.0,1.0,4.0,0.0,1.0,3.0,17.0,38:31,11.9,1
5,2365,Chris Andersen,8.0,3.0,8.0,4.0,2.0,5.0,9.0,1.0,0.0,2.0,0.0,0.0,8.0,22:17,11.4,1
6,202708,Norris Cole,4.0,2.0,8.0,0.0,0.0,0.0,0.0,0.0,4.0,0.0,2.0,2.0,6.0,27:26,-0.8,1
7,2203,Shane Battier,3.0,1.0,3.0,0.0,0.0,0.0,3.0,0.0,2.0,3.0,1.0,1.0,14.0,27:20,4.3,1
8,1740,Rashard Lewis,13.0,4.0,10.0,4.0,4.0,0.0,0.0,1.0,1.0,0.0,1.0,0.0,8.0,20:19,8.9,1
9,203120,Justin Hamilton,6.0,2.0,4.0,1.0,1.0,0.0,1.0,0.0,0.0,0.0,1.0,0.0,0.0,3:09,3.9,1
10,201563,Michael Beasley,0.0,0.0,1.0,0.0,0.0,0.0,1.0,0.0,0.0,0.0,1.0,0.0,0.0,3:09,-0.8,1
11,201596,Mario Chalmers,,,,,,,,,,,,,,,0.0,1
12,2548,Dwyane Wade,,,,,,,,,,,,,,,0.0,1
13,203114,Khris Middleton,10.0,4.0,11.0,0.0,0.0,0.0,3.0,0.0,0.0,0.0,3.0,1.0,-16.0,39:03,2.6,0
14,202399,Jeff Adrien,4.0,1.0,5.0,2.0,2.0,1.0,2.0,1.0,1.0,0.0,3.0,3.0,-5.0,14:56,-0.3,0
15,2585,Zaza Pachulia,4.0,2.0,6.0,0.0,0.0,1.0,5.0,1.0,1.0,0.0,3.0,2.0,-9.0,18:02,1.3,0
16,201196,Ramon Sessions,15.0,5.0,15.0,5.0,4.0,0.0,4.0,1.0,3.0,1.0,0.0,4.0,-19.0,41:21,7.1,0
17,202688,Brandon Knight,13.0,6.0,18.0,0.0,0.0,3.0,1.0,0.0,5.0,1.0,0.0,1.0,-19.0,38:48,8.4,0
18,203089,John Henson,12.0,6.0,11.0,2.0,0.0,8.0,2.0,2.0,2.0,0.0,3.0,0.0,-14.0,29:41,14.3,0
19,203507,Giannis Antetokounmpo,1.0,0.0,5.0,2.0,1.0,1.0,3.0,0.0,2.0,1.0,2.0,2.0,-12.0,21:40,-2.0,0
20,202327,Ekpe Udoh,2.0,1.0,3.0,0.0,0.0,2.0,0.0,1.0,1.0,1.0,1.0,1.0,-8.0,21:46,2.7,0
21,203474,DJ Stephens,5.0,2.0,5.0,1.0,1.0,1.0,3.0,0.0,0.0,0.0,0.0,0.0,-3.0,11:42,3.9,0
22,203545,Miroslav Raduljica,1.0,0.0,0.0,2.0,1.0,0.0,0.0,0.0,0.0,0.0,1.0,0.0,0.0,3:01,0.2,0
23,101141,Ersan Ilyasova,,,,,,,,,,,,,,,0.0,0
24,201564,O.J. Mayo,,,,,,,,,,,,,,,0.0,0
25,203489,Nate Wolters,,,,,,,,,,,,,,,0.0,0
