,id,name,PTS,FG,FGA,FTA,FT,OREB,DREB,STL,AST,BLK,PF,TO,PLUS_MINUS,MIN,GS,WIN
0,201947,Earl Clark,3.0,1.0,2.0,0.0,0.0,0.0,2.0,1.0,0.0,0.0,3.0,0.0,-1.0,12:55,2.4,0
1,202684,Tristan Thompson,5.0,1.0,5.0,4.0,3.0,3.0,4.0,2.0,0.0,0.0,1.0,2.0,8.0,34:59,4.4,0
2,2760,Anderson Varejao,12.0,6.0,9.0,0.0,0.0,3.0,5.0,3.0,3.0,0.0,3.0,0.0,2.0,32:30,15.6,0
3,203079,Dion Waiters,21.0,7.0,13.0,11.0,6.0,0.0,3.0,1.0,3.0,1.0,2.0,1.0,10.0,30:16,15.6,0
4,202681,Kyrie Irving,29.0,10.0,20.0,5.0,5.0,1.0,4.0,0.0,8.0,0.0,2.0,2.0,11.0,35:25,23.7,0
5,101139,CJ Miles,14.0,5.0,11.0,0.0,0.0,1.0,2.0,0.0,2.0,0.0,2.0,0.0,-5.0,24:08,10.2,0
6,202087,Alonzo Gee,7.0,2.0,5.0,2.0,2.0,1.0,3.0,1.0,1.0,0.0,1.0,1.0,-15.0,23:13,6.2,0
7,101127,Jarrett Jack,6.0,3.0,8.0,0.0,0.0,0.0,0.0,0.0,2.0,0.0,3.0,2.0,-19.0,18:54,-0.2,0
8,203461,Anthony Bennett,3.0,1.0,5.0,0.0,0.0,2.0,1.0,2.0,1.0,1.0,1.0,0.0,-5.0,11:37,4.6,0
9,101115,Andrew Bynum,4.0,2.0,7.0,0.0,0.0,1.0,3.0,0.0,0.0,0.0,2.0,1.0,-9.0,14:19,-0.3,0
10,203092,Tyler Zeller,0.0,0.0,0.0,0.0,0.0,0.0,0.0,0.0,0.0,0.0,1.0,0.0,-2.0,1:45,-0.4,0
11,203521,Matthew Dellavedova,,,,,,,,,,,,,,,0.0,0
12,203508,Sergey Karasev,,,,,,,,,,,,,,,0.0,0
13,2406,Caron Butler,10.0,4.0,12.0,0.0,0.0,1.0,3.0,1.0,0.0,0.0,3.0,3.0,-10.0,29:44,1.6,1
14,203089,John Henson,14.0,7.0,9.0,2.0,0.0,0.0,9.0,0.0,3.0,3.0,4.0,0.0,3.0,39:06,15.0,1
15,2585,Zaza Pachulia,14.0,2.0,4.0,10.0,10.0,4.0,5.0,0.0,7.0,0.0,2.0,3.0,-5.0,40:55,17.4,1
16,201564,O.J. Mayo,28.0,9.0,19.0,4.0,4.0,0.0,2.0,0.0,3.0,0.0,3.0,4.0,-5.0,33:03,15.8,1
17,203489,Nate Wolters,9.0,2.0,5.0,5.0,5.0,2.0,6.0,0.0,6.0,0.0,3.0,0.0,7.0,32:51,12.5,1
18,202327,Ekpe Udoh,4.0,2.0,3.0,0.0,0.0,2.0,3.0,2.0,1.0,1.0,1.0,1.0,6.0,13:18,7.0,1
19,202390,Gary Neal,23.0,8.0,15.0,3.0,3.0,0.0,1.0,0.0,4.0,0.0,0.0,1.0,12.0,30:43,17.8,1
20,203114,Khris Middleton,7.0,2.0,5.0,2.0,2.0,0.0,3.0,0.0,1.0,0.0,2.0,2.0,17.0,20:21,3.1,1
21,203507,Giannis Antetokounmpo,,,,,,,,,,,,,,,0.0,1
22,101141,Ersan Ilyasova,,,,,,,,,,,,,,,0.0,1
23,202688,Brandon Knight,,,,,,,,,,,,,,,0.0,1
24,203545,Miroslav Raduljica,,,,,,,,,,,,,,,0.0,1
25,202336,Larry Sanders,,,,,,,,,,,,,,,0.0,1
