,id,name,PTS,FG,FGA,FTA,FT,OREB,DREB,STL,AST,BLK,PF,TO,PLUS_MINUS,MIN,GS,WIN
0,2746,Josh Smith,12.0,4.0,9.0,4.0,2.0,1.0,6.0,0.0,1.0,1.0,1.0,3.0,6.0,30:02,7.0,1
1,202328,Greg Monroe,18.0,9.0,15.0,0.0,0.0,4.0,7.0,1.0,1.0,0.0,2.0,1.0,-1.0,29:36,15.9,1
2,203083,Andre Drummond,19.0,9.0,10.0,3.0,1.0,2.0,12.0,2.0,0.0,0.0,4.0,2.0,12.0,34:01,18.2,1
3,202713,Kyle Singler,5.0,2.0,5.0,0.0,0.0,1.0,2.0,0.0,1.0,1.0,3.0,2.0,1.0,28:05,1.8,1
4,201943,Brandon Jennings,15.0,6.0,9.0,0.0,0.0,0.0,1.0,0.0,8.0,0.0,0.0,3.0,-1.0,29:36,14.0,1
5,201155,Rodney Stuckey,19.0,8.0,16.0,2.0,2.0,1.0,1.0,0.0,1.0,0.0,3.0,1.0,17.0,27:06,10.5,1
6,201973,Jonas Jerebko,7.0,2.0,6.0,2.0,2.0,4.0,4.0,1.0,1.0,0.0,2.0,1.0,18.0,23:35,7.5,1
7,101198,Will Bynum,2.0,1.0,3.0,0.0,0.0,0.0,2.0,0.0,9.0,0.0,2.0,0.0,17.0,16:37,6.4,1
8,203484,Kentavious Caldwell-Pope,13.0,4.0,9.0,5.0,4.0,2.0,2.0,2.0,0.0,0.0,2.0,0.0,19.0,16:01,11.1,1
9,203502,Tony Mitchell,2.0,0.0,0.0,2.0,2.0,0.0,0.0,0.0,0.0,0.0,0.0,0.0,4.0,1:47,2.0,1
10,203540,Gigi Datome,2.0,1.0,1.0,0.0,0.0,1.0,0.0,0.0,0.0,0.0,0.0,0.0,4.0,1:47,2.4,1
11,203491,Peyton Siva,0.0,0.0,0.0,0.0,0.0,0.0,0.0,0.0,1.0,0.0,0.0,0.0,4.0,1:47,0.7,1
12,101111,Charlie Villanueva,,,,,,,,,,,,,,,0.0,1
13,2210,Richard Jefferson,12.0,4.0,9.0,2.0,1.0,0.0,2.0,1.0,0.0,0.0,4.0,1.0,-9.0,27:31,5.9,0
14,202324,Derrick Favors,4.0,1.0,5.0,8.0,2.0,4.0,5.0,3.0,4.0,1.0,4.0,0.0,-7.0,30:37,7.7,0
15,202683,Enes Kanter,14.0,6.0,12.0,2.0,2.0,4.0,4.0,0.0,1.0,0.0,2.0,0.0,-10.0,33:12,11.9,0
16,202330,Gordon Hayward,32.0,10.0,19.0,10.0,9.0,0.0,2.0,1.0,6.0,1.0,1.0,2.0,-12.0,39:44,26.4,0
17,203504,Trey Burke,15.0,6.0,15.0,4.0,3.0,1.0,3.0,1.0,2.0,0.0,1.0,2.0,-24.0,35:43,8.1,0
18,101107,Marvin Williams,11.0,5.0,13.0,0.0,0.0,3.0,4.0,0.0,1.0,0.0,1.0,0.0,-18.0,30:18,7.5,0
19,203197,Diante Garrett,4.0,2.0,7.0,0.0,0.0,0.0,0.0,1.0,2.0,0.0,2.0,0.0,-4.0,20:33,1.5,0
20,202379,Jeremy Evans,0.0,0.0,1.0,0.0,0.0,0.0,0.0,0.0,0.0,0.0,1.0,0.0,-7.0,8:08,-1.1,0
21,101249,John Lucas III,0.0,0.0,2.0,0.0,0.0,0.0,0.0,0.0,0.0,0.0,0.0,0.0,-3.0,7:32,-1.4,0
22,202952,Malcolm Thomas,0.0,0.0,0.0,0.0,0.0,0.0,1.0,0.0,0.0,0.0,1.0,2.0,-2.0,2:14,-2.1,0
23,203546,Ian Clark,2.0,0.0,0.0,2.0,2.0,0.0,0.0,0.0,0.0,0.0,0.0,0.0,-2.0,2:14,2.0,0
24,203497,Rudy Gobert,0.0,0.0,0.0,0.0,0.0,0.0,0.0,0.0,0.0,0.0,0.0,0.0,-2.0,2:14,0.0,0
25,201575,Brandon Rush,,,,,,,,,,,,,,,0.0,0
