,id,name,PTS,FG,FGA,FTA,FT,OREB,DREB,STL,AST,BLK,PF,TO,PLUS_MINUS,MIN,GS,WIN
0,201960,DeMarre Carroll,11.0,5.0,10.0,0.0,0.0,1.0,1.0,0.0,2.0,1.0,4.0,0.0,-21.0,31:46,7.5,0
1,200794,Paul Millsap,15.0,6.0,15.0,0.0,0.0,0.0,2.0,0.0,1.0,1.0,4.0,2.0,-14.0,33:25,5.3,0
2,202970,Gustavo Ayon,4.0,1.0,6.0,4.0,2.0,4.0,4.0,3.0,2.0,1.0,2.0,3.0,-11.0,19:14,4.7,0
3,2594,Kyle Korver,7.0,2.0,7.0,1.0,1.0,0.0,3.0,1.0,4.0,1.0,0.0,0.0,-12.0,35:21,8.3,0
4,201952,Jeff Teague,12.0,6.0,9.0,0.0,0.0,0.0,1.0,1.0,3.0,1.0,2.0,1.0,-5.0,32:30,10.4,0
5,101150,Lou Williams,13.0,6.0,11.0,0.0,0.0,0.0,3.0,1.0,4.0,0.0,1.0,1.0,-7.0,29:49,11.0,0
6,1882,Elton Brand,8.0,3.0,8.0,4.0,2.0,0.0,8.0,0.0,0.0,1.0,2.0,0.0,2.0,25:49,5.1,0
7,203118,Mike Scott,8.0,3.0,7.0,0.0,0.0,0.0,0.0,1.0,2.0,0.0,1.0,0.0,-7.0,17:33,6.3,0
8,201858,Cartier Martin,3.0,1.0,1.0,0.0,0.0,0.0,0.0,0.0,0.0,0.0,0.0,1.0,-3.0,5:14,1.7,0
9,202714,Shelvin Mack,4.0,2.0,6.0,0.0,0.0,0.0,1.0,2.0,3.0,0.0,0.0,2.0,3.0,9:22,3.0,0
10,203544,Pero Antic,,,,,,,,,,,,,,,0.0,0
11,203471,Dennis Schroder,,,,,,,,,,,,,,,0.0,0
12,2399,Mike Dunleavy,15.0,7.0,14.0,0.0,0.0,1.0,5.0,1.0,2.0,1.0,1.0,3.0,17.0,36:31,9.9,1
13,201959,Taj Gibson,24.0,12.0,19.0,2.0,0.0,4.0,8.0,0.0,5.0,1.0,2.0,4.0,8.0,46:01,19.3,1
14,201149,Joakim Noah,19.0,8.0,15.0,6.0,3.0,6.0,10.0,0.0,11.0,3.0,2.0,1.0,16.0,41:08,25.7,1
15,202710,Jimmy Butler,12.0,5.0,9.0,4.0,2.0,5.0,8.0,1.0,1.0,0.0,0.0,2.0,7.0,37:10,12.5,1
16,2550,Kirk Hinrich,10.0,4.0,12.0,0.0,0.0,0.0,2.0,2.0,6.0,0.0,1.0,1.0,21.0,29:51,8.6,1
17,201571,D.J. Augustin,13.0,4.0,11.0,1.0,1.0,0.0,4.0,1.0,4.0,0.0,2.0,2.0,2.0,30:54,9.1,1
18,203503,Tony Snell,5.0,2.0,4.0,0.0,0.0,0.0,2.0,0.0,1.0,0.0,1.0,0.0,4.0,13:31,3.9,1
19,1737,Nazr Mohammed,2.0,1.0,1.0,0.0,0.0,1.0,1.0,1.0,0.0,0.0,0.0,1.0,0.0,4:54,2.7,1
20,2430,Carlos Boozer,,,,,,,,,,,,,,,0.0,1
21,203513,Erik Murphy,,,,,,,,,,,,,,,0.0,1
22,201565,Derrick Rose,,,,,,,,,,,,,,,0.0,1
