,id,name,PTS,FG,FGA,FTA,FT,OREB,DREB,STL,AST,BLK,PF,TO,PLUS_MINUS,MIN,GS,WIN
0,201980,Danny Green,3.0,1.0,6.0,0.0,0.0,0.0,2.0,1.0,3.0,0.0,2.0,2.0,-8.0,21:17,0.1,1
1,1495,Tim Duncan,16.0,6.0,13.0,6.0,4.0,2.0,10.0,0.0,0.0,2.0,4.0,5.0,-3.0,31:40,7.7,1
2,2564,Boris Diaw,13.0,5.0,9.0,1.0,1.0,1.0,3.0,0.0,4.0,1.0,2.0,2.0,-5.0,33:28,11.0,1
3,202709,Cory Joseph,8.0,3.0,7.0,2.0,2.0,1.0,3.0,1.0,2.0,1.0,2.0,1.0,8.0,32:34,7.2,1
4,2225,Tony Parker,9.0,3.0,13.0,4.0,3.0,1.0,2.0,1.0,5.0,0.0,1.0,1.0,-14.0,26:03,5.1,1
5,201986,Nando De Colo,15.0,5.0,11.0,4.0,4.0,0.0,2.0,0.0,2.0,0.0,2.0,0.0,7.0,27:39,10.5,1
6,201965,Jeff Ayres,8.0,3.0,4.0,2.0,2.0,1.0,3.0,1.0,4.0,2.0,1.0,0.0,14.0,22:17,12.8,1
7,2588,Matt Bonner,0.0,0.0,1.0,0.0,0.0,0.0,5.0,1.0,0.0,0.0,1.0,0.0,7.0,19:29,1.4,1
8,201988,Patty Mills,32.0,10.0,13.0,9.0,8.0,1.0,6.0,2.0,4.0,0.0,1.0,2.0,15.0,25:24,31.4,1
9,200769,Shannon Brown,0.0,0.0,0.0,0.0,0.0,0.0,0.0,0.0,0.0,0.0,0.0,0.0,-1.0,0:10,0.0,1
10,203382,Aron Baynes,,,,,,,,,,,,,,,0.0,1
11,201158,Marco Belinelli,,,,,,,,,,,,,,,0.0,1
12,201168,Tiago Splitter,,,,,,,,,,,,,,,0.0,1
13,203077,Michael Kidd-Gilchrist,4.0,2.0,7.0,0.0,0.0,6.0,6.0,1.0,1.0,0.0,0.0,1.0,0.0,28:20,6.6,0
14,201177,Josh McRoberts,7.0,3.0,5.0,0.0,0.0,0.0,4.0,1.0,1.0,1.0,3.0,1.0,2.0,29:53,6.1,0
15,2744,Al Jefferson,26.0,12.0,21.0,2.0,2.0,3.0,6.0,4.0,3.0,3.0,3.0,3.0,9.0,38:11,24.0,0
16,201945,Gerald Henderson,23.0,8.0,19.0,8.0,5.0,1.0,4.0,1.0,4.0,0.0,2.0,4.0,2.0,35:07,12.6,0
17,202689,Kemba Walker,18.0,7.0,19.0,4.0,4.0,0.0,4.0,1.0,8.0,0.0,6.0,1.0,-2.0,39:50,11.9,0
18,203469,Cody Zeller,6.0,1.0,3.0,6.0,4.0,0.0,2.0,1.0,2.0,1.0,0.0,0.0,-6.0,18:07,7.2,0
19,201196,Ramon Sessions,10.0,4.0,9.0,2.0,1.0,0.0,2.0,1.0,5.0,0.0,0.0,1.0,-9.0,20:54,9.0,0
20,201229,Anthony Tolliver,6.0,2.0,5.0,0.0,0.0,1.0,6.0,0.0,0.0,1.0,1.0,0.0,-4.0,19:40,6.1,0
21,202687,Bismack Biyombo,0.0,0.0,1.0,0.0,0.0,2.0,0.0,0.0,0.0,0.0,3.0,0.0,-13.0,9:49,-0.5,0
22,2457,Jannero Pargo,0.0,0.0,0.0,0.0,0.0,0.0,0.0,0.0,0.0,0.0,0.0,0.0,1.0,0:10,0.0,0
23,202399,Jeff Adrien,,,,,,,,,,,,,,,0.0,0
24,201604,Chris Douglas-Roberts,,,,,,,,,,,,,,,0.0,0
25,2732,Ben Gordon,,,,,,,,,,,,,,,0.0,0
