,id,name,PTS,FG,FGA,FTA,FT,OREB,DREB,STL,AST,BLK,PF,TO,PLUS_MINUS,MIN,GS,WIN
0,201147,Corey Brewer,9.0,3.0,9.0,4.0,3.0,0.0,2.0,1.0,2.0,2.0,2.0,0.0,7.0,35:49,7.1,0
1,201567,Kevin Love,42.0,15.0,27.0,4.0,4.0,4.0,10.0,1.0,2.0,0.0,0.0,1.0,5.0,38:32,36.3,0
2,201593,Nikola Pekovic,18.0,7.0,13.0,4.0,4.0,4.0,7.0,0.0,1.0,0.0,2.0,2.0,-3.0,37:25,14.5,0
3,2755,Kevin Martin,14.0,4.0,12.0,4.0,4.0,0.0,2.0,2.0,3.0,0.0,0.0,2.0,2.0,32:51,9.9,0
4,201937,Ricky Rubio,15.0,5.0,13.0,6.0,5.0,0.0,4.0,4.0,9.0,1.0,2.0,5.0,7.0,36:25,13.9,0
5,203133,Robbie Hummel,0.0,0.0,2.0,0.0,0.0,0.0,1.0,0.0,0.0,0.0,0.0,0.0,-6.0,6:52,-1.1,0
6,201967,Dante Cunningham,0.0,0.0,1.0,0.0,0.0,1.0,3.0,1.0,2.0,1.0,1.0,1.0,-16.0,19:53,2.6,0
7,201601,Luc Mbah a Moute,0.0,0.0,1.0,0.0,0.0,0.0,1.0,0.0,0.0,0.0,1.0,1.0,-12.0,10:28,-1.8,0
8,200826,J.J. Barea,5.0,2.0,7.0,2.0,1.0,0.0,1.0,0.0,2.0,0.0,2.0,0.0,-13.0,12:29,1.4,0
9,203144,Alexey Shved,7.0,2.0,3.0,2.0,2.0,1.0,0.0,0.0,1.0,0.0,2.0,0.0,-6.0,9:16,6.3,0
10,203476,Gorgui Dieng,,,,,,,,,,,,,,,0.0,0
11,203498,Shabazz Muhammad,,,,,,,,,,,,,,,0.0,0
12,201985,AJ Price,,,,,,,,,,,,,,,0.0,0
13,202695,Kawhi Leonard,19.0,8.0,11.0,0.0,0.0,0.0,6.0,2.0,5.0,1.0,2.0,1.0,-5.0,34:04,20.7,1
14,1495,Tim Duncan,12.0,5.0,11.0,2.0,2.0,3.0,11.0,2.0,8.0,3.0,2.0,2.0,-2.0,34:51,18.6,1
15,201965,Jeff Ayres,2.0,1.0,3.0,0.0,0.0,2.0,6.0,0.0,0.0,2.0,4.0,0.0,-6.0,20:24,3.3,1
16,201980,Danny Green,0.0,0.0,2.0,0.0,0.0,0.0,0.0,0.0,0.0,0.0,1.0,2.0,-12.0,11:06,-3.8,1
17,2225,Tony Parker,29.0,13.0,24.0,1.0,1.0,0.0,3.0,1.0,6.0,0.0,1.0,4.0,-3.0,35:30,19.1,1
18,1938,Manu Ginobili,20.0,6.0,10.0,8.0,6.0,2.0,2.0,1.0,9.0,0.0,1.0,2.0,27.0,25:28,21.5,1
19,2564,Boris Diaw,12.0,6.0,11.0,0.0,0.0,0.0,3.0,0.0,2.0,1.0,3.0,1.0,11.0,29:28,7.5,1
20,201158,Marco Belinelli,12.0,5.0,9.0,0.0,0.0,0.0,2.0,1.0,1.0,0.0,0.0,1.0,5.0,28:29,9.0,1
21,201988,Patty Mills,4.0,1.0,2.0,2.0,2.0,0.0,1.0,1.0,0.0,0.0,2.0,0.0,7.0,7:02,3.5,1
22,2588,Matt Bonner,5.0,2.0,2.0,0.0,0.0,0.0,1.0,0.0,0.0,0.0,1.0,0.0,10.0,8:10,4.3,1
23,202709,Cory Joseph,2.0,1.0,2.0,0.0,0.0,0.0,0.0,0.0,1.0,0.0,1.0,0.0,3.0,5:28,1.3,1
24,201986,Nando De Colo,,,,,,,,,,,,,,,0.0,1
25,202952,Malcolm Thomas,,,,,,,,,,,,,,,0.0,1
