,id,name,PTS,FG,FGA,FTA,FT,OREB,DREB,STL,AST,BLK,PF,TO,PLUS_MINUS,MIN,GS,WIN
0,1890,Shawn Marion,5.0,2.0,7.0,0.0,0.0,1.0,3.0,3.0,1.0,0.0,1.0,0.0,-3.0,28:45,5.8,0
1,1717,Dirk Nowitzki,22.0,9.0,17.0,5.0,4.0,1.0,6.0,0.0,0.0,1.0,3.0,1.0,-13.0,31:20,14.3,0
2,2223,Samuel Dalembert,8.0,3.0,7.0,2.0,2.0,5.0,5.0,0.0,0.0,0.0,4.0,0.0,-2.0,18:35,7.7,0
3,101145,Monta Ellis,17.0,7.0,15.0,3.0,2.0,0.0,3.0,1.0,8.0,0.0,2.0,3.0,-2.0,37:55,12.6,0
4,101181,Jose Calderon,8.0,4.0,11.0,0.0,0.0,1.0,1.0,3.0,6.0,1.0,1.0,2.0,-8.0,31:28,8.4,0
5,201971,DeJuan Blair,6.0,3.0,5.0,0.0,0.0,2.0,2.0,1.0,2.0,1.0,1.0,1.0,-2.0,12:33,7.4,0
6,1713,Vince Carter,21.0,9.0,16.0,0.0,0.0,0.0,4.0,0.0,5.0,0.0,2.0,0.0,7.0,29:04,17.3,0
7,2734,Devin Harris,8.0,3.0,9.0,2.0,1.0,0.0,1.0,0.0,0.0,0.0,3.0,0.0,0.0,20:55,1.6,0
8,201148,Brandan Wright,8.0,4.0,6.0,2.0,0.0,3.0,3.0,2.0,2.0,2.0,3.0,0.0,-1.0,17:38,11.2,0
9,201961,Wayne Ellington,3.0,1.0,4.0,0.0,0.0,1.0,1.0,0.0,0.0,0.0,3.0,0.0,-6.0,11:47,0.4,0
10,203109,Jae Crowder,,,,,,,,,,,,,,,0.0,0
11,203108,Bernard James,,,,,,,,,,,,,,,0.0,0
12,203499,Shane Larkin,,,,,,,,,,,,,,,0.0,0
13,202695,Kawhi Leonard,16.0,6.0,9.0,1.0,1.0,2.0,5.0,1.0,1.0,1.0,2.0,2.0,6.0,34:02,14.6,1
14,1495,Tim Duncan,17.0,5.0,11.0,9.0,7.0,2.0,7.0,0.0,2.0,2.0,3.0,4.0,-1.0,34:37,11.6,1
15,201168,Tiago Splitter,11.0,4.0,9.0,3.0,3.0,2.0,3.0,2.0,3.0,1.0,1.0,1.0,10.0,28:09,12.0,1
16,201980,Danny Green,5.0,2.0,8.0,0.0,0.0,0.0,4.0,0.0,3.0,1.0,1.0,1.0,13.0,23:46,2.8,1
17,2225,Tony Parker,22.0,10.0,15.0,1.0,1.0,0.0,3.0,0.0,7.0,0.0,1.0,1.0,8.0,31:54,19.9,1
18,1938,Manu Ginobili,15.0,2.0,7.0,10.0,9.0,0.0,4.0,1.0,7.0,0.0,1.0,2.0,-4.0,22:28,15.2,1
19,2564,Boris Diaw,14.0,6.0,14.0,2.0,1.0,4.0,6.0,1.0,2.0,1.0,2.0,2.0,-2.0,26:07,11.1,1
20,201988,Patty Mills,3.0,1.0,5.0,0.0,0.0,0.0,0.0,0.0,1.0,0.0,1.0,0.0,-2.0,16:06,0.2,1
21,201158,Marco Belinelli,5.0,1.0,4.0,2.0,2.0,0.0,1.0,0.0,1.0,0.0,0.0,0.0,-2.0,17:11,3.6,1
22,203382,Aron Baynes,4.0,2.0,2.0,0.0,0.0,1.0,2.0,0.0,1.0,0.0,2.0,0.0,4.0,5:40,4.6,1
23,201965,Jeff Ayres,,,,,,,,,,,,,,,0.0,1
24,2588,Matt Bonner,,,,,,,,,,,,,,,0.0,1
25,202709,Cory Joseph,,,,,,,,,,,,,,,0.0,1
