,id,name,PTS,FG,FGA,FTA,FT,OREB,DREB,STL,AST,BLK,PF,TO,PLUS_MINUS,MIN,GS,WIN
0,2546,Carmelo Anthony,19.0,7.0,21.0,6.0,5.0,2.0,7.0,0.0,3.0,0.0,4.0,1.0,-14.0,34:26,9.7,1
1,2405,Amar'e Stoudemire,15.0,5.0,14.0,6.0,5.0,6.0,7.0,0.0,1.0,0.0,2.0,4.0,-4.0,31:27,9.0,1
2,2199,Tyson Chandler,6.0,3.0,6.0,0.0,0.0,0.0,7.0,0.0,1.0,1.0,2.0,0.0,-1.0,29:60,5.7,1
3,2747,JR Smith,21.0,8.0,17.0,2.0,2.0,1.0,4.0,0.0,2.0,1.0,4.0,1.0,10.0,41:31,13.7,1
4,101109,Raymond Felton,2.0,0.0,3.0,2.0,2.0,0.0,2.0,2.0,4.0,0.0,3.0,1.0,1.0,27:38,3.1,1
5,202697,Iman Shumpert,3.0,1.0,5.0,0.0,0.0,0.0,0.0,0.0,1.0,1.0,1.0,0.0,12.0,25:43,0.9,1
6,203143,Pablo Prigioni,6.0,2.0,2.0,0.0,0.0,1.0,1.0,1.0,2.0,0.0,3.0,2.0,4.0,20:22,5.6,1
7,203501,Tim Hardaway Jr.,15.0,6.0,12.0,0.0,0.0,0.0,2.0,1.0,1.0,0.0,0.0,0.0,15.0,28:03,11.3,1
8,200769,Shannon Brown,2.0,0.0,0.0,2.0,2.0,0.0,0.0,1.0,0.0,0.0,0.0,0.0,2.0,0:51,3.0,1
9,202332,Cole Aldrich,,,,,,,,,,,,,,,0.0,1
10,203315,Toure' Murry,,,,,,,,,,,,,,,0.0,1
11,202719,Jeremy Tyler,,,,,,,,,,,,,,,0.0,1
12,2738,Andre Iguodala,12.0,1.0,4.0,10.0,9.0,1.0,4.0,0.0,6.0,1.0,3.0,1.0,-1.0,33:54,13.8,0
13,201578,Marreese Speights,4.0,2.0,8.0,0.0,0.0,1.0,7.0,0.0,1.0,1.0,1.0,0.0,8.0,18:42,3.0,0
14,979,Jermaine O'Neal,8.0,3.0,7.0,2.0,2.0,6.0,6.0,0.0,2.0,2.0,2.0,1.0,-1.0,28:56,11.3,0
15,202691,Klay Thompson,15.0,6.0,18.0,0.0,0.0,1.0,8.0,0.0,0.0,0.0,5.0,2.0,2.0,36:40,3.9,0
16,201939,Stephen Curry,32.0,10.0,21.0,8.0,6.0,1.0,3.0,1.0,1.0,0.0,2.0,2.0,5.0,40:46,21.0,0
17,203110,Draymond Green,4.0,2.0,5.0,0.0,0.0,3.0,2.0,1.0,1.0,3.0,3.0,2.0,-10.0,31:39,4.6,0
18,203084,Harrison Barnes,5.0,2.0,7.0,2.0,1.0,1.0,1.0,0.0,1.0,0.0,2.0,2.0,-18.0,21:06,-0.6,0
19,2581,Steve Blake,0.0,0.0,4.0,0.0,0.0,0.0,1.0,0.0,2.0,0.0,1.0,0.0,-3.0,21:04,-1.5,0
20,202348,Jordan Crawford,4.0,2.0,5.0,0.0,0.0,0.0,0.0,0.0,0.0,0.0,0.0,0.0,-7.0,7:13,1.3,0
21,200756,Hilton Armstrong,,,,,,,,,,,,,,,0.0,0
22,101106,Andrew Bogut,,,,,,,,,,,,,,,0.0,0
23,101135,David Lee,,,,,,,,,,,,,,,0.0,0
