,id,name,PTS,FG,FGA,FTA,FT,OREB,DREB,STL,AST,BLK,PF,TO,PLUS_MINUS,MIN,GS,WIN
0,202325,Wesley Johnson,3.0,1.0,2.0,1.0,1.0,0.0,1.0,0.0,1.0,0.0,0.0,0.0,0.0,18:35,3.0,0
1,201941,Jordan Hill,28.0,13.0,17.0,2.0,2.0,9.0,7.0,1.0,0.0,0.0,2.0,1.0,4.0,31:20,28.9,0
2,2549,Chris Kaman,13.0,6.0,12.0,2.0,1.0,1.0,3.0,0.0,2.0,0.0,2.0,3.0,-5.0,21:27,5.8,0
3,201975,Jodie Meeks,10.0,4.0,10.0,0.0,0.0,0.0,3.0,2.0,4.0,1.0,1.0,1.0,0.0,31:13,9.6,0
4,203088,Kendall Marshall,5.0,2.0,7.0,0.0,0.0,0.0,1.0,2.0,7.0,0.0,3.0,5.0,3.0,28:02,1.9,0
5,203135,Robert Sacre,8.0,3.0,5.0,2.0,2.0,1.0,6.0,2.0,3.0,0.0,3.0,0.0,2.0,26:33,11.1,0
6,201156,Nick Young,17.0,6.0,14.0,2.0,2.0,1.0,1.0,2.0,3.0,0.0,4.0,3.0,1.0,28:47,10.1,0
7,203145,Kent Bazemore,9.0,4.0,7.0,2.0,0.0,0.0,0.0,0.0,2.0,0.0,4.0,5.0,-2.0,17:40,-0.3,0
8,202333,Xavier Henry,7.0,2.0,8.0,4.0,3.0,0.0,0.0,0.0,1.0,0.0,3.0,1.0,-11.0,19:59,0.3,0
9,203527,Ryan Kelly,5.0,1.0,3.0,3.0,3.0,1.0,3.0,1.0,0.0,0.0,2.0,1.0,-7.0,16:24,4.1,0
10,202705,MarShon Brooks,,,,,,,,,,,,,,,0.0,0
11,2200,Pau Gasol,,,,,,,,,,,,,,,0.0,0
12,959,Steve Nash,,,,,,,,,,,,,,,0.0,0
13,203114,Khris Middleton,14.0,6.0,9.0,0.0,0.0,1.0,2.0,2.0,1.0,0.0,3.0,3.0,-6.0,30:51,9.9,1
14,202399,Jeff Adrien,8.0,3.0,8.0,3.0,2.0,1.0,8.0,0.0,2.0,2.0,3.0,1.0,2.0,31:59,6.9,1
15,2585,Zaza Pachulia,10.0,4.0,6.0,2.0,2.0,1.0,1.0,2.0,2.0,0.0,3.0,1.0,7.0,21:23,9.6,1
16,201196,Ramon Sessions,22.0,5.0,10.0,14.0,11.0,1.0,2.0,0.0,5.0,0.0,0.0,1.0,6.0,42:19,19.6,1
17,202688,Brandon Knight,30.0,12.0,21.0,6.0,4.0,0.0,0.0,0.0,3.0,1.0,3.0,4.0,-2.0,45:36,16.9,1
18,203089,John Henson,10.0,3.0,6.0,7.0,4.0,3.0,4.0,2.0,1.0,1.0,3.0,2.0,-2.0,26:26,9.3,1
19,202327,Ekpe Udoh,4.0,2.0,4.0,0.0,0.0,0.0,2.0,0.0,1.0,3.0,3.0,1.0,-1.0,16:12,3.2,1
20,203507,Giannis Antetokounmpo,10.0,4.0,6.0,2.0,1.0,2.0,5.0,3.0,0.0,1.0,3.0,5.0,11.0,25:14,7.4,1
21,101141,Ersan Ilyasova,,,,,,,,,,,,,,,0.0,1
22,201564,O.J. Mayo,,,,,,,,,,,,,,,0.0,1
23,203545,Miroslav Raduljica,,,,,,,,,,,,,,,0.0,1
24,203474,DJ Stephens,,,,,,,,,,,,,,,0.0,1
25,203489,Nate Wolters,,,,,,,,,,,,,,,0.0,1
