,id,name,PTS,FG,FGA,FTA,FT,OREB,DREB,STL,AST,BLK,PF,TO,PLUS_MINUS,MIN,GS,WIN
0,200782,P.J. Tucker,2.0,0.0,4.0,2.0,2.0,0.0,4.0,1.0,0.0,0.0,0.0,1.0,-9.0,16:41,0.4,1
1,101112,Channing Frye,5.0,2.0,6.0,0.0,0.0,0.0,4.0,1.0,1.0,0.0,3.0,0.0,0.0,20:30,3.3,1
2,203101,Miles Plumlee,2.0,1.0,3.0,0.0,0.0,1.0,1.0,0.0,0.0,1.0,0.0,1.0,-5.0,12:33,1.0,1
3,101123,Gerald Green,12.0,5.0,11.0,0.0,0.0,0.0,3.0,0.0,0.0,0.0,0.0,0.0,-9.0,16:41,7.2,1
4,202339,Eric Bledsoe,6.0,2.0,6.0,2.0,1.0,1.0,1.0,0.0,2.0,0.0,0.0,0.0,-5.0,16:42,4.6,1
5,202693,Markieff Morris,15.0,7.0,13.0,1.0,1.0,0.0,5.0,0.0,4.0,1.0,1.0,0.0,5.0,27:54,13.3,1
6,203458,Alex Len,0.0,0.0,4.0,0.0,0.0,0.0,4.0,1.0,0.0,1.0,1.0,2.0,-7.0,16:18,-2.3,1
7,202397,Ish Smith,8.0,4.0,7.0,0.0,0.0,0.0,2.0,1.0,8.0,1.0,1.0,1.0,18.0,27:00,11.2,1
8,202694,Marcus Morris Sr.,22.0,7.0,15.0,8.0,6.0,1.0,5.0,2.0,0.0,0.0,5.0,1.0,14.0,31:19,14.7,1
9,203462,Archie Goodwin,29.0,11.0,13.0,7.0,6.0,3.0,1.0,2.0,1.0,0.0,5.0,3.0,14.0,31:19,24.0,1
10,101183,Shavlik Randolph,0.0,0.0,0.0,0.0,0.0,0.0,1.0,1.0,0.0,1.0,4.0,2.0,13.0,15:34,-1.6,1
11,202091,Dionte Christmas,3.0,1.0,4.0,2.0,0.0,1.0,2.0,0.0,0.0,0.0,1.0,0.0,-4.0,7:29,0.7,1
12,201609,Goran Dragic,,,,,,,,,,,,,,,0.0,1
13,200752,Rudy Gay,6.0,3.0,8.0,0.0,0.0,1.0,5.0,0.0,2.0,0.0,1.0,1.0,2.0,16:07,3.8,0
14,202682,Derrick Williams,7.0,3.0,8.0,2.0,1.0,0.0,3.0,1.0,1.0,1.0,1.0,0.0,12.0,30:34,5.1,0
15,201574,Jason Thompson,8.0,4.0,9.0,0.0,0.0,1.0,10.0,1.0,0.0,1.0,1.0,2.0,7.0,21:09,6.3,0
16,203463,Ben McLemore,31.0,9.0,20.0,15.0,10.0,0.0,5.0,1.0,5.0,0.0,1.0,2.0,4.0,42:20,22.2,0
17,202738,Isaiah Thomas,4.0,2.0,5.0,0.0,0.0,0.0,0.0,0.0,4.0,1.0,2.0,2.0,5.0,16:42,2.0,0
18,203492,Ray McCallum,13.0,5.0,12.0,4.0,3.0,0.0,2.0,1.0,2.0,0.0,2.0,3.0,-10.0,31:18,5.4,0
19,2566,Travis Outlaw,15.0,5.0,10.0,4.0,4.0,0.0,5.0,1.0,2.0,0.0,2.0,1.0,-11.0,24:37,12.1,0
20,203112,Quincy Acy,9.0,3.0,6.0,5.0,3.0,5.0,3.0,1.0,1.0,0.0,3.0,2.0,-13.0,24:42,8.1,0
21,203099,Jared Cunningham,0.0,0.0,0.0,0.0,0.0,0.0,1.0,0.0,0.0,0.0,2.0,0.0,-9.0,6:29,-0.5,0
22,201189,Aaron Gray,6.0,3.0,8.0,0.0,0.0,6.0,7.0,2.0,2.0,0.0,5.0,4.0,-12.0,26:02,5.3,0
23,202326,DeMarcus Cousins,,,,,,,,,,,,,,,0.0,0
24,2501,Reggie Evans,,,,,,,,,,,,,,,0.0,0
25,203186,Willie Reed,,,,,,,,,,,,,,,0.0,0
