,id,name,PTS,FG,FGA,FTA,FT,OREB,DREB,STL,AST,BLK,PF,TO,PLUS_MINUS,MIN,GS,WIN
0,2222,Gerald Wallace,3.0,1.0,1.0,4.0,1.0,0.0,3.0,4.0,2.0,0.0,2.0,5.0,-1.0,39:52,2.0,0
1,101138,Brandon Bass,17.0,6.0,7.0,5.0,5.0,1.0,1.0,2.0,2.0,0.0,2.0,1.0,12.0,32:13,17.1,0
2,203543,Vitor Faverani,13.0,4.0,9.0,8.0,5.0,1.0,2.0,0.0,0.0,3.0,5.0,3.0,-19.0,26:41,5.5,0
3,201145,Jeff Green,25.0,8.0,16.0,9.0,7.0,0.0,5.0,1.0,2.0,1.0,4.0,1.0,8.0,37:03,18.2,0
4,202340,Avery Bradley,8.0,4.0,13.0,0.0,0.0,1.0,4.0,2.0,4.0,1.0,6.0,4.0,-3.0,31:19,1.5,0
5,202348,Jordan Crawford,7.0,3.0,5.0,0.0,0.0,2.0,1.0,0.0,5.0,0.0,2.0,1.0,-2.0,17:38,8.1,0
6,203482,Kelly Olynyk,4.0,2.0,5.0,0.0,0.0,0.0,0.0,0.0,0.0,0.0,2.0,3.0,-19.0,16:18,-2.5,0
7,2743,Kris Humphries,8.0,3.0,4.0,3.0,2.0,2.0,7.0,0.0,0.0,2.0,2.0,2.0,14.0,20:48,8.1,0
8,201584,Courtney Lee,2.0,1.0,4.0,0.0,0.0,0.0,2.0,1.0,0.0,0.0,0.0,2.0,-16.0,14:28,-0.8,0
9,203515,Phil Pressey,0.0,0.0,2.0,0.0,0.0,0.0,1.0,0.0,0.0,0.0,2.0,0.0,-4.0,3:40,-1.9,0
10,2586,Keith Bogans,,,,,,,,,,,,,,,0.0,0
11,202705,MarShon Brooks,,,,,,,,,,,,,,,0.0,0
12,203096,Jared Sullinger,,,,,,,,,,,,,,,0.0,0
13,200752,Rudy Gay,19.0,8.0,18.0,3.0,2.0,2.0,6.0,2.0,1.0,0.0,3.0,5.0,-1.0,34:10,8.9,1
14,101161,Amir Johnson,13.0,6.0,8.0,0.0,0.0,2.0,1.0,0.0,2.0,1.0,4.0,0.0,10.0,24:18,12.0,1
15,202685,Jonas Valanciunas,8.0,4.0,9.0,0.0,0.0,5.0,6.0,1.0,0.0,2.0,4.0,3.0,7.0,31:23,6.4,1
16,201942,DeMar DeRozan,13.0,6.0,19.0,2.0,0.0,0.0,2.0,2.0,2.0,0.0,3.0,5.0,6.0,40:24,-0.9,1
17,200768,Kyle Lowry,11.0,2.0,8.0,12.0,7.0,2.0,1.0,2.0,8.0,0.0,2.0,2.0,2.0,34:45,10.7,1
18,201946,Tyler Hansbrough,7.0,3.0,4.0,2.0,1.0,5.0,7.0,0.0,0.0,3.0,1.0,0.0,-3.0,24:40,12.3,1
19,202361,Landry Fields,8.0,4.0,7.0,1.0,0.0,3.0,3.0,0.0,0.0,0.0,4.0,0.0,2.0,18:14,5.7,1
20,200779,Steve Novak,3.0,1.0,3.0,0.0,0.0,0.0,1.0,0.0,0.0,0.0,1.0,0.0,2.0,6:39,1.2,1
21,201571,D.J. Augustin,5.0,2.0,7.0,1.0,1.0,0.0,0.0,0.0,2.0,0.0,1.0,1.0,4.0,13:15,0.9,1
22,203082,Terrence Ross,6.0,2.0,3.0,2.0,1.0,0.0,2.0,2.0,0.0,0.0,2.0,1.0,1.0,12:12,5.1,1
23,202779,Dwight Buycks,,,,,,,,,,,,,,,0.0,1
24,201948,Austin Daye,,,,,,,,,,,,,,,0.0,1
25,202933,Julyan Stone,,,,,,,,,,,,,,,0.0,1
