,id,name,PTS,FG,FGA,FTA,FT,OREB,DREB,STL,AST,BLK,PF,TO,PLUS_MINUS,MIN,GS,WIN
0,201142,Kevin Durant,48.0,14.0,34.0,19.0,17.0,0.0,7.0,4.0,5.0,2.0,2.0,0.0,-12.0,45:11,39.2,0
1,203103,Perry Jones III,0.0,0.0,1.0,0.0,0.0,1.0,2.0,0.0,0.0,0.0,3.0,0.0,-10.0,15:23,-0.6,0
2,2570,Kendrick Perkins,6.0,3.0,7.0,0.0,0.0,4.0,1.0,1.0,1.0,0.0,3.0,2.0,-13.0,16:26,3.9,0
3,200757,Thabo Sefolosha,4.0,2.0,7.0,0.0,0.0,1.0,1.0,0.0,1.0,0.0,2.0,0.0,-8.0,20:23,0.8,0
4,202704,Reggie Jackson,20.0,6.0,14.0,10.0,7.0,3.0,2.0,4.0,6.0,0.0,1.0,4.0,-3.0,42:03,17.9,0
5,203500,Steven Adams,4.0,2.0,3.0,0.0,0.0,2.0,3.0,0.0,0.0,0.0,3.0,1.0,-10.0,12:03,2.8,0
6,203087,Jeremy Lamb,9.0,4.0,14.0,0.0,0.0,0.0,4.0,2.0,0.0,0.0,4.0,0.0,5.0,27:14,2.4,0
7,2555,Nick Collison,8.0,3.0,3.0,2.0,1.0,4.0,2.0,0.0,3.0,0.0,2.0,2.0,1.0,30:00,9.4,0
8,965,Derek Fisher,2.0,1.0,6.0,0.0,0.0,0.0,2.0,0.0,0.0,0.0,5.0,1.0,0.0,20:47,-4.2,0
9,203460,Andre Roberson,0.0,0.0,0.0,0.0,0.0,0.0,1.0,2.0,2.0,0.0,2.0,0.0,-5.0,10:30,2.9,0
10,201586,Serge Ibaka,,,,,,,,,,,,,,,0.0,0
11,201934,Hasheem Thabeet,,,,,,,,,,,,,,,0.0,0
12,2210,Richard Jefferson,10.0,3.0,6.0,2.0,2.0,0.0,1.0,0.0,4.0,1.0,4.0,0.0,13.0,29:04,9.2,1
13,101107,Marvin Williams,12.0,4.0,7.0,2.0,2.0,0.0,4.0,1.0,1.0,0.0,6.0,2.0,-1.0,31:50,7.2,1
14,202324,Derrick Favors,15.0,6.0,9.0,4.0,3.0,0.0,5.0,0.0,0.0,3.0,4.0,2.0,14.0,36:31,10.7,1
15,202330,Gordon Hayward,37.0,13.0,16.0,13.0,9.0,0.0,11.0,2.0,7.0,1.0,0.0,4.0,11.0,37:10,36.3,1
16,203504,Trey Burke,10.0,4.0,12.0,2.0,1.0,0.0,6.0,2.0,6.0,0.0,2.0,3.0,6.0,37:00,7.0,1
17,202692,Alec Burks,9.0,3.0,4.0,4.0,3.0,0.0,4.0,0.0,1.0,1.0,0.0,3.0,0.0,26:18,6.6,1
18,202683,Enes Kanter,10.0,4.0,8.0,2.0,2.0,3.0,2.0,0.0,0.0,0.0,2.0,1.0,1.0,13:20,6.9,1
19,203197,Diante Garrett,0.0,0.0,0.0,0.0,0.0,0.0,0.0,1.0,2.0,0.0,0.0,2.0,5.0,10:60,0.4,1
20,201575,Brandon Rush,5.0,2.0,4.0,0.0,0.0,0.0,1.0,0.0,1.0,0.0,1.0,0.0,0.0,10:50,3.6,1
21,202379,Jeremy Evans,4.0,1.0,2.0,2.0,2.0,0.0,3.0,0.0,0.0,0.0,1.0,0.0,6.0,6:57,3.5,1
22,2740,Andris Biedrins,,,,,,,,,,,,,,,0.0,1
23,101249,John Lucas III,,,,,,,,,,,,,,,0.0,1
