,id,name,PTS,FG,FGA,FTA,FT,OREB,DREB,STL,AST,BLK,PF,TO,PLUS_MINUS,MIN,GS,WIN
0,203082,Terrence Ross,5.0,2.0,8.0,0.0,0.0,1.0,3.0,1.0,1.0,0.0,3.0,0.0,5.0,22:54,2.3,1
1,101161,Amir Johnson,11.0,5.0,12.0,3.0,1.0,5.0,6.0,1.0,2.0,2.0,3.0,0.0,21.0,29:01,11.7,1
2,202685,Jonas Valanciunas,18.0,8.0,14.0,2.0,2.0,4.0,5.0,0.0,1.0,1.0,3.0,1.0,19.0,31:44,14.9,1
3,201942,DeMar DeRozan,23.0,7.0,15.0,7.0,7.0,0.0,4.0,1.0,4.0,0.0,2.0,0.0,30.0,37:20,19.5,1
4,200768,Kyle Lowry,2.0,1.0,8.0,0.0,0.0,0.0,4.0,1.0,3.0,0.0,0.0,1.0,-4.0,24:44,0.1,1
5,2422,John Salmons,13.0,5.0,9.0,0.0,0.0,0.0,2.0,1.0,4.0,0.0,2.0,1.0,5.0,31:36,11.3,1
6,202335,Patrick Patterson,6.0,2.0,7.0,2.0,2.0,3.0,1.0,1.0,2.0,0.0,2.0,2.0,-6.0,18:59,3.9,1
7,202349,Greivis Vasquez,12.0,5.0,9.0,2.0,2.0,0.0,3.0,1.0,4.0,0.0,1.0,0.0,9.0,27:26,12.0,1
8,101236,Chuck Hayes,4.0,2.0,2.0,0.0,0.0,2.0,1.0,0.0,0.0,0.0,1.0,1.0,-4.0,16:16,3.7,1
9,202779,Dwight Buycks,,,,,,,,,,,,,,,0.0,1
10,201946,Tyler Hansbrough,,,,,,,,,,,,,,,0.0,1
11,200779,Steve Novak,,,,,,,,,,,,,,,0.0,1
12,202933,Julyan Stone,,,,,,,,,,,,,,,0.0,1
13,2210,Richard Jefferson,5.0,2.0,6.0,0.0,0.0,0.0,2.0,0.0,1.0,0.0,1.0,0.0,-1.0,20:23,2.5,0
14,101107,Marvin Williams,23.0,9.0,16.0,4.0,4.0,2.0,6.0,2.0,0.0,0.0,4.0,0.0,-4.0,39:44,19.0,0
15,202683,Enes Kanter,10.0,4.0,8.0,2.0,2.0,1.0,2.0,0.0,0.0,1.0,3.0,1.0,-19.0,19:51,5.8,0
16,202330,Gordon Hayward,8.0,3.0,11.0,2.0,2.0,2.0,3.0,1.0,3.0,1.0,1.0,3.0,-27.0,38:34,4.2,0
17,203504,Trey Burke,8.0,4.0,14.0,0.0,0.0,3.0,3.0,0.0,3.0,0.0,1.0,4.0,-14.0,34:59,0.5,0
18,203497,Rudy Gobert,0.0,0.0,4.0,0.0,0.0,3.0,5.0,0.0,1.0,3.0,3.0,1.0,1.0,31:06,1.4,0
19,202692,Alec Burks,20.0,8.0,14.0,5.0,4.0,0.0,3.0,1.0,0.0,0.0,2.0,1.0,-6.0,29:16,13.1,0
20,201575,Brandon Rush,3.0,1.0,3.0,0.0,0.0,0.0,3.0,0.0,1.0,0.0,1.0,0.0,-4.0,13:06,2.5,0
21,203197,Diante Garrett,2.0,1.0,2.0,0.0,0.0,0.0,1.0,0.0,1.0,0.0,0.0,1.0,-1.0,13:01,1.0,0
22,2740,Andris Biedrins,,,,,,,,,,,,,,,0.0,0
23,203546,Ian Clark,,,,,,,,,,,,,,,0.0,0
24,101249,John Lucas III,,,,,,,,,,,,,,,0.0,0
25,202952,Malcolm Thomas,,,,,,,,,,,,,,,0.0,0
