,id,name,PTS,FG,FGA,FTA,FT,OREB,DREB,STL,AST,BLK,PF,TO,PLUS_MINUS,MIN,GS,WIN
0,2772,Trevor Ariza,9.0,3.0,9.0,4.0,2.0,2.0,9.0,3.0,2.0,0.0,0.0,2.0,7.0,38:18,9.6,1
1,2403,Nene,16.0,7.0,15.0,2.0,2.0,2.0,5.0,2.0,2.0,1.0,3.0,3.0,7.0,34:44,11.1,1
2,101162,Marcin Gortat,8.0,2.0,8.0,6.0,4.0,2.0,10.0,1.0,2.0,1.0,3.0,1.0,8.0,37:02,7.7,1
3,203078,Bradley Beal,20.0,8.0,19.0,0.0,0.0,1.0,6.0,1.0,4.0,0.0,1.0,6.0,3.0,30:34,9.8,1
4,202322,John Wall,15.0,6.0,19.0,0.0,0.0,0.0,8.0,3.0,5.0,1.0,3.0,5.0,8.0,35:58,7.5,1
5,101110,Martell Webster,10.0,3.0,9.0,3.0,2.0,0.0,1.0,0.0,2.0,1.0,3.0,1.0,-2.0,28:20,4.7,1
6,202344,Trevor Booker,8.0,4.0,7.0,0.0,0.0,4.0,2.0,0.0,0.0,0.0,2.0,0.0,-11.0,22:56,7.3,1
7,201953,Eric Maynor,0.0,0.0,2.0,0.0,0.0,0.0,0.0,0.0,1.0,0.0,1.0,0.0,-5.0,6:37,-1.1,1
8,202066,Garrett Temple,2.0,1.0,2.0,0.0,0.0,1.0,3.0,0.0,2.0,0.0,1.0,0.0,0.0,5:31,3.6,1
9,203490,Otto Porter Jr.,,,,,,,,,,,,,,,0.0,1
10,202338,Kevin Seraphin,,,,,,,,,,,,,,,0.0,1
11,202698,Chris Singleton,,,,,,,,,,,,,,,0.0,1
12,202686,Jan Vesely,,,,,,,,,,,,,,,0.0,1
13,2738,Andre Iguodala,5.0,2.0,7.0,2.0,1.0,2.0,6.0,3.0,3.0,0.0,0.0,2.0,-8.0,33:13,6.8,0
14,101135,David Lee,11.0,2.0,10.0,10.0,7.0,1.0,4.0,0.0,1.0,0.0,2.0,3.0,-12.0,31:54,2.4,0
15,101106,Andrew Bogut,4.0,2.0,3.0,0.0,0.0,2.0,12.0,0.0,2.0,3.0,3.0,2.0,-11.0,28:48,8.0,0
16,202691,Klay Thompson,13.0,5.0,17.0,0.0,0.0,0.0,6.0,2.0,4.0,1.0,3.0,3.0,2.0,40:23,6.2,0
17,201939,Stephen Curry,23.0,8.0,23.0,6.0,5.0,0.0,2.0,4.0,4.0,0.0,5.0,6.0,-9.0,37:43,9.1,0
18,203084,Harrison Barnes,5.0,2.0,4.0,0.0,0.0,0.0,0.0,2.0,3.0,0.0,1.0,0.0,8.0,22:32,6.7,0
19,202348,Jordan Crawford,9.0,3.0,5.0,3.0,3.0,0.0,0.0,0.0,1.0,0.0,1.0,1.0,5.0,14:47,6.0,0
20,203110,Draymond Green,8.0,4.0,8.0,0.0,0.0,0.0,3.0,1.0,1.0,0.0,1.0,1.0,9.0,16:46,5.2,0
21,201578,Marreese Speights,7.0,2.0,3.0,2.0,2.0,0.0,9.0,0.0,0.0,2.0,0.0,1.0,3.0,13:46,8.8,0
22,203145,Kent Bazemore,0.0,0.0,0.0,0.0,0.0,0.0,0.0,0.0,0.0,0.0,0.0,0.0,-2.0,0:09,0.0,0
23,202705,MarShon Brooks,,,,,,,,,,,,,,,0.0,0
24,203517,Nemanja Nedovic,,,,,,,,,,,,,,,0.0,0
