,id,name,PTS,FG,FGA,FTA,FT,OREB,DREB,STL,AST,BLK,PF,TO,PLUS_MINUS,MIN,GS,WIN
0,200752,Rudy Gay,30.0,12.0,26.0,4.0,4.0,2.0,2.0,3.0,0.0,3.0,2.0,2.0,3.0,35:13,20.9,0
1,101161,Amir Johnson,12.0,5.0,8.0,2.0,2.0,5.0,5.0,0.0,1.0,0.0,3.0,3.0,-11.0,34:06,9.9,0
2,202685,Jonas Valanciunas,4.0,2.0,6.0,0.0,0.0,3.0,2.0,2.0,0.0,2.0,5.0,2.0,3.0,34:19,2.7,0
3,201942,DeMar DeRozan,6.0,2.0,15.0,2.0,2.0,1.0,4.0,1.0,3.0,0.0,1.0,1.0,-2.0,36:06,-0.1,0
4,200768,Kyle Lowry,12.0,4.0,10.0,2.0,2.0,2.0,5.0,1.0,8.0,0.0,4.0,2.0,7.0,36:43,12.5,0
5,201946,Tyler Hansbrough,4.0,1.0,4.0,2.0,2.0,1.0,4.0,0.0,1.0,0.0,2.0,1.0,-5.0,19:26,2.4,0
6,202361,Landry Fields,5.0,2.0,2.0,3.0,1.0,0.0,2.0,0.0,1.0,0.0,1.0,0.0,-7.0,13:38,4.5,0
7,201571,D.J. Augustin,0.0,0.0,2.0,0.0,0.0,0.0,0.0,0.0,0.0,0.0,1.0,0.0,-9.0,5:46,-1.8,0
8,201189,Aaron Gray,0.0,0.0,1.0,0.0,0.0,1.0,1.0,0.0,2.0,0.0,3.0,3.0,-4.0,6:16,-2.5,0
9,203082,Terrence Ross,5.0,2.0,4.0,0.0,0.0,0.0,1.0,0.0,0.0,1.0,0.0,0.0,-8.0,11:04,4.0,0
10,202933,Julyan Stone,3.0,1.0,1.0,0.0,0.0,0.0,0.0,0.0,0.0,0.0,0.0,1.0,-8.0,3:37,1.7,0
11,202779,Dwight Buycks,3.0,1.0,1.0,1.0,1.0,0.0,1.0,0.0,0.0,0.0,0.0,0.0,3.0,1:54,3.0,0
12,200779,Steve Novak,0.0,0.0,1.0,0.0,0.0,0.0,0.0,0.0,0.0,0.0,0.0,0.0,3.0,1:54,-0.7,0
13,202331,Paul George,23.0,7.0,21.0,9.0,7.0,2.0,6.0,2.0,6.0,0.0,2.0,3.0,-3.0,38:47,15.9,1
14,2561,David West,9.0,4.0,7.0,2.0,1.0,0.0,5.0,1.0,2.0,0.0,3.0,3.0,8.0,29:19,5.0,1
15,201579,Roy Hibbert,20.0,9.0,14.0,2.0,2.0,4.0,3.0,0.0,1.0,2.0,0.0,2.0,-2.0,31:26,17.6,1
16,202362,Lance Stephenson,4.0,2.0,5.0,0.0,0.0,0.0,2.0,1.0,4.0,0.0,3.0,2.0,6.0,29:12,2.5,1
17,201588,George Hill,14.0,4.0,8.0,3.0,3.0,1.0,3.0,0.0,2.0,0.0,1.0,1.0,19.0,19:25,11.6,1
18,203524,Solomon Hill,0.0,0.0,1.0,0.0,0.0,0.0,3.0,0.0,0.0,0.0,1.0,0.0,-5.0,14:39,-0.2,1
19,201228,C.J. Watson,6.0,3.0,8.0,0.0,0.0,0.0,0.0,1.0,2.0,0.0,2.0,1.0,-12.0,28:35,2.2,1
20,2449,Luis Scola,8.0,4.0,6.0,0.0,0.0,1.0,3.0,0.0,0.0,2.0,3.0,2.0,1.0,18:30,5.2,1
21,101133,Ian Mahinmi,0.0,0.0,1.0,0.0,0.0,1.0,3.0,0.0,0.0,2.0,4.0,1.0,11.0,16:23,-0.3,1
22,203111,Orlando Johnson,7.0,3.0,7.0,0.0,0.0,0.0,1.0,0.0,3.0,0.0,0.0,0.0,14.0,13:34,5.7,1
23,2446,Rasual Butler,0.0,0.0,0.0,0.0,0.0,0.0,0.0,0.0,0.0,0.0,0.0,0.0,-2.0,0:11,0.0,1
24,203142,Chris Copeland,,,,,,,,,,,,,,,0.0,1
25,202388,Donald Sloan,,,,,,,,,,,,,,,0.0,1
