,id,name,PTS,FG,FGA,FTA,FT,OREB,DREB,STL,AST,BLK,PF,TO,PLUS_MINUS,MIN,GS,WIN
0,201960,DeMarre Carroll,10.0,2.0,5.0,6.0,4.0,2.0,4.0,3.0,3.0,0.0,3.0,2.0,-2.0,37:43,11.0,0
1,203118,Mike Scott,20.0,8.0,18.0,3.0,1.0,0.0,5.0,3.0,2.0,0.0,3.0,0.0,-10.0,39:39,14.5,0
2,1882,Elton Brand,13.0,4.0,6.0,6.0,5.0,3.0,3.0,1.0,4.0,2.0,4.0,1.0,2.0,30:41,15.6,0
3,2594,Kyle Korver,18.0,6.0,10.0,0.0,0.0,1.0,3.0,1.0,3.0,1.0,3.0,1.0,16.0,37:03,16.6,0
4,201952,Jeff Teague,29.0,14.0,21.0,3.0,1.0,0.0,6.0,2.0,9.0,1.0,5.0,3.0,-5.0,31:19,24.9,0
5,101150,Lou Williams,15.0,3.0,7.0,8.0,7.0,0.0,0.0,0.0,3.0,0.0,0.0,2.0,-22.0,25:12,11.0,0
6,203488,Mike Muscala,4.0,2.0,6.0,0.0,0.0,1.0,4.0,0.0,0.0,2.0,2.0,1.0,-12.0,19:05,2.1,0
7,203471,Dennis Schroder,0.0,0.0,0.0,0.0,0.0,0.0,0.0,0.0,0.0,0.0,0.0,1.0,-4.0,1:50,-1.0,0
8,202714,Shelvin Mack,11.0,5.0,11.0,0.0,0.0,0.0,1.0,1.0,0.0,0.0,0.0,1.0,-8.0,17:28,5.6,0
9,203544,Pero Antic,,,,,,,,,,,,,,,0.0,0
10,201858,Cartier Martin,,,,,,,,,,,,,,,0.0,0
11,200794,Paul Millsap,,,,,,,,,,,,,,,0.0,0
12,200782,P.J. Tucker,10.0,4.0,7.0,0.0,0.0,1.0,1.0,1.0,6.0,0.0,2.0,2.0,10.0,34:28,10.1,1
13,101112,Channing Frye,9.0,4.0,7.0,0.0,0.0,2.0,2.0,1.0,2.0,0.0,3.0,0.0,1.0,20:46,8.9,1
14,203101,Miles Plumlee,2.0,1.0,3.0,0.0,0.0,1.0,3.0,1.0,0.0,0.0,2.0,1.0,-6.0,11:45,1.1,1
15,101123,Gerald Green,33.0,9.0,14.0,10.0,10.0,1.0,2.0,0.0,1.0,1.0,2.0,2.0,3.0,30:27,26.7,1
16,201609,Goran Dragic,19.0,6.0,13.0,8.0,5.0,1.0,4.0,0.0,8.0,2.0,3.0,2.0,-4.0,33:25,16.8,1
17,202397,Ish Smith,8.0,3.0,5.0,2.0,2.0,0.0,3.0,3.0,7.0,1.0,1.0,1.0,12.0,26:13,13.8,1
18,202693,Markieff Morris,21.0,5.0,8.0,10.0,9.0,0.0,8.0,1.0,3.0,0.0,2.0,4.0,16.0,31:35,17.7,1
19,202694,Marcus Morris Sr.,18.0,8.0,14.0,0.0,0.0,1.0,8.0,1.0,0.0,1.0,4.0,3.0,0.0,27:27,11.6,1
20,101183,Shavlik Randolph,2.0,1.0,3.0,0.0,0.0,0.0,2.0,1.0,0.0,0.0,1.0,0.0,10.0,10:14,1.5,1
21,203462,Archie Goodwin,0.0,0.0,0.0,0.0,0.0,0.0,0.0,0.0,0.0,0.0,0.0,0.0,2.0,1:01,0.0,1
22,2571,Leandro Barbosa,7.0,3.0,6.0,0.0,0.0,0.0,1.0,0.0,2.0,0.0,1.0,0.0,1.0,12:39,5.3,1
23,202091,Dionte Christmas,,,,,,,,,,,,,,,0.0,1
24,203458,Alex Len,,,,,,,,,,,,,,,0.0,1
