,id,name,PTS,FG,FGA,FTA,FT,OREB,DREB,STL,AST,BLK,PF,TO,PLUS_MINUS,MIN,GS,WIN
0,2207,Joe Johnson,29.0,11.0,15.0,1.0,1.0,2.0,2.0,0.0,5.0,0.0,1.0,2.0,25.0,30:24,26.0,1
1,1718,Paul Pierce,18.0,8.0,16.0,0.0,0.0,0.0,3.0,1.0,6.0,0.0,3.0,3.0,18.0,26:52,11.9,1
2,708,Kevin Garnett,12.0,6.0,8.0,0.0,0.0,0.0,3.0,0.0,2.0,1.0,2.0,0.0,8.0,18:18,11.0,1
3,101187,Alan Anderson,15.0,5.0,9.0,1.0,1.0,0.0,1.0,1.0,4.0,1.0,5.0,3.0,13.0,27:02,10.5,1
4,2733,Shaun Livingston,6.0,3.0,6.0,0.0,0.0,2.0,3.0,2.0,1.0,0.0,3.0,1.0,11.0,22:05,5.8,1
5,101154,Andray Blatche,20.0,10.0,18.0,1.0,0.0,6.0,8.0,1.0,6.0,1.0,2.0,5.0,13.0,27:04,17.7,1
6,1905,Andrei Kirilenko,4.0,1.0,1.0,2.0,2.0,2.0,2.0,0.0,3.0,1.0,0.0,2.0,17.0,21:21,6.5,1
7,1891,Jason Terry,5.0,2.0,7.0,0.0,0.0,0.0,1.0,1.0,7.0,0.0,1.0,0.0,6.0,25:55,6.7,1
8,203141,Mirza Teletovic,9.0,3.0,4.0,0.0,0.0,0.0,5.0,0.0,1.0,0.0,3.0,0.0,0.0,22:19,8.4,1
9,203129,Tornike Shengelia,2.0,1.0,1.0,0.0,0.0,0.0,0.0,0.0,3.0,0.0,0.0,0.0,-11.0,8:01,3.8,1
10,203116,Tyshawn Taylor,4.0,2.0,5.0,0.0,0.0,0.0,0.0,1.0,0.0,0.0,1.0,1.0,-11.0,8:01,0.9,1
11,203486,Mason Plumlee,3.0,1.0,1.0,2.0,1.0,0.0,0.0,0.0,0.0,0.0,0.0,0.0,-4.0,2:38,2.3,1
12,2501,Reggie Evans,,,,,,,,,,,,,,,0.0,1
13,2594,Kyle Korver,3.0,1.0,9.0,0.0,0.0,0.0,0.0,0.0,4.0,1.0,0.0,1.0,-12.0,28:47,-0.4,0
14,200794,Paul Millsap,13.0,5.0,14.0,3.0,3.0,2.0,1.0,3.0,1.0,1.0,1.0,2.0,-21.0,29:03,8.9,0
15,203544,Pero Antic,11.0,4.0,5.0,2.0,2.0,0.0,5.0,1.0,1.0,0.0,2.0,2.0,-8.0,22:54,9.5,0
16,101150,Lou Williams,9.0,3.0,7.0,2.0,2.0,0.0,4.0,1.0,4.0,0.0,1.0,2.0,-15.0,25:05,7.9,0
17,201952,Jeff Teague,16.0,4.0,13.0,8.0,8.0,1.0,1.0,1.0,2.0,0.0,3.0,2.0,-17.0,27:27,8.7,0
18,1882,Elton Brand,7.0,3.0,3.0,1.0,1.0,0.0,4.0,0.0,0.0,4.0,1.0,0.0,-18.0,21:30,9.7,0
19,202714,Shelvin Mack,17.0,6.0,9.0,2.0,2.0,0.0,2.0,2.0,7.0,0.0,2.0,2.0,-6.0,21:57,17.8,0
20,203118,Mike Scott,17.0,6.0,9.0,4.0,4.0,2.0,2.0,0.0,4.0,0.0,1.0,0.0,-11.0,28:12,17.5,0
21,203471,Dennis Schroder,8.0,4.0,7.0,0.0,0.0,0.0,1.0,2.0,2.0,0.0,0.0,3.0,1.0,19:03,5.4,0
22,202970,Gustavo Ayon,4.0,2.0,2.0,0.0,0.0,2.0,1.0,0.0,0.0,0.0,1.0,1.0,11.0,8:01,3.7,0
23,203263,James Nunnally,5.0,2.0,3.0,0.0,0.0,0.0,0.0,0.0,1.0,1.0,0.0,0.0,11.0,8:01,5.1,0
24,201960,DeMarre Carroll,,,,,,,,,,,,,,,0.0,0
