,id,name,PTS,FG,FGA,FTA,FT,OREB,DREB,STL,AST,BLK,PF,TO,PLUS_MINUS,MIN,GS,WIN
0,2207,Joe Johnson,9.0,4.0,11.0,0.0,0.0,1.0,3.0,1.0,0.0,0.0,4.0,1.0,16.0,30:21,2.9,1
1,1718,Paul Pierce,18.0,6.0,18.0,5.0,5.0,1.0,3.0,2.0,3.0,1.0,2.0,4.0,6.0,34:09,9.4,1
2,708,Kevin Garnett,4.0,2.0,4.0,0.0,0.0,1.0,6.0,1.0,1.0,0.0,2.0,3.0,14.0,26:12,2.4,1
3,2733,Shaun Livingston,5.0,1.0,7.0,4.0,3.0,2.0,3.0,1.0,4.0,0.0,0.0,4.0,-1.0,33:07,2.2,1
4,101114,Deron Williams,29.0,10.0,17.0,3.0,3.0,0.0,2.0,5.0,4.0,0.0,2.0,4.0,7.0,41:24,24.7,1
5,203486,Mason Plumlee,4.0,1.0,1.0,2.0,2.0,2.0,1.0,0.0,1.0,1.0,3.0,1.0,-8.0,11:13,4.6,1
6,1905,Andrei Kirilenko,9.0,3.0,3.0,4.0,3.0,2.0,0.0,0.0,1.0,0.0,1.0,0.0,3.0,14:53,9.4,1
7,203141,Mirza Teletovic,3.0,1.0,2.0,0.0,0.0,0.0,3.0,0.0,0.0,0.0,2.0,0.0,-12.0,10:28,2.1,1
8,101187,Alan Anderson,13.0,3.0,6.0,9.0,7.0,0.0,2.0,2.0,1.0,0.0,3.0,0.0,-5.0,22:15,11.3,1
9,1891,Jason Terry,0.0,0.0,1.0,0.0,0.0,0.0,1.0,0.0,0.0,0.0,0.0,0.0,-5.0,4:34,-0.4,1
10,2501,Reggie Evans,1.0,0.0,0.0,4.0,1.0,0.0,1.0,1.0,1.0,0.0,1.0,2.0,-5.0,11:24,-0.6,1
11,203129,Tornike Shengelia,,,,,,,,,,,,,,,0.0,1
12,203116,Tyshawn Taylor,,,,,,,,,,,,,,,0.0,1
13,201142,Kevin Durant,24.0,8.0,13.0,5.0,5.0,0.0,4.0,0.0,4.0,2.0,5.0,5.0,-6.0,34:27,16.5,0
14,201586,Serge Ibaka,10.0,5.0,9.0,1.0,0.0,2.0,9.0,2.0,0.0,1.0,1.0,2.0,-1.0,34:09,9.7,0
15,2570,Kendrick Perkins,8.0,3.0,7.0,2.0,2.0,1.0,5.0,1.0,1.0,0.0,1.0,1.0,-4.0,17:20,6.8,0
16,200757,Thabo Sefolosha,8.0,2.0,3.0,4.0,3.0,1.0,3.0,1.0,1.0,1.0,1.0,4.0,-15.0,31:34,5.9,0
17,202704,Reggie Jackson,9.0,4.0,13.0,1.0,1.0,1.0,2.0,0.0,5.0,0.0,4.0,4.0,1.0,29:21,0.7,0
18,203500,Steven Adams,7.0,2.0,3.0,4.0,3.0,1.0,0.0,2.0,2.0,0.0,3.0,2.0,-2.0,14:14,6.2,0
19,203087,Jeremy Lamb,9.0,3.0,7.0,2.0,2.0,0.0,3.0,1.0,2.0,1.0,2.0,2.0,14.0,19:45,6.5,0
20,965,Derek Fisher,7.0,3.0,6.0,0.0,0.0,0.0,0.0,0.0,3.0,0.0,4.0,0.0,-2.0,23:09,4.5,0
21,203103,Perry Jones III,11.0,4.0,7.0,0.0,0.0,0.0,1.0,1.0,2.0,1.0,2.0,1.0,1.0,30:10,9.3,0
22,2555,Nick Collison,0.0,0.0,0.0,0.0,0.0,0.0,0.0,1.0,0.0,0.0,0.0,0.0,4.0,5:51,1.0,0
23,101155,Ryan Gomes,,,,,,,,,,,,,,,0.0,0
24,203460,Andre Roberson,,,,,,,,,,,,,,,0.0,0
25,201934,Hasheem Thabeet,,,,,,,,,,,,,,,0.0,0
