,id,name,PTS,FG,FGA,FTA,FT,OREB,DREB,STL,AST,BLK,PF,TO,PLUS_MINUS,MIN,GS,WIN
0,2546,Carmelo Anthony,18.0,8.0,21.0,3.0,2.0,2.0,7.0,1.0,7.0,0.0,2.0,3.0,19.0,36:11,11.7,1
1,2030,Kenyon Martin,8.0,4.0,5.0,0.0,0.0,3.0,5.0,0.0,3.0,2.0,5.0,3.0,3.0,26:55,8.2,1
2,200745,Andrea Bargnani,10.0,4.0,9.0,2.0,2.0,1.0,3.0,0.0,3.0,0.0,3.0,1.0,-8.0,24:26,6.8,1
3,202697,Iman Shumpert,7.0,2.0,9.0,2.0,1.0,2.0,5.0,4.0,1.0,0.0,1.0,2.0,3.0,32:04,6.3,1
4,101109,Raymond Felton,9.0,3.0,11.0,4.0,3.0,0.0,1.0,2.0,6.0,0.0,0.0,0.0,4.0,35:36,8.6,1
5,2405,Amar'e Stoudemire,21.0,8.0,10.0,5.0,5.0,2.0,3.0,1.0,0.0,0.0,3.0,2.0,7.0,21:56,17.3,1
6,203501,Tim Hardaway Jr.,7.0,2.0,3.0,2.0,2.0,0.0,2.0,2.0,0.0,0.0,0.0,1.0,0.0,21:39,7.3,1
7,203315,Toure' Murry,8.0,3.0,6.0,3.0,2.0,0.0,0.0,0.0,0.0,0.0,4.0,0.0,6.0,12:24,3.0,1
8,2747,JR Smith,14.0,5.0,8.0,2.0,1.0,0.0,3.0,1.0,6.0,0.0,2.0,1.0,20.0,27:05,14.3,1
9,202719,Jeremy Tyler,0.0,0.0,0.0,0.0,0.0,0.0,0.0,0.0,0.0,0.0,0.0,0.0,-2.0,0:52,0.0,1
10,202332,Cole Aldrich,0.0,0.0,0.0,0.0,0.0,0.0,0.0,0.0,0.0,0.0,0.0,0.0,-2.0,0:52,0.0,1
11,2199,Tyson Chandler,,,,,,,,,,,,,,,0.0,1
12,2757,Beno Udrih,,,,,,,,,,,,,,,0.0,1
13,202323,Evan Turner,12.0,4.0,11.0,4.0,3.0,0.0,5.0,0.0,1.0,1.0,4.0,6.0,-1.0,38:47,0.8,0
14,201152,Thaddeus Young,15.0,7.0,16.0,2.0,1.0,3.0,2.0,4.0,3.0,0.0,1.0,1.0,1.0,39:54,13.6,0
15,201150,Spencer Hawes,17.0,6.0,14.0,4.0,4.0,1.0,6.0,0.0,5.0,1.0,5.0,4.0,-15.0,41:15,10.3,0
16,202341,James Anderson,17.0,8.0,13.0,0.0,0.0,1.0,6.0,1.0,1.0,0.0,2.0,0.0,-6.0,34:15,14.5,0
17,203487,Michael Carter-Williams,11.0,3.0,6.0,6.0,5.0,1.0,6.0,2.0,7.0,0.0,3.0,2.0,-3.0,36:29,13.8,0
18,203138,Hollis Thompson,4.0,2.0,3.0,0.0,0.0,1.0,2.0,0.0,1.0,0.0,0.0,0.0,-7.0,15:29,4.7,0
19,203561,Brandon Davies,0.0,0.0,2.0,0.0,0.0,1.0,0.0,0.0,0.0,0.0,2.0,1.0,-3.0,13:07,-2.5,0
20,203100,Tony Wroten,11.0,4.0,9.0,5.0,2.0,1.0,1.0,0.0,4.0,0.0,1.0,1.0,-7.0,11:31,7.5,0
21,202343,Elliot Williams,5.0,2.0,4.0,0.0,0.0,0.0,1.0,0.0,0.0,0.0,2.0,0.0,-9.0,9:13,2.5,0
22,202730,Lavoy Allen,,,,,,,,,,,,,,,0.0,0
23,203485,Lorenzo Brown,,,,,,,,,,,,,,,0.0,0
24,203102,Arnett Moultrie,,,,,,,,,,,,,,,0.0,0
