,id,name,PTS,FG,FGA,FTA,FT,OREB,DREB,STL,AST,BLK,PF,TO,PLUS_MINUS,MIN,GS,WIN
0,2772,Trevor Ariza,6.0,2.0,11.0,1.0,1.0,2.0,3.0,2.0,1.0,0.0,4.0,5.0,-8.0,30:06,-2.5,0
1,202344,Trevor Booker,6.0,3.0,8.0,0.0,0.0,2.0,2.0,0.0,0.0,1.0,1.0,0.0,-10.0,21:12,3.9,0
2,101162,Marcin Gortat,14.0,7.0,15.0,1.0,0.0,9.0,9.0,0.0,4.0,1.0,0.0,1.0,-1.0,32:32,17.4,0
3,203078,Bradley Beal,18.0,7.0,18.0,1.0,1.0,3.0,2.0,0.0,2.0,0.0,2.0,3.0,-12.0,36:23,8.5,0
4,202322,John Wall,7.0,2.0,8.0,2.0,1.0,1.0,5.0,1.0,8.0,0.0,3.0,7.0,-19.0,33:55,2.4,0
5,101110,Martell Webster,17.0,5.0,9.0,4.0,3.0,0.0,1.0,0.0,0.0,1.0,2.0,0.0,5.0,29:44,12.5,0
6,1733,Al Harrington,3.0,1.0,5.0,0.0,0.0,2.0,0.0,0.0,3.0,0.0,1.0,1.0,8.0,19:24,2.0,0
7,2400,Drew Gooden,15.0,7.0,12.0,0.0,0.0,2.0,1.0,0.0,0.0,0.0,0.0,0.0,-8.0,17:13,11.1,0
8,203490,Otto Porter Jr.,2.0,1.0,1.0,0.0,0.0,0.0,1.0,0.0,0.0,0.0,0.0,0.0,-2.0,3:23,2.0,0
9,1889,Andre Miller,2.0,1.0,2.0,0.0,0.0,0.0,5.0,0.0,5.0,0.0,1.0,1.0,-1.0,14:43,4.6,0
10,202066,Garrett Temple,0.0,0.0,0.0,0.0,0.0,0.0,0.0,0.0,1.0,0.0,0.0,0.0,3.0,1:26,0.7,0
11,202698,Chris Singleton,,,,,,,,,,,,,,,0.0,0
12,2544,LeBron James,23.0,10.0,15.0,0.0,0.0,2.0,5.0,3.0,8.0,0.0,3.0,3.0,16.0,36:45,23.8,1
13,2203,Shane Battier,6.0,2.0,3.0,0.0,0.0,1.0,0.0,0.0,0.0,2.0,0.0,0.0,-2.0,15:51,6.8,1
14,2547,Chris Bosh,22.0,10.0,14.0,0.0,0.0,1.0,6.0,2.0,1.0,1.0,2.0,0.0,10.0,34:10,21.3,1
15,2548,Dwyane Wade,22.0,8.0,17.0,6.0,6.0,2.0,3.0,1.0,6.0,1.0,1.0,3.0,7.0,33:27,18.1,1
16,201596,Mario Chalmers,0.0,0.0,7.0,0.0,0.0,0.0,1.0,1.0,6.0,1.0,1.0,1.0,13.0,29:43,-0.1,1
17,951,Ray Allen,13.0,5.0,9.0,0.0,0.0,1.0,2.0,0.0,2.0,0.0,1.0,0.0,3.0,28:31,11.0,1
18,2365,Chris Andersen,9.0,3.0,5.0,3.0,3.0,0.0,3.0,0.0,0.0,2.0,1.0,2.0,-7.0,18:22,6.6,1
19,202708,Norris Cole,0.0,0.0,4.0,0.0,0.0,2.0,1.0,0.0,2.0,0.0,1.0,1.0,0.0,23:18,-1.1,1
20,201563,Michael Beasley,4.0,2.0,6.0,0.0,0.0,0.0,1.0,1.0,1.0,1.0,1.0,0.0,1.0,14:52,2.9,1
21,2617,Udonis Haslem,0.0,0.0,0.0,0.0,0.0,0.0,2.0,0.0,0.0,0.0,0.0,0.0,4.0,5:01,0.6,1
22,201962,Toney Douglas,,,,,,,,,,,,,,,0.0,1
23,1740,Rashard Lewis,,,,,,,,,,,,,,,0.0,1
24,202732,DeAndre Liggins,,,,,,,,,,,,,,,0.0,1
