,id,name,PTS,FG,FGA,FTA,FT,OREB,DREB,STL,AST,BLK,PF,TO,PLUS_MINUS,MIN,GS,WIN
0,201960,DeMarre Carroll,5.0,2.0,5.0,2.0,1.0,0.0,3.0,0.0,3.0,0.0,4.0,1.0,-3.0,18:38,2.3,0
1,200794,Paul Millsap,14.0,4.0,9.0,10.0,6.0,3.0,4.0,1.0,4.0,1.0,4.0,1.0,3.0,28:53,12.9,0
2,201143,Al Horford,12.0,5.0,12.0,4.0,2.0,3.0,13.0,2.0,2.0,1.0,4.0,4.0,-4.0,33:37,9.3,0
3,2594,Kyle Korver,22.0,8.0,10.0,0.0,0.0,0.0,2.0,2.0,4.0,1.0,3.0,0.0,12.0,37:19,23.1,0
4,201952,Jeff Teague,14.0,7.0,18.0,0.0,0.0,1.0,5.0,2.0,4.0,0.0,1.0,2.0,-4.0,32:40,8.8,0
5,203471,Dennis Schroder,10.0,4.0,11.0,4.0,2.0,0.0,3.0,0.0,4.0,0.0,1.0,1.0,-7.0,21:34,5.4,0
6,203118,Mike Scott,13.0,5.0,13.0,4.0,3.0,1.0,4.0,1.0,1.0,0.0,1.0,1.0,-7.0,21:36,7.7,0
7,201858,Cartier Martin,9.0,3.0,7.0,0.0,0.0,0.0,4.0,0.0,3.0,0.0,4.0,1.0,6.0,27:49,6.0,0
8,1882,Elton Brand,0.0,0.0,0.0,2.0,0.0,1.0,0.0,0.0,1.0,0.0,0.0,0.0,-6.0,4:20,0.6,0
9,203098,John Jenkins,2.0,1.0,2.0,0.0,0.0,0.0,1.0,0.0,0.0,0.0,0.0,0.0,-10.0,5:54,1.3,0
10,203544,Pero Antic,2.0,1.0,3.0,0.0,0.0,1.0,3.0,1.0,0.0,0.0,0.0,0.0,10.0,7:40,2.9,0
11,203099,Jared Cunningham,,,,,,,,,,,,,,,0.0,0
12,202714,Shelvin Mack,,,,,,,,,,,,,,,0.0,0
13,202333,Xavier Henry,18.0,5.0,11.0,8.0,6.0,0.0,0.0,0.0,1.0,0.0,1.0,1.0,4.0,25:56,10.8,1
14,200761,Shawne Williams,7.0,3.0,5.0,0.0,0.0,1.0,3.0,1.0,0.0,1.0,6.0,1.0,3.0,17:44,4.6,1
15,2200,Pau Gasol,16.0,5.0,18.0,7.0,5.0,0.0,13.0,0.0,2.0,1.0,1.0,3.0,-2.0,27:41,7.2,1
16,2581,Steve Blake,3.0,1.0,5.0,0.0,0.0,1.0,4.0,0.0,7.0,0.0,1.0,0.0,-2.0,32:24,6.3,1
17,959,Steve Nash,13.0,5.0,13.0,2.0,2.0,0.0,3.0,1.0,6.0,0.0,2.0,0.0,-2.0,29:04,11.2,1
18,2549,Chris Kaman,10.0,5.0,7.0,0.0,0.0,0.0,5.0,0.0,1.0,1.0,5.0,3.0,4.0,16:03,5.0,1
19,201156,Nick Young,13.0,5.0,9.0,2.0,2.0,0.0,4.0,0.0,4.0,0.0,0.0,0.0,2.0,20:48,12.7,1
20,200770,Jordan Farmar,5.0,2.0,8.0,0.0,0.0,0.0,5.0,2.0,3.0,0.0,1.0,4.0,4.0,18:50,1.4,1
21,201975,Jodie Meeks,5.0,2.0,5.0,0.0,0.0,0.0,2.0,1.0,2.0,0.0,0.0,0.0,0.0,16:58,5.3,1
22,202325,Wesley Johnson,9.0,3.0,6.0,3.0,3.0,3.0,4.0,0.0,0.0,3.0,5.0,0.0,0.0,20:56,9.4,1
23,201941,Jordan Hill,6.0,2.0,2.0,2.0,2.0,1.0,4.0,0.0,1.0,1.0,2.0,1.0,-1.0,13:36,6.9,1
24,203548,Elias Harris,,,,,,,,,,,,,,,0.0,1
25,203135,Robert Sacre,,,,,,,,,,,,,,,0.0,1
