,id,name,PTS,FG,FGA,FTA,FT,OREB,DREB,STL,AST,BLK,PF,TO,PLUS_MINUS,MIN,GS,WIN
0,201975,Jodie Meeks,0.0,0.0,2.0,0.0,0.0,0.0,0.0,0.0,0.0,0.0,0.0,0.0,-6.0,1:26,-1.4,0
1,203527,Ryan Kelly,6.0,2.0,11.0,0.0,0.0,0.0,2.0,1.0,3.0,0.0,4.0,1.0,-11.0,20:58,0.2,0
2,203135,Robert Sacre,14.0,5.0,8.0,4.0,4.0,2.0,2.0,1.0,1.0,1.0,4.0,0.0,1.0,30:54,13.2,0
3,2581,Steve Blake,0.0,0.0,2.0,0.0,0.0,0.0,5.0,3.0,6.0,0.0,2.0,2.0,-4.0,32:11,4.5,0
4,959,Steve Nash,7.0,3.0,6.0,0.0,0.0,0.0,1.0,1.0,9.0,0.0,0.0,2.0,-1.0,24:37,9.6,0
5,201156,Nick Young,24.0,4.0,12.0,14.0,13.0,0.0,2.0,0.0,0.0,0.0,4.0,4.0,0.0,29:46,11.8,0
6,202325,Wesley Johnson,15.0,7.0,16.0,0.0,0.0,3.0,6.0,0.0,1.0,2.0,4.0,1.0,0.0,38:02,10.0,0
7,203088,Kendall Marshall,5.0,2.0,5.0,0.0,0.0,0.0,3.0,0.0,3.0,0.0,1.0,1.0,-7.0,20:52,3.9,0
8,2549,Chris Kaman,9.0,2.0,6.0,6.0,5.0,0.0,3.0,1.0,1.0,1.0,5.0,4.0,-11.0,17:06,2.5,0
9,201941,Jordan Hill,0.0,0.0,0.0,0.0,0.0,0.0,1.0,0.0,0.0,0.0,0.0,0.0,-9.0,3:38,0.3,0
10,202412,Manny Harris,19.0,8.0,11.0,2.0,1.0,2.0,6.0,1.0,1.0,0.0,1.0,1.0,-2.0,20:30,17.6,0
11,200770,Jordan Farmar,,,,,,,,,,,,,,,0.0,0
12,2200,Pau Gasol,,,,,,,,,,,,,,,0.0,0
13,201147,Corey Brewer,11.0,5.0,10.0,2.0,0.0,1.0,0.0,3.0,1.0,0.0,3.0,2.0,4.0,30:40,6.4,1
14,201567,Kevin Love,31.0,8.0,19.0,18.0,13.0,3.0,14.0,1.0,3.0,1.0,2.0,3.0,5.0,40:38,25.2,1
15,101142,Ronny Turiaf,2.0,1.0,1.0,2.0,0.0,1.0,4.0,0.0,0.0,2.0,2.0,1.0,-4.0,21:49,2.4,1
16,2755,Kevin Martin,32.0,13.0,26.0,3.0,2.0,0.0,3.0,1.0,4.0,0.0,2.0,1.0,5.0,41:07,21.5,1
17,201937,Ricky Rubio,4.0,1.0,4.0,2.0,2.0,1.0,5.0,1.0,13.0,0.0,3.0,2.0,5.0,31:01,10.7,1
18,200826,J.J. Barea,11.0,3.0,8.0,5.0,5.0,0.0,3.0,0.0,4.0,0.0,1.0,1.0,5.0,16:59,8.9,1
19,203476,Gorgui Dieng,4.0,1.0,1.0,2.0,2.0,1.0,2.0,2.0,0.0,1.0,2.0,0.0,15.0,8:08,6.9,1
20,201601,Luc Mbah a Moute,4.0,1.0,5.0,2.0,2.0,3.0,0.0,0.0,2.0,0.0,1.0,1.0,4.0,17:53,3.0,1
21,201978,Chase Budinger,5.0,2.0,2.0,0.0,0.0,0.0,3.0,0.0,0.0,0.0,2.0,1.0,4.0,7:18,3.5,1
22,201967,Dante Cunningham,5.0,2.0,7.0,2.0,1.0,1.0,8.0,0.0,1.0,1.0,1.0,1.0,9.0,24:23,3.6,1
23,201985,AJ Price,0.0,0.0,0.0,0.0,0.0,0.0,0.0,0.0,0.0,0.0,0.0,0.0,-2.0,0:04,0.0,1
24,203498,Shabazz Muhammad,,,,,,,,,,,,,,,0.0,1
25,203144,Alexey Shved,,,,,,,,,,,,,,,0.0,1
