,id,name,PTS,FG,FGA,FTA,FT,OREB,DREB,STL,AST,BLK,PF,TO,PLUS_MINUS,MIN,GS,WIN
0,203138,Hollis Thompson,6.0,1.0,5.0,4.0,4.0,1.0,2.0,1.0,1.0,0.0,2.0,1.0,-4.0,32:21,4.1,0
1,201152,Thaddeus Young,28.0,10.0,26.0,9.0,8.0,4.0,3.0,0.0,1.0,0.0,3.0,1.0,-1.0,40:40,15.6,0
2,203156,Henry Sims,18.0,8.0,15.0,2.0,2.0,9.0,6.0,0.0,2.0,2.0,1.0,1.0,-8.0,31:13,20.2,0
3,202341,James Anderson,7.0,2.0,5.0,4.0,3.0,0.0,4.0,0.0,1.0,0.0,3.0,0.0,-4.0,33:23,4.6,0
4,203487,Michael Carter-Williams,7.0,3.0,14.0,1.0,1.0,2.0,9.0,1.0,6.0,0.0,4.0,3.0,-2.0,38:08,3.1,0
5,202363,Jarvis Varnado,6.0,3.0,5.0,0.0,0.0,3.0,1.0,0.0,0.0,1.0,4.0,0.0,-1.0,14:31,5.2,0
6,202343,Elliot Williams,6.0,2.0,9.0,2.0,2.0,0.0,2.0,1.0,0.0,0.0,3.0,3.0,-12.0,21:04,-2.1,0
7,203130,Darius Johnson-Odom,0.0,0.0,2.0,0.0,0.0,0.0,0.0,0.0,0.0,0.0,1.0,1.0,0.0,4:35,-2.8,0
8,201957,Byron Mullens,3.0,1.0,3.0,0.0,0.0,0.0,1.0,0.0,0.0,3.0,2.0,0.0,-8.0,9:34,2.9,0
9,203263,James Nunnally,0.0,0.0,3.0,0.0,0.0,0.0,1.0,0.0,0.0,0.0,0.0,0.0,-10.0,14:32,-1.8,0
10,203561,Brandon Davies,,,,,,,,,,,,,,,0.0,0
11,2202,Jason Richardson,,,,,,,,,,,,,,,0.0,0
12,203100,Tony Wroten,,,,,,,,,,,,,,,0.0,0
13,2399,Mike Dunleavy,6.0,2.0,8.0,2.0,2.0,1.0,2.0,2.0,3.0,0.0,2.0,1.0,3.0,33:51,4.8,1
14,2430,Carlos Boozer,7.0,3.0,7.0,2.0,1.0,0.0,6.0,0.0,0.0,0.0,5.0,2.0,-2.0,24:00,0.7,1
15,201149,Joakim Noah,20.0,6.0,10.0,9.0,8.0,2.0,6.0,1.0,4.0,3.0,5.0,5.0,10.0,37:40,17.1,1
16,202710,Jimmy Butler,17.0,4.0,8.0,10.0,8.0,3.0,5.0,1.0,6.0,0.0,3.0,2.0,15.0,45:30,17.8,1
17,2550,Kirk Hinrich,9.0,3.0,9.0,3.0,2.0,1.0,2.0,0.0,3.0,0.0,3.0,2.0,7.0,31:55,3.7,1
18,201571,D.J. Augustin,16.0,5.0,11.0,5.0,3.0,0.0,4.0,1.0,6.0,0.0,0.0,1.0,9.0,31:13,14.9,1
19,201959,Taj Gibson,16.0,8.0,16.0,0.0,0.0,4.0,6.0,0.0,0.0,5.0,1.0,1.0,7.0,28:44,14.7,1
20,1737,Nazr Mohammed,0.0,0.0,0.0,0.0,0.0,0.0,2.0,1.0,1.0,1.0,1.0,1.0,5.0,5:36,1.6,1
21,203503,Tony Snell,0.0,0.0,1.0,0.0,0.0,0.0,0.0,0.0,0.0,0.0,0.0,0.0,-4.0,1:31,-0.7,1
22,202690,Jimmer Fredette,,,,,,,,,,,,,,,0.0,1
23,203513,Erik Murphy,,,,,,,,,,,,,,,0.0,1
24,203129,Tornike Shengelia,,,,,,,,,,,,,,,0.0,1
