,id,name,PTS,FG,FGA,FTA,FT,OREB,DREB,STL,AST,BLK,PF,TO,PLUS_MINUS,MIN,GS,WIN
0,202323,Evan Turner,15.0,5.0,13.0,6.0,5.0,0.0,4.0,3.0,4.0,0.0,3.0,4.0,-17.0,33:25,9.3,0
1,201152,Thaddeus Young,14.0,7.0,14.0,3.0,0.0,2.0,2.0,5.0,3.0,0.0,2.0,2.0,-17.0,32:12,12.1,0
2,201150,Spencer Hawes,4.0,2.0,8.0,0.0,0.0,1.0,7.0,0.0,1.0,1.0,4.0,1.0,-23.0,28:25,0.8,0
3,202341,James Anderson,12.0,5.0,11.0,2.0,1.0,2.0,4.0,2.0,0.0,0.0,4.0,2.0,-19.0,27:52,6.9,0
4,203100,Tony Wroten,18.0,8.0,19.0,2.0,2.0,2.0,1.0,1.0,5.0,0.0,3.0,6.0,-11.0,35:18,6.9,0
5,203138,Hollis Thompson,7.0,3.0,7.0,1.0,0.0,2.0,5.0,1.0,0.0,0.0,3.0,2.0,-2.0,24:47,3.6,0
6,202730,Lavoy Allen,4.0,1.0,4.0,2.0,2.0,1.0,3.0,0.0,2.0,0.0,3.0,0.0,5.0,14:53,3.4,0
7,202343,Elliot Williams,15.0,5.0,9.0,3.0,2.0,1.0,0.0,0.0,2.0,0.0,2.0,0.0,0.0,24:04,11.6,0
8,203473,Dewayne Dedmon,7.0,2.0,4.0,4.0,3.0,2.0,5.0,0.0,0.0,1.0,4.0,2.0,-1.0,19:04,4.6,0
9,203487,Michael Carter-Williams,,,,,,,,,,,,,,,0.0,0
10,203561,Brandon Davies,,,,,,,,,,,,,,,0.0,0
11,203102,Arnett Moultrie,,,,,,,,,,,,,,,0.0,0
12,2746,Josh Smith,9.0,4.0,10.0,5.0,1.0,4.0,5.0,4.0,7.0,1.0,2.0,5.0,25.0,29:59,10.1,1
13,202328,Greg Monroe,21.0,8.0,10.0,9.0,5.0,4.0,8.0,4.0,3.0,0.0,2.0,4.0,26.0,28:48,22.1,1
14,203083,Andre Drummond,22.0,10.0,11.0,5.0,2.0,6.0,8.0,1.0,0.0,5.0,4.0,1.0,15.0,23:05,25.6,1
15,203484,Kentavious Caldwell-Pope,12.0,4.0,11.0,2.0,2.0,0.0,0.0,1.0,0.0,0.0,2.0,1.0,14.0,20:37,5.1,1
16,201943,Brandon Jennings,20.0,6.0,17.0,7.0,6.0,0.0,2.0,0.0,4.0,0.0,0.0,1.0,27.0,36:46,12.5,1
17,201155,Rodney Stuckey,1.0,0.0,4.0,2.0,1.0,0.0,1.0,0.0,0.0,0.0,2.0,1.0,7.0,8:34,-3.7,1
18,202713,Kyle Singler,20.0,6.0,12.0,6.0,5.0,5.0,5.0,1.0,1.0,1.0,3.0,1.0,5.0,35:23,18.8,1
19,101198,Will Bynum,6.0,2.0,5.0,4.0,2.0,1.0,0.0,0.0,6.0,0.0,1.0,1.0,-3.0,22:59,6.0,1
20,202725,Josh Harrellson,0.0,0.0,4.0,0.0,0.0,1.0,4.0,1.0,1.0,1.0,1.0,0.0,1.0,13:28,1.1,1
21,203540,Gigi Datome,0.0,0.0,4.0,0.0,0.0,1.0,0.0,0.0,0.0,0.0,1.0,0.0,-11.0,7:04,-2.5,1
22,201973,Jonas Jerebko,0.0,0.0,1.0,0.0,0.0,1.0,1.0,0.0,1.0,0.0,2.0,1.0,-11.0,7:04,-0.8,1
23,101111,Charlie Villanueva,2.0,1.0,3.0,0.0,0.0,0.0,1.0,0.0,0.0,0.0,0.0,0.0,-10.0,6:13,0.6,1
24,1497,Chauncey Billups,,,,,,,,,,,,,,,0.0,1
