,id,name,PTS,FG,FGA,FTA,FT,OREB,DREB,STL,AST,BLK,PF,TO,PLUS_MINUS,MIN,GS,WIN
0,201587,Nicolas Batum,20.0,7.0,15.0,3.0,3.0,2.0,4.0,0.0,3.0,2.0,4.0,5.0,2.0,39:06,11.8,0
1,200746,LaMarcus Aldridge,15.0,7.0,22.0,1.0,1.0,4.0,10.0,1.0,3.0,0.0,3.0,0.0,2.0,42:20,10.1,0
2,201577,Robin Lopez,2.0,0.0,0.0,2.0,2.0,1.0,4.0,0.0,0.0,1.0,1.0,0.0,12.0,25:11,4.2,0
3,202083,Wesley Matthews,16.0,4.0,13.0,6.0,6.0,1.0,4.0,0.0,1.0,0.0,3.0,2.0,8.0,39:25,7.9,0
4,203081,Damian Lillard,36.0,13.0,24.0,7.0,3.0,1.0,5.0,3.0,6.0,1.0,5.0,3.0,-9.0,41:25,27.9,0
5,2590,Mo Williams,9.0,4.0,11.0,0.0,0.0,1.0,1.0,0.0,6.0,0.0,6.0,1.0,-22.0,17:42,4.7,0
6,200777,Joel Freeland,4.0,2.0,2.0,0.0,0.0,0.0,3.0,0.0,0.0,0.0,2.0,2.0,-25.0,15:17,1.5,0
7,2748,Dorell Wright,5.0,2.0,5.0,0.0,0.0,0.0,3.0,1.0,0.0,0.0,0.0,0.0,-15.0,9:58,4.2,0
8,203080,Thomas Robinson,2.0,1.0,2.0,0.0,0.0,0.0,1.0,0.0,0.0,0.0,2.0,0.0,-14.0,4:15,0.5,0
9,203086,Meyers Leonard,0.0,0.0,0.0,0.0,0.0,0.0,0.0,0.0,0.0,0.0,1.0,0.0,6.0,5:21,-0.4,0
10,203115,Will Barton,,,,,,,,,,,,,,,0.0,0
11,203459,Allen Crabbe,,,,,,,,,,,,,,,0.0,0
12,2248,Earl Watson,,,,,,,,,,,,,,,0.0,0
13,201147,Corey Brewer,6.0,2.0,6.0,2.0,2.0,0.0,2.0,1.0,1.0,0.0,2.0,0.0,-11.0,32:48,4.1,1
14,201567,Kevin Love,29.0,10.0,18.0,6.0,5.0,2.0,13.0,1.0,9.0,0.0,0.0,4.0,5.0,40:51,28.6,1
15,201593,Nikola Pekovic,30.0,14.0,19.0,3.0,2.0,5.0,4.0,0.0,1.0,0.0,4.0,1.0,-7.0,29:00,24.7,1
16,2755,Kevin Martin,22.0,8.0,15.0,5.0,5.0,1.0,4.0,1.0,0.0,0.0,2.0,3.0,-9.0,36:41,13.8,1
17,201937,Ricky Rubio,9.0,2.0,11.0,6.0,5.0,0.0,5.0,2.0,7.0,0.0,4.0,2.0,-2.0,32:25,6.5,1
18,201601,Luc Mbah a Moute,6.0,2.0,2.0,2.0,2.0,1.0,4.0,0.0,0.0,0.0,0.0,0.0,23.0,14:07,7.3,1
19,201967,Dante Cunningham,4.0,2.0,8.0,0.0,0.0,2.0,5.0,2.0,1.0,1.0,3.0,0.0,24.0,26:09,4.3,1
20,200826,J.J. Barea,10.0,4.0,11.0,2.0,0.0,0.0,3.0,0.0,5.0,0.0,3.0,0.0,21.0,21:49,6.3,1
21,203144,Alexey Shved,4.0,2.0,3.0,0.0,0.0,1.0,1.0,1.0,3.0,0.0,1.0,0.0,11.0,6:10,6.4,1
22,203476,Gorgui Dieng,,,,,,,,,,,,,,,0.0,1
23,203133,Robbie Hummel,,,,,,,,,,,,,,,0.0,1
24,203498,Shabazz Muhammad,,,,,,,,,,,,,,,0.0,1
25,201985,AJ Price,,,,,,,,,,,,,,,0.0,1
