,id,name,PTS,FG,FGA,FTA,FT,OREB,DREB,STL,AST,BLK,PF,TO,PLUS_MINUS,MIN,GS,WIN
0,201960,DeMarre Carroll,4.0,2.0,7.0,0.0,0.0,2.0,1.0,0.0,0.0,0.0,1.0,2.0,-10.0,23:30,-0.8,0
1,200794,Paul Millsap,23.0,7.0,15.0,8.0,6.0,2.0,6.0,1.0,4.0,0.0,3.0,1.0,-12.0,35:18,19.3,0
2,1882,Elton Brand,7.0,3.0,8.0,2.0,1.0,5.0,4.0,0.0,1.0,2.0,3.0,1.0,-11.0,26:54,6.8,0
3,2594,Kyle Korver,11.0,4.0,10.0,2.0,1.0,1.0,6.0,3.0,4.0,0.0,4.0,3.0,-7.0,37:35,8.9,0
4,202714,Shelvin Mack,21.0,8.0,16.0,4.0,3.0,1.0,3.0,0.0,6.0,0.0,3.0,1.0,-2.0,37:59,16.2,0
5,203118,Mike Scott,20.0,9.0,16.0,0.0,0.0,0.0,5.0,0.0,0.0,1.0,5.0,1.0,2.0,30:26,11.6,0
6,201858,Cartier Martin,6.0,2.0,4.0,2.0,1.0,1.0,3.0,0.0,2.0,1.0,1.0,1.0,6.0,19:19,5.9,0
7,101150,Lou Williams,15.0,5.0,12.0,2.0,2.0,0.0,1.0,3.0,8.0,0.0,2.0,0.0,-6.0,28:59,16.7,0
8,202970,Gustavo Ayon,,,,,,,,,,,,,,,0.0,0
9,203099,Jared Cunningham,,,,,,,,,,,,,,,0.0,0
10,203471,Dennis Schroder,,,,,,,,,,,,,,,0.0,0
11,201952,Jeff Teague,,,,,,,,,,,,,,,0.0,0
12,2746,Josh Smith,17.0,7.0,17.0,2.0,2.0,2.0,8.0,1.0,4.0,1.0,3.0,4.0,13.0,37:19,11.0,1
13,202328,Greg Monroe,22.0,10.0,17.0,6.0,2.0,6.0,9.0,1.0,2.0,2.0,2.0,2.0,14.0,39:34,20.4,1
14,203083,Andre Drummond,20.0,10.0,11.0,8.0,0.0,5.0,6.0,3.0,0.0,1.0,3.0,0.0,0.0,33:23,20.9,1
15,202713,Kyle Singler,20.0,7.0,11.0,2.0,2.0,1.0,1.0,1.0,3.0,0.0,1.0,0.0,16.0,34:02,18.8,1
16,201943,Brandon Jennings,12.0,3.0,12.0,6.0,4.0,1.0,1.0,0.0,14.0,0.0,4.0,1.0,8.0,29:03,12.2,1
17,201155,Rodney Stuckey,12.0,5.0,10.0,4.0,2.0,1.0,3.0,0.0,2.0,0.0,2.0,1.0,0.0,28:31,7.4,1
18,201973,Jonas Jerebko,3.0,1.0,2.0,0.0,0.0,0.0,0.0,0.0,0.0,0.0,3.0,1.0,-4.0,11:50,-0.2,1
19,101198,Will Bynum,9.0,4.0,7.0,1.0,1.0,0.0,2.0,0.0,7.0,1.0,2.0,2.0,0.0,22:54,9.1,1
20,203484,Kentavious Caldwell-Pope,0.0,0.0,0.0,0.0,0.0,0.0,0.0,0.0,0.0,0.0,0.0,0.0,-7.0,3:24,0.0,1
21,203540,Gigi Datome,,,,,,,,,,,,,,,0.0,1
22,202725,Josh Harrellson,,,,,,,,,,,,,,,0.0,1
23,203491,Peyton Siva,,,,,,,,,,,,,,,0.0,1
24,101111,Charlie Villanueva,,,,,,,,,,,,,,,0.0,1
