,id,name,PTS,FG,FGA,FTA,FT,OREB,DREB,STL,AST,BLK,PF,TO,PLUS_MINUS,MIN,GS,WIN
0,2738,Andre Iguodala,8.0,3.0,7.0,3.0,2.0,1.0,6.0,3.0,10.0,2.0,3.0,2.0,3.0,39:25,14.6,1
1,101135,David Lee,19.0,8.0,13.0,3.0,3.0,1.0,3.0,0.0,2.0,1.0,6.0,1.0,-4.0,30:05,13.4,1
2,101106,Andrew Bogut,12.0,6.0,7.0,0.0,0.0,2.0,3.0,0.0,2.0,0.0,2.0,3.0,-11.0,28:48,9.4,1
3,202691,Klay Thompson,16.0,5.0,16.0,4.0,3.0,1.0,3.0,2.0,1.0,1.0,4.0,2.0,2.0,47:38,7.8,1
4,201939,Stephen Curry,29.0,10.0,23.0,5.0,4.0,0.0,9.0,2.0,11.0,1.0,3.0,5.0,2.0,48:12,23.4,1
5,203084,Harrison Barnes,10.0,4.0,12.0,3.0,1.0,1.0,3.0,0.0,0.0,0.0,2.0,0.0,11.0,27:26,3.2,1
6,203110,Draymond Green,5.0,2.0,10.0,0.0,0.0,5.0,7.0,1.0,2.0,4.0,3.0,1.0,11.0,25:06,7.4,1
7,201578,Marreese Speights,9.0,4.0,6.0,1.0,1.0,1.0,4.0,0.0,1.0,0.0,3.0,2.0,7.0,13:59,5.8,1
8,203145,Kent Bazemore,0.0,0.0,1.0,0.0,0.0,0.0,2.0,0.0,1.0,1.0,2.0,1.0,-1.0,4:21,-0.5,1
9,200756,Hilton Armstrong,,,,,,,,,,,,,,,0.0,1
10,201962,Toney Douglas,,,,,,,,,,,,,,,0.0,1
11,979,Jermaine O'Neal,,,,,,,,,,,,,,,0.0,1
12,201947,Earl Clark,6.0,2.0,3.0,1.0,1.0,0.0,4.0,0.0,1.0,2.0,0.0,1.0,1.0,13:22,7.0,0
13,202684,Tristan Thompson,17.0,8.0,14.0,1.0,1.0,4.0,8.0,0.0,1.0,0.0,2.0,5.0,4.0,39:58,10.5,0
14,2760,Anderson Varejao,8.0,3.0,8.0,2.0,2.0,2.0,10.0,1.0,1.0,2.0,2.0,0.0,-6.0,36:38,10.3,0
15,101139,CJ Miles,17.0,6.0,12.0,3.0,2.0,0.0,1.0,3.0,1.0,0.0,4.0,0.0,3.0,23:29,13.0,0
16,202681,Kyrie Irving,27.0,9.0,19.0,6.0,6.0,0.0,1.0,1.0,9.0,0.0,2.0,1.0,-7.0,40:29,23.1,0
17,203092,Tyler Zeller,6.0,2.0,5.0,2.0,2.0,0.0,2.0,0.0,0.0,2.0,2.0,0.0,-2.0,18:08,4.5,0
18,203079,Dion Waiters,8.0,3.0,15.0,2.0,1.0,0.0,5.0,0.0,4.0,0.0,1.0,5.0,-3.0,38:48,-2.8,0
19,101127,Jarrett Jack,12.0,5.0,11.0,0.0,0.0,0.0,4.0,2.0,4.0,1.0,4.0,2.0,-9.0,34:08,9.4,0
20,203461,Anthony Bennett,3.0,0.0,4.0,4.0,3.0,1.0,1.0,1.0,0.0,0.0,0.0,0.0,-4.0,11:16,1.8,0
21,203521,Matthew Dellavedova,0.0,0.0,1.0,0.0,0.0,0.0,1.0,0.0,0.0,0.0,1.0,1.0,3.0,8:44,-1.8,0
22,203467,Carrick Felix,,,,,,,,,,,,,,,0.0,0
23,202087,Alonzo Gee,,,,,,,,,,,,,,,0.0,0
24,203156,Henry Sims,,,,,,,,,,,,,,,0.0,0
