,id,name,PTS,FG,FGA,FTA,FT,OREB,DREB,STL,AST,BLK,PF,TO,PLUS_MINUS,MIN,GS,WIN
0,201147,Corey Brewer,15.0,5.0,8.0,3.0,2.0,0.0,3.0,2.0,2.0,0.0,3.0,0.0,26.0,27:47,14.1,1
1,201567,Kevin Love,26.0,7.0,12.0,10.0,8.0,1.0,6.0,2.0,4.0,1.0,0.0,1.0,28.0,29:02,26.6,1
2,201593,Nikola Pekovic,16.0,7.0,15.0,2.0,2.0,5.0,9.0,0.0,1.0,1.0,1.0,3.0,19.0,22:41,12.5,1
3,2755,Kevin Martin,18.0,5.0,10.0,5.0,5.0,0.0,1.0,2.0,4.0,0.0,0.0,1.0,19.0,22:55,17.1,1
4,201937,Ricky Rubio,4.0,2.0,8.0,0.0,0.0,0.0,3.0,1.0,8.0,0.0,1.0,1.0,22.0,24:50,5.3,1
5,201967,Dante Cunningham,10.0,5.0,9.0,0.0,0.0,0.0,1.0,1.0,0.0,1.0,0.0,0.0,4.0,15:19,7.7,1
6,203144,Alexey Shved,10.0,4.0,12.0,1.0,1.0,1.0,2.0,3.0,4.0,1.0,1.0,0.0,16.0,22:34,10.6,1
7,203133,Robbie Hummel,3.0,1.0,5.0,0.0,0.0,3.0,5.0,1.0,1.0,0.0,2.0,0.0,5.0,20:13,4.4,1
8,200826,J.J. Barea,13.0,5.0,12.0,0.0,0.0,0.0,1.0,0.0,2.0,0.0,1.0,5.0,3.0,19:17,2.9,1
9,101142,Ronny Turiaf,0.0,0.0,1.0,0.0,0.0,2.0,7.0,0.0,1.0,2.0,3.0,2.0,9.0,22:34,1.7,1
10,203476,Gorgui Dieng,2.0,1.0,2.0,2.0,0.0,2.0,1.0,1.0,0.0,0.0,1.0,0.0,2.0,6:24,2.5,1
11,201985,AJ Price,9.0,4.0,6.0,0.0,0.0,0.0,0.0,0.0,1.0,0.0,1.0,0.0,2.0,6:24,6.7,1
12,201601,Luc Mbah a Moute,,,,,,,,,,,,,,,0.0,1
13,202323,Evan Turner,13.0,5.0,9.0,4.0,3.0,0.0,1.0,0.0,3.0,0.0,2.0,1.0,-27.0,25:14,8.9,0
14,201152,Thaddeus Young,20.0,9.0,16.0,1.0,0.0,0.0,2.0,3.0,2.0,1.0,2.0,1.0,-22.0,27:39,15.9,0
15,201150,Spencer Hawes,7.0,3.0,6.0,0.0,0.0,1.0,5.0,0.0,4.0,2.0,2.0,5.0,-21.0,25:07,4.6,0
16,203138,Hollis Thompson,9.0,4.0,8.0,1.0,1.0,0.0,4.0,1.0,0.0,0.0,0.0,2.0,-19.0,32:49,5.2,0
17,203487,Michael Carter-Williams,13.0,6.0,13.0,1.0,0.0,0.0,4.0,1.0,7.0,0.0,2.0,4.0,-23.0,28:36,8.2,0
18,202341,James Anderson,14.0,5.0,6.0,2.0,2.0,0.0,7.0,3.0,2.0,1.0,3.0,2.0,-10.0,21:37,15.8,0
19,202730,Lavoy Allen,0.0,0.0,2.0,0.0,0.0,0.0,2.0,0.0,1.0,0.0,3.0,1.0,-3.0,9:09,-2.3,0
20,202343,Elliot Williams,8.0,2.0,5.0,4.0,3.0,0.0,3.0,0.0,3.0,0.0,2.0,4.0,-8.0,20:09,3.1,0
21,203561,Brandon Davies,2.0,1.0,4.0,0.0,0.0,1.0,1.0,1.0,0.0,0.0,0.0,0.0,-8.0,15:14,1.6,0
22,202350,Daniel Orton,5.0,2.0,4.0,1.0,1.0,2.0,3.0,0.0,0.0,2.0,4.0,0.0,-8.0,18:51,5.1,0
23,203485,Lorenzo Brown,4.0,1.0,7.0,2.0,1.0,0.0,4.0,0.0,4.0,0.0,2.0,2.0,-6.0,15:36,0.3,0
24,203102,Arnett Moultrie,,,,,,,,,,,,,,,0.0,0
25,203100,Tony Wroten,,,,,,,,,,,,,,,0.0,0
