,id,name,PTS,FG,FGA,FTA,FT,OREB,DREB,STL,AST,BLK,PF,TO,PLUS_MINUS,MIN,GS,WIN
0,200752,Rudy Gay,13.0,5.0,12.0,4.0,3.0,2.0,3.0,1.0,3.0,2.0,4.0,1.0,-6.0,30:47,10.4,0
1,2501,Reggie Evans,5.0,2.0,4.0,2.0,1.0,4.0,4.0,0.0,1.0,0.0,2.0,0.0,-6.0,24:17,6.5,0
2,202326,DeMarcus Cousins,25.0,10.0,21.0,7.0,5.0,4.0,10.0,4.0,2.0,1.0,5.0,5.0,-6.0,37:54,18.4,0
3,203463,Ben McLemore,6.0,3.0,12.0,0.0,0.0,1.0,5.0,1.0,1.0,0.0,2.0,2.0,-3.0,35:36,-0.1,0
4,202738,Isaiah Thomas,26.0,7.0,18.0,13.0,10.0,1.0,2.0,0.0,5.0,0.0,3.0,4.0,-2.0,42:16,14.6,0
5,201574,Jason Thompson,5.0,2.0,8.0,4.0,1.0,4.0,4.0,0.0,0.0,2.0,3.0,1.0,1.0,23:22,2.2,0
6,202682,Derrick Williams,3.0,1.0,3.0,3.0,1.0,1.0,4.0,0.0,0.0,0.0,1.0,1.0,-2.0,18:19,1.0,0
7,2566,Travis Outlaw,0.0,0.0,3.0,0.0,0.0,1.0,1.0,0.0,0.0,0.0,0.0,0.0,-4.0,6:36,-1.1,0
8,203492,Ray McCallum,1.0,0.0,2.0,2.0,1.0,0.0,0.0,0.0,0.0,1.0,0.0,1.0,-6.0,10:47,-1.1,0
9,203112,Quincy Acy,3.0,1.0,2.0,2.0,1.0,1.0,3.0,0.0,0.0,0.0,2.0,1.0,-1.0,10:06,1.4,0
10,201189,Aaron Gray,,,,,,,,,,,,,,,0.0,0
11,203111,Orlando Johnson,,,,,,,,,,,,,,,0.0,0
12,2399,Mike Dunleavy,16.0,4.0,11.0,5.0,5.0,0.0,6.0,0.0,2.0,0.0,3.0,3.0,2.0,40:59,8.9,1
13,2430,Carlos Boozer,9.0,4.0,10.0,2.0,1.0,1.0,4.0,1.0,4.0,0.0,1.0,1.0,-4.0,24:00,7.5,1
14,201149,Joakim Noah,23.0,9.0,15.0,6.0,5.0,1.0,10.0,3.0,8.0,5.0,3.0,2.0,7.0,40:50,28.3,1
15,202710,Jimmy Butler,5.0,1.0,11.0,4.0,3.0,0.0,5.0,1.0,2.0,0.0,4.0,1.0,6.0,38:10,-1.4,1
16,2550,Kirk Hinrich,10.0,4.0,11.0,2.0,1.0,0.0,2.0,0.0,3.0,0.0,4.0,0.0,1.0,31:25,4.6,1
17,201571,D.J. Augustin,12.0,3.0,10.0,5.0,4.0,0.0,0.0,0.0,2.0,0.0,5.0,1.0,7.0,27:58,4.2,1
18,201959,Taj Gibson,19.0,6.0,9.0,9.0,7.0,5.0,4.0,1.0,0.0,3.0,3.0,2.0,9.0,26:50,18.9,1
19,203503,Tony Snell,0.0,0.0,1.0,0.0,0.0,0.0,0.0,0.0,0.0,0.0,2.0,1.0,5.0,5:28,-2.5,1
20,1737,Nazr Mohammed,0.0,0.0,0.0,0.0,0.0,0.0,2.0,0.0,0.0,0.0,1.0,0.0,2.0,4:20,0.2,1
21,202690,Jimmer Fredette,,,,,,,,,,,,,,,0.0,1
22,203513,Erik Murphy,,,,,,,,,,,,,,,0.0,1
23,203129,Tornike Shengelia,,,,,,,,,,,,,,,0.0,1
