,id,name,PTS,FG,FGA,FTA,FT,OREB,DREB,STL,AST,BLK,PF,TO,PLUS_MINUS,MIN,GS,WIN
0,201163,Wilson Chandler,17.0,7.0,18.0,0.0,0.0,1.0,7.0,0.0,0.0,0.0,6.0,0.0,-14.0,40:21,7.6,0
1,202702,Kenneth Faried,3.0,1.0,5.0,2.0,1.0,3.0,0.0,0.0,1.0,0.0,3.0,0.0,-16.0,12:42,1.1,0
2,201581,JJ Hickson,14.0,5.0,11.0,7.0,4.0,5.0,8.0,1.0,1.0,0.0,1.0,1.0,-4.0,37:32,13.3,0
3,203095,Evan Fournier,17.0,6.0,11.0,2.0,2.0,0.0,4.0,0.0,1.0,0.0,3.0,2.0,4.0,32:49,10.4,0
4,201951,Ty Lawson,17.0,6.0,14.0,6.0,5.0,1.0,3.0,1.0,14.0,0.0,4.0,3.0,-16.0,40:33,17.0,0
5,202389,Timofey Mozgov,7.0,2.0,5.0,5.0,3.0,0.0,5.0,1.0,0.0,0.0,1.0,1.0,-3.0,24:38,4.6,0
6,101126,Nate Robinson,9.0,3.0,8.0,2.0,2.0,0.0,1.0,1.0,0.0,0.0,2.0,2.0,-15.0,24:09,3.1,0
7,203113,Quincy Miller,0.0,0.0,1.0,0.0,0.0,0.0,1.0,0.0,1.0,0.0,0.0,0.0,-2.0,4:56,0.3,0
8,201576,Anthony Randolph,19.0,6.0,9.0,6.0,5.0,0.0,3.0,1.0,0.0,0.0,3.0,1.0,-4.0,22:20,14.4,0
9,201589,Darrell Arthur,,,,,,,,,,,,,,,0.0,0
10,200751,Randy Foye,,,,,,,,,,,,,,,0.0,0
11,202706,Jordan Hamilton,,,,,,,,,,,,,,,0.0,0
12,1889,Andre Miller,,,,,,,,,,,,,,,0.0,0
13,200782,P.J. Tucker,6.0,1.0,4.0,4.0,3.0,1.0,8.0,0.0,2.0,0.0,1.0,0.0,8.0,29:27,7.3,1
14,101112,Channing Frye,30.0,12.0,16.0,2.0,1.0,1.0,4.0,1.0,1.0,3.0,4.0,1.0,-2.0,27:56,26.3,1
15,203101,Miles Plumlee,2.0,1.0,5.0,0.0,0.0,1.0,3.0,1.0,1.0,1.0,2.0,1.0,-1.0,24:12,1.1,1
16,101123,Gerald Green,9.0,4.0,8.0,0.0,0.0,0.0,1.0,1.0,2.0,1.0,2.0,1.0,-1.0,21:43,6.6,1
17,201609,Goran Dragic,15.0,6.0,11.0,6.0,3.0,2.0,3.0,2.0,6.0,0.0,2.0,3.0,11.0,24:13,13.2,1
18,2571,Leandro Barbosa,13.0,6.0,13.0,2.0,1.0,0.0,4.0,0.0,3.0,0.0,2.0,0.0,12.0,26:56,8.4,1
19,202693,Markieff Morris,16.0,6.0,12.0,5.0,4.0,2.0,4.0,1.0,2.0,0.0,4.0,0.0,15.0,27:30,13.0,1
20,203458,Alex Len,9.0,3.0,4.0,4.0,3.0,4.0,2.0,0.0,0.0,0.0,0.0,1.0,16.0,16:14,9.4,1
21,202397,Ish Smith,7.0,3.0,8.0,2.0,1.0,2.0,5.0,0.0,5.0,0.0,2.0,3.0,6.0,23:08,4.8,1
22,202694,Marcus Morris Sr.,10.0,4.0,10.0,1.0,1.0,1.0,0.0,0.0,1.0,0.0,1.0,0.0,6.0,18:42,5.6,1
23,202091,Dionte Christmas,,,,,,,,,,,,,,,0.0,1
24,203462,Archie Goodwin,,,,,,,,,,,,,,,0.0,1
25,203139,Viacheslav Kravtsov,,,,,,,,,,,,,,,0.0,1
