,id,name,PTS,FG,FGA,FTA,FT,OREB,DREB,STL,AST,BLK,PF,TO,PLUS_MINUS,MIN,GS,WIN
0,201145,Jeff Green,23.0,8.0,21.0,4.0,4.0,0.0,4.0,0.0,3.0,0.0,3.0,3.0,-5.0,41:24,10.6,0
1,101138,Brandon Bass,18.0,6.0,8.0,8.0,6.0,4.0,2.0,1.0,1.0,0.0,3.0,2.0,-8.0,33:41,15.9,0
2,203096,Jared Sullinger,22.0,9.0,20.0,0.0,0.0,6.0,4.0,0.0,5.0,1.0,4.0,2.0,6.0,35:34,17.6,0
3,201573,Jerryd Bayless,25.0,10.0,19.0,0.0,0.0,1.0,3.0,0.0,3.0,0.0,3.0,2.0,0.0,40:48,16.2,0
4,203515,Phil Pressey,12.0,5.0,8.0,0.0,0.0,1.0,1.0,2.0,11.0,0.0,5.0,1.0,9.0,36:26,16.1,0
5,203187,Chris Johnson,0.0,0.0,2.0,0.0,0.0,0.0,0.0,0.0,0.0,0.0,1.0,1.0,-16.0,11:32,-2.8,0
6,203482,Kelly Olynyk,11.0,4.0,6.0,4.0,3.0,2.0,7.0,0.0,2.0,2.0,3.0,0.0,-4.0,24:08,13.1,0
7,201202,Joel Anthony,0.0,0.0,0.0,0.0,0.0,0.0,0.0,0.0,0.0,0.0,0.0,0.0,-2.0,2:37,0.0,0
8,203569,Chris Babb,0.0,0.0,4.0,0.0,0.0,1.0,1.0,5.0,0.0,0.0,2.0,0.0,0.0,13:51,2.4,0
9,202340,Avery Bradley,,,,,,,,,,,,,,,0.0,0
10,2743,Kris Humphries,,,,,,,,,,,,,,,0.0,0
11,200765,Rajon Rondo,,,,,,,,,,,,,,,0.0,0
12,2746,Josh Smith,11.0,4.0,9.0,2.0,1.0,0.0,0.0,0.0,3.0,0.0,2.0,4.0,-12.0,26:58,3.2,1
13,202328,Greg Monroe,21.0,8.0,12.0,5.0,5.0,3.0,4.0,0.0,2.0,0.0,1.0,0.0,-14.0,31:28,20.1,1
14,203083,Andre Drummond,19.0,9.0,11.0,2.0,1.0,7.0,13.0,0.0,0.0,1.0,2.0,2.0,11.0,40:20,21.2,1
15,202713,Kyle Singler,6.0,0.0,5.0,6.0,6.0,2.0,1.0,2.0,0.0,0.0,2.0,0.0,12.0,37:07,5.4,1
16,201943,Brandon Jennings,20.0,6.0,15.0,5.0,4.0,1.0,2.0,0.0,3.0,0.0,1.0,2.0,-2.0,33:24,12.5,1
17,201155,Rodney Stuckey,26.0,8.0,17.0,12.0,10.0,0.0,4.0,1.0,4.0,0.0,2.0,4.0,13.0,32:16,16.7,1
18,203484,Kentavious Caldwell-Pope,3.0,1.0,1.0,0.0,0.0,0.0,0.0,0.0,0.0,0.0,1.0,0.0,-10.0,7:28,2.3,1
19,201973,Jonas Jerebko,6.0,2.0,6.0,0.0,0.0,0.0,5.0,1.0,1.0,0.0,3.0,1.0,16.0,16:23,3.6,1
20,203491,Peyton Siva,3.0,0.0,3.0,4.0,3.0,0.0,1.0,2.0,5.0,0.0,2.0,0.0,6.0,14:36,5.5,1
21,203540,Gigi Datome,,,,,,,,,,,,,,,0.0,1
22,203502,Tony Mitchell,,,,,,,,,,,,,,,0.0,1
23,101111,Charlie Villanueva,,,,,,,,,,,,,,,0.0,1
