,id,name,PTS,FG,FGA,FTA,FT,OREB,DREB,STL,AST,BLK,PF,TO,PLUS_MINUS,MIN,GS,WIN
0,2736,Luol Deng,18.0,7.0,12.0,1.0,1.0,0.0,9.0,0.0,3.0,0.0,3.0,2.0,8.0,39:09,14.0,1
1,202684,Tristan Thompson,13.0,3.0,7.0,10.0,7.0,2.0,5.0,0.0,1.0,0.0,3.0,1.0,6.0,30:52,9.5,1
2,201150,Spencer Hawes,19.0,6.0,11.0,4.0,4.0,1.0,5.0,0.0,3.0,0.0,4.0,4.0,8.0,34:09,12.4,1
3,101127,Jarrett Jack,11.0,3.0,7.0,6.0,5.0,1.0,3.0,0.0,4.0,0.0,2.0,1.0,2.0,33:59,9.5,1
4,202681,Kyrie Irving,23.0,9.0,19.0,2.0,2.0,1.0,8.0,2.0,6.0,1.0,3.0,3.0,12.0,39:25,19.1,1
5,203079,Dion Waiters,10.0,4.0,11.0,0.0,0.0,1.0,1.0,2.0,1.0,0.0,3.0,4.0,5.0,17:57,2.4,1
6,2760,Anderson Varejao,6.0,3.0,7.0,0.0,0.0,3.0,4.0,1.0,0.0,0.0,0.0,0.0,2.0,15:13,6.6,1
7,203521,Matthew Dellavedova,7.0,2.0,4.0,2.0,2.0,3.0,0.0,1.0,1.0,0.0,1.0,2.0,4.0,10:09,6.4,1
8,203092,Tyler Zeller,3.0,1.0,3.0,2.0,1.0,1.0,3.0,0.0,1.0,0.0,1.0,0.0,1.0,15:10,2.8,1
9,202087,Alonzo Gee,0.0,0.0,0.0,0.0,0.0,0.0,0.0,0.0,0.0,0.0,1.0,1.0,-3.0,3:57,-1.4,1
10,203461,Anthony Bennett,,,,,,,,,,,,,,,0.0,1
11,202197,Shane Edwards,,,,,,,,,,,,,,,0.0,1
12,202694,Marcus Morris Sr.,14.0,5.0,8.0,4.0,1.0,1.0,2.0,2.0,2.0,0.0,1.0,4.0,-6.0,38:24,9.5,0
13,101112,Channing Frye,17.0,5.0,14.0,4.0,3.0,3.0,3.0,1.0,2.0,0.0,3.0,0.0,-2.0,35:49,13.0,0
14,203101,Miles Plumlee,9.0,4.0,5.0,2.0,1.0,4.0,6.0,0.0,1.0,0.0,5.0,0.0,-5.0,26:14,10.0,0
15,101123,Gerald Green,8.0,4.0,14.0,0.0,0.0,0.0,2.0,2.0,1.0,1.0,6.0,2.0,-13.0,31:15,-0.6,0
16,201609,Goran Dragic,20.0,8.0,19.0,4.0,2.0,0.0,2.0,2.0,5.0,0.0,3.0,4.0,-7.0,41:31,10.0,0
17,202339,Eric Bledsoe,15.0,5.0,16.0,6.0,4.0,0.0,3.0,2.0,9.0,0.0,0.0,0.0,2.0,32:18,14.2,0
18,202693,Markieff Morris,18.0,8.0,13.0,2.0,2.0,4.0,6.0,1.0,0.0,0.0,3.0,2.0,-11.0,27:58,14.5,0
19,101183,Shavlik Randolph,0.0,0.0,0.0,0.0,0.0,0.0,0.0,1.0,0.0,0.0,0.0,0.0,-2.0,2:51,1.0,0
20,202397,Ish Smith,0.0,0.0,1.0,0.0,0.0,0.0,0.0,0.0,0.0,0.0,0.0,0.0,-1.0,3:40,-0.7,0
21,202091,Dionte Christmas,,,,,,,,,,,,,,,0.0,0
22,203462,Archie Goodwin,,,,,,,,,,,,,,,0.0,0
23,203458,Alex Len,,,,,,,,,,,,,,,0.0,0
24,200782,P.J. Tucker,,,,,,,,,,,,,,,0.0,0
