,id,name,PTS,FG,FGA,FTA,FT,OREB,DREB,STL,AST,BLK,PF,TO,PLUS_MINUS,MIN,GS,WIN
0,203084,Harrison Barnes,11.0,3.0,12.0,4.0,4.0,0.0,2.0,1.0,0.0,0.0,2.0,2.0,-13.0,35:38,2.6,0
1,203110,Draymond Green,8.0,4.0,10.0,0.0,0.0,0.0,8.0,0.0,4.0,2.0,3.0,1.0,-19.0,32:05,7.0,0
2,979,Jermaine O'Neal,0.0,0.0,0.0,0.0,0.0,0.0,0.0,0.0,0.0,0.0,1.0,1.0,-2.0,4:24,-1.4,0
3,202691,Klay Thompson,15.0,5.0,8.0,2.0,2.0,0.0,2.0,0.0,2.0,0.0,2.0,0.0,-25.0,32:43,12.6,0
4,201939,Stephen Curry,11.0,5.0,15.0,0.0,0.0,0.0,0.0,1.0,10.0,0.0,2.0,4.0,-19.0,30:43,5.7,0
5,201578,Marreese Speights,22.0,10.0,16.0,2.0,2.0,4.0,5.0,1.0,0.0,0.0,4.0,2.0,4.0,29:53,16.5,0
6,202348,Jordan Crawford,16.0,6.0,18.0,1.0,1.0,0.0,2.0,1.0,2.0,0.0,3.0,0.0,-19.0,34:26,7.6,0
7,200756,Hilton Armstrong,7.0,3.0,5.0,1.0,1.0,3.0,6.0,2.0,0.0,0.0,2.0,2.0,-3.0,16:26,7.8,0
8,2581,Steve Blake,0.0,0.0,1.0,0.0,0.0,0.0,1.0,1.0,3.0,0.0,0.0,1.0,-9.0,23:42,1.7,0
9,101106,Andrew Bogut,,,,,,,,,,,,,,,0.0,0
10,2738,Andre Iguodala,,,,,,,,,,,,,,,0.0,0
11,101135,David Lee,,,,,,,,,,,,,,,0.0,0
12,202695,Kawhi Leonard,11.0,4.0,9.0,3.0,3.0,0.0,4.0,4.0,1.0,0.0,0.0,1.0,15.0,29:25,11.2,1
13,1495,Tim Duncan,15.0,7.0,11.0,2.0,1.0,3.0,5.0,0.0,0.0,0.0,2.0,1.0,7.0,20:21,11.5,1
14,2564,Boris Diaw,8.0,3.0,9.0,2.0,2.0,1.0,2.0,0.0,5.0,0.0,0.0,0.0,12.0,33:29,7.7,1
15,201980,Danny Green,5.0,2.0,5.0,0.0,0.0,0.0,4.0,0.0,2.0,1.0,2.0,1.0,20.0,26:50,3.8,1
16,2225,Tony Parker,18.0,7.0,13.0,4.0,4.0,0.0,3.0,0.0,8.0,0.0,1.0,4.0,16.0,28:15,13.8,1
17,1938,Manu Ginobili,13.0,4.0,8.0,4.0,4.0,2.0,4.0,1.0,5.0,1.0,2.0,2.0,21.0,19:08,14.0,1
18,201168,Tiago Splitter,4.0,1.0,2.0,4.0,2.0,1.0,6.0,1.0,2.0,0.0,2.0,2.0,-1.0,10:50,4.3,1
19,201988,Patty Mills,13.0,6.0,8.0,0.0,0.0,0.0,3.0,0.0,2.0,0.0,1.0,1.0,5.0,19:45,10.7,1
20,201158,Marco Belinelli,12.0,5.0,10.0,2.0,2.0,0.0,1.0,0.0,1.0,0.0,0.0,0.0,9.0,27:45,8.0,1
21,201965,Jeff Ayres,9.0,4.0,5.0,1.0,1.0,1.0,4.0,0.0,2.0,0.0,2.0,1.0,5.0,13:41,8.6,1
22,202709,Cory Joseph,3.0,1.0,3.0,0.0,0.0,0.0,1.0,0.0,1.0,0.0,0.0,0.0,-4.0,10:32,2.3,1
23,203382,Aron Baynes,,,,,,,,,,,,,,,0.0,1
24,201948,Austin Daye,,,,,,,,,,,,,,,0.0,1
