,id,name,PTS,FG,FGA,FTA,FT,OREB,DREB,STL,AST,BLK,PF,TO,PLUS_MINUS,MIN,GS,WIN
0,201587,Nicolas Batum,6,2,5,0,0,0,6,1,6,1,4,0,-20.0,30:00,9.4,0
1,2748,Dorell Wright,17,6,12,5,5,1,5,0,0,0,1,0,-12.0,23:35,12.8,0
2,201577,Robin Lopez,8,3,5,2,2,3,2,0,0,0,2,1,-6.0,25:40,6.6,0
3,202083,Wesley Matthews,15,6,12,2,2,0,0,1,0,0,2,1,-8.0,27:14,8.2,0
4,203081,Damian Lillard,20,7,19,3,3,0,2,0,4,0,0,0,-17.0,31:38,12.9,0
5,203468,CJ McCollum,12,3,9,6,4,1,2,0,0,0,1,1,-19.0,17:53,6.0,0
6,2590,Mo Williams,3,1,5,2,1,1,0,0,3,0,2,2,-18.0,13:39,-0.5,0
7,203080,Thomas Robinson,6,3,7,0,0,2,3,0,1,0,3,1,-23.0,16:59,3.1,0
8,203115,Will Barton,0,0,0,0,0,0,0,0,0,0,1,0,-9.0,4:33,-0.4,0
9,203086,Meyers Leonard,0,0,4,2,0,0,3,0,0,2,1,1,-10.0,13:12,-2.7,0
10,201964,Victor Claver,2,1,3,0,0,0,3,0,1,0,1,0,-7.0,16:24,1.5,0
11,203459,Allen Crabbe,5,2,3,0,0,0,2,0,1,0,0,0,0.0,10:34,5.0,0
12,2248,Earl Watson,0,0,0,0,0,0,0,2,1,0,0,2,-1.0,8:39,0.7,0
13,203077,Michael Kidd-Gilchrist,9,4,6,1,1,1,6,0,0,0,3,0,12.0,18:30,7.7,1
14,201177,Josh McRoberts,6,1,2,4,4,0,3,0,5,1,3,0,23.0,31:37,8.9,1
15,2744,Al Jefferson,28,13,22,2,2,1,6,0,6,2,2,1,12.0,28:41,24.1,1
16,201945,Gerald Henderson,23,8,11,5,5,0,8,1,5,1,2,2,15.0,28:45,23.3,1
17,202689,Kemba Walker,26,10,18,2,2,0,2,1,6,1,0,0,15.0,32:37,23.9,1
18,201604,Chris Douglas-Roberts,11,4,12,3,3,2,3,1,3,0,3,1,19.0,34:05,7.4,1
19,203469,Cody Zeller,3,1,7,2,1,5,2,1,0,1,2,0,7.0,16:23,3.1,1
20,202390,Gary Neal,4,2,3,0,0,0,1,1,0,0,0,0,10.0,7:15,4.0,1
21,2557,Luke Ridnour,6,3,7,0,0,1,1,0,2,2,0,1,21.0,14:49,5.1,1
22,202687,Bismack Biyombo,0,0,0,0,0,2,3,1,0,0,2,0,16.0,15:05,2.5,1
23,2457,Jannero Pargo,8,3,5,0,0,0,1,0,1,0,0,0,0.0,4:04,6.7,1
24,201591,DJ White,0,0,0,0,0,0,1,1,0,0,1,0,0.0,4:04,0.9,1
25,201229,Anthony Tolliver,0,0,1,0,0,0,1,0,0,0,1,0,0.0,4:04,-0.8,1
