,id,name,PTS,FG,FGA,FTA,FT,OREB,DREB,STL,AST,BLK,PF,TO,PLUS_MINUS,MIN,GS,WIN
0,202331,Paul George,8.0,2.0,10.0,4.0,3.0,1.0,5.0,2.0,1.0,1.0,1.0,4.0,-7.0,35:37,2.6,0
1,2561,David West,10.0,5.0,15.0,0.0,0.0,2.0,4.0,1.0,2.0,1.0,2.0,2.0,-7.0,32:52,4.4,0
2,201579,Roy Hibbert,4.0,2.0,5.0,0.0,0.0,0.0,0.0,0.0,0.0,1.0,5.0,1.0,-9.0,20:37,-1.0,0
3,202362,Lance Stephenson,15.0,6.0,11.0,2.0,1.0,0.0,8.0,0.0,4.0,0.0,1.0,0.0,-13.0,31:18,14.1,0
4,201588,George Hill,4.0,2.0,7.0,0.0,0.0,0.0,2.0,0.0,5.0,1.0,2.0,0.0,-15.0,35:20,3.9,0
5,202388,Donald Sloan,5.0,2.0,4.0,0.0,0.0,0.0,0.0,1.0,0.0,0.0,1.0,1.0,4.0,9:41,2.6,0
6,202323,Evan Turner,8.0,2.0,5.0,4.0,3.0,1.0,2.0,2.0,0.0,0.0,1.0,1.0,-4.0,19:26,6.8,0
7,101133,Ian Mahinmi,4.0,1.0,1.0,2.0,2.0,0.0,3.0,1.0,0.0,1.0,3.0,0.0,-2.0,22:41,5.1,0
8,2449,Luis Scola,6.0,2.0,6.0,2.0,2.0,2.0,1.0,0.0,1.0,0.0,3.0,1.0,-8.0,16:06,2.8,0
9,203142,Chris Copeland,5.0,2.0,7.0,0.0,0.0,1.0,1.0,0.0,1.0,0.0,0.0,0.0,-1.0,10:47,2.6,0
10,202730,Lavoy Allen,0.0,0.0,1.0,0.0,0.0,0.0,0.0,0.0,0.0,0.0,0.0,0.0,2.0,1:52,-0.7,0
11,203524,Solomon Hill,2.0,1.0,2.0,0.0,0.0,1.0,1.0,0.0,0.0,0.0,0.0,0.0,2.0,1:52,2.0,0
12,2446,Rasual Butler,0.0,0.0,0.0,0.0,0.0,0.0,0.0,0.0,0.0,0.0,0.0,0.0,3.0,1:51,0.0,0
13,2419,Tayshaun Prince,2.0,1.0,6.0,0.0,0.0,0.0,1.0,1.0,1.0,0.0,0.0,0.0,4.0,19:02,0.2,1
14,2216,Zach Randolph,18.0,7.0,18.0,4.0,4.0,4.0,9.0,0.0,1.0,0.0,2.0,1.0,11.0,35:36,12.6,1
15,201188,Marc Gasol,10.0,4.0,11.0,3.0,2.0,3.0,6.0,1.0,2.0,2.0,3.0,1.0,15.0,38:54,9.0,1
16,201584,Courtney Lee,4.0,2.0,3.0,0.0,0.0,0.0,2.0,0.0,0.0,0.0,2.0,0.0,6.0,24:40,2.5,1
17,201144,Mike Conley,21.0,9.0,15.0,4.0,2.0,0.0,5.0,0.0,4.0,0.0,1.0,2.0,10.0,31:42,15.2,1
18,2754,Tony Allen,7.0,3.0,7.0,2.0,1.0,1.0,4.0,1.0,2.0,1.0,5.0,4.0,8.0,23:52,1.9,1
19,201585,Kosta Koufos,2.0,1.0,4.0,0.0,0.0,1.0,5.0,0.0,1.0,2.0,1.0,0.0,-2.0,19:36,3.5,1
20,2034,Mike Miller,13.0,4.0,7.0,2.0,1.0,1.0,5.0,0.0,0.0,0.0,2.0,2.0,9.0,24:43,8.7,1
21,201979,Nick Calathes,2.0,1.0,3.0,0.0,0.0,0.0,0.0,1.0,2.0,1.0,2.0,1.0,1.0,16:20,1.6,1
22,2757,Beno Udrih,1.0,0.0,0.0,2.0,1.0,0.0,0.0,0.0,0.0,1.0,0.0,1.0,-2.0,1:52,0.3,1
23,202720,Jon Leuer,2.0,1.0,1.0,0.0,0.0,0.0,0.0,0.0,0.0,0.0,0.0,0.0,-2.0,1:52,1.7,1
24,201949,James Johnson,0.0,0.0,0.0,0.0,0.0,0.0,0.0,0.0,1.0,1.0,0.0,0.0,-3.0,1:51,1.4,1
25,202334,Ed Davis,,,,,,,,,,,,,,,0.0,1
