,id,name,PTS,FG,FGA,FTA,FT,OREB,DREB,STL,AST,BLK,PF,TO,PLUS_MINUS,MIN,GS,WIN
0,203077,Michael Kidd-Gilchrist,10.0,4.0,7.0,3.0,2.0,0.0,8.0,1.0,0.0,0.0,3.0,0.0,-12.0,26:43,8.5,1
1,201177,Josh McRoberts,8.0,3.0,6.0,2.0,2.0,1.0,1.0,0.0,6.0,1.0,3.0,1.0,7.0,36:04,8.7,1
2,2744,Al Jefferson,40.0,18.0,32.0,6.0,4.0,2.0,16.0,3.0,4.0,0.0,3.0,2.0,11.0,38:44,32.8,1
3,201945,Gerald Henderson,20.0,9.0,19.0,2.0,2.0,0.0,3.0,2.0,1.0,0.0,2.0,2.0,14.0,37:03,11.1,1
4,201196,Ramon Sessions,9.0,3.0,8.0,4.0,3.0,0.0,4.0,0.0,13.0,0.0,2.0,3.0,7.0,34:17,10.7,1
5,201229,Anthony Tolliver,0.0,0.0,3.0,0.0,0.0,0.0,2.0,0.0,0.0,0.0,1.0,0.0,22.0,21:17,-1.9,1
6,203469,Cody Zeller,5.0,2.0,3.0,3.0,1.0,3.0,2.0,0.0,2.0,0.0,3.0,0.0,3.0,11:56,5.8,1
7,201604,Chris Douglas-Roberts,7.0,2.0,3.0,2.0,2.0,0.0,2.0,0.0,0.0,0.0,1.0,0.0,-4.0,10:57,5.9,1
8,202687,Bismack Biyombo,2.0,1.0,1.0,0.0,0.0,1.0,2.0,0.0,0.0,1.0,0.0,0.0,-1.0,9:16,3.7,1
9,2457,Jannero Pargo,9.0,4.0,6.0,0.0,0.0,0.0,2.0,1.0,2.0,0.0,2.0,1.0,3.0,13:43,7.6,1
10,202399,Jeff Adrien,,,,,,,,,,,,,,,0.0,1
11,2732,Ben Gordon,,,,,,,,,,,,,,,0.0,1
12,202689,Kemba Walker,,,,,,,,,,,,,,,0.0,1
13,202325,Wesley Johnson,3.0,1.0,5.0,2.0,1.0,2.0,3.0,1.0,1.0,0.0,1.0,1.0,-10.0,20:08,2.1,0
14,203527,Ryan Kelly,13.0,4.0,10.0,4.0,4.0,1.0,5.0,0.0,3.0,1.0,1.0,0.0,2.0,33:21,12.2,0
15,2200,Pau Gasol,24.0,9.0,17.0,6.0,6.0,2.0,7.0,0.0,2.0,2.0,5.0,2.0,-11.0,33:10,18.0,0
16,201975,Jodie Meeks,19.0,5.0,15.0,6.0,6.0,0.0,2.0,2.0,1.0,0.0,4.0,0.0,-17.0,37:10,12.2,0
17,203088,Kendall Marshall,10.0,5.0,11.0,0.0,0.0,1.0,5.0,1.0,12.0,0.0,5.0,3.0,6.0,35:26,10.9,0
18,202412,Manny Harris,4.0,2.0,5.0,1.0,0.0,0.0,3.0,0.0,0.0,0.0,1.0,0.0,-3.0,17:47,1.4,0
19,201941,Jordan Hill,0.0,0.0,3.0,2.0,0.0,0.0,3.0,0.0,0.0,0.0,1.0,0.0,-10.0,12:19,-2.4,0
20,201156,Nick Young,21.0,8.0,22.0,4.0,3.0,0.0,2.0,1.0,3.0,0.0,2.0,2.0,-8.0,35:50,9.3,0
21,203135,Robert Sacre,6.0,2.0,5.0,2.0,2.0,3.0,2.0,0.0,1.0,0.0,3.0,0.0,1.0,14:50,5.5,0
22,2581,Steve Blake,,,,,,,,,,,,,,,0.0,0
23,200770,Jordan Farmar,,,,,,,,,,,,,,,0.0,0
24,202333,Xavier Henry,,,,,,,,,,,,,,,0.0,0
25,2549,Chris Kaman,,,,,,,,,,,,,,,0.0,0
