,id,name,PTS,FG,FGA,FTA,FT,OREB,DREB,STL,AST,BLK,PF,TO,PLUS_MINUS,MIN,GS,WIN
0,202323,Evan Turner,13.0,6.0,16.0,0.0,0.0,0.0,8.0,0.0,4.0,0.0,2.0,9.0,-7.0,38:23,-0.4,0
1,201152,Thaddeus Young,16.0,7.0,13.0,2.0,2.0,0.0,4.0,2.0,1.0,1.0,4.0,2.0,-3.0,34:05,10.7,0
2,201150,Spencer Hawes,20.0,7.0,12.0,3.0,2.0,0.0,6.0,0.0,3.0,3.0,3.0,2.0,-7.0,34:10,16.8,0
3,203138,Hollis Thompson,5.0,2.0,2.0,1.0,1.0,0.0,2.0,1.0,0.0,0.0,4.0,2.0,-13.0,19:04,2.4,0
4,203100,Tony Wroten,20.0,8.0,13.0,4.0,3.0,2.0,1.0,1.0,4.0,1.0,6.0,3.0,-5.0,28:07,14.5,0
5,202341,James Anderson,16.0,5.0,8.0,4.0,4.0,1.0,7.0,0.0,2.0,0.0,1.0,1.0,-1.0,31:16,15.2,0
6,202730,Lavoy Allen,2.0,1.0,3.0,0.0,0.0,1.0,3.0,0.0,1.0,0.0,0.0,1.0,-2.0,16:27,1.6,0
7,203485,Lorenzo Brown,4.0,2.0,3.0,0.0,0.0,1.0,0.0,1.0,6.0,2.0,5.0,5.0,0.0,19:17,3.0,0
8,203561,Brandon Davies,0.0,0.0,1.0,0.0,0.0,0.0,1.0,1.0,0.0,0.0,0.0,0.0,-2.0,11:18,0.6,0
9,202343,Elliot Williams,3.0,1.0,3.0,0.0,0.0,0.0,0.0,1.0,1.0,0.0,0.0,1.0,5.0,7:53,2.0,0
10,203487,Michael Carter-Williams,,,,,,,,,,,,,,,0.0,0
11,202350,Daniel Orton,,,,,,,,,,,,,,,0.0,0
12,201147,Corey Brewer,10.0,4.0,13.0,0.0,0.0,0.0,3.0,0.0,0.0,0.0,3.0,0.0,-3.0,34:21,2.2,1
13,201567,Kevin Love,26.0,9.0,21.0,8.0,7.0,4.0,11.0,2.0,5.0,0.0,0.0,3.0,-6.0,37:17,23.1,1
14,201593,Nikola Pekovic,20.0,9.0,15.0,2.0,2.0,7.0,3.0,0.0,3.0,1.0,2.0,3.0,16.0,38:19,17.9,1
15,2755,Kevin Martin,5.0,1.0,9.0,4.0,3.0,0.0,0.0,1.0,2.0,0.0,2.0,0.0,-4.0,27:37,0.3,1
16,201937,Ricky Rubio,21.0,5.0,12.0,10.0,9.0,1.0,4.0,4.0,7.0,0.0,4.0,3.0,-3.0,35:38,20.4,1
17,201967,Dante Cunningham,8.0,3.0,7.0,2.0,2.0,2.0,0.0,1.0,2.0,0.0,1.0,0.0,4.0,20:24,7.7,1
18,200826,J.J. Barea,2.0,0.0,5.0,3.0,2.0,0.0,2.0,0.0,3.0,0.0,2.0,1.0,10.0,13:40,-1.0,1
19,203144,Alexey Shved,0.0,0.0,2.0,0.0,0.0,0.0,1.0,1.0,1.0,1.0,1.0,1.0,0.0,8:34,-0.1,1
20,201601,Luc Mbah a Moute,4.0,2.0,6.0,0.0,0.0,3.0,1.0,0.0,0.0,0.0,0.0,2.0,5.0,12:34,1.0,1
21,203133,Robbie Hummel,10.0,4.0,6.0,0.0,0.0,0.0,3.0,0.0,0.0,0.0,0.0,0.0,16.0,11:39,8.3,1
22,203476,Gorgui Dieng,,,,,,,,,,,,,,,0.0,1
23,203498,Shabazz Muhammad,,,,,,,,,,,,,,,0.0,1
24,201985,AJ Price,,,,,,,,,,,,,,,0.0,1
