,id,name,PTS,FG,FGA,FTA,FT,OREB,DREB,STL,AST,BLK,PF,TO,PLUS_MINUS,MIN,GS,WIN
0,2772,Trevor Ariza,10.0,3.0,9.0,2.0,2.0,0.0,2.0,0.0,2.0,0.0,2.0,1.0,-2.0,24:01,5.1,0
1,202344,Trevor Booker,10.0,5.0,7.0,0.0,0.0,4.0,5.0,0.0,0.0,1.0,3.0,2.0,-14.0,26:45,8.9,0
2,101162,Marcin Gortat,8.0,3.0,6.0,2.0,2.0,3.0,4.0,0.0,3.0,0.0,2.0,1.0,-2.0,23:48,8.6,0
3,203078,Bradley Beal,14.0,5.0,12.0,2.0,2.0,0.0,3.0,0.0,1.0,0.0,4.0,2.0,-19.0,26:07,5.6,0
4,202322,John Wall,26.0,11.0,20.0,3.0,3.0,0.0,4.0,0.0,7.0,0.0,2.0,1.0,-16.0,36:10,20.7,0
5,101110,Martell Webster,11.0,4.0,11.0,0.0,0.0,1.0,2.0,0.0,1.0,0.0,4.0,1.0,-11.0,29:37,4.3,0
6,2403,Nene,13.0,4.0,10.0,8.0,5.0,1.0,4.0,0.0,0.0,0.0,3.0,2.0,-9.0,22:08,5.1,0
7,203490,Otto Porter Jr.,2.0,1.0,2.0,0.0,0.0,0.0,0.0,1.0,1.0,0.0,1.0,0.0,-11.0,11:50,2.3,0
8,202686,Jan Vesely,2.0,1.0,1.0,0.0,0.0,0.0,1.0,0.0,0.0,0.0,2.0,0.0,-9.0,9:10,1.2,0
9,202066,Garrett Temple,0.0,0.0,1.0,0.0,0.0,0.0,0.0,1.0,1.0,0.0,0.0,2.0,-6.0,11:50,-1.0,0
10,202698,Chris Singleton,2.0,1.0,3.0,0.0,0.0,0.0,1.0,1.0,1.0,0.0,2.0,0.0,-10.0,14:09,1.5,0
11,201953,Eric Maynor,0.0,0.0,1.0,0.0,0.0,0.0,0.0,0.0,1.0,0.0,0.0,0.0,-1.0,4:25,0.0,0
12,202338,Kevin Seraphin,,,,,,,,,,,,,,,0.0,0
13,201147,Corey Brewer,10.0,4.0,9.0,2.0,2.0,0.0,0.0,1.0,2.0,0.0,1.0,0.0,10.0,24:01,7.3,1
14,201567,Kevin Love,25.0,8.0,18.0,7.0,7.0,1.0,10.0,1.0,1.0,0.0,2.0,0.0,8.0,32:21,20.2,1
15,201593,Nikola Pekovic,18.0,6.0,13.0,8.0,6.0,6.0,4.0,0.0,0.0,0.0,2.0,0.0,21.0,33:40,15.1,1
16,2755,Kevin Martin,12.0,5.0,12.0,5.0,2.0,0.0,2.0,1.0,0.0,0.0,2.0,0.0,4.0,26:20,5.2,1
17,201937,Ricky Rubio,11.0,2.0,5.0,8.0,7.0,3.0,5.0,3.0,9.0,0.0,1.0,0.0,11.0,26:35,20.4,1
18,201967,Dante Cunningham,6.0,3.0,7.0,0.0,0.0,2.0,1.0,4.0,1.0,0.0,0.0,1.0,13.0,23:29,7.7,1
19,201601,Luc Mbah a Moute,4.0,1.0,2.0,2.0,2.0,0.0,4.0,0.0,0.0,0.0,0.0,0.0,13.0,20:22,4.2,1
20,203144,Alexey Shved,13.0,3.0,7.0,6.0,5.0,2.0,3.0,0.0,1.0,1.0,1.0,1.0,16.0,23:04,11.2,1
21,200826,J.J. Barea,17.0,8.0,10.0,0.0,0.0,0.0,0.0,0.0,4.0,0.0,3.0,2.0,10.0,19:28,12.8,1
22,203498,Shabazz Muhammad,2.0,1.0,1.0,0.0,0.0,0.0,0.0,0.0,0.0,0.0,0.0,0.0,1.0,4:25,1.7,1
23,201985,AJ Price,0.0,0.0,0.0,0.0,0.0,0.0,0.0,0.0,2.0,0.0,0.0,0.0,1.0,2:05,1.4,1
24,203133,Robbie Hummel,2.0,1.0,1.0,0.0,0.0,0.0,1.0,0.0,0.0,0.0,0.0,0.0,1.0,2:05,2.0,1
25,203476,Gorgui Dieng,0.0,0.0,0.0,0.0,0.0,0.0,0.0,0.0,0.0,1.0,0.0,0.0,1.0,2:05,0.7,1
