,id,name,PTS,FG,FGA,FTA,FT,OREB,DREB,STL,AST,BLK,PF,TO,PLUS_MINUS,MIN,GS,WIN
0,2203,Shane Battier,16.0,5.0,8.0,2.0,2.0,1.0,1.0,0.0,2.0,0.0,3.0,1.0,5.0,29:41,12.6,1
1,2544,LeBron James,30.0,13.0,22.0,6.0,3.0,1.0,7.0,6.0,7.0,0.0,3.0,2.0,14.0,39:06,29.1,1
2,2547,Chris Bosh,4.0,2.0,11.0,0.0,0.0,0.0,10.0,1.0,0.0,1.0,1.0,0.0,14.0,37:23,1.4,1
3,201596,Mario Chalmers,11.0,4.0,8.0,2.0,2.0,1.0,1.0,0.0,2.0,0.0,3.0,2.0,0.0,28:04,6.2,1
4,2548,Dwyane Wade,22.0,10.0,15.0,3.0,2.0,1.0,3.0,2.0,4.0,0.0,4.0,5.0,13.0,33:45,14.9,1
5,951,Ray Allen,3.0,1.0,4.0,0.0,0.0,0.0,1.0,0.0,0.0,0.0,1.0,2.0,5.0,15:11,-1.5,1
6,2365,Chris Andersen,10.0,2.0,2.0,9.0,6.0,2.0,3.0,0.0,0.0,2.0,3.0,0.0,9.0,29:22,10.7,1
7,202708,Norris Cole,9.0,4.0,5.0,0.0,0.0,0.0,1.0,1.0,3.0,0.0,2.0,1.0,17.0,25:48,8.7,1
8,201962,Toney Douglas,1.0,0.0,0.0,2.0,1.0,1.0,0.0,0.0,0.0,0.0,0.0,0.0,-1.0,0:50,1.3,1
9,201563,Michael Beasley,0.0,0.0,1.0,0.0,0.0,0.0,0.0,0.0,0.0,0.0,0.0,0.0,-1.0,0:50,-0.7,1
10,2617,Udonis Haslem,,,,,,,,,,,,,,,0.0,1
11,1740,Rashard Lewis,,,,,,,,,,,,,,,0.0,1
12,201141,Greg Oden,,,,,,,,,,,,,,,0.0,1
13,2546,Carmelo Anthony,26.0,8.0,17.0,13.0,9.0,1.0,7.0,1.0,4.0,0.0,4.0,7.0,-10.0,40:51,13.7,0
14,2747,JR Smith,20.0,6.0,11.0,8.0,4.0,0.0,2.0,1.0,0.0,0.0,4.0,2.0,-16.0,40:14,11.1,0
15,2199,Tyson Chandler,8.0,4.0,5.0,0.0,0.0,4.0,7.0,0.0,0.0,2.0,4.0,1.0,-10.0,33:38,9.8,0
16,101109,Raymond Felton,7.0,3.0,9.0,0.0,0.0,0.0,2.0,2.0,4.0,0.0,1.0,4.0,-12.0,33:36,2.9,0
17,203143,Pablo Prigioni,6.0,2.0,5.0,0.0,0.0,2.0,1.0,2.0,4.0,0.0,2.0,1.0,-8.0,25:32,8.0,0
18,203501,Tim Hardaway Jr.,17.0,7.0,14.0,0.0,0.0,0.0,1.0,1.0,1.0,0.0,3.0,1.0,-19.0,36:32,9.8,0
19,2030,Kenyon Martin,4.0,2.0,3.0,0.0,0.0,2.0,0.0,0.0,1.0,2.0,2.0,1.0,2.0,14:33,4.4,0
20,2405,Amar'e Stoudemire,2.0,1.0,1.0,0.0,0.0,0.0,1.0,0.0,0.0,0.0,0.0,0.0,-5.0,4:26,2.0,0
21,202719,Jeremy Tyler,1.0,0.0,2.0,2.0,1.0,0.0,2.0,0.0,0.0,0.0,1.0,0.0,0.0,8:08,-0.6,0
22,203315,Toure' Murry,0.0,0.0,0.0,0.0,0.0,0.0,0.0,0.0,0.0,0.0,0.0,0.0,1.0,0:50,0.0,0
23,1897,Metta World Peace,0.0,0.0,0.0,0.0,0.0,0.0,0.0,0.0,0.0,0.0,1.0,0.0,1.0,0:50,-0.4,0
24,202332,Cole Aldrich,0.0,0.0,0.0,0.0,0.0,0.0,1.0,0.0,0.0,0.0,0.0,0.0,1.0,0:50,0.3,0
25,2757,Beno Udrih,,,,,,,,,,,,,,,0.0,0
