,id,name,PTS,FG,FGA,FTA,FT,OREB,DREB,STL,AST,BLK,PF,TO,PLUS_MINUS,MIN,GS,WIN
0,201587,Nicolas Batum,8.0,3.0,6.0,2.0,0.0,1.0,7.0,2.0,8.0,1.0,2.0,1.0,17.0,35:28,13.5,1
1,200746,LaMarcus Aldridge,21.0,10.0,22.0,2.0,1.0,3.0,4.0,2.0,3.0,1.0,1.0,2.0,6.0,35:11,14.9,1
2,201577,Robin Lopez,8.0,3.0,7.0,2.0,2.0,5.0,3.0,1.0,1.0,1.0,2.0,1.0,9.0,30:43,9.3,1
3,202083,Wesley Matthews,15.0,6.0,15.0,0.0,0.0,1.0,2.0,1.0,3.0,0.0,2.0,2.0,8.0,32:22,8.5,1
4,203081,Damian Lillard,19.0,7.0,18.0,3.0,3.0,0.0,6.0,1.0,3.0,1.0,2.0,3.0,-5.0,37:30,11.0,1
5,2590,Mo Williams,5.0,2.0,6.0,0.0,0.0,1.0,0.0,2.0,6.0,0.0,3.0,4.0,6.0,23:02,3.3,1
6,200777,Joel Freeland,2.0,0.0,2.0,2.0,2.0,4.0,1.0,1.0,1.0,1.0,1.0,1.0,-5.0,16:28,4.7,1
7,203080,Thomas Robinson,4.0,1.0,4.0,4.0,2.0,1.0,1.0,0.0,1.0,0.0,1.0,1.0,3.0,12:49,1.1,1
8,2748,Dorell Wright,9.0,3.0,6.0,0.0,0.0,0.0,5.0,0.0,0.0,0.0,0.0,1.0,6.0,16:27,6.5,1
9,203115,Will Barton,,,,,,,,,,,,,,,0.0,1
10,201964,Victor Claver,,,,,,,,,,,,,,,0.0,1
11,203459,Allen Crabbe,,,,,,,,,,,,,,,0.0,1
12,2248,Earl Watson,,,,,,,,,,,,,,,0.0,1
13,2406,Caron Butler,9.0,4.0,10.0,0.0,0.0,0.0,7.0,0.0,1.0,0.0,3.0,0.0,-9.0,28:57,5.2,0
14,202327,Ekpe Udoh,0.0,0.0,1.0,0.0,0.0,0.0,0.0,0.0,0.0,0.0,3.0,2.0,-9.0,19:21,-3.9,0
15,2585,Zaza Pachulia,11.0,4.0,10.0,4.0,3.0,4.0,4.0,1.0,0.0,1.0,3.0,3.0,-9.0,28:20,6.7,0
16,201564,O.J. Mayo,9.0,3.0,8.0,2.0,2.0,1.0,2.0,0.0,1.0,0.0,1.0,4.0,-10.0,24:35,2.2,0
17,2557,Luke Ridnour,13.0,6.0,14.0,3.0,1.0,2.0,3.0,1.0,5.0,0.0,1.0,1.0,-10.0,29:47,10.2,0
18,203089,John Henson,10.0,5.0,11.0,0.0,0.0,2.0,5.0,2.0,2.0,2.0,2.0,2.0,-1.0,25:47,9.2,0
19,101141,Ersan Ilyasova,5.0,2.0,8.0,0.0,0.0,2.0,3.0,2.0,4.0,1.0,3.0,1.0,1.0,21:42,5.8,0
20,203114,Khris Middleton,8.0,4.0,4.0,0.0,0.0,0.0,2.0,0.0,0.0,0.0,3.0,2.0,0.0,19:53,4.2,0
21,202390,Gary Neal,11.0,4.0,9.0,1.0,1.0,1.0,3.0,0.0,1.0,0.0,0.0,1.0,1.0,23:25,7.6,0
22,203489,Nate Wolters,6.0,3.0,5.0,2.0,0.0,0.0,1.0,0.0,4.0,1.0,0.0,3.0,1.0,18:13,3.7,0
23,203507,Giannis Antetokounmpo,,,,,,,,,,,,,,,0.0,0
24,202688,Brandon Knight,,,,,,,,,,,,,,,0.0,0
25,203545,Miroslav Raduljica,,,,,,,,,,,,,,,0.0,0
