,id,name,PTS,FG,FGA,FTA,FT,OREB,DREB,STL,AST,BLK,PF,TO,PLUS_MINUS,MIN,GS,WIN
0,202333,Xavier Henry,5,2,8,2,1,0,0,3,1,2,1,0,-13.0,21:00,4.5,0
1,200761,Shawne Williams,3,1,2,0,0,0,0,0,0,0,1,0,-6.0,5:24,1.6,0
2,2200,Pau Gasol,10,4,9,2,2,0,8,0,4,0,0,0,-32.0,31:06,10.5,0
3,2581,Steve Blake,9,3,7,0,0,0,0,0,1,0,1,2,-19.0,27:09,3.6,0
4,959,Steve Nash,5,2,8,0,0,1,1,0,4,0,0,1,-21.0,20:22,3.0,0
5,2549,Chris Kaman,10,5,7,0,0,2,5,0,0,1,2,3,-5.0,17:12,6.9,0
6,200770,Jordan Farmar,11,3,8,3,3,0,3,0,7,0,1,3,-4.0,24:14,9.0,0
7,201156,Nick Young,21,8,12,7,4,0,1,3,1,0,2,3,-6.0,27:00,14.8,0
8,202325,Wesley Johnson,7,3,8,0,0,2,5,2,2,1,4,1,0.0,21:22,7.0,0
9,201975,Jodie Meeks,11,4,10,2,1,0,2,1,0,0,0,1,7.0,21:58,5.8,0
10,201941,Jordan Hill,8,3,5,2,2,2,1,0,0,0,0,0,-6.0,15:27,7.4,0
11,203135,Robert Sacre,1,0,3,2,1,1,0,0,1,0,0,0,6.0,4:44,-0.1,0
12,203527,Ryan Kelly,3,1,1,0,0,1,0,0,0,0,0,0,4.0,3:02,3.4,0
13,1890,Shawn Marion,11,5,15,0,0,3,4,1,1,0,1,1,16.0,27:26,6.1,1
14,1717,Dirk Nowitzki,11,4,9,2,2,1,7,2,4,0,1,1,18.0,28:06,12.5,1
15,2223,Samuel Dalembert,10,5,7,0,0,2,4,1,1,1,0,1,17.0,23:02,11.1,1
16,101145,Monta Ellis,30,11,14,8,8,0,3,1,9,0,3,1,20.0,31:15,30.6,1
17,101181,Jose Calderon,12,4,6,0,0,0,4,0,5,0,1,1,22.0,21:45,12.7,1
18,1713,Vince Carter,8,3,10,0,0,0,1,0,3,0,3,0,4.0,18:01,3.4,1
19,201971,DeJuan Blair,10,5,10,2,0,4,4,5,4,1,0,1,10.0,18:34,15.7,1
20,203539,Gal Mekel,9,4,8,0,0,0,4,0,6,0,1,3,-3.0,26:15,7.0,1
21,203109,Jae Crowder,18,7,9,0,0,0,4,0,1,0,3,0,7.0,23:46,15.2,1
22,203108,Bernard James,0,0,1,0,0,0,4,0,0,1,1,1,-8.0,6:26,-0.2,1
23,201961,Wayne Ellington,2,1,3,0,0,0,1,0,0,0,0,1,-2.0,8:50,-0.4,1
24,203495,Ricky Ledo,2,0,2,2,2,0,0,0,0,0,0,1,-6.0,6:33,-0.4,1
