,id,name,PTS,FG,FGA,FTA,FT,OREB,DREB,STL,AST,BLK,PF,TO,PLUS_MINUS,MIN,GS,WIN
0,201142,Kevin Durant,48.0,16.0,32.0,13.0,12.0,0.0,7.0,2.0,7.0,1.0,2.0,3.0,0.0,42:51,37.5,1
1,201586,Serge Ibaka,12.0,6.0,13.0,0.0,0.0,0.0,3.0,2.0,0.0,1.0,4.0,3.0,-11.0,32:15,4.3,1
2,2570,Kendrick Perkins,0.0,0.0,0.0,0.0,0.0,0.0,7.0,0.0,2.0,2.0,5.0,2.0,-11.0,20:30,0.9,1
3,200757,Thabo Sefolosha,5.0,2.0,7.0,0.0,0.0,0.0,1.0,0.0,1.0,1.0,0.0,2.0,-10.0,21:17,0.6,1
4,202704,Reggie Jackson,10.0,3.0,6.0,4.0,4.0,1.0,3.0,0.0,4.0,0.0,5.0,4.0,-7.0,23:50,5.4,1
5,2555,Nick Collison,8.0,4.0,6.0,0.0,0.0,2.0,1.0,1.0,1.0,1.0,3.0,1.0,17.0,22:31,7.3,1
6,203087,Jeremy Lamb,9.0,2.0,7.0,5.0,5.0,2.0,6.0,2.0,3.0,0.0,3.0,2.0,16.0,26:46,9.0,1
7,203500,Steven Adams,10.0,4.0,5.0,2.0,2.0,4.0,5.0,0.0,0.0,2.0,2.0,2.0,1.0,15:32,11.0,1
8,965,Derek Fisher,13.0,3.0,7.0,4.0,4.0,0.0,2.0,0.0,4.0,0.0,5.0,3.0,15.0,24:34,7.7,1
9,203103,Perry Jones III,0.0,0.0,0.0,0.0,0.0,1.0,0.0,0.0,0.0,0.0,0.0,0.0,10.0,9:55,0.7,1
10,101155,Ryan Gomes,,,,,,,,,,,,,,,0.0,1
11,203460,Andre Roberson,,,,,,,,,,,,,,,0.0,1
12,201934,Hasheem Thabeet,,,,,,,,,,,,,,,0.0,1
13,201147,Corey Brewer,15.0,6.0,14.0,4.0,2.0,0.0,1.0,3.0,3.0,0.0,6.0,1.0,-1.0,40:04,8.8,0
14,201567,Kevin Love,30.0,11.0,21.0,7.0,3.0,2.0,12.0,2.0,5.0,1.0,2.0,7.0,-4.0,43:25,21.5,0
15,201593,Nikola Pekovic,31.0,13.0,22.0,8.0,5.0,5.0,6.0,0.0,0.0,0.0,2.0,0.0,6.0,38:06,24.1,0
16,2755,Kevin Martin,17.0,7.0,14.0,3.0,2.0,1.0,5.0,1.0,1.0,0.0,2.0,3.0,7.0,39:49,9.7,0
17,201937,Ricky Rubio,13.0,4.0,13.0,6.0,5.0,0.0,4.0,5.0,10.0,0.0,4.0,2.0,8.0,33:48,14.7,0
18,203144,Alexey Shved,0.0,0.0,2.0,0.0,0.0,0.0,0.0,1.0,1.0,0.0,2.0,0.0,-13.0,8:33,-0.5,0
19,201967,Dante Cunningham,0.0,0.0,2.0,0.0,0.0,0.0,1.0,0.0,2.0,0.0,3.0,1.0,-10.0,14:44,-1.9,0
20,200826,J.J. Barea,5.0,2.0,5.0,1.0,1.0,0.0,1.0,0.0,3.0,0.0,2.0,1.0,-12.0,14:14,2.9,0
21,203133,Robbie Hummel,0.0,0.0,1.0,0.0,0.0,1.0,1.0,0.0,0.0,0.0,1.0,0.0,-1.0,7:17,-0.1,0
22,203476,Gorgui Dieng,,,,,,,,,,,,,,,0.0,0
23,201601,Luc Mbah a Moute,,,,,,,,,,,,,,,0.0,0
24,203498,Shabazz Muhammad,,,,,,,,,,,,,,,0.0,0
25,201985,AJ Price,,,,,,,,,,,,,,,0.0,0
