,id,name,PTS,FG,FGA,FTA,FT,OREB,DREB,STL,AST,BLK,PF,TO,PLUS_MINUS,MIN,GS,WIN
0,2738,Andre Iguodala,19.0,8.0,10.0,5.0,1.0,1.0,4.0,1.0,4.0,0.0,2.0,0.0,-15.0,33:02,18.5,0
1,101135,David Lee,13.0,4.0,8.0,6.0,5.0,4.0,5.0,1.0,1.0,1.0,6.0,2.0,5.0,23:16,10.9,0
2,101106,Andrew Bogut,1.0,0.0,3.0,4.0,1.0,1.0,6.0,0.0,2.0,1.0,3.0,4.0,-12.0,29:41,-2.9,0
3,202691,Klay Thompson,12.0,5.0,13.0,0.0,0.0,0.0,1.0,0.0,2.0,1.0,3.0,0.0,-20.0,28:26,6.1,0
4,201939,Stephen Curry,22.0,7.0,18.0,4.0,4.0,1.0,1.0,3.0,5.0,0.0,1.0,3.0,-9.0,34:22,16.3,0
5,203084,Harrison Barnes,4.0,2.0,7.0,0.0,0.0,0.0,2.0,0.0,1.0,0.0,4.0,1.0,-13.0,18:56,-1.4,0
6,979,Jermaine O'Neal,2.0,1.0,4.0,0.0,0.0,0.0,1.0,0.0,0.0,0.0,0.0,0.0,-10.0,15:28,-0.1,0
7,201578,Marreese Speights,4.0,2.0,3.0,0.0,0.0,0.0,2.0,0.0,0.0,0.0,1.0,1.0,-12.0,12:40,1.9,0
8,201962,Toney Douglas,3.0,1.0,2.0,0.0,0.0,0.0,0.0,0.0,0.0,0.0,0.0,1.0,-11.0,6:08,1.0,0
9,203110,Draymond Green,6.0,2.0,6.0,2.0,1.0,1.0,2.0,2.0,0.0,0.0,2.0,3.0,-3.0,20:52,1.7,0
10,203145,Kent Bazemore,3.0,1.0,3.0,2.0,1.0,0.0,0.0,1.0,1.0,0.0,0.0,1.0,2.0,7:27,1.6,0
11,203136,Ognjen Kuzmic,0.0,0.0,0.0,1.0,0.0,0.0,0.0,0.0,0.0,0.0,2.0,1.0,4.0,4:51,-2.2,0
12,203517,Nemanja Nedovic,1.0,0.0,1.0,2.0,1.0,1.0,0.0,0.0,1.0,0.0,0.0,0.0,4.0,4:51,1.3,0
13,2419,Tayshaun Prince,10.0,3.0,7.0,4.0,4.0,0.0,6.0,0.0,3.0,0.0,1.0,0.0,19.0,36:46,9.8,1
14,2216,Zach Randolph,23.0,9.0,19.0,7.0,5.0,3.0,8.0,1.0,3.0,0.0,5.0,4.0,16.0,34:42,14.1,1
15,201188,Marc Gasol,18.0,8.0,15.0,2.0,2.0,2.0,5.0,1.0,3.0,3.0,4.0,0.0,16.0,41:36,17.2,1
16,2754,Tony Allen,12.0,4.0,6.0,7.0,4.0,2.0,0.0,2.0,0.0,0.0,1.0,1.0,7.0,23:12,10.2,1
17,201144,Mike Conley,20.0,9.0,11.0,1.0,1.0,0.0,3.0,3.0,6.0,0.0,4.0,3.0,8.0,25:20,19.4,1
18,2034,Mike Miller,15.0,4.0,7.0,4.0,3.0,0.0,9.0,0.0,4.0,0.0,1.0,0.0,19.0,28:36,16.4,1
19,201979,Nick Calathes,2.0,1.0,6.0,0.0,0.0,0.0,2.0,1.0,5.0,1.0,2.0,4.0,10.0,22:40,-0.8,1
20,201585,Kosta Koufos,8.0,4.0,7.0,0.0,0.0,1.0,1.0,0.0,1.0,1.0,4.0,4.0,5.0,18:14,1.5,1
21,202347,Quincy Pondexter,0.0,0.0,0.0,0.0,0.0,0.0,1.0,0.0,0.0,0.0,0.0,0.0,-6.0,4:21,0.3,1
22,203479,Jamaal Franklin,0.0,0.0,1.0,0.0,0.0,0.0,1.0,0.0,0.0,0.0,1.0,0.0,-3.0,3:05,-0.8,1
23,202334,Ed Davis,0.0,0.0,0.0,0.0,0.0,0.0,0.0,0.0,0.0,0.0,0.0,0.0,-1.0,1:28,0.0,1
24,201573,Jerryd Bayless,,,,,,,,,,,,,,,0.0,1
25,202720,Jon Leuer,,,,,,,,,,,,,,,0.0,1
