,id,name,PTS,FG,FGA,FTA,FT,OREB,DREB,STL,AST,BLK,PF,TO,PLUS_MINUS,MIN,GS,WIN
0,201167,Arron Afflalo,16.0,6.0,17.0,4.0,3.0,1.0,8.0,0.0,1.0,0.0,4.0,1.0,-17.0,39:04,7.3,0
1,203094,Andrew Nicholson,11.0,4.0,11.0,2.0,2.0,2.0,2.0,0.0,0.0,1.0,2.0,0.0,-12.0,21:30,6.8,0
2,201175,Glen Davis,18.0,8.0,18.0,4.0,2.0,5.0,1.0,2.0,3.0,0.0,3.0,1.0,-10.0,28:16,13.5,0
3,203506,Victor Oladipo,8.0,2.0,11.0,6.0,4.0,1.0,2.0,1.0,0.0,0.0,4.0,2.0,-25.0,32:31,-1.0,0
4,2749,Jameer Nelson,15.0,5.0,12.0,3.0,1.0,1.0,1.0,3.0,4.0,1.0,4.0,2.0,-14.0,39:27,11.7,0
5,202734,E'Twaun Moore,12.0,4.0,10.0,3.0,2.0,2.0,3.0,2.0,3.0,0.0,0.0,0.0,19.0,22:07,12.6,0
6,101131,Jason Maxiell,2.0,1.0,4.0,2.0,0.0,1.0,4.0,1.0,0.0,3.0,5.0,0.0,-3.0,18:29,1.8,0
7,101179,Ronnie Price,0.0,0.0,3.0,0.0,0.0,0.0,3.0,2.0,2.0,0.0,2.0,0.0,4.0,9:37,1.4,0
8,203090,Maurice Harkless,6.0,2.0,7.0,4.0,2.0,2.0,4.0,2.0,1.0,2.0,4.0,0.0,2.0,26:31,6.2,0
9,203117,Doron Lamb,0.0,0.0,0.0,0.0,0.0,0.0,0.0,0.0,0.0,0.0,0.0,0.0,3.0,1:15,0.0,0
10,203124,Kyle O'Quinn,0.0,0.0,0.0,0.0,0.0,0.0,0.0,0.0,0.0,0.0,1.0,1.0,3.0,1:15,-1.4,0
11,200780,Solomon Jones,,,,,,,,,,,,,,,0.0,0
12,202696,Nikola Vucevic,,,,,,,,,,,,,,,0.0,0
13,202718,Chandler Parsons,18.0,7.0,12.0,5.0,1.0,0.0,4.0,0.0,4.0,0.0,3.0,3.0,11.0,38:31,10.6,1
14,203093,Terrence Jones,16.0,6.0,13.0,7.0,2.0,2.0,11.0,2.0,0.0,5.0,3.0,1.0,17.0,34:51,15.3,1
15,2730,Dwight Howard,20.0,6.0,12.0,14.0,8.0,8.0,14.0,2.0,3.0,3.0,4.0,4.0,5.0,34:05,22.0,1
16,201935,James Harden,27.0,7.0,17.0,11.0,10.0,4.0,4.0,0.0,10.0,0.0,1.0,3.0,22.0,39:41,25.1,1
17,201976,Patrick Beverley,9.0,3.0,9.0,3.0,1.0,1.0,3.0,0.0,3.0,1.0,2.0,1.0,17.0,38:52,5.7,1
18,201166,Aaron Brooks,2.0,1.0,4.0,0.0,0.0,0.0,1.0,0.0,1.0,0.0,1.0,3.0,-10.0,13:17,-2.8,1
19,201956,Omri Casspi,6.0,2.0,5.0,2.0,2.0,0.0,6.0,0.0,1.0,1.0,2.0,0.0,3.0,22:59,5.7,1
20,101128,Francisco Garcia,0.0,0.0,3.0,0.0,0.0,0.0,0.0,1.0,0.0,0.0,2.0,2.0,-7.0,12:53,-3.9,1
21,202700,Donatas Motiejunas,0.0,0.0,1.0,0.0,0.0,0.0,2.0,0.0,0.0,0.0,2.0,1.0,-5.0,4:06,-1.9,1
22,200758,Ronnie Brewer,0.0,0.0,0.0,0.0,0.0,0.0,0.0,0.0,0.0,0.0,0.0,0.0,-3.0,0:48,0.0,1
23,201600,Omer Asik,,,,,,,,,,,,,,,0.0,1
24,202391,Jeremy Lin,,,,,,,,,,,,,,,0.0,1
25,202962,Greg Smith,,,,,,,,,,,,,,,0.0,1
