,id,name,PTS,FG,FGA,FTA,FT,OREB,DREB,STL,AST,BLK,PF,TO,PLUS_MINUS,MIN,GS,WIN
0,201587,Nicolas Batum,4.0,1.0,8.0,2.0,2.0,2.0,4.0,2.0,4.0,2.0,2.0,4.0,0.0,44:48,2.8,0
1,200746,LaMarcus Aldridge,22.0,9.0,24.0,5.0,4.0,2.0,7.0,0.0,1.0,1.0,6.0,2.0,2.0,40:12,8.9,0
2,201577,Robin Lopez,17.0,8.0,15.0,2.0,1.0,5.0,9.0,0.0,1.0,0.0,1.0,1.0,-5.0,40:13,14.8,0
3,202083,Wesley Matthews,19.0,7.0,22.0,3.0,3.0,0.0,2.0,1.0,1.0,0.0,1.0,0.0,-11.0,39:14,8.3,0
4,203081,Damian Lillard,38.0,15.0,26.0,5.0,4.0,0.0,3.0,0.0,11.0,0.0,5.0,3.0,-12.0,44:48,29.0,0
5,203468,CJ McCollum,9.0,4.0,4.0,0.0,0.0,0.0,1.0,0.0,1.0,0.0,2.0,1.0,13.0,12:03,7.0,0
6,2248,Earl Watson,2.0,1.0,1.0,0.0,0.0,1.0,2.0,0.0,1.0,0.0,5.0,2.0,4.0,12:12,-0.3,0
7,200777,Joel Freeland,0.0,0.0,2.0,0.0,0.0,0.0,5.0,0.0,1.0,1.0,2.0,0.0,-6.0,17:36,0.7,0
8,203080,Thomas Robinson,0.0,0.0,2.0,0.0,0.0,1.0,0.0,0.0,0.0,0.0,3.0,0.0,-4.0,7:31,-1.9,0
9,2748,Dorell Wright,2.0,0.0,0.0,3.0,2.0,2.0,1.0,0.0,0.0,1.0,0.0,0.0,-6.0,6:23,4.0,0
10,203115,Will Barton,,,,,,,,,,,,,,,0.0,0
11,203459,Allen Crabbe,,,,,,,,,,,,,,,0.0,0
12,203086,Meyers Leonard,,,,,,,,,,,,,,,0.0,0
13,202331,Paul George,17.0,5.0,23.0,6.0,6.0,2.0,4.0,2.0,7.0,0.0,3.0,3.0,-3.0,46:46,8.2,1
14,2561,David West,30.0,13.0,16.0,6.0,4.0,1.0,9.0,1.0,1.0,2.0,3.0,3.0,10.0,39:59,25.5,1
15,201579,Roy Hibbert,4.0,2.0,8.0,0.0,0.0,3.0,3.0,1.0,2.0,2.0,2.0,1.0,4.0,39:18,4.2,1
16,101122,Danny Granger,7.0,3.0,10.0,1.0,1.0,1.0,5.0,0.0,3.0,2.0,1.0,1.0,21.0,40:10,5.5,1
17,201588,George Hill,37.0,12.0,19.0,12.0,11.0,2.0,7.0,2.0,8.0,1.0,4.0,1.0,11.0,38:19,37.3,1
18,201228,C.J. Watson,5.0,1.0,5.0,4.0,3.0,0.0,1.0,1.0,1.0,1.0,2.0,2.0,-6.0,14:55,1.4,1
19,2446,Rasual Butler,10.0,3.0,4.0,2.0,2.0,1.0,1.0,1.0,0.0,0.0,1.0,0.0,-12.0,19:17,10.0,1
20,2449,Luis Scola,7.0,3.0,7.0,2.0,1.0,1.0,1.0,1.0,0.0,0.0,1.0,1.0,-5.0,13:01,3.5,1
21,101133,Ian Mahinmi,1.0,0.0,0.0,2.0,1.0,0.0,4.0,1.0,0.0,1.0,3.0,0.0,5.0,13:15,2.3,1
22,203142,Chris Copeland,,,,,,,,,,,,,,,0.0,1
23,203524,Solomon Hill,,,,,,,,,,,,,,,0.0,1
24,202388,Donald Sloan,,,,,,,,,,,,,,,0.0,1
25,202362,Lance Stephenson,,,,,,,,,,,,,,,0.0,1
