,id,name,PTS,FG,FGA,FTA,FT,OREB,DREB,STL,AST,BLK,PF,TO,PLUS_MINUS,MIN,GS,WIN
0,201576,Anthony Randolph,2.0,0.0,2.0,4.0,2.0,0.0,5.0,0.0,3.0,1.0,3.0,1.0,-16.0,19:08,1.9,0
1,202702,Kenneth Faried,8.0,4.0,9.0,0.0,0.0,2.0,5.0,0.0,1.0,0.0,2.0,2.0,-27.0,26:50,4.1,0
2,201581,JJ Hickson,6.0,3.0,9.0,3.0,0.0,2.0,1.0,1.0,0.0,3.0,0.0,1.0,-13.0,20:20,3.5,0
3,201163,Wilson Chandler,4.0,2.0,6.0,0.0,0.0,0.0,0.0,0.0,1.0,1.0,3.0,1.0,-23.0,31:09,-0.2,0
4,200751,Randy Foye,23.0,8.0,13.0,2.0,2.0,0.0,0.0,1.0,3.0,0.0,4.0,6.0,-19.0,27:58,12.6,0
5,202389,Timofey Mozgov,9.0,3.0,12.0,4.0,3.0,4.0,5.0,0.0,1.0,1.0,2.0,1.0,-15.0,27:40,5.3,0
6,201166,Aaron Brooks,17.0,7.0,11.0,2.0,2.0,0.0,1.0,0.0,1.0,1.0,2.0,1.0,-17.0,27:49,12.0,0
7,203095,Evan Fournier,9.0,4.0,11.0,0.0,0.0,1.0,7.0,1.0,0.0,0.0,3.0,1.0,-9.0,24:36,4.5,0
8,201589,Darrell Arthur,0.0,0.0,2.0,0.0,0.0,0.0,0.0,0.0,0.0,0.0,1.0,0.0,5.0,5:21,-1.8,0
9,202686,Jan Vesely,5.0,2.0,7.0,4.0,1.0,3.0,2.0,2.0,1.0,1.0,3.0,0.0,-6.0,15:49,4.6,0
10,203113,Quincy Miller,6.0,2.0,5.0,3.0,2.0,0.0,2.0,0.0,1.0,0.0,0.0,0.0,0.0,13:20,4.2,0
11,201951,Ty Lawson,,,,,,,,,,,,,,,0.0,0
12,101126,Nate Robinson,,,,,,,,,,,,,,,0.0,0
13,2399,Mike Dunleavy,10.0,3.0,7.0,4.0,3.0,0.0,5.0,0.0,6.0,3.0,2.0,0.0,24.0,35:39,12.9,1
14,2430,Carlos Boozer,10.0,4.0,14.0,2.0,2.0,0.0,5.0,2.0,1.0,0.0,3.0,0.0,15.0,24:00,4.8,1
15,201149,Joakim Noah,14.0,4.0,6.0,6.0,6.0,3.0,8.0,1.0,5.0,3.0,1.0,2.0,33.0,28:15,20.1,1
16,202710,Jimmy Butler,8.0,3.0,4.0,1.0,1.0,1.0,1.0,0.0,2.0,0.0,0.0,0.0,17.0,11:07,8.8,1
17,2550,Kirk Hinrich,10.0,5.0,8.0,0.0,0.0,1.0,5.0,1.0,3.0,0.0,3.0,4.0,14.0,24:23,6.5,1
18,201571,D.J. Augustin,22.0,5.0,10.0,7.0,7.0,0.0,5.0,2.0,8.0,0.0,0.0,3.0,28.0,30:40,23.1,1
19,201959,Taj Gibson,15.0,7.0,14.0,2.0,1.0,4.0,6.0,0.0,2.0,1.0,2.0,0.0,19.0,26:40,13.5,1
20,203503,Tony Snell,20.0,7.0,14.0,3.0,3.0,0.0,1.0,2.0,0.0,0.0,5.0,2.0,11.0,36:53,11.3,1
21,1737,Nazr Mohammed,6.0,3.0,6.0,2.0,0.0,1.0,1.0,0.0,1.0,0.0,4.0,1.0,-8.0,13:24,1.3,1
22,203513,Erik Murphy,0.0,0.0,0.0,0.0,0.0,1.0,2.0,0.0,0.0,0.0,0.0,0.0,-3.0,3:41,1.3,1
23,203129,Tornike Shengelia,2.0,1.0,1.0,0.0,0.0,0.0,0.0,0.0,0.0,0.0,1.0,0.0,-5.0,3:15,1.3,1
24,202363,Jarvis Varnado,0.0,0.0,0.0,0.0,0.0,0.0,0.0,0.0,0.0,0.0,1.0,0.0,-5.0,2:03,-0.4,1
