,id,name,PTS,FG,FGA,FTA,FT,OREB,DREB,STL,AST,BLK,PF,TO,PLUS_MINUS,MIN,GS,WIN
0,202341,James Anderson,13.0,4.0,18.0,4.0,4.0,1.0,4.0,3.0,1.0,1.0,1.0,1.0,0.0,36:40,6.9,0
1,202350,Daniel Orton,10.0,3.0,11.0,5.0,4.0,4.0,6.0,0.0,1.0,2.0,3.0,0.0,-21.0,35:36,8.6,0
2,202730,Lavoy Allen,4.0,1.0,4.0,2.0,2.0,6.0,3.0,1.0,2.0,2.0,5.0,2.0,3.0,26:17,6.5,0
3,202323,Evan Turner,21.0,8.0,26.0,7.0,5.0,2.0,9.0,1.0,2.0,0.0,5.0,6.0,-6.0,38:55,3.7,0
4,203487,Michael Carter-Williams,29.0,11.0,21.0,11.0,6.0,3.0,3.0,7.0,3.0,1.0,4.0,2.0,-6.0,37:50,25.9,0
5,203561,Brandon Davies,2.0,1.0,2.0,0.0,0.0,2.0,0.0,0.0,2.0,0.0,4.0,1.0,0.0,6:47,1.2,0
6,202343,Elliot Williams,5.0,2.0,7.0,0.0,0.0,1.0,3.0,0.0,0.0,0.0,3.0,1.0,-6.0,16:52,0.3,0
7,203485,Lorenzo Brown,4.0,2.0,6.0,0.0,0.0,2.0,1.0,1.0,0.0,0.0,1.0,0.0,-2.0,10:10,2.9,0
8,203138,Hollis Thompson,10.0,3.0,7.0,3.0,3.0,2.0,2.0,2.0,0.0,0.0,1.0,1.0,-2.0,30:54,8.9,0
9,201150,Spencer Hawes,,,,,,,,,,,,,,,0.0,0
10,203100,Tony Wroten,,,,,,,,,,,,,,,0.0,0
11,201152,Thaddeus Young,,,,,,,,,,,,,,,0.0,0
12,202331,Paul George,19.0,6.0,13.0,7.0,5.0,0.0,3.0,3.0,3.0,0.0,3.0,2.0,21.0,37:13,14.3,1
13,2561,David West,17.0,6.0,11.0,5.0,5.0,0.0,11.0,0.0,6.0,2.0,3.0,2.0,24.0,30:56,17.4,1
14,201579,Roy Hibbert,27.0,7.0,12.0,16.0,13.0,3.0,10.0,0.0,1.0,6.0,3.0,2.0,19.0,32:56,27.0,1
15,202362,Lance Stephenson,18.0,8.0,11.0,3.0,2.0,2.0,3.0,0.0,3.0,1.0,2.0,6.0,-1.0,37:12,11.4,1
16,201588,George Hill,11.0,4.0,10.0,2.0,2.0,1.0,5.0,1.0,5.0,1.0,3.0,3.0,17.0,36:10,8.8,1
17,203524,Solomon Hill,1.0,0.0,1.0,1.0,1.0,0.0,1.0,0.0,0.0,0.0,0.0,0.0,4.0,6:34,0.6,1
18,2449,Luis Scola,3.0,0.0,4.0,4.0,3.0,0.0,5.0,0.0,1.0,0.0,2.0,2.0,-11.0,20:39,-0.8,1
19,201228,C.J. Watson,4.0,2.0,5.0,0.0,0.0,0.0,2.0,1.0,0.0,0.0,1.0,2.0,-9.0,11:50,0.5,1
20,203142,Chris Copeland,3.0,1.0,3.0,0.0,0.0,0.0,1.0,0.0,0.0,1.0,4.0,0.0,-16.0,11:29,0.7,1
21,203111,Orlando Johnson,3.0,1.0,6.0,0.0,0.0,2.0,1.0,0.0,1.0,0.0,0.0,0.0,-8.0,15:00,1.6,1
22,2446,Rasual Butler,,,,,,,,,,,,,,,0.0,1
23,101133,Ian Mahinmi,,,,,,,,,,,,,,,0.0,1
24,202388,Donald Sloan,,,,,,,,,,,,,,,0.0,1
