,id,name,PTS,FG,FGA,FTA,FT,OREB,DREB,STL,AST,BLK,PF,TO,PLUS_MINUS,MIN,GS,WIN
0,200782,P.J. Tucker,7.0,3.0,8.0,2.0,1.0,2.0,5.0,1.0,2.0,0.0,2.0,4.0,4.0,36:06,2.7,1
1,101112,Channing Frye,7.0,3.0,8.0,0.0,0.0,0.0,8.0,0.0,2.0,2.0,2.0,0.0,6.0,37:57,7.0,1
2,203101,Miles Plumlee,4.0,2.0,8.0,0.0,0.0,2.0,4.0,2.0,0.0,1.0,3.0,2.0,3.0,19:06,1.3,1
3,101123,Gerald Green,16.0,6.0,15.0,2.0,2.0,0.0,4.0,0.0,2.0,1.0,1.0,3.0,4.0,30:26,7.8,1
4,201609,Goran Dragic,28.0,11.0,21.0,7.0,5.0,2.0,1.0,1.0,7.0,0.0,3.0,2.0,-1.0,33:48,21.3,1
5,202693,Markieff Morris,15.0,4.0,10.0,6.0,5.0,1.0,2.0,1.0,2.0,0.0,5.0,0.0,10.0,24:07,10.9,1
6,2571,Leandro Barbosa,9.0,3.0,4.0,2.0,2.0,1.0,3.0,0.0,1.0,0.0,0.0,1.0,6.0,15:16,8.7,1
7,202694,Marcus Morris Sr.,16.0,7.0,12.0,1.0,1.0,2.0,4.0,0.0,2.0,0.0,1.0,0.0,12.0,20:59,14.0,1
8,203458,Alex Len,0.0,0.0,4.0,0.0,0.0,1.0,4.0,1.0,0.0,0.0,4.0,0.0,-5.0,14:22,-1.5,1
9,202397,Ish Smith,0.0,0.0,1.0,0.0,0.0,0.0,0.0,0.0,0.0,0.0,0.0,0.0,1.0,7:53,-0.7,1
10,202091,Dionte Christmas,,,,,,,,,,,,,,,0.0,1
11,203462,Archie Goodwin,,,,,,,,,,,,,,,0.0,1
12,203139,Viacheslav Kravtsov,,,,,,,,,,,,,,,0.0,1
13,202331,Paul George,12.0,5.0,17.0,4.0,2.0,2.0,10.0,0.0,4.0,0.0,3.0,4.0,2.0,38:17,3.3,0
14,2561,David West,18.0,8.0,18.0,2.0,2.0,0.0,3.0,0.0,1.0,1.0,4.0,2.0,17.0,32:18,7.3,0
15,201579,Roy Hibbert,26.0,9.0,17.0,11.0,8.0,4.0,2.0,0.0,0.0,2.0,2.0,2.0,-2.0,37:45,18.5,0
16,202362,Lance Stephenson,14.0,6.0,12.0,1.0,1.0,2.0,8.0,0.0,10.0,0.0,5.0,5.0,-7.0,36:53,11.8,0
17,201588,George Hill,17.0,7.0,8.0,4.0,3.0,1.0,1.0,1.0,0.0,1.0,3.0,1.0,15.0,33:57,14.3,0
18,2449,Luis Scola,3.0,1.0,5.0,2.0,1.0,3.0,4.0,0.0,0.0,0.0,4.0,0.0,-23.0,15:14,1.2,0
19,101122,Danny Granger,0.0,0.0,3.0,0.0,0.0,1.0,3.0,0.0,0.0,2.0,0.0,0.0,-13.0,21:18,0.9,0
20,201228,C.J. Watson,4.0,2.0,6.0,0.0,0.0,0.0,2.0,1.0,0.0,0.0,2.0,0.0,-23.0,14:03,1.4,0
21,101133,Ian Mahinmi,0.0,0.0,1.0,0.0,0.0,1.0,0.0,0.0,0.0,0.0,0.0,1.0,-6.0,10:15,-1.0,0
22,2446,Rasual Butler,,,,,,,,,,,,,,,0.0,0
23,203142,Chris Copeland,,,,,,,,,,,,,,,0.0,0
24,203111,Orlando Johnson,,,,,,,,,,,,,,,0.0,0
25,202388,Donald Sloan,,,,,,,,,,,,,,,0.0,0
