,id,name,PTS,FG,FGA,FTA,FT,OREB,DREB,STL,AST,BLK,PF,TO,PLUS_MINUS,MIN,GS,WIN
0,201960,DeMarre Carroll,8.0,3.0,7.0,2.0,1.0,0.0,1.0,1.0,0.0,0.0,2.0,0.0,15.0,25:37,4.4,1
1,200794,Paul Millsap,20.0,9.0,17.0,0.0,0.0,2.0,9.0,2.0,3.0,2.0,4.0,6.0,-7.0,47:51,13.7,1
2,201143,Al Horford,25.0,11.0,17.0,2.0,2.0,3.0,5.0,0.0,4.0,2.0,2.0,1.0,9.0,36:13,23.5,1
3,2594,Kyle Korver,20.0,7.0,15.0,2.0,2.0,0.0,6.0,1.0,5.0,0.0,1.0,2.0,13.0,43:35,16.2,1
4,201952,Jeff Teague,34.0,14.0,24.0,7.0,5.0,0.0,3.0,3.0,14.0,0.0,3.0,6.0,-1.0,48:44,28.5,1
5,1882,Elton Brand,0.0,0.0,0.0,0.0,0.0,0.0,2.0,0.0,0.0,1.0,2.0,2.0,-4.0,9:40,-1.5,1
6,101150,Lou Williams,7.0,3.0,9.0,2.0,1.0,0.0,0.0,1.0,1.0,0.0,3.0,1.0,-15.0,21:33,1.0,1
7,202714,Shelvin Mack,10.0,3.0,9.0,4.0,3.0,2.0,5.0,3.0,5.0,0.0,2.0,0.0,-6.0,35:39,13.1,1
8,203471,Dennis Schroder,0.0,0.0,0.0,0.0,0.0,0.0,0.0,0.0,0.0,0.0,0.0,1.0,-2.0,0:05,-1.0,1
9,203118,Mike Scott,0.0,0.0,2.0,0.0,0.0,1.0,0.0,1.0,0.0,0.0,2.0,0.0,7.0,7:57,-0.5,1
10,202970,Gustavo Ayon,0.0,0.0,1.0,0.0,0.0,2.0,1.0,1.0,0.0,0.0,2.0,2.0,-4.0,8:01,-0.8,1
11,203544,Pero Antic,3.0,1.0,2.0,0.0,0.0,0.0,0.0,0.0,1.0,0.0,1.0,0.0,5.0,5:05,2.3,1
12,201858,Cartier Martin,,,,,,,,,,,,,,,0.0,1
13,201947,Earl Clark,3.0,1.0,4.0,0.0,0.0,1.0,4.0,0.0,1.0,1.0,1.0,0.0,0.0,18:23,3.5,0
14,202684,Tristan Thompson,22.0,8.0,13.0,8.0,6.0,2.0,4.0,0.0,1.0,2.0,4.0,2.0,-14.0,46:46,16.4,0
15,101115,Andrew Bynum,4.0,2.0,3.0,0.0,0.0,0.0,1.0,0.0,0.0,1.0,0.0,0.0,-10.0,17:49,3.7,0
16,101139,CJ Miles,10.0,4.0,7.0,0.0,0.0,0.0,2.0,1.0,0.0,0.0,1.0,2.0,-1.0,13:44,5.9,0
17,202681,Kyrie Irving,40.0,17.0,33.0,4.0,3.0,0.0,2.0,4.0,9.0,1.0,3.0,6.0,-9.0,45:05,27.7,0
18,203079,Dion Waiters,20.0,9.0,14.0,2.0,1.0,1.0,3.0,0.0,2.0,0.0,1.0,5.0,10.0,41:48,11.0,0
19,101127,Jarrett Jack,9.0,2.0,5.0,8.0,5.0,1.0,4.0,0.0,3.0,0.0,2.0,2.0,0.0,32:21,6.3,0
20,2760,Anderson Varejao,8.0,4.0,7.0,0.0,0.0,5.0,12.0,1.0,3.0,3.0,4.0,3.0,11.0,34:36,12.4,0
21,203521,Matthew Dellavedova,9.0,2.0,6.0,4.0,4.0,0.0,1.0,2.0,3.0,0.0,2.0,2.0,-6.0,24:03,7.2,0
22,203461,Anthony Bennett,0.0,0.0,1.0,0.0,0.0,0.0,0.0,0.0,0.0,0.0,1.0,0.0,3.0,4:41,-1.1,0
23,203092,Tyler Zeller,0.0,0.0,1.0,0.0,0.0,1.0,1.0,1.0,0.0,0.0,0.0,0.0,6.0,10:45,1.3,0
24,202087,Alonzo Gee,,,,,,,,,,,,,,,0.0,0
25,203508,Sergey Karasev,,,,,,,,,,,,,,,0.0,0
