,id,name,PTS,FG,FGA,FTA,FT,OREB,DREB,STL,AST,BLK,PF,TO,PLUS_MINUS,MIN,GS,WIN
0,201142,Kevin Durant,43.0,15.0,27.0,8.0,8.0,1.0,4.0,1.0,6.0,0.0,3.0,5.0,-13.0,50:30,31.0,0
1,201586,Serge Ibaka,10.0,5.0,9.0,2.0,0.0,2.0,3.0,0.0,1.0,1.0,5.0,1.0,-10.0,32:53,5.6,0
2,203500,Steven Adams,2.0,1.0,1.0,0.0,0.0,1.0,1.0,0.0,1.0,0.0,1.0,2.0,-3.0,10:39,1.0,0
3,203460,Andre Roberson,0.0,0.0,1.0,0.0,0.0,1.0,2.0,1.0,1.0,0.0,3.0,0.0,-12.0,13:12,1.1,0
4,201566,Russell Westbrook,23.0,8.0,18.0,6.0,5.0,1.0,6.0,3.0,8.0,0.0,5.0,8.0,-16.0,32:54,14.3,0
5,202704,Reggie Jackson,11.0,5.0,11.0,1.0,1.0,0.0,5.0,1.0,8.0,0.0,5.0,2.0,-9.0,41:25,9.4,0
6,2406,Caron Butler,10.0,4.0,10.0,0.0,0.0,0.0,4.0,2.0,1.0,1.0,2.0,0.0,0.0,33:45,8.4,0
7,965,Derek Fisher,13.0,5.0,9.0,0.0,0.0,0.0,0.0,0.0,0.0,0.0,3.0,1.0,13.0,27:14,6.5,0
8,2555,Nick Collison,7.0,3.0,7.0,2.0,1.0,4.0,3.0,1.0,1.0,0.0,3.0,2.0,5.0,22:28,5.1,0
9,203103,Perry Jones III,,,,,,,,,,,,,,,0.0,0
10,203087,Jeremy Lamb,,,,,,,,,,,,,,,0.0,0
11,201203,Mustafa Shakur,,,,,,,,,,,,,,,0.0,0
12,1890,Shawn Marion,11.0,5.0,11.0,0.0,0.0,1.0,5.0,1.0,2.0,0.0,1.0,1.0,12.0,41:27,8.5,1
13,1717,Dirk Nowitzki,32.0,11.0,23.0,8.0,8.0,1.0,9.0,4.0,6.0,1.0,4.0,6.0,15.0,38:45,25.0,1
14,2223,Samuel Dalembert,10.0,5.0,6.0,0.0,0.0,4.0,3.0,1.0,1.0,1.0,3.0,2.0,9.0,21:08,10.7,1
15,101145,Monta Ellis,17.0,6.0,15.0,7.0,5.0,1.0,2.0,4.0,5.0,0.0,3.0,4.0,14.0,42:40,11.7,1
16,101181,Jose Calderon,22.0,7.0,10.0,2.0,2.0,0.0,4.0,0.0,8.0,0.0,1.0,0.0,21.0,36:59,24.2,1
17,1713,Vince Carter,16.0,4.0,11.0,6.0,4.0,0.0,5.0,2.0,1.0,1.0,2.0,4.0,-2.0,26:06,9.2,1
18,2734,Devin Harris,5.0,2.0,4.0,1.0,1.0,0.0,2.0,0.0,1.0,0.0,0.0,0.0,-12.0,17:43,4.3,1
19,201971,DeJuan Blair,2.0,0.0,1.0,2.0,2.0,1.0,1.0,0.0,1.0,0.0,4.0,2.0,-12.0,8:07,-0.6,1
20,203109,Jae Crowder,10.0,4.0,6.0,0.0,0.0,1.0,2.0,0.0,0.0,0.0,2.0,0.0,-3.0,11:32,7.9,1
21,201148,Brandan Wright,3.0,1.0,3.0,2.0,1.0,3.0,3.0,2.0,2.0,1.0,2.0,1.0,3.0,20:33,6.2,1
22,201961,Wayne Ellington,,,,,,,,,,,,,,,0.0,1
23,203108,Bernard James,,,,,,,,,,,,,,,0.0,1
24,203499,Shane Larkin,,,,,,,,,,,,,,,0.0,1
