,id,name,PTS,FG,FGA,FTA,FT,OREB,DREB,STL,AST,BLK,PF,TO,PLUS_MINUS,MIN,GS,WIN
0,1890,Shawn Marion,9.0,2.0,5.0,4.0,4.0,2.0,9.0,1.0,3.0,0.0,1.0,2.0,7.0,33:03,11.1,0
1,1717,Dirk Nowitzki,18.0,5.0,15.0,9.0,8.0,3.0,4.0,0.0,3.0,0.0,1.0,3.0,5.0,35:47,11.1,0
2,2223,Samuel Dalembert,2.0,0.0,1.0,2.0,2.0,3.0,2.0,1.0,0.0,0.0,3.0,4.0,2.0,13:52,-0.2,0
3,101145,Monta Ellis,16.0,5.0,11.0,6.0,4.0,1.0,6.0,1.0,7.0,0.0,4.0,2.0,-2.0,38:18,14.3,0
4,101181,Jose Calderon,15.0,5.0,15.0,2.0,2.0,0.0,1.0,1.0,2.0,0.0,2.0,1.0,0.0,36:20,7.4,0
5,1713,Vince Carter,19.0,8.0,15.0,2.0,1.0,1.0,2.0,1.0,3.0,0.0,1.0,2.0,-3.0,29:31,13.3,0
6,201971,DeJuan Blair,4.0,2.0,7.0,0.0,0.0,3.0,2.0,1.0,0.0,0.0,0.0,1.0,-6.0,16:30,2.6,0
7,2734,Devin Harris,14.0,4.0,6.0,4.0,4.0,0.0,0.0,0.0,4.0,0.0,6.0,0.0,1.0,15:48,11.8,0
8,203499,Shane Larkin,0.0,0.0,0.0,0.0,0.0,2.0,1.0,0.0,0.0,0.0,0.0,0.0,1.0,5:32,1.7,0
9,203109,Jae Crowder,1.0,0.0,0.0,2.0,1.0,0.0,1.0,0.0,0.0,0.0,0.0,0.0,1.0,3:36,0.9,0
10,201148,Brandan Wright,8.0,3.0,3.0,2.0,2.0,0.0,0.0,0.0,0.0,0.0,3.0,0.0,-11.0,11:44,5.9,0
11,201961,Wayne Ellington,,,,,,,,,,,,,,,0.0,0
12,203108,Bernard James,,,,,,,,,,,,,,,0.0,0
13,2207,Joe Johnson,5.0,1.0,5.0,2.0,2.0,0.0,0.0,0.0,2.0,0.0,5.0,4.0,-6.0,29:05,-2.7,1
14,1718,Paul Pierce,12.0,4.0,8.0,7.0,4.0,0.0,3.0,1.0,4.0,1.0,2.0,2.0,-9.0,28:22,9.4,1
15,708,Kevin Garnett,10.0,5.0,8.0,0.0,0.0,1.0,10.0,0.0,1.0,1.0,2.0,2.0,-3.0,20:03,8.7,1
16,101187,Alan Anderson,2.0,0.0,5.0,2.0,2.0,0.0,0.0,0.0,0.0,0.0,2.0,0.0,-13.0,10:23,-2.3,1
17,2733,Shaun Livingston,4.0,1.0,3.0,2.0,2.0,0.0,2.0,1.0,0.0,0.0,4.0,0.0,-11.0,23:30,2.3,1
18,101154,Andray Blatche,8.0,4.0,8.0,0.0,0.0,1.0,4.0,0.0,2.0,1.0,2.0,1.0,4.0,27:57,6.2,1
19,101114,Deron Williams,18.0,5.0,8.0,10.0,8.0,0.0,3.0,0.0,11.0,0.0,5.0,1.0,14.0,34:57,19.2,1
20,1905,Andrei Kirilenko,6.0,2.0,4.0,2.0,2.0,0.0,3.0,1.0,1.0,1.0,0.0,1.0,6.0,20:04,6.3,1
21,1891,Jason Terry,8.0,3.0,6.0,0.0,0.0,0.0,2.0,3.0,2.0,0.0,3.0,4.0,11.0,18:54,4.8,1
22,203141,Mirza Teletovic,34.0,12.0,18.0,3.0,3.0,3.0,3.0,0.0,1.0,1.0,4.0,0.0,12.0,26:45,29.0,1
23,2501,Reggie Evans,,,,,,,,,,,,,,,0.0,1
24,203486,Mason Plumlee,,,,,,,,,,,,,,,0.0,1
25,203104,Marquis Teague,,,,,,,,,,,,,,,0.0,1
