,id,name,PTS,FG,FGA,FTA,FT,OREB,DREB,STL,AST,BLK,PF,TO,PLUS_MINUS,MIN,GS,WIN
0,2210,Richard Jefferson,8.0,3.0,7.0,0.0,0.0,0.0,1.0,0.0,3.0,0.0,0.0,0.0,-8.0,21:59,6.7,0
1,101107,Marvin Williams,7.0,3.0,9.0,0.0,0.0,3.0,6.0,0.0,3.0,0.0,1.0,1.0,-6.0,21:25,6.5,0
2,202324,Derrick Favors,5.0,2.0,4.0,2.0,1.0,1.0,4.0,0.0,1.0,4.0,4.0,2.0,-11.0,26:22,4.4,0
3,202330,Gordon Hayward,12.0,5.0,12.0,5.0,2.0,1.0,5.0,3.0,6.0,0.0,3.0,4.0,-11.0,36:38,8.6,0
4,203504,Trey Burke,14.0,5.0,14.0,2.0,2.0,1.0,3.0,0.0,3.0,0.0,2.0,3.0,-13.0,35:36,6.1,0
5,202683,Enes Kanter,11.0,4.0,8.0,3.0,3.0,5.0,3.0,0.0,0.0,0.0,1.0,0.0,-6.0,23:21,11.0,0
6,202692,Alec Burks,19.0,6.0,11.0,10.0,5.0,0.0,1.0,1.0,4.0,0.0,3.0,2.0,-7.0,37:23,12.6,0
7,202379,Jeremy Evans,8.0,4.0,8.0,0.0,0.0,1.0,3.0,0.0,0.0,1.0,0.0,0.0,-3.0,24:52,6.3,0
8,203197,Diante Garrett,7.0,3.0,5.0,0.0,0.0,0.0,0.0,0.0,0.0,0.0,1.0,1.0,0.0,12:24,3.3,0
9,203497,Rudy Gobert,,,,,,,,,,,,,,,0.0,0
10,101249,John Lucas III,,,,,,,,,,,,,,,0.0,0
11,201575,Brandon Rush,,,,,,,,,,,,,,,0.0,0
12,202952,Malcolm Thomas,,,,,,,,,,,,,,,0.0,0
13,2772,Trevor Ariza,26.0,9.0,14.0,4.0,4.0,1.0,4.0,1.0,1.0,0.0,2.0,1.0,9.0,36:25,21.6,1
14,202344,Trevor Booker,4.0,1.0,1.0,2.0,2.0,2.0,2.0,1.0,1.0,0.0,2.0,1.0,6.0,15:55,5.6,1
15,101162,Marcin Gortat,16.0,7.0,11.0,2.0,2.0,3.0,6.0,0.0,4.0,0.0,4.0,0.0,8.0,28:51,16.2,1
16,203078,Bradley Beal,22.0,9.0,19.0,2.0,2.0,0.0,5.0,1.0,1.0,0.0,3.0,1.0,13.0,34:41,13.3,1
17,202322,John Wall,14.0,7.0,15.0,0.0,0.0,0.0,2.0,1.0,10.0,2.0,1.0,3.0,14.0,33:43,12.9,1
18,203490,Otto Porter Jr.,0.0,0.0,1.0,0.0,0.0,0.0,2.0,2.0,0.0,0.0,3.0,1.0,1.0,22:12,-0.3,1
19,202698,Chris Singleton,0.0,0.0,0.0,0.0,0.0,1.0,2.0,0.0,0.0,0.0,1.0,3.0,-2.0,10:52,-2.1,1
20,1889,Andre Miller,2.0,1.0,4.0,0.0,0.0,1.0,2.0,1.0,6.0,0.0,0.0,0.0,-1.0,13:09,6.1,1
21,2400,Drew Gooden,12.0,6.0,7.0,0.0,0.0,0.0,3.0,1.0,2.0,0.0,2.0,1.0,5.0,19:09,11.0,1
22,1733,Al Harrington,8.0,4.0,8.0,0.0,0.0,0.0,4.0,0.0,3.0,0.0,2.0,1.0,9.0,21:13,5.5,1
23,202066,Garrett Temple,0.0,0.0,1.0,0.0,0.0,0.0,1.0,1.0,0.0,0.0,0.0,0.0,3.0,3:50,0.6,1
24,101110,Martell Webster,,,,,,,,,,,,,,,0.0,1
