,id,name,PTS,FG,FGA,FTA,FT,OREB,DREB,STL,AST,BLK,PF,TO,PLUS_MINUS,MIN,GS,WIN
0,201147,Corey Brewer,2.0,1.0,5.0,0.0,0.0,1.0,0.0,2.0,1.0,0.0,2.0,0.0,-15.0,23:09,1.5,0
1,201567,Kevin Love,14.0,3.0,14.0,11.0,8.0,1.0,6.0,0.0,0.0,2.0,0.0,1.0,-18.0,31:48,7.1,0
2,201593,Nikola Pekovic,22.0,10.0,15.0,2.0,2.0,5.0,1.0,2.0,0.0,0.0,3.0,1.0,-17.0,28:41,19.1,0
3,2755,Kevin Martin,6.0,2.0,12.0,2.0,2.0,2.0,1.0,1.0,2.0,0.0,1.0,2.0,-13.0,25:35,0.1,0
4,201937,Ricky Rubio,7.0,3.0,8.0,0.0,0.0,1.0,3.0,2.0,8.0,1.0,2.0,2.0,-18.0,30:26,9.7,0
5,201978,Chase Budinger,5.0,2.0,8.0,0.0,0.0,1.0,3.0,0.0,1.0,0.0,2.0,0.0,-1.0,20:57,1.7,0
6,203144,Alexey Shved,11.0,4.0,7.0,0.0,0.0,1.0,2.0,2.0,1.0,0.0,0.0,2.0,-1.0,22:37,9.7,0
7,101142,Ronny Turiaf,0.0,0.0,1.0,0.0,0.0,3.0,2.0,2.0,0.0,2.0,0.0,0.0,1.0,15:25,5.4,0
8,200826,J.J. Barea,9.0,3.0,9.0,3.0,3.0,1.0,3.0,1.0,4.0,0.0,2.0,1.0,0.0,15:54,7.5,0
9,201967,Dante Cunningham,6.0,3.0,8.0,0.0,0.0,0.0,2.0,1.0,0.0,1.0,1.0,1.0,-2.0,13:46,2.5,0
10,201601,Luc Mbah a Moute,0.0,0.0,3.0,0.0,0.0,0.0,0.0,0.0,0.0,0.0,0.0,0.0,-2.0,3:54,-2.1,0
11,201985,AJ Price,4.0,2.0,3.0,0.0,0.0,0.0,0.0,1.0,0.0,0.0,0.0,0.0,-2.0,3:54,3.7,0
12,203476,Gorgui Dieng,0.0,0.0,0.0,0.0,0.0,0.0,1.0,2.0,0.0,0.0,0.0,0.0,-2.0,3:54,2.3,0
13,202695,Kawhi Leonard,17.0,8.0,11.0,0.0,0.0,1.0,5.0,2.0,2.0,2.0,3.0,2.0,15.0,36:13,16.3,1
14,1495,Tim Duncan,15.0,5.0,9.0,6.0,5.0,0.0,8.0,0.0,5.0,4.0,0.0,3.0,17.0,27:48,16.0,1
15,2564,Boris Diaw,7.0,3.0,4.0,0.0,0.0,0.0,5.0,1.0,4.0,0.0,3.0,0.0,3.0,21:27,9.5,1
16,201980,Danny Green,0.0,0.0,1.0,0.0,0.0,0.0,3.0,0.0,1.0,0.0,2.0,2.0,3.0,8:58,-1.9,1
17,2225,Tony Parker,14.0,5.0,11.0,4.0,4.0,1.0,1.0,1.0,10.0,2.0,2.0,5.0,16.0,30:18,12.9,1
18,201158,Marco Belinelli,13.0,5.0,8.0,4.0,2.0,1.0,1.0,1.0,2.0,0.0,1.0,2.0,9.0,21:49,9.6,1
19,2588,Matt Bonner,14.0,5.0,10.0,0.0,0.0,2.0,1.0,0.0,0.0,0.0,1.0,0.0,4.0,21:36,10.3,1
20,201965,Jeff Ayres,8.0,4.0,7.0,0.0,0.0,2.0,5.0,0.0,2.0,1.0,4.0,2.0,9.0,19:30,6.1,1
21,201988,Patty Mills,10.0,4.0,6.0,0.0,0.0,0.0,4.0,1.0,2.0,0.0,2.0,2.0,1.0,22:54,8.2,1
22,202709,Cory Joseph,0.0,0.0,4.0,0.0,0.0,0.0,4.0,0.0,1.0,1.0,1.0,0.0,8.0,19:54,-0.6,1
23,203382,Aron Baynes,2.0,1.0,1.0,0.0,0.0,0.0,1.0,0.0,2.0,0.0,0.0,1.0,3.0,5:39,2.4,1
24,201986,Nando De Colo,4.0,2.0,2.0,0.0,0.0,0.0,1.0,0.0,0.0,0.0,0.0,1.0,2.0,3:54,2.7,1
25,1938,Manu Ginobili,,,,,,,,,,,,,,,0.0,1
