,id,name,PTS,FG,FGA,FTA,FT,OREB,DREB,STL,AST,BLK,PF,TO,PLUS_MINUS,MIN,GS,WIN
0,1890,Shawn Marion,11.0,5.0,11.0,0.0,0.0,1.0,9.0,0.0,1.0,0.0,2.0,0.0,-2.0,35:28,8.6,1
1,1717,Dirk Nowitzki,20.0,7.0,16.0,4.0,4.0,1.0,4.0,0.0,4.0,0.0,0.0,1.0,24.0,31:54,15.3,1
2,2223,Samuel Dalembert,6.0,3.0,6.0,0.0,0.0,4.0,7.0,0.0,0.0,1.0,3.0,0.0,6.0,22:51,7.4,1
3,101145,Monta Ellis,11.0,3.0,9.0,4.0,4.0,0.0,5.0,2.0,2.0,0.0,1.0,2.0,12.0,28:12,8.4,1
4,101181,Jose Calderon,18.0,7.0,13.0,2.0,1.0,2.0,3.0,0.0,5.0,0.0,0.0,1.0,-1.0,31:33,16.1,1
5,1713,Vince Carter,14.0,4.0,11.0,4.0,3.0,1.0,1.0,2.0,1.0,1.0,2.0,2.0,11.0,20:31,9.1,1
6,201971,DeJuan Blair,0.0,0.0,1.0,0.0,0.0,0.0,1.0,0.0,1.0,0.0,0.0,0.0,0.0,4:36,0.3,1
7,2734,Devin Harris,12.0,4.0,9.0,4.0,4.0,0.0,2.0,0.0,7.0,0.0,2.0,2.0,-1.0,23:05,10.0,1
8,203109,Jae Crowder,2.0,1.0,2.0,0.0,0.0,0.0,1.0,1.0,0.0,0.0,1.0,0.0,1.0,21:17,1.9,1
9,201148,Brandan Wright,8.0,3.0,4.0,2.0,2.0,1.0,5.0,1.0,0.0,2.0,1.0,1.0,5.0,20:33,9.6,1
10,201961,Wayne Ellington,,,,,,,,,,,,,,,0.0,1
11,203108,Bernard James,,,,,,,,,,,,,,,0.0,1
12,203499,Shane Larkin,,,,,,,,,,,,,,,0.0,1
13,201145,Jeff Green,18.0,6.0,15.0,4.0,3.0,2.0,3.0,3.0,3.0,1.0,2.0,1.0,4.0,35:55,15.8,0
14,101138,Brandon Bass,6.0,2.0,4.0,2.0,2.0,0.0,2.0,0.0,0.0,0.0,3.0,0.0,-9.0,14:45,3.4,0
15,203096,Jared Sullinger,11.0,4.0,13.0,3.0,3.0,3.0,9.0,0.0,2.0,0.0,2.0,2.0,1.0,35:45,6.9,0
16,202340,Avery Bradley,5.0,2.0,13.0,0.0,0.0,0.0,0.0,0.0,0.0,0.0,2.0,1.0,-11.0,18:58,-5.1,0
17,200765,Rajon Rondo,15.0,6.0,12.0,0.0,0.0,0.0,8.0,1.0,12.0,0.0,0.0,0.0,-2.0,36:33,20.8,0
18,203482,Kelly Olynyk,6.0,2.0,7.0,2.0,2.0,2.0,4.0,0.0,0.0,0.0,5.0,1.0,-7.0,22:08,1.5,0
19,2222,Gerald Wallace,4.0,2.0,4.0,0.0,0.0,1.0,2.0,0.0,1.0,0.0,0.0,3.0,-12.0,15:12,1.0,0
20,201573,Jerryd Bayless,2.0,0.0,4.0,2.0,2.0,0.0,1.0,0.0,8.0,0.0,0.0,2.0,-13.0,17:09,3.1,0
21,2743,Kris Humphries,10.0,5.0,12.0,0.0,0.0,0.0,3.0,0.0,0.0,1.0,2.0,0.0,-7.0,23:22,4.4,0
22,203187,Chris Johnson,14.0,4.0,7.0,2.0,2.0,3.0,0.0,1.0,1.0,1.0,2.0,0.0,7.0,14:57,14.4,0
23,203515,Phil Pressey,0.0,0.0,1.0,0.0,0.0,0.0,0.0,0.0,0.0,0.0,1.0,0.0,-6.0,5:16,-1.1,0
24,201202,Joel Anthony,,,,,,,,,,,,,,,0.0,0
