,id,name,PTS,FG,FGA,FTA,FT,OREB,DREB,STL,AST,BLK,PF,TO,PLUS_MINUS,MIN,GS,WIN
0,202695,Kawhi Leonard,16.0,6.0,12.0,2.0,2.0,0.0,9.0,0.0,1.0,0.0,1.0,3.0,14.0,28:47,10.0,1
1,1495,Tim Duncan,4.0,2.0,9.0,0.0,0.0,2.0,7.0,1.0,5.0,0.0,1.0,0.0,17.0,27:14,6.1,1
2,201168,Tiago Splitter,0.0,0.0,1.0,0.0,0.0,0.0,1.0,1.0,1.0,0.0,4.0,1.0,13.0,14:02,-1.3,1
3,201980,Danny Green,0.0,0.0,1.0,0.0,0.0,0.0,0.0,0.0,0.0,0.0,0.0,0.0,11.0,9:58,-0.7,1
4,2225,Tony Parker,20.0,8.0,15.0,6.0,4.0,0.0,0.0,0.0,9.0,1.0,3.0,0.0,16.0,24:34,17.7,1
5,1938,Manu Ginobili,22.0,9.0,11.0,0.0,0.0,0.0,2.0,0.0,1.0,0.0,2.0,1.0,17.0,20:31,17.4,1
6,2564,Boris Diaw,8.0,2.0,2.0,2.0,2.0,0.0,7.0,3.0,2.0,0.0,3.0,2.0,7.0,27:47,10.7,1
7,201988,Patty Mills,10.0,4.0,9.0,1.0,1.0,1.0,0.0,0.0,3.0,0.0,3.0,2.0,-9.0,24:11,4.9,1
8,201158,Marco Belinelli,10.0,3.0,9.0,2.0,2.0,0.0,4.0,0.0,2.0,0.0,2.0,0.0,-5.0,27:35,6.7,1
9,203382,Aron Baynes,6.0,3.0,5.0,0.0,0.0,0.0,2.0,0.0,1.0,0.0,3.0,1.0,4.0,13:54,2.8,1
10,2588,Matt Bonner,4.0,1.0,1.0,2.0,1.0,0.0,0.0,0.0,0.0,0.0,2.0,0.0,-10.0,5:44,2.5,1
11,202709,Cory Joseph,2.0,1.0,3.0,0.0,0.0,0.0,0.0,1.0,0.0,2.0,0.0,1.0,-20.0,8:24,1.7,1
12,201965,Jeff Ayres,2.0,1.0,1.0,0.0,0.0,2.0,1.0,0.0,0.0,0.0,2.0,0.0,-15.0,7:19,2.6,1
13,2399,Mike Dunleavy,7.0,3.0,8.0,1.0,1.0,0.0,3.0,0.0,3.0,0.0,1.0,0.0,-13.0,21:20,5.2,0
14,2430,Carlos Boozer,8.0,4.0,9.0,0.0,0.0,1.0,4.0,1.0,0.0,0.0,4.0,5.0,-17.0,27:44,-0.4,0
15,201149,Joakim Noah,13.0,4.0,9.0,6.0,5.0,2.0,6.0,0.0,7.0,2.0,2.0,2.0,-13.0,30:57,14.6,0
16,202710,Jimmy Butler,23.0,7.0,14.0,6.0,6.0,4.0,2.0,0.0,2.0,0.0,1.0,1.0,-26.0,36:16,19.4,0
17,2550,Kirk Hinrich,3.0,1.0,9.0,0.0,0.0,0.0,1.0,2.0,3.0,0.0,3.0,1.0,-11.0,26:53,-0.7,0
18,201571,D.J. Augustin,24.0,7.0,10.0,9.0,8.0,0.0,3.0,0.0,4.0,0.0,3.0,2.0,4.0,32:09,19.9,0
19,203503,Tony Snell,6.0,1.0,2.0,4.0,3.0,0.0,1.0,1.0,2.0,0.0,0.0,0.0,5.0,19:35,7.3,0
20,201959,Taj Gibson,1.0,0.0,5.0,2.0,1.0,1.0,4.0,0.0,0.0,2.0,2.0,2.0,2.0,22:56,-2.4,0
21,1737,Nazr Mohammed,6.0,3.0,5.0,0.0,0.0,1.0,4.0,0.0,0.0,1.0,1.0,1.0,12.0,14:23,4.9,0
22,202690,Jimmer Fredette,5.0,2.0,4.0,0.0,0.0,1.0,1.0,0.0,1.0,0.0,0.0,0.0,17.0,7:47,4.7,0
23,203513,Erik Murphy,,,,,,,,,,,,,,,0.0,0
24,203129,Tornike Shengelia,,,,,,,,,,,,,,,0.0,0
