,id,name,PTS,FG,FGA,FTA,FT,OREB,DREB,STL,AST,BLK,PF,TO,PLUS_MINUS,MIN,GS,WIN
0,2736,Luol Deng,21.0,6.0,15.0,8.0,7.0,5.0,6.0,2.0,1.0,0.0,2.0,3.0,-10.0,38:29,16.7,0
1,202684,Tristan Thompson,13.0,6.0,10.0,3.0,1.0,3.0,6.0,0.0,0.0,0.0,2.0,2.0,-6.0,33:45,8.7,0
2,203092,Tyler Zeller,8.0,4.0,6.0,0.0,0.0,3.0,1.0,0.0,0.0,3.0,3.0,0.0,-9.0,20:17,8.7,0
3,202681,Kyrie Irving,17.0,3.0,16.0,12.0,10.0,0.0,3.0,0.0,9.0,1.0,1.0,2.0,-7.0,41:22,11.7,0
4,101127,Jarrett Jack,9.0,3.0,9.0,2.0,2.0,0.0,2.0,1.0,5.0,0.0,2.0,3.0,-11.0,40:50,5.2,0
5,201150,Spencer Hawes,7.0,3.0,10.0,0.0,0.0,4.0,6.0,0.0,3.0,3.0,4.0,3.0,7.0,26:28,5.4,0
6,203521,Matthew Dellavedova,5.0,2.0,7.0,0.0,0.0,1.0,1.0,1.0,1.0,0.0,3.0,1.0,1.0,13:50,1.4,0
7,203461,Anthony Bennett,9.0,4.0,6.0,4.0,1.0,0.0,3.0,1.0,0.0,1.0,0.0,0.0,-1.0,15:27,7.8,0
8,202087,Alonzo Gee,2.0,1.0,3.0,0.0,0.0,1.0,2.0,0.0,2.0,0.0,1.0,0.0,1.0,9:32,2.6,0
9,203508,Sergey Karasev,,,,,,,,,,,,,,,0.0,0
10,101139,CJ Miles,,,,,,,,,,,,,,,0.0,0
11,203079,Dion Waiters,,,,,,,,,,,,,,,0.0,0
12,203082,Terrence Ross,20.0,9.0,18.0,0.0,0.0,0.0,1.0,3.0,0.0,0.0,3.0,1.0,4.0,36:55,12.1,1
13,101161,Amir Johnson,4.0,2.0,9.0,0.0,0.0,4.0,3.0,1.0,4.0,2.0,2.0,1.0,1.0,24:44,5.6,1
14,202685,Jonas Valanciunas,18.0,8.0,12.0,3.0,2.0,4.0,4.0,0.0,1.0,2.0,4.0,1.0,11.0,28:45,15.9,1
15,201942,DeMar DeRozan,14.0,5.0,14.0,4.0,4.0,0.0,4.0,0.0,5.0,0.0,1.0,1.0,2.0,38:30,9.5,1
16,200768,Kyle Lowry,14.0,5.0,13.0,4.0,3.0,2.0,4.0,3.0,9.0,0.0,4.0,2.0,2.0,35:15,14.8,1
17,202335,Patrick Patterson,8.0,3.0,8.0,0.0,0.0,1.0,4.0,1.0,2.0,0.0,3.0,1.0,1.0,19:35,5.7,1
18,201946,Tyler Hansbrough,6.0,3.0,3.0,0.0,0.0,0.0,7.0,0.0,0.0,0.0,3.0,0.0,-1.0,16:33,6.0,1
19,2422,John Salmons,6.0,3.0,8.0,0.0,0.0,1.0,0.0,0.0,0.0,0.0,2.0,0.0,4.0,18:47,1.5,1
20,202349,Greivis Vasquez,8.0,2.0,6.0,2.0,2.0,0.0,2.0,0.0,2.0,0.0,0.0,1.0,8.0,15:18,5.6,1
21,200779,Steve Novak,0.0,0.0,2.0,0.0,0.0,0.0,1.0,0.0,0.0,0.0,1.0,0.0,3.0,5:38,-1.5,1
22,202361,Landry Fields,,,,,,,,,,,,,,,0.0,1
23,101236,Chuck Hayes,,,,,,,,,,,,,,,0.0,1
24,202933,Julyan Stone,,,,,,,,,,,,,,,0.0,1
