,id,name,PTS,FG,FGA,FTA,FT,OREB,DREB,STL,AST,BLK,PF,TO,PLUS_MINUS,MIN,GS,WIN
0,201145,Jeff Green,16.0,7.0,14.0,0.0,0.0,0.0,4.0,1.0,2.0,1.0,1.0,3.0,-5.0,29:42,9.9,0
1,101138,Brandon Bass,8.0,3.0,5.0,2.0,2.0,2.0,2.0,0.0,0.0,0.0,1.0,2.0,-13.0,22:47,5.3,0
2,2743,Kris Humphries,8.0,3.0,6.0,2.0,2.0,0.0,4.0,0.0,2.0,1.0,4.0,2.0,4.0,19:06,4.7,0
3,202340,Avery Bradley,11.0,3.0,7.0,4.0,4.0,0.0,2.0,1.0,0.0,0.0,2.0,3.0,-5.0,23:22,5.1,0
4,200765,Rajon Rondo,11.0,5.0,8.0,2.0,1.0,1.0,4.0,0.0,8.0,0.0,1.0,3.0,-14.0,33:08,11.1,0
5,203096,Jared Sullinger,11.0,4.0,12.0,4.0,2.0,5.0,4.0,1.0,2.0,0.0,3.0,0.0,-2.0,34:22,9.3,0
6,203187,Chris Johnson,6.0,2.0,3.0,2.0,2.0,0.0,2.0,0.0,0.0,0.0,4.0,1.0,5.0,17:57,2.7,0
7,203482,Kelly Olynyk,10.0,4.0,6.0,2.0,2.0,0.0,2.0,1.0,0.0,0.0,3.0,1.0,7.0,19:46,6.8,0
8,201573,Jerryd Bayless,20.0,8.0,13.0,2.0,2.0,0.0,1.0,1.0,3.0,0.0,2.0,0.0,2.0,26:26,16.7,0
9,203515,Phil Pressey,2.0,1.0,2.0,0.0,0.0,0.0,1.0,2.0,5.0,0.0,0.0,1.0,11.0,13:26,5.8,0
10,201202,Joel Anthony,,,,,,,,,,,,,,,0.0,0
11,203569,Chris Babb,,,,,,,,,,,,,,,0.0,0
12,203082,Terrence Ross,17.0,6.0,13.0,4.0,4.0,2.0,2.0,2.0,3.0,1.0,0.0,0.0,-3.0,28:03,17.1,1
13,101161,Amir Johnson,8.0,4.0,8.0,0.0,0.0,2.0,6.0,0.0,0.0,2.0,5.0,2.0,-13.0,28:18,4.6,1
14,202685,Jonas Valanciunas,13.0,3.0,6.0,8.0,7.0,3.0,5.0,1.0,2.0,2.0,2.0,0.0,9.0,34:34,16.2,1
15,201942,DeMar DeRozan,30.0,12.0,27.0,6.0,6.0,0.0,3.0,1.0,4.0,0.0,3.0,1.0,-16.0,35:05,18.4,1
16,200768,Kyle Lowry,9.0,4.0,13.0,2.0,1.0,2.0,4.0,0.0,5.0,0.0,2.0,3.0,5.0,33:40,3.4,1
17,2422,John Salmons,5.0,2.0,4.0,0.0,0.0,0.0,0.0,2.0,2.0,0.0,2.0,0.0,15.0,23:18,5.6,1
18,101236,Chuck Hayes,6.0,3.0,3.0,0.0,0.0,0.0,3.0,3.0,2.0,0.0,3.0,2.0,15.0,27:07,7.2,1
19,202349,Greivis Vasquez,15.0,5.0,11.0,2.0,2.0,1.0,1.0,1.0,5.0,0.0,1.0,2.0,5.0,23:54,12.4,1
20,201946,Tyler Hansbrough,2.0,1.0,1.0,0.0,0.0,2.0,0.0,0.0,0.0,0.0,0.0,0.0,-9.0,5:40,3.1,1
21,200779,Steve Novak,0.0,0.0,0.0,0.0,0.0,0.0,0.0,0.0,0.0,0.0,0.0,0.0,2.0,0:22,0.0,1
22,202779,Dwight Buycks,,,,,,,,,,,,,,,0.0,1
23,201986,Nando De Colo,,,,,,,,,,,,,,,0.0,1
24,202361,Landry Fields,,,,,,,,,,,,,,,0.0,1
