,id,name,PTS,FG,FGA,FTA,FT,OREB,DREB,STL,AST,BLK,PF,TO,PLUS_MINUS,MIN,GS,WIN
0,2736,Luol Deng,16.0,6.0,10.0,4.0,2.0,0.0,6.0,1.0,0.0,0.0,1.0,0.0,-8.0,33:16,13.0,1
1,202684,Tristan Thompson,4.0,1.0,7.0,2.0,2.0,1.0,4.0,1.0,1.0,2.0,4.0,2.0,-7.0,26:01,0.9,1
2,201150,Spencer Hawes,22.0,8.0,18.0,6.0,5.0,3.0,10.0,1.0,2.0,1.0,4.0,0.0,-6.0,36:19,18.8,1
3,101127,Jarrett Jack,9.0,4.0,5.0,1.0,1.0,0.0,3.0,1.0,4.0,0.0,5.0,1.0,15.0,27:46,8.8,1
4,202681,Kyrie Irving,16.0,6.0,12.0,2.0,1.0,0.0,2.0,4.0,4.0,1.0,2.0,5.0,1.0,37:20,11.9,1
5,203079,Dion Waiters,18.0,8.0,17.0,0.0,0.0,0.0,1.0,1.0,4.0,0.0,0.0,2.0,9.0,31:02,11.4,1
6,203521,Matthew Dellavedova,6.0,2.0,4.0,0.0,0.0,0.0,0.0,0.0,3.0,0.0,0.0,0.0,10.0,15:51,6.1,1
7,2760,Anderson Varejao,5.0,2.0,4.0,2.0,1.0,0.0,6.0,1.0,1.0,0.0,3.0,1.0,20.0,20:01,3.9,1
8,203092,Tyler Zeller,7.0,3.0,5.0,1.0,1.0,0.0,5.0,1.0,0.0,0.0,1.0,0.0,11.0,12:24,6.8,1
9,203461,Anthony Bennett,,,,,,,,,,,,,,,0.0,1
10,202197,Shane Edwards,,,,,,,,,,,,,,,0.0,1
11,202087,Alonzo Gee,,,,,,,,,,,,,,,0.0,1
12,2738,Andre Iguodala,11.0,3.0,6.0,2.0,2.0,0.0,2.0,2.0,3.0,0.0,1.0,1.0,13.0,30:47,11.3,0
13,101135,David Lee,16.0,7.0,16.0,2.0,2.0,0.0,5.0,0.0,3.0,0.0,3.0,3.0,-13.0,35:14,7.0,0
14,101106,Andrew Bogut,4.0,2.0,4.0,0.0,0.0,3.0,9.0,0.0,3.0,3.0,5.0,1.0,12.0,27:54,8.0,0
15,203084,Harrison Barnes,6.0,3.0,8.0,4.0,0.0,0.0,5.0,1.0,2.0,1.0,1.0,2.0,7.0,41:05,2.2,0
16,201939,Stephen Curry,27.0,8.0,17.0,7.0,6.0,0.0,4.0,3.0,8.0,0.0,1.0,4.0,3.0,36:01,23.3,0
17,2581,Steve Blake,2.0,1.0,4.0,0.0,0.0,0.0,1.0,0.0,3.0,0.0,0.0,0.0,-28.0,17:54,2.0,0
18,203110,Draymond Green,18.0,7.0,12.0,2.0,2.0,2.0,7.0,0.0,1.0,0.0,2.0,1.0,-12.0,28:02,14.8,0
19,979,Jermaine O'Neal,4.0,2.0,3.0,0.0,0.0,0.0,2.0,0.0,0.0,2.0,3.0,4.0,-10.0,13:26,-0.5,0
20,202348,Jordan Crawford,5.0,2.0,6.0,0.0,0.0,0.0,1.0,0.0,0.0,0.0,0.0,1.0,-10.0,7:11,0.9,0
21,201578,Marreese Speights,1.0,0.0,1.0,2.0,1.0,0.0,1.0,0.0,0.0,0.0,0.0,0.0,-7.0,2:26,0.2,0
22,202691,Klay Thompson,,,,,,,,,,,,,,,0.0,0
