,id,name,PTS,FG,FGA,FTA,FT,OREB,DREB,STL,AST,BLK,PF,TO,PLUS_MINUS,MIN,GS,WIN
0,202323,Evan Turner,21.0,7.0,18.0,4.0,4.0,3.0,7.0,2.0,4.0,0.0,2.0,2.0,4.0,39:05,17.4,0
1,201152,Thaddeus Young,18.0,8.0,13.0,2.0,2.0,2.0,3.0,1.0,2.0,0.0,5.0,1.0,2.0,35:18,13.8,0
2,201150,Spencer Hawes,15.0,5.0,10.0,6.0,5.0,1.0,2.0,1.0,4.0,4.0,3.0,1.0,-10.0,33:55,15.3,0
3,203138,Hollis Thompson,4.0,2.0,8.0,0.0,0.0,1.0,6.0,0.0,1.0,0.0,3.0,1.0,-7.0,25:35,0.2,0
4,203100,Tony Wroten,23.0,8.0,17.0,4.0,2.0,1.0,2.0,1.0,5.0,0.0,0.0,5.0,-5.0,37:19,14.3,0
5,202341,James Anderson,13.0,4.0,10.0,5.0,4.0,0.0,2.0,0.0,1.0,1.0,2.0,2.0,-9.0,30:14,6.4,0
6,202730,Lavoy Allen,4.0,2.0,3.0,0.0,0.0,1.0,7.0,2.0,0.0,0.0,0.0,0.0,-3.0,17:10,7.5,0
7,203561,Brandon Davies,2.0,1.0,2.0,0.0,0.0,2.0,1.0,0.0,0.0,0.0,2.0,1.0,-2.0,8:45,0.9,0
8,203485,Lorenzo Brown,0.0,0.0,2.0,0.0,0.0,0.0,0.0,0.0,2.0,0.0,0.0,3.0,-3.0,10:41,-3.0,0
9,202343,Elliot Williams,0.0,0.0,1.0,0.0,0.0,0.0,0.0,0.0,0.0,0.0,1.0,1.0,-4.0,1:06,-2.1,0
10,202350,Daniel Orton,0.0,0.0,0.0,0.0,0.0,1.0,0.0,0.0,0.0,0.0,0.0,0.0,-3.0,0:52,0.7,0
11,203487,Michael Carter-Williams,,,,,,,,,,,,,,,0.0,0
12,203082,Terrence Ross,24.0,10.0,16.0,0.0,0.0,0.0,5.0,1.0,0.0,1.0,1.0,2.0,-2.0,33:37,17.6,1
13,101161,Amir Johnson,17.0,8.0,11.0,0.0,0.0,1.0,9.0,1.0,1.0,2.0,4.0,0.0,19.0,36:31,17.4,1
14,202685,Jonas Valanciunas,12.0,3.0,10.0,6.0,6.0,4.0,9.0,1.0,1.0,1.0,3.0,4.0,-7.0,31:49,8.9,1
15,201942,DeMar DeRozan,27.0,9.0,19.0,9.0,7.0,1.0,4.0,1.0,6.0,0.0,2.0,2.0,24.0,39:33,20.8,1
16,200768,Kyle Lowry,6.0,2.0,9.0,2.0,2.0,1.0,2.0,1.0,11.0,0.0,3.0,1.0,21.0,34:00,8.3,1
17,202335,Patrick Patterson,5.0,1.0,5.0,3.0,3.0,2.0,3.0,0.0,1.0,1.0,1.0,0.0,0.0,18:36,5.2,1
18,2422,John Salmons,3.0,1.0,3.0,0.0,0.0,0.0,2.0,0.0,2.0,0.0,2.0,1.0,-3.0,19:43,1.5,1
19,202349,Greivis Vasquez,12.0,5.0,7.0,0.0,0.0,0.0,3.0,1.0,2.0,0.0,1.0,4.0,-16.0,17:07,8.0,1
20,201946,Tyler Hansbrough,2.0,0.0,2.0,4.0,2.0,1.0,0.0,2.0,0.0,0.0,2.0,1.0,4.0,9:04,0.7,1
21,202779,Dwight Buycks,,,,,,,,,,,,,,,0.0,1
22,202361,Landry Fields,,,,,,,,,,,,,,,0.0,1
23,200779,Steve Novak,,,,,,,,,,,,,,,0.0,1
24,202933,Julyan Stone,,,,,,,,,,,,,,,0.0,1
