,id,name,PTS,FG,FGA,FTA,FT,OREB,DREB,STL,AST,BLK,PF,TO,PLUS_MINUS,MIN,GS,WIN
0,200779,Steve Novak,0.0,0.0,5.0,0.0,0.0,0.0,0.0,0.0,1.0,0.0,0.0,0.0,6.0,21:55,-2.8,1
1,101161,Amir Johnson,8.0,2.0,5.0,4.0,4.0,3.0,3.0,0.0,1.0,1.0,3.0,3.0,2.0,30:18,5.5,1
2,202685,Jonas Valanciunas,20.0,9.0,14.0,2.0,2.0,4.0,9.0,0.0,1.0,0.0,3.0,0.0,-2.0,31:44,18.8,1
3,203082,Terrence Ross,10.0,3.0,9.0,4.0,2.0,0.0,7.0,0.0,2.0,1.0,1.0,3.0,1.0,33:09,4.9,1
4,200768,Kyle Lowry,31.0,10.0,18.0,8.0,7.0,0.0,5.0,5.0,7.0,0.0,5.0,4.0,1.0,35:16,27.4,1
5,2422,John Salmons,6.0,2.0,6.0,2.0,2.0,0.0,1.0,1.0,3.0,1.0,1.0,2.0,-10.0,27:45,4.3,1
6,202335,Patrick Patterson,15.0,6.0,11.0,2.0,2.0,1.0,2.0,2.0,1.0,0.0,1.0,0.0,5.0,21:28,13.3,1
7,101236,Chuck Hayes,2.0,1.0,2.0,2.0,0.0,2.0,3.0,0.0,1.0,0.0,3.0,2.0,-5.0,12:25,0.0,1
8,202349,Greivis Vasquez,12.0,4.0,9.0,2.0,2.0,0.0,3.0,0.0,4.0,0.0,1.0,4.0,7.0,25:60,6.6,1
9,202779,Dwight Buycks,,,,,,,,,,,,,,,0.0,1
10,201948,Austin Daye,,,,,,,,,,,,,,,0.0,1
11,201942,DeMar DeRozan,,,,,,,,,,,,,,,0.0,1
12,202933,Julyan Stone,,,,,,,,,,,,,,,0.0,1
13,2207,Joe Johnson,12.0,3.0,10.0,5.0,5.0,0.0,3.0,2.0,2.0,0.0,2.0,4.0,-13.0,31:51,5.7,0
14,1718,Paul Pierce,33.0,10.0,16.0,7.0,6.0,1.0,5.0,1.0,2.0,1.0,2.0,1.0,7.0,30:58,28.9,0
15,708,Kevin Garnett,6.0,3.0,8.0,0.0,0.0,1.0,10.0,0.0,0.0,1.0,3.0,2.0,-4.0,26:29,2.8,0
16,101187,Alan Anderson,5.0,2.0,5.0,0.0,0.0,0.0,3.0,1.0,1.0,0.0,0.0,1.0,2.0,28:06,3.9,0
17,2733,Shaun Livingston,9.0,3.0,4.0,4.0,3.0,0.0,1.0,1.0,4.0,0.0,4.0,2.0,-12.0,24:35,7.5,0
18,101114,Deron Williams,9.0,4.0,11.0,2.0,0.0,1.0,3.0,1.0,11.0,0.0,4.0,3.0,18.0,29:11,7.8,0
19,101154,Andray Blatche,20.0,8.0,11.0,4.0,4.0,1.0,5.0,2.0,0.0,1.0,2.0,0.0,3.0,21:31,19.6,0
20,1905,Andrei Kirilenko,4.0,2.0,5.0,0.0,0.0,1.0,1.0,2.0,2.0,1.0,1.0,2.0,1.0,23:55,4.0,0
21,203141,Mirza Teletovic,5.0,2.0,6.0,0.0,0.0,0.0,0.0,0.0,0.0,0.0,2.0,2.0,-8.0,17:02,-1.2,0
22,1891,Jason Terry,0.0,0.0,1.0,0.0,0.0,0.0,0.0,0.0,0.0,0.0,0.0,0.0,1.0,6:23,-0.7,0
23,2501,Reggie Evans,,,,,,,,,,,,,,,0.0,0
24,203486,Mason Plumlee,,,,,,,,,,,,,,,0.0,0
25,203104,Marquis Teague,,,,,,,,,,,,,,,0.0,0
