,id,name,PTS,FG,FGA,FTA,FT,OREB,DREB,STL,AST,BLK,PF,TO,PLUS_MINUS,MIN,GS,WIN
0,2746,Josh Smith,5.0,2.0,13.0,2.0,1.0,1.0,6.0,0.0,1.0,2.0,0.0,1.0,-11.0,22:28,-0.1,0
1,202328,Greg Monroe,6.0,3.0,9.0,2.0,0.0,3.0,3.0,1.0,0.0,0.0,2.0,1.0,-17.0,20:59,2.3,0
2,203083,Andre Drummond,10.0,5.0,12.0,4.0,0.0,8.0,3.0,0.0,1.0,1.0,5.0,2.0,-20.0,23:07,5.9,0
3,203484,Kentavious Caldwell-Pope,0.0,0.0,2.0,0.0,0.0,0.0,0.0,1.0,0.0,1.0,4.0,0.0,-8.0,23:50,-1.3,0
4,201943,Brandon Jennings,21.0,7.0,16.0,7.0,6.0,2.0,2.0,1.0,8.0,0.0,2.0,2.0,-17.0,31:14,18.0,0
5,201155,Rodney Stuckey,6.0,3.0,6.0,0.0,0.0,0.0,0.0,1.0,0.0,0.0,2.0,1.0,-5.0,13:34,2.2,0
6,202713,Kyle Singler,7.0,3.0,5.0,0.0,0.0,0.0,3.0,0.0,1.0,0.0,1.0,1.0,-10.0,26:05,4.9,0
7,202725,Josh Harrellson,9.0,4.0,8.0,0.0,0.0,3.0,3.0,0.0,1.0,1.0,2.0,0.0,5.0,24:21,8.6,0
8,101198,Will Bynum,18.0,8.0,13.0,1.0,1.0,0.0,2.0,1.0,2.0,0.0,3.0,3.0,-4.0,19:55,10.9,0
9,203540,Gigi Datome,2.0,1.0,6.0,0.0,0.0,0.0,4.0,0.0,1.0,0.0,1.0,2.0,-2.0,21:13,-2.3,0
10,201973,Jonas Jerebko,8.0,3.0,5.0,2.0,1.0,2.0,3.0,1.0,1.0,0.0,0.0,2.0,4.0,13:14,7.3,0
11,1497,Chauncey Billups,,,,,,,,,,,,,,,0.0,0
12,101111,Charlie Villanueva,,,,,,,,,,,,,,,0.0,0
13,202699,Tobias Harris,16.0,6.0,10.0,6.0,4.0,1.0,9.0,2.0,2.0,0.0,1.0,0.0,17.0,34:22,17.0,1
14,201175,Glen Davis,14.0,7.0,15.0,1.0,0.0,3.0,5.0,0.0,1.0,0.0,2.0,0.0,18.0,30:41,9.4,1
15,202696,Nikola Vucevic,20.0,9.0,16.0,2.0,2.0,5.0,6.0,1.0,0.0,1.0,3.0,2.0,11.0,34:09,16.2,1
16,201167,Arron Afflalo,23.0,9.0,11.0,4.0,3.0,1.0,2.0,1.0,2.0,0.0,3.0,4.0,11.0,33:21,17.0,1
17,2749,Jameer Nelson,6.0,3.0,7.0,0.0,0.0,0.0,6.0,1.0,5.0,0.0,2.0,2.0,17.0,24:00,5.8,1
18,203506,Victor Oladipo,16.0,5.0,12.0,8.0,5.0,1.0,4.0,1.0,11.0,0.0,5.0,1.0,10.0,36:46,16.0,1
19,203090,Maurice Harkless,2.0,1.0,6.0,0.0,0.0,0.0,3.0,1.0,4.0,0.0,1.0,1.0,3.0,20:34,1.5,1
20,101179,Ronnie Price,7.0,3.0,4.0,0.0,0.0,0.0,0.0,2.0,0.0,0.0,0.0,0.0,1.0,4:31,7.4,1
21,203117,Doron Lamb,0.0,0.0,0.0,0.0,0.0,0.0,1.0,1.0,0.0,0.0,0.0,2.0,-1.0,7:25,-0.7,1
22,101131,Jason Maxiell,4.0,2.0,3.0,0.0,0.0,0.0,0.0,0.0,0.0,1.0,2.0,1.0,2.0,8:23,1.6,1
23,203124,Kyle O'Quinn,1.0,0.0,0.0,2.0,1.0,1.0,1.0,0.0,1.0,0.0,0.0,0.0,-2.0,2:54,2.3,1
24,200780,Solomon Jones,0.0,0.0,1.0,0.0,0.0,0.0,0.0,0.0,0.0,0.0,0.0,0.0,-2.0,2:54,-0.7,1
25,203094,Andrew Nicholson,,,,,,,,,,,,,,,0.0,1
