,id,name,PTS,FG,FGA,FTA,FT,OREB,DREB,STL,AST,BLK,PF,TO,PLUS_MINUS,MIN,GS,WIN
0,2440,Matt Barnes,15.0,6.0,9.0,0.0,0.0,0.0,2.0,1.0,3.0,1.0,3.0,4.0,1.0,31:03,10.3,1
1,201933,Blake Griffin,20.0,7.0,17.0,6.0,6.0,1.0,4.0,2.0,5.0,0.0,2.0,2.0,-2.0,36:22,15.5,1
2,201599,DeAndre Jordan,9.0,4.0,6.0,3.0,1.0,1.0,9.0,2.0,0.0,1.0,3.0,0.0,9.0,36:28,10.5,1
3,201954,Darren Collison,14.0,5.0,15.0,4.0,2.0,1.0,0.0,2.0,4.0,0.0,1.0,1.0,-4.0,41:15,8.8,1
4,101108,Chris Paul,18.0,8.0,12.0,3.0,2.0,0.0,6.0,3.0,7.0,0.0,2.0,2.0,9.0,35:41,19.3,1
5,2584,Willie Green,12.0,4.0,9.0,2.0,1.0,0.0,1.0,1.0,1.0,0.0,4.0,1.0,13.0,19:04,6.3,1
6,101122,Danny Granger,0.0,0.0,4.0,0.0,0.0,1.0,4.0,0.0,0.0,0.0,0.0,1.0,8.0,16:57,-1.9,1
7,201175,Glen Davis,5.0,2.0,2.0,2.0,1.0,2.0,0.0,0.0,0.0,1.0,1.0,0.0,13.0,16:27,5.7,1
8,2045,Hedo Turkoglu,3.0,1.0,2.0,0.0,0.0,0.0,0.0,1.0,0.0,0.0,0.0,0.0,-2.0,6:43,3.0,1
9,203493,Reggie Bullock,,,,,,,,,,,,,,,0.0,1
10,2037,Jamal Crawford,,,,,,,,,,,,,,,0.0,1
11,201162,Jared Dudley,,,,,,,,,,,,,,,0.0,1
12,200797,Ryan Hollins,,,,,,,,,,,,,,,0.0,1
13,2210,Richard Jefferson,14.0,6.0,12.0,1.0,1.0,0.0,3.0,0.0,1.0,0.0,2.0,0.0,-3.0,36:25,8.8,0
14,202683,Enes Kanter,11.0,5.0,17.0,2.0,1.0,3.0,12.0,1.0,0.0,0.0,2.0,2.0,1.0,41:49,4.6,0
15,202324,Derrick Favors,18.0,7.0,10.0,4.0,4.0,4.0,5.0,0.0,1.0,0.0,3.0,1.0,-5.0,30:52,16.6,0
16,202330,Gordon Hayward,7.0,2.0,8.0,2.0,1.0,0.0,3.0,2.0,10.0,1.0,3.0,2.0,4.0,36:54,9.2,0
17,203504,Trey Burke,18.0,7.0,10.0,2.0,2.0,0.0,2.0,1.0,4.0,0.0,2.0,3.0,8.0,35:18,14.4,0
18,202379,Jeremy Evans,6.0,3.0,6.0,0.0,0.0,0.0,4.0,1.0,0.0,1.0,1.0,0.0,-10.0,21:28,5.5,0
19,202692,Alec Burks,10.0,4.0,12.0,2.0,1.0,2.0,1.0,2.0,2.0,0.0,3.0,5.0,-19.0,22:41,1.7,0
20,203197,Diante Garrett,3.0,1.0,2.0,0.0,0.0,0.0,0.0,0.0,0.0,0.0,1.0,1.0,-17.0,12:42,0.6,0
21,203497,Rudy Gobert,0.0,0.0,0.0,0.0,0.0,0.0,0.0,0.0,0.0,1.0,0.0,2.0,-4.0,1:52,-1.3,0
22,2740,Andris Biedrins,,,,,,,,,,,,,,,0.0,0
23,203546,Ian Clark,,,,,,,,,,,,,,,0.0,0
24,201575,Brandon Rush,,,,,,,,,,,,,,,0.0,0
25,202952,Malcolm Thomas,,,,,,,,,,,,,,,0.0,0
