,id,name,PTS,FG,FGA,FTA,FT,OREB,DREB,STL,AST,BLK,PF,TO,PLUS_MINUS,MIN,GS,WIN
0,203090,Maurice Harkless,12.0,4.0,14.0,4.0,3.0,4.0,6.0,2.0,2.0,1.0,3.0,0.0,-10.0,35:52,10.9,0
1,203124,Kyle O'Quinn,9.0,4.0,8.0,2.0,1.0,2.0,3.0,1.0,1.0,1.0,1.0,0.0,-9.0,17:42,8.9,0
2,202696,Nikola Vucevic,19.0,8.0,16.0,4.0,3.0,3.0,10.0,1.0,3.0,0.0,4.0,2.0,-13.0,29:57,15.2,0
3,201167,Arron Afflalo,17.0,7.0,18.0,1.0,1.0,1.0,2.0,0.0,4.0,0.0,3.0,3.0,-16.0,34:56,7.1,0
4,2749,Jameer Nelson,9.0,3.0,10.0,2.0,2.0,0.0,1.0,0.0,5.0,0.0,2.0,2.0,-13.0,29:29,4.2,0
5,202699,Tobias Harris,23.0,11.0,16.0,2.0,1.0,1.0,7.0,2.0,0.0,2.0,1.0,0.0,-4.0,32:09,21.6,0
6,101179,Ronnie Price,2.0,1.0,2.0,0.0,0.0,0.0,0.0,1.0,2.0,0.0,3.0,0.0,1.0,17:02,2.2,0
7,203094,Andrew Nicholson,6.0,3.0,4.0,0.0,0.0,0.0,0.0,0.0,0.0,0.0,5.0,2.0,3.0,9:39,0.4,0
8,202734,E'Twaun Moore,8.0,3.0,4.0,0.0,0.0,0.0,4.0,0.0,4.0,0.0,2.0,0.0,3.0,16:34,9.6,0
9,203117,Doron Lamb,5.0,1.0,3.0,2.0,2.0,1.0,0.0,1.0,3.0,0.0,1.0,0.0,7.0,13:42,6.7,0
10,203519,Adonis Thomas,0.0,0.0,0.0,0.0,0.0,0.0,0.0,0.0,0.0,0.0,0.0,0.0,3.0,1:29,0.0,0
11,203473,Dewayne Dedmon,2.0,1.0,1.0,0.0,0.0,0.0,0.0,0.0,0.0,0.0,1.0,0.0,3.0,1:29,1.3,0
12,101131,Jason Maxiell,,,,,,,,,,,,,,,0.0,0
13,202695,Kawhi Leonard,17.0,5.0,6.0,7.0,6.0,0.0,7.0,2.0,4.0,2.0,1.0,3.0,13.0,37:53,19.3,1
14,1495,Tim Duncan,11.0,4.0,13.0,5.0,3.0,1.0,9.0,1.0,2.0,3.0,2.0,1.0,15.0,28:35,8.8,1
15,201168,Tiago Splitter,14.0,5.0,9.0,5.0,4.0,3.0,3.0,0.0,1.0,1.0,2.0,2.0,9.0,18:00,10.9,1
16,201980,Danny Green,12.0,4.0,4.0,0.0,0.0,1.0,5.0,0.0,4.0,2.0,0.0,2.0,14.0,31:36,15.2,1
17,2225,Tony Parker,30.0,11.0,19.0,8.0,7.0,0.0,1.0,0.0,5.0,0.0,3.0,2.0,19.0,34:00,21.3,1
18,1938,Manu Ginobili,24.0,10.0,17.0,3.0,2.0,1.0,2.0,1.0,5.0,0.0,1.0,1.0,6.0,27:13,20.1,1
19,2564,Boris Diaw,8.0,3.0,5.0,5.0,2.0,2.0,6.0,0.0,2.0,0.0,2.0,0.0,-2.0,21:46,8.3,1
20,201158,Marco Belinelli,0.0,0.0,2.0,0.0,0.0,0.0,3.0,0.0,2.0,0.0,0.0,0.0,-4.0,18:30,0.9,1
21,203382,Aron Baynes,2.0,0.0,0.0,2.0,2.0,0.0,0.0,0.0,1.0,0.0,1.0,1.0,-6.0,4:40,1.3,1
22,201988,Patty Mills,3.0,1.0,6.0,0.0,0.0,0.0,0.0,0.0,0.0,0.0,2.0,1.0,-7.0,14:33,-2.6,1
23,202709,Cory Joseph,0.0,0.0,0.0,0.0,0.0,0.0,0.0,0.0,0.0,0.0,1.0,0.0,-6.0,1:37,-0.4,1
24,2588,Matt Bonner,0.0,0.0,0.0,0.0,0.0,0.0,0.0,0.0,0.0,0.0,0.0,0.0,-6.0,1:37,0.0,1
25,201965,Jeff Ayres,,,,,,,,,,,,,,,0.0,1
