,id,name,PTS,FG,FGA,FTA,FT,OREB,DREB,STL,AST,BLK,PF,TO,PLUS_MINUS,MIN,GS,WIN
0,201947,Earl Clark,7.0,3.0,9.0,0.0,0.0,0.0,6.0,0.0,0.0,0.0,0.0,0.0,-4.0,23:44,3.7,0
1,202684,Tristan Thompson,9.0,3.0,8.0,4.0,3.0,5.0,4.0,1.0,3.0,0.0,2.0,3.0,-8.0,36:01,8.2,0
2,2760,Anderson Varejao,4.0,2.0,6.0,0.0,0.0,4.0,8.0,0.0,1.0,2.0,2.0,2.0,-5.0,35:32,5.1,0
3,101139,CJ Miles,19.0,6.0,19.0,8.0,5.0,1.0,7.0,2.0,0.0,0.0,4.0,1.0,7.0,31:23,9.1,0
4,101127,Jarrett Jack,2.0,1.0,8.0,0.0,0.0,1.0,3.0,0.0,7.0,0.0,2.0,1.0,-9.0,38:25,1.5,0
5,203079,Dion Waiters,26.0,9.0,18.0,6.0,5.0,1.0,1.0,0.0,0.0,1.0,3.0,4.0,-7.0,28:29,13.1,0
6,203092,Tyler Zeller,2.0,1.0,2.0,0.0,0.0,2.0,0.0,0.0,1.0,0.0,5.0,0.0,4.0,6:14,1.1,0
7,203521,Matthew Dellavedova,13.0,4.0,7.0,2.0,1.0,0.0,0.0,1.0,2.0,0.0,3.0,0.0,-6.0,28:49,10.5,0
8,203461,Anthony Bennett,0.0,0.0,2.0,0.0,0.0,0.0,1.0,0.0,0.0,0.0,0.0,0.0,-5.0,8:18,-1.1,0
9,203156,Henry Sims,0.0,0.0,0.0,0.0,0.0,0.0,1.0,0.0,0.0,0.0,1.0,0.0,-2.0,3:05,-0.1,0
10,203467,Carrick Felix,,,,,,,,,,,,,,,0.0,0
11,202087,Alonzo Gee,,,,,,,,,,,,,,,0.0,0
12,203508,Sergey Karasev,,,,,,,,,,,,,,,0.0,0
13,2207,Joe Johnson,2.0,1.0,7.0,0.0,0.0,1.0,2.0,0.0,2.0,0.0,1.0,1.0,12.0,34:46,-1.2,1
14,1718,Paul Pierce,17.0,6.0,14.0,3.0,3.0,1.0,1.0,1.0,5.0,3.0,2.0,3.0,-6.0,34:21,13.4,1
15,2501,Reggie Evans,8.0,3.0,6.0,4.0,2.0,2.0,9.0,1.0,0.0,0.0,2.0,1.0,6.0,27:28,7.5,1
16,2733,Shaun Livingston,6.0,3.0,8.0,0.0,0.0,0.0,3.0,1.0,5.0,1.0,3.0,2.0,7.0,35:00,4.5,1
17,101114,Deron Williams,21.0,7.0,10.0,7.0,6.0,0.0,2.0,0.0,6.0,0.0,2.0,1.0,5.0,37:43,19.4,1
18,1905,Andrei Kirilenko,8.0,2.0,3.0,4.0,4.0,0.0,2.0,0.0,0.0,0.0,1.0,0.0,3.0,14:07,6.9,1
19,101187,Alan Anderson,3.0,1.0,6.0,0.0,0.0,0.0,3.0,0.0,3.0,0.0,3.0,1.0,2.0,23:17,0.0,1
20,101154,Andray Blatche,12.0,4.0,10.0,4.0,4.0,1.0,4.0,1.0,2.0,0.0,2.0,0.0,3.0,20:19,10.1,1
21,203141,Mirza Teletovic,9.0,3.0,6.0,0.0,0.0,1.0,1.0,0.0,1.0,0.0,2.0,0.0,6.0,11:37,6.9,1
22,1891,Jason Terry,3.0,1.0,1.0,0.0,0.0,0.0,0.0,0.0,0.0,0.0,0.0,0.0,3.0,0:42,2.7,1
23,203486,Mason Plumlee,0.0,0.0,0.0,0.0,0.0,0.0,0.0,0.0,0.0,0.0,0.0,0.0,-2.0,0:14,0.0,1
24,203116,Tyshawn Taylor,0.0,0.0,0.0,0.0,0.0,0.0,0.0,0.0,0.0,0.0,0.0,0.0,-2.0,0:14,0.0,1
25,203129,Tornike Shengelia,0.0,0.0,0.0,0.0,0.0,0.0,0.0,0.0,0.0,0.0,0.0,0.0,-2.0,0:14,0.0,1
