,id,name,PTS,FG,FGA,FTA,FT,OREB,DREB,STL,AST,BLK,PF,TO,PLUS_MINUS,MIN,GS,WIN
0,203090,Maurice Harkless,4.0,2.0,7.0,0.0,0.0,0.0,4.0,2.0,2.0,0.0,2.0,3.0,5.0,27:36,0.7,0
1,203124,Kyle O'Quinn,14.0,7.0,10.0,0.0,0.0,5.0,2.0,0.0,0.0,1.0,4.0,0.0,-13.0,20:26,13.0,0
2,202696,Nikola Vucevic,4.0,2.0,9.0,0.0,0.0,3.0,8.0,1.0,3.0,0.0,5.0,2.0,-16.0,34:30,2.1,0
3,201167,Arron Afflalo,18.0,6.0,15.0,4.0,4.0,0.0,2.0,0.0,5.0,0.0,0.0,2.0,-15.0,37:14,12.0,0
4,203506,Victor Oladipo,21.0,6.0,11.0,9.0,7.0,1.0,4.0,2.0,10.0,0.0,3.0,8.0,-4.0,38:48,16.6,0
5,203094,Andrew Nicholson,7.0,3.0,5.0,0.0,0.0,0.0,2.0,0.0,0.0,0.0,0.0,1.0,2.0,7:37,4.3,0
6,202699,Tobias Harris,16.0,7.0,14.0,2.0,2.0,1.0,8.0,0.0,1.0,1.0,1.0,0.0,0.0,22:50,13.1,0
7,202734,E'Twaun Moore,0.0,0.0,3.0,0.0,0.0,0.0,0.0,0.0,0.0,0.0,0.0,0.0,-5.0,8:54,-2.1,0
8,203117,Doron Lamb,5.0,2.0,5.0,0.0,0.0,2.0,1.0,0.0,1.0,0.0,4.0,2.0,-3.0,22:16,1.1,0
9,101179,Ronnie Price,0.0,0.0,1.0,0.0,0.0,0.0,0.0,0.0,4.0,0.0,3.0,0.0,-5.0,9:12,0.9,0
10,203473,Dewayne Dedmon,5.0,2.0,2.0,2.0,1.0,1.0,2.0,0.0,0.0,1.0,2.0,0.0,9.0,10:37,5.2,0
11,101131,Jason Maxiell,,,,,,,,,,,,,,,0.0,0
12,2749,Jameer Nelson,,,,,,,,,,,,,,,0.0,0
13,202325,Wesley Johnson,7.0,2.0,7.0,2.0,2.0,0.0,2.0,0.0,2.0,1.0,1.0,3.0,3.0,20:38,2.2,1
14,201941,Jordan Hill,28.0,9.0,15.0,13.0,10.0,4.0,9.0,0.0,0.0,1.0,1.0,0.0,17.0,32:58,25.7,1
15,2200,Pau Gasol,6.0,3.0,7.0,0.0,0.0,1.0,1.0,0.0,3.0,1.0,1.0,3.0,14.0,18:39,2.7,1
16,201975,Jodie Meeks,13.0,4.0,11.0,4.0,3.0,0.0,0.0,6.0,2.0,0.0,2.0,0.0,11.0,40:28,13.1,1
17,203088,Kendall Marshall,4.0,2.0,7.0,0.0,0.0,0.0,2.0,2.0,3.0,0.0,1.0,5.0,9.0,28:44,-0.8,1
18,201156,Nick Young,26.0,8.0,17.0,9.0,8.0,0.0,3.0,0.0,1.0,0.0,3.0,1.0,4.0,30:35,16.3,1
19,203527,Ryan Kelly,9.0,4.0,5.0,0.0,0.0,1.0,3.0,0.0,1.0,0.0,1.0,0.0,-6.0,21:47,9.0,1
20,203135,Robert Sacre,2.0,1.0,4.0,1.0,0.0,1.0,5.0,0.0,0.0,1.0,2.0,2.0,-7.0,22:36,-0.7,1
21,203145,Kent Bazemore,8.0,4.0,7.0,0.0,0.0,0.0,2.0,1.0,8.0,0.0,4.0,0.0,0.0,23:35,10.3,1
22,202705,MarShon Brooks,,,,,,,,,,,,,,,0.0,1
23,202333,Xavier Henry,,,,,,,,,,,,,,,0.0,1
24,2549,Chris Kaman,,,,,,,,,,,,,,,0.0,1
25,959,Steve Nash,,,,,,,,,,,,,,,0.0,1
