,id,name,PTS,FG,FGA,FTA,FT,OREB,DREB,STL,AST,BLK,PF,TO,PLUS_MINUS,MIN,GS,WIN
0,202325,Wesley Johnson,1.0,0.0,4.0,2.0,1.0,0.0,1.0,0.0,0.0,0.0,1.0,1.0,5.0,14:23,-3.3,0
1,203527,Ryan Kelly,13.0,4.0,9.0,4.0,4.0,3.0,4.0,0.0,2.0,0.0,5.0,1.0,-6.0,34:33,10.0,0
2,2200,Pau Gasol,20.0,8.0,15.0,5.0,4.0,5.0,14.0,3.0,1.0,5.0,3.0,5.0,-4.0,36:41,21.0,0
3,201975,Jodie Meeks,16.0,4.0,10.0,6.0,6.0,0.0,3.0,2.0,7.0,0.0,2.0,2.0,6.0,43:34,15.6,0
4,203088,Kendall Marshall,3.0,1.0,4.0,0.0,0.0,0.0,2.0,2.0,8.0,0.0,1.0,4.0,3.0,39:42,4.4,0
5,201156,Nick Young,31.0,11.0,23.0,7.0,6.0,0.0,5.0,2.0,1.0,0.0,3.0,4.0,-10.0,42:52,17.9,0
6,202412,Manny Harris,5.0,2.0,9.0,0.0,0.0,0.0,6.0,1.0,2.0,0.0,2.0,2.0,-11.0,21:23,0.9,0
7,201941,Jordan Hill,7.0,3.0,4.0,2.0,1.0,0.0,3.0,0.0,0.0,1.0,2.0,1.0,2.0,16:19,4.8,0
8,203135,Robert Sacre,4.0,2.0,5.0,0.0,0.0,1.0,0.0,1.0,1.0,3.0,1.0,1.0,5.0,15:33,4.4,0
9,2581,Steve Blake,,,,,,,,,,,,,,,0.0,0
10,200770,Jordan Farmar,,,,,,,,,,,,,,,0.0,0
11,202333,Xavier Henry,,,,,,,,,,,,,,,0.0,0
12,2549,Chris Kaman,,,,,,,,,,,,,,,0.0,0
13,2399,Mike Dunleavy,12.0,6.0,12.0,0.0,0.0,0.0,3.0,3.0,4.0,1.0,2.0,1.0,-4.0,29:38,11.6,1
14,2430,Carlos Boozer,11.0,4.0,16.0,4.0,3.0,2.0,4.0,0.0,4.0,0.0,2.0,0.0,5.0,28:01,5.6,1
15,201149,Joakim Noah,17.0,6.0,16.0,8.0,5.0,7.0,14.0,2.0,6.0,0.0,5.0,4.0,10.0,41:32,16.3,1
16,202710,Jimmy Butler,13.0,6.0,19.0,2.0,1.0,5.0,6.0,4.0,5.0,1.0,2.0,3.0,2.0,49:41,11.4,1
17,2550,Kirk Hinrich,4.0,2.0,4.0,0.0,0.0,0.0,2.0,1.0,3.0,0.0,3.0,3.0,5.0,19:16,1.5,1
18,201959,Taj Gibson,12.0,3.0,11.0,7.0,6.0,4.0,2.0,2.0,0.0,2.0,3.0,1.0,-3.0,32:01,9.7,1
19,201571,D.J. Augustin,27.0,10.0,16.0,3.0,2.0,1.0,3.0,1.0,4.0,0.0,1.0,3.0,-3.0,37:03,21.4,1
20,203503,Tony Snell,6.0,2.0,7.0,0.0,0.0,0.0,1.0,0.0,0.0,1.0,0.0,0.0,6.0,23:22,2.9,1
21,1737,Nazr Mohammed,0.0,0.0,1.0,0.0,0.0,0.0,1.0,0.0,0.0,0.0,0.0,0.0,-8.0,4:27,-0.4,1
22,201858,Cartier Martin,,,,,,,,,,,,,,,0.0,1
23,203513,Erik Murphy,,,,,,,,,,,,,,,0.0,1
