,id,name,PTS,FG,FGA,FTA,FT,OREB,DREB,STL,AST,BLK,PF,TO,PLUS_MINUS,MIN,GS,WIN
0,202325,Wesley Johnson,4.0,2.0,6.0,0.0,0.0,3.0,2.0,2.0,2.0,0.0,5.0,0.0,-5.0,24:58,4.7,1
1,201941,Jordan Hill,2.0,1.0,9.0,0.0,0.0,4.0,8.0,0.0,1.0,0.0,4.0,1.0,1.0,20:34,-0.6,1
2,2200,Pau Gasol,21.0,9.0,17.0,4.0,3.0,1.0,7.0,0.0,0.0,1.0,0.0,4.0,-5.0,34:34,11.8,1
3,201975,Jodie Meeks,11.0,3.0,10.0,4.0,4.0,1.0,1.0,0.0,3.0,0.0,2.0,1.0,-7.0,31:19,6.5,1
4,2581,Steve Blake,9.0,3.0,8.0,2.0,1.0,0.0,4.0,0.0,10.0,0.0,1.0,1.0,1.0,29:10,11.0,1
5,200761,Shawne Williams,4.0,1.0,7.0,2.0,1.0,1.0,9.0,0.0,1.0,2.0,5.0,0.0,4.0,24:31,2.6,1
6,201156,Nick Young,26.0,8.0,16.0,6.0,6.0,1.0,0.0,1.0,1.0,1.0,5.0,1.0,5.0,32:45,18.1,1
7,200770,Jordan Farmar,15.0,5.0,9.0,0.0,0.0,0.0,4.0,2.0,3.0,2.0,1.0,2.0,9.0,21:50,15.0,1
8,202333,Xavier Henry,5.0,1.0,1.0,4.0,3.0,0.0,1.0,0.0,0.0,0.0,1.0,0.0,11.0,12:38,4.2,1
9,203135,Robert Sacre,2.0,1.0,2.0,0.0,0.0,0.0,1.0,0.0,0.0,1.0,0.0,0.0,11.0,7:42,2.0,1
10,2549,Chris Kaman,,,,,,,,,,,,,,,0.0,1
11,959,Steve Nash,,,,,,,,,,,,,,,0.0,1
12,1718,Paul Pierce,12.0,4.0,17.0,3.0,2.0,0.0,6.0,0.0,5.0,0.0,3.0,4.0,-10.0,33:10,1.4,0
13,708,Kevin Garnett,4.0,2.0,5.0,0.0,0.0,4.0,5.0,0.0,0.0,2.0,4.0,1.0,-8.0,23:25,4.4,0
14,101154,Andray Blatche,14.0,4.0,10.0,7.0,6.0,2.0,6.0,2.0,3.0,2.0,3.0,1.0,6.0,26:59,14.7,0
15,2207,Joe Johnson,18.0,6.0,19.0,4.0,4.0,1.0,3.0,0.0,3.0,1.0,4.0,1.0,1.0,36:32,8.9,0
16,2733,Shaun Livingston,5.0,2.0,5.0,2.0,1.0,0.0,2.0,1.0,3.0,0.0,1.0,0.0,2.0,24:51,5.2,0
17,101187,Alan Anderson,14.0,5.0,13.0,2.0,1.0,1.0,3.0,1.0,3.0,0.0,2.0,0.0,0.0,34:57,10.4,0
18,203486,Mason Plumlee,6.0,2.0,3.0,2.0,2.0,1.0,3.0,1.0,0.0,4.0,3.0,0.0,9.0,20:55,8.9,0
19,203141,Mirza Teletovic,17.0,4.0,8.0,6.0,5.0,1.0,4.0,1.0,2.0,1.0,1.0,1.0,-8.0,20:58,16.2,0
20,2501,Reggie Evans,0.0,0.0,0.0,0.0,0.0,1.0,0.0,0.0,0.0,0.0,0.0,0.0,-6.0,3:40,0.7,0
21,203116,Tyshawn Taylor,4.0,2.0,3.0,0.0,0.0,0.0,1.0,0.0,2.0,0.0,2.0,4.0,-11.0,14:33,-0.4,0
22,203129,Tornike Shengelia,,,,,,,,,,,,,,,0.0,0
23,1891,Jason Terry,,,,,,,,,,,,,,,0.0,0
24,101114,Deron Williams,,,,,,,,,,,,,,,0.0,0
