,id,name,PTS,FG,FGA,FTA,FT,OREB,DREB,STL,AST,BLK,PF,TO,PLUS_MINUS,MIN,GS,WIN
0,2430,Carlos Boozer,12.0,6.0,10.0,0.0,0.0,3.0,9.0,2.0,0.0,0.0,2.0,4.0,-3.0,31:49,9.4,0
1,2399,Mike Dunleavy,20.0,7.0,24.0,3.0,3.0,2.0,6.0,3.0,3.0,1.0,5.0,3.0,3.0,45:14,10.0,0
2,201149,Joakim Noah,12.0,3.0,5.0,8.0,6.0,5.0,6.0,0.0,4.0,3.0,3.0,5.0,-5.0,36:54,12.9,0
3,2550,Kirk Hinrich,11.0,3.0,11.0,4.0,3.0,1.0,3.0,4.0,3.0,0.0,3.0,3.0,1.0,39:46,7.6,0
4,203503,Tony Snell,4.0,1.0,7.0,2.0,1.0,1.0,1.0,0.0,1.0,1.0,1.0,2.0,-7.0,34:03,-0.9,0
5,203104,Marquis Teague,7.0,2.0,7.0,4.0,3.0,0.0,2.0,0.0,1.0,0.0,2.0,2.0,3.0,20:21,1.0,0
6,201959,Taj Gibson,12.0,2.0,6.0,8.0,8.0,2.0,5.0,0.0,0.0,2.0,2.0,3.0,6.0,24:38,9.1,0
7,203513,Erik Murphy,0.0,0.0,0.0,0.0,0.0,0.0,0.0,0.0,0.0,0.0,0.0,0.0,-15.0,4:36,0.0,0
8,1737,Nazr Mohammed,0.0,0.0,2.0,0.0,0.0,2.0,0.0,0.0,0.0,0.0,1.0,0.0,-8.0,2:39,-0.4,0
9,202710,Jimmy Butler,,,,,,,,,,,,,,,0.0,0
10,2736,Luol Deng,,,,,,,,,,,,,,,0.0,0
11,2229,Mike James,,,,,,,,,,,,,,,0.0,0
12,2546,Carmelo Anthony,30.0,9.0,21.0,12.0,11.0,3.0,7.0,3.0,4.0,1.0,4.0,2.0,-2.0,40:45,25.6,1
13,2030,Kenyon Martin,3.0,0.0,3.0,4.0,3.0,2.0,5.0,2.0,2.0,4.0,5.0,2.0,16.0,34:52,5.6,1
14,200745,Andrea Bargnani,8.0,4.0,10.0,1.0,0.0,0.0,3.0,1.0,1.0,1.0,1.0,1.0,-1.0,26:38,4.1,1
15,203143,Pablo Prigioni,6.0,2.0,9.0,0.0,0.0,1.0,1.0,4.0,2.0,0.0,1.0,0.0,1.0,30:32,6.5,1
16,202697,Iman Shumpert,0.0,0.0,2.0,0.0,0.0,1.0,2.0,2.0,2.0,0.0,0.0,1.0,6.0,13:00,2.3,1
17,2747,JR Smith,7.0,2.0,8.0,2.0,2.0,0.0,2.0,1.0,2.0,0.0,4.0,2.0,0.0,28:42,1.6,1
18,2405,Amar'e Stoudemire,14.0,7.0,11.0,0.0,0.0,3.0,6.0,2.0,1.0,1.0,4.0,1.0,2.0,29:40,13.8,1
19,2757,Beno Udrih,8.0,4.0,5.0,0.0,0.0,0.0,2.0,1.0,2.0,0.0,1.0,4.0,4.0,17:28,4.7,1
20,203501,Tim Hardaway Jr.,7.0,3.0,7.0,0.0,0.0,0.0,1.0,0.0,1.0,0.0,1.0,0.0,-1.0,18:23,3.9,1
21,202332,Cole Aldrich,,,,,,,,,,,,,,,0.0,1
22,101109,Raymond Felton,,,,,,,,,,,,,,,0.0,1
23,203315,Toure' Murry,,,,,,,,,,,,,,,0.0,1
24,1897,Metta World Peace,,,,,,,,,,,,,,,0.0,1
