,id,name,PTS,FG,FGA,FTA,FT,OREB,DREB,STL,AST,BLK,PF,TO,PLUS_MINUS,MIN,GS,WIN
0,202695,Kawhi Leonard,15,4,11,6,5,1,6,1,1,1,3,0,7.0,30:54,12.2,1
1,1495,Tim Duncan,10,3,12,6,4,3,6,0,6,2,2,0,14.0,33:52,10.7,1
2,201168,Tiago Splitter,11,5,8,1,1,3,8,0,0,1,2,1,15.0,21:25,10.8,1
3,201980,Danny Green,3,1,6,0,0,2,2,0,0,0,0,0,6.0,17:31,1.2,1
4,2225,Tony Parker,14,6,15,1,1,0,5,1,4,1,3,4,8.0,28:03,6.7,1
5,1938,Manu Ginobili,14,4,11,7,6,0,3,1,1,1,2,1,13.0,23:31,9.0,1
6,2564,Boris Diaw,2,1,4,0,0,0,3,0,1,0,1,1,0.0,16:13,-0.2,1
7,201158,Marco Belinelli,17,7,12,3,2,0,1,3,2,1,2,0,9.0,22:04,15.6,1
8,201988,Patty Mills,8,3,8,2,2,1,0,1,0,0,1,0,6.0,17:30,4.9,1
9,203382,Aron Baynes,2,1,1,0,0,2,0,0,2,0,1,2,2.0,10:24,2.1,1
10,2588,Matt Bonner,0,0,2,0,0,1,2,0,1,0,0,0,9.0,14:02,0.6,1
11,202709,Cory Joseph,3,1,2,1,1,0,0,0,0,0,0,0,6.0,2:44,2.0,1
12,201965,Jeff Ayres,0,0,1,0,0,0,3,0,0,0,0,0,5.0,1:48,0.2,1
13,200752,Rudy Gay,14,4,14,5,5,1,4,0,3,2,1,4,-14.0,32:18,6.8,0
14,2501,Reggie Evans,2,1,3,2,0,3,4,0,0,0,3,0,-6.0,20:60,1.6,0
15,202326,DeMarcus Cousins,15,7,18,2,1,1,12,2,5,5,3,3,-13.0,37:23,13.9,0
16,203463,Ben McLemore,9,4,7,0,0,0,4,0,1,0,5,2,-7.0,26:21,3.6,0
17,202738,Isaiah Thomas,18,7,17,7,4,0,3,1,4,0,4,4,-16.0,37:13,6.8,0
18,202682,Derrick Williams,4,2,4,0,0,1,5,0,2,0,0,0,-14.0,26:17,5.6,0
19,2566,Travis Outlaw,13,5,9,2,1,0,3,0,0,1,2,0,-15.0,29:14,9.1,0
20,201574,Jason Thompson,0,0,2,0,0,0,5,0,1,0,2,1,-3.0,15:49,-1.0,0
21,203492,Ray McCallum,4,2,6,0,0,1,1,0,1,1,2,1,-10.0,12:18,1.2,0
22,201189,Aaron Gray,0,0,0,0,0,0,0,0,0,0,0,0,-2.0,1:11,0.0,0
23,203091,Royce White,0,0,0,0,0,0,0,0,0,0,0,0,0.0,0:56,0.0,0
