,id,name,PTS,FG,FGA,FTA,FT,OREB,DREB,STL,AST,BLK,PF,TO,PLUS_MINUS,MIN,GS,WIN
0,201604,Chris Douglas-Roberts,10.0,4.0,9.0,2.0,1.0,0.0,4.0,0.0,2.0,1.0,1.0,1.0,4.0,35:25,6.8,1
1,201177,Josh McRoberts,5.0,2.0,6.0,0.0,0.0,3.0,8.0,1.0,4.0,1.0,2.0,2.0,9.0,36:41,7.8,1
2,2744,Al Jefferson,27.0,11.0,21.0,7.0,5.0,1.0,8.0,2.0,2.0,1.0,4.0,2.0,3.0,38:31,19.5,1
3,201945,Gerald Henderson,16.0,7.0,13.0,2.0,1.0,0.0,3.0,1.0,3.0,0.0,2.0,0.0,5.0,34:49,12.5,1
4,202689,Kemba Walker,30.0,12.0,19.0,3.0,2.0,0.0,4.0,1.0,6.0,0.0,1.0,2.0,21.0,35:33,25.1,1
5,201196,Ramon Sessions,12.0,5.0,9.0,4.0,2.0,1.0,1.0,0.0,3.0,0.0,0.0,2.0,3.0,22:15,8.0,1
6,203469,Cody Zeller,6.0,2.0,2.0,3.0,2.0,1.0,1.0,0.0,2.0,0.0,2.0,1.0,1.0,11:19,5.6,1
7,201229,Anthony Tolliver,6.0,2.0,3.0,0.0,0.0,0.0,2.0,0.0,0.0,1.0,1.0,0.0,-3.0,15:58,5.6,1
8,202687,Bismack Biyombo,1.0,0.0,1.0,2.0,1.0,0.0,1.0,0.0,0.0,0.0,6.0,1.0,7.0,9:29,-3.2,1
9,202399,Jeff Adrien,,,,,,,,,,,,,,,0.0,1
10,2732,Ben Gordon,,,,,,,,,,,,,,,0.0,1
11,2457,Jannero Pargo,,,,,,,,,,,,,,,0.0,1
12,203106,Jeffery Taylor,,,,,,,,,,,,,,,0.0,1
13,200752,Rudy Gay,17.0,8.0,14.0,2.0,1.0,4.0,6.0,0.0,4.0,0.0,2.0,4.0,-3.0,40:54,12.6,0
14,201574,Jason Thompson,15.0,7.0,9.0,2.0,1.0,4.0,10.0,0.0,0.0,0.0,4.0,2.0,0.0,31:23,13.3,0
15,202326,DeMarcus Cousins,26.0,8.0,23.0,14.0,10.0,5.0,6.0,4.0,2.0,0.0,4.0,2.0,-10.0,38:03,18.6,0
16,203463,Ben McLemore,5.0,2.0,8.0,0.0,0.0,1.0,2.0,0.0,0.0,1.0,1.0,1.0,6.0,21:39,0.8,0
17,202738,Isaiah Thomas,21.0,9.0,17.0,1.0,1.0,1.0,2.0,1.0,8.0,1.0,5.0,3.0,-5.0,34:45,16.3,0
18,202682,Derrick Williams,5.0,2.0,4.0,0.0,0.0,1.0,1.0,2.0,0.0,1.0,2.0,0.0,-11.0,17:49,5.9,0
19,203112,Quincy Acy,0.0,0.0,0.0,0.0,0.0,0.0,3.0,0.0,1.0,2.0,2.0,1.0,-4.0,14:36,1.2,0
20,201977,Marcus Thornton,12.0,5.0,10.0,0.0,0.0,1.0,3.0,1.0,0.0,0.0,1.0,1.0,-16.0,26:21,8.2,0
21,202690,Jimmer Fredette,2.0,1.0,7.0,0.0,0.0,0.0,2.0,0.0,2.0,0.0,1.0,0.0,-5.0,13:15,-0.9,0
22,201189,Aaron Gray,0.0,0.0,0.0,0.0,0.0,0.0,0.0,0.0,0.0,0.0,1.0,0.0,-2.0,1:15,-0.4,0
23,203492,Ray McCallum,,,,,,,,,,,,,,,0.0,0
24,202380,Hamady Ndiaye,,,,,,,,,,,,,,,0.0,0
25,2566,Travis Outlaw,,,,,,,,,,,,,,,0.0,0
