,id,name,PTS,FG,FGA,FTA,FT,OREB,DREB,STL,AST,BLK,PF,TO,PLUS_MINUS,MIN,GS,WIN
0,201142,Kevin Durant,32.0,12.0,17.0,7.0,7.0,1.0,13.0,2.0,10.0,1.0,4.0,3.0,14.0,43:59,34.6,1
1,201586,Serge Ibaka,25.0,12.0,16.0,2.0,1.0,3.0,8.0,1.0,1.0,5.0,2.0,5.0,2.0,33:03,22.1,1
2,2570,Kendrick Perkins,3.0,1.0,4.0,2.0,1.0,2.0,5.0,0.0,1.0,0.0,3.0,3.0,0.0,21:04,-0.4,1
3,200757,Thabo Sefolosha,11.0,3.0,7.0,4.0,3.0,0.0,1.0,0.0,0.0,0.0,1.0,2.0,1.0,31:06,4.8,1
4,202704,Reggie Jackson,5.0,1.0,9.0,3.0,3.0,0.0,2.0,1.0,5.0,0.0,2.0,4.0,-4.0,28:37,-0.6,1
5,2555,Nick Collison,12.0,5.0,6.0,3.0,2.0,1.0,2.0,2.0,1.0,1.0,3.0,0.0,11.0,26:22,12.9,1
6,203087,Jeremy Lamb,5.0,2.0,9.0,0.0,0.0,0.0,2.0,1.0,1.0,0.0,3.0,0.0,10.0,19:41,0.6,1
7,203500,Steven Adams,1.0,0.0,0.0,2.0,1.0,1.0,0.0,0.0,1.0,1.0,1.0,1.0,7.0,8:06,1.3,1
8,965,Derek Fisher,2.0,1.0,5.0,0.0,0.0,1.0,1.0,2.0,3.0,0.0,2.0,2.0,17.0,20:41,1.2,1
9,203103,Perry Jones III,6.0,3.0,3.0,0.0,0.0,0.0,1.0,0.0,0.0,0.0,0.0,0.0,1.0,6:47,5.4,1
10,203460,Andre Roberson,1.0,0.0,0.0,2.0,1.0,0.0,0.0,1.0,0.0,0.0,0.0,0.0,1.0,0:34,1.6,1
11,2767,Royal Ivey,,,,,,,,,,,,,,,0.0,1
12,201934,Hasheem Thabeet,,,,,,,,,,,,,,,0.0,1
13,202323,Evan Turner,15.0,4.0,11.0,8.0,7.0,0.0,5.0,0.0,6.0,0.0,2.0,1.0,-3.0,34:12,12.4,0
14,201152,Thaddeus Young,13.0,5.0,17.0,3.0,2.0,6.0,4.0,8.0,3.0,0.0,5.0,3.0,-16.0,36:19,13.2,0
15,201150,Spencer Hawes,14.0,6.0,15.0,0.0,0.0,1.0,5.0,0.0,3.0,1.0,3.0,3.0,-8.0,32:21,6.7,0
16,202341,James Anderson,19.0,7.0,16.0,5.0,4.0,3.0,2.0,3.0,1.0,1.0,1.0,1.0,-7.0,33:26,15.9,0
17,203487,Michael Carter-Williams,8.0,4.0,13.0,1.0,0.0,2.0,1.0,2.0,4.0,2.0,2.0,2.0,-11.0,33:18,5.2,0
18,203100,Tony Wroten,9.0,3.0,8.0,4.0,3.0,0.0,1.0,0.0,2.0,0.0,1.0,3.0,-6.0,16:32,2.5,0
19,203473,Dewayne Dedmon,1.0,0.0,0.0,2.0,1.0,1.0,3.0,0.0,0.0,0.0,4.0,0.0,3.0,10:12,0.6,0
20,203138,Hollis Thompson,3.0,1.0,2.0,2.0,1.0,0.0,2.0,1.0,1.0,0.0,0.0,0.0,-5.0,14:34,3.9,0
21,202730,Lavoy Allen,5.0,2.0,5.0,2.0,1.0,6.0,1.0,1.0,1.0,0.0,3.0,1.0,-5.0,16:33,5.9,0
22,202343,Elliot Williams,4.0,2.0,3.0,0.0,0.0,0.0,1.0,0.0,1.0,0.0,1.0,1.0,-2.0,12:33,2.3,0
23,203485,Lorenzo Brown,,,,,,,,,,,,,,,0.0,0
24,203102,Arnett Moultrie,,,,,,,,,,,,,,,0.0,0
