,id,name,PTS,FG,FGA,FTA,FT,OREB,DREB,STL,AST,BLK,PF,TO,PLUS_MINUS,MIN,GS,WIN
0,2772,Trevor Ariza,27.0,10.0,17.0,3.0,2.0,2.0,5.0,4.0,0.0,0.0,2.0,4.0,-9.0,37:19,20.8,0
1,2403,Nene,14.0,3.0,7.0,14.0,8.0,4.0,3.0,3.0,3.0,0.0,3.0,6.0,-1.0,33:11,9.5,0
2,101162,Marcin Gortat,12.0,6.0,11.0,0.0,0.0,3.0,9.0,1.0,0.0,4.0,1.0,2.0,-3.0,34:42,12.9,0
3,203078,Bradley Beal,9.0,2.0,10.0,6.0,5.0,0.0,3.0,0.0,7.0,0.0,4.0,0.0,10.0,36:41,6.6,0
4,202322,John Wall,14.0,5.0,10.0,4.0,3.0,0.0,5.0,1.0,10.0,0.0,1.0,3.0,-2.0,34:06,14.7,0
5,101110,Martell Webster,6.0,2.0,5.0,2.0,2.0,2.0,2.0,0.0,1.0,0.0,1.0,1.0,-25.0,19:42,4.6,0
6,1733,Al Harrington,8.0,3.0,8.0,0.0,0.0,0.0,2.0,1.0,0.0,0.0,3.0,0.0,-12.0,19:05,4.0,0
7,202338,Kevin Seraphin,0.0,0.0,0.0,0.0,0.0,0.0,0.0,0.0,0.0,0.0,3.0,0.0,-7.0,2:45,-1.2,0
8,201953,Eric Maynor,2.0,1.0,5.0,0.0,0.0,0.0,3.0,1.0,3.0,0.0,2.0,1.0,-8.0,13:54,1.1,0
9,202344,Trevor Booker,0.0,0.0,1.0,0.0,0.0,0.0,0.0,0.0,0.0,0.0,0.0,0.0,-2.0,4:38,-0.7,0
10,203318,Glen Rice,3.0,1.0,1.0,0.0,0.0,0.0,1.0,0.0,0.0,0.0,0.0,1.0,3.0,1:19,2.0,0
11,202066,Garrett Temple,0.0,0.0,0.0,0.0,0.0,0.0,0.0,1.0,0.0,0.0,0.0,1.0,3.0,1:19,0.0,0
12,202686,Jan Vesely,0.0,0.0,0.0,0.0,0.0,0.0,0.0,0.0,0.0,0.0,0.0,0.0,3.0,1:19,0.0,0
13,1890,Shawn Marion,8.0,4.0,7.0,0.0,0.0,2.0,7.0,1.0,2.0,1.0,3.0,4.0,-5.0,33:04,6.1,1
14,1717,Dirk Nowitzki,19.0,8.0,19.0,2.0,1.0,1.0,7.0,2.0,2.0,1.0,3.0,1.0,16.0,31:33,13.2,1
15,2223,Samuel Dalembert,15.0,5.0,7.0,6.0,5.0,3.0,2.0,2.0,1.0,0.0,2.0,1.0,-7.0,22:46,15.3,1
16,101145,Monta Ellis,19.0,7.0,16.0,5.0,4.0,0.0,4.0,0.0,7.0,0.0,3.0,4.0,4.0,37:23,11.1,1
17,101181,Jose Calderon,11.0,4.0,8.0,0.0,0.0,0.0,1.0,2.0,4.0,0.0,2.0,2.0,-2.0,33:10,9.3,1
18,1713,Vince Carter,16.0,6.0,13.0,0.0,0.0,1.0,2.0,0.0,3.0,0.0,4.0,0.0,16.0,25:40,11.1,1
19,203109,Jae Crowder,4.0,2.0,5.0,1.0,0.0,0.0,1.0,1.0,3.0,0.0,1.0,0.0,8.0,17:38,3.9,1
20,201971,DeJuan Blair,9.0,4.0,6.0,3.0,1.0,4.0,7.0,0.0,1.0,0.0,2.0,1.0,20.0,23:55,9.4,1
21,203539,Gal Mekel,4.0,1.0,2.0,2.0,2.0,0.0,0.0,1.0,2.0,0.0,0.0,1.0,6.0,12:12,4.4,1
22,203495,Ricky Ledo,0.0,0.0,1.0,0.0,0.0,0.0,0.0,0.0,0.0,0.0,0.0,0.0,-3.0,1:19,-0.7,1
23,203108,Bernard James,0.0,0.0,0.0,0.0,0.0,0.0,0.0,0.0,0.0,0.0,0.0,1.0,-3.0,1:19,-1.0,1
24,201961,Wayne Ellington,,,,,,,,,,,,,,,0.0,1
