,id,name,PTS,FG,FGA,FTA,FT,OREB,DREB,STL,AST,BLK,PF,TO,PLUS_MINUS,MIN,GS,WIN
0,2736,Luol Deng,19.0,8.0,15.0,4.0,3.0,3.0,3.0,1.0,1.0,0.0,2.0,2.0,-6.0,33:53,13.2,0
1,202684,Tristan Thompson,10.0,5.0,9.0,0.0,0.0,3.0,5.0,0.0,0.0,0.0,0.0,0.0,-10.0,31:16,9.3,0
2,201150,Spencer Hawes,13.0,5.0,13.0,2.0,2.0,0.0,7.0,0.0,1.0,0.0,5.0,1.0,-16.0,36:12,5.7,0
3,101127,Jarrett Jack,10.0,3.0,6.0,4.0,4.0,1.0,1.0,0.0,6.0,1.0,1.0,3.0,-4.0,27:05,9.5,0
4,202681,Kyrie Irving,13.0,5.0,17.0,6.0,3.0,3.0,3.0,2.0,5.0,0.0,5.0,4.0,-10.0,35:46,4.4,0
5,203092,Tyler Zeller,5.0,2.0,5.0,2.0,1.0,4.0,1.0,1.0,0.0,0.0,3.0,2.0,1.0,16:44,2.8,0
6,203079,Dion Waiters,19.0,8.0,18.0,2.0,2.0,1.0,4.0,3.0,1.0,0.0,1.0,0.0,-4.0,32:11,14.8,0
7,203521,Matthew Dellavedova,3.0,1.0,2.0,0.0,0.0,0.0,2.0,0.0,1.0,0.0,2.0,0.0,-5.0,15:09,2.5,0
8,203461,Anthony Bennett,0.0,0.0,1.0,0.0,0.0,0.0,0.0,0.0,1.0,0.0,0.0,1.0,9.0,11:45,-1.0,0
9,202087,Alonzo Gee,,,,,,,,,,,,,,,0.0,0
10,101139,CJ Miles,,,,,,,,,,,,,,,0.0,0
11,202620,Arinze Onuaku,,,,,,,,,,,,,,,0.0,0
12,2760,Anderson Varejao,,,,,,,,,,,,,,,0.0,0
13,203077,Michael Kidd-Gilchrist,8.0,3.0,5.0,2.0,2.0,0.0,0.0,0.0,0.0,2.0,0.0,1.0,6.0,23:35,6.1,1
14,201177,Josh McRoberts,11.0,4.0,9.0,0.0,0.0,1.0,2.0,0.0,7.0,0.0,3.0,0.0,6.0,37:58,11.3,1
15,2744,Al Jefferson,28.0,12.0,18.0,4.0,4.0,1.0,6.0,1.0,2.0,3.0,1.0,4.0,18.0,38:57,22.8,1
16,201604,Chris Douglas-Roberts,14.0,4.0,10.0,4.0,2.0,1.0,8.0,2.0,1.0,1.0,1.0,0.0,12.0,32:41,13.9,1
17,202689,Kemba Walker,20.0,5.0,13.0,9.0,9.0,0.0,3.0,2.0,14.0,1.0,4.0,1.0,12.0,35:01,23.7,1
18,203469,Cody Zeller,7.0,2.0,4.0,3.0,3.0,1.0,3.0,1.0,1.0,0.0,3.0,0.0,-1.0,16:24,7.1,1
19,202390,Gary Neal,10.0,5.0,10.0,0.0,0.0,0.0,1.0,0.0,0.0,0.0,1.0,2.0,-6.0,18:14,2.9,1
20,201229,Anthony Tolliver,3.0,1.0,5.0,0.0,0.0,2.0,3.0,0.0,0.0,2.0,1.0,0.0,6.0,21:30,3.2,1
21,2557,Luke Ridnour,0.0,0.0,3.0,0.0,0.0,1.0,2.0,0.0,1.0,0.0,2.0,4.0,-3.0,12:59,-4.9,1
22,202687,Bismack Biyombo,0.0,0.0,0.0,0.0,0.0,1.0,1.0,0.0,0.0,1.0,1.0,0.0,-5.0,2:41,1.3,1
23,203120,Justin Hamilton,,,,,,,,,,,,,,,0.0,1
24,201945,Gerald Henderson,,,,,,,,,,,,,,,0.0,1
25,2457,Jannero Pargo,,,,,,,,,,,,,,,0.0,1
