,id,name,PTS,FG,FGA,FTA,FT,OREB,DREB,STL,AST,BLK,PF,TO,PLUS_MINUS,MIN,GS,WIN
0,2430,Carlos Boozer,8.0,4.0,9.0,0.0,0.0,2.0,5.0,0.0,5.0,0.0,4.0,1.0,-4.0,24:00,7.1,0
1,2399,Mike Dunleavy,13.0,4.0,9.0,4.0,4.0,0.0,3.0,1.0,0.0,0.0,1.0,0.0,-6.0,32:43,9.8,0
2,201149,Joakim Noah,13.0,2.0,5.0,11.0,9.0,4.0,13.0,1.0,9.0,1.0,4.0,4.0,-5.0,40:26,18.6,0
3,202710,Jimmy Butler,17.0,6.0,11.0,6.0,3.0,0.0,3.0,1.0,3.0,0.0,3.0,2.0,-10.0,45:06,11.3,0
4,2550,Kirk Hinrich,11.0,4.0,13.0,2.0,2.0,1.0,3.0,0.0,3.0,0.0,1.0,1.0,-8.0,32:56,5.8,0
5,201571,D.J. Augustin,12.0,3.0,13.0,6.0,4.0,1.0,2.0,0.0,3.0,0.0,1.0,4.0,-8.0,30:21,2.3,0
6,201959,Taj Gibson,13.0,5.0,13.0,3.0,3.0,3.0,4.0,0.0,0.0,0.0,4.0,3.0,-8.0,27:15,4.6,0
7,1737,Nazr Mohammed,2.0,1.0,1.0,0.0,0.0,1.0,0.0,0.0,0.0,0.0,1.0,0.0,-5.0,4:19,2.0,0
8,203503,Tony Snell,0.0,0.0,0.0,0.0,0.0,0.0,0.0,1.0,0.0,0.0,0.0,1.0,-1.0,2:54,0.0,0
9,200758,Ronnie Brewer,,,,,,,,,,,,,,,0.0,0
10,202690,Jimmer Fredette,,,,,,,,,,,,,,,0.0,0
11,2229,Mike James,,,,,,,,,,,,,,,0.0,0
12,203129,Tornike Shengelia,,,,,,,,,,,,,,,0.0,0
13,2546,Carmelo Anthony,17.0,7.0,13.0,3.0,2.0,1.0,0.0,1.0,3.0,0.0,4.0,2.0,5.0,28:17,10.5,1
14,2405,Amar'e Stoudemire,12.0,5.0,8.0,3.0,2.0,2.0,1.0,1.0,2.0,1.0,2.0,0.0,7.0,34:26,12.0,1
15,2199,Tyson Chandler,1.0,0.0,2.0,2.0,1.0,1.0,11.0,1.0,1.0,1.0,2.0,2.0,10.0,29:39,2.8,1
16,101109,Raymond Felton,14.0,5.0,14.0,4.0,3.0,0.0,1.0,1.0,7.0,0.0,4.0,1.0,3.0,35:33,9.4,1
17,2747,JR Smith,17.0,6.0,13.0,0.0,0.0,0.0,3.0,1.0,1.0,0.0,0.0,1.0,9.0,22:10,11.9,1
18,202697,Iman Shumpert,10.0,5.0,11.0,0.0,0.0,0.0,7.0,1.0,0.0,0.0,3.0,1.0,8.0,31:44,5.2,1
19,203501,Tim Hardaway Jr.,20.0,5.0,12.0,8.0,8.0,0.0,1.0,3.0,0.0,0.0,2.0,0.0,2.0,26:33,16.1,1
20,203143,Pablo Prigioni,3.0,1.0,3.0,1.0,1.0,0.0,0.0,0.0,0.0,0.0,4.0,0.0,6.0,11:37,-0.3,1
21,202332,Cole Aldrich,6.0,3.0,5.0,0.0,0.0,3.0,5.0,0.0,2.0,3.0,4.0,2.0,1.0,18:21,7.2,1
22,203315,Toure' Murry,0.0,0.0,0.0,0.0,0.0,0.0,0.0,0.0,0.0,0.0,0.0,0.0,2.0,0:50,0.0,1
23,202719,Jeremy Tyler,0.0,0.0,0.0,0.0,0.0,0.0,0.0,0.0,0.0,0.0,0.0,0.0,2.0,0:50,0.0,1
24,200769,Shannon Brown,,,,,,,,,,,,,,,0.0,1
