,id,name,PTS,FG,FGA,FTA,FT,OREB,DREB,STL,AST,BLK,PF,TO,PLUS_MINUS,MIN,GS,WIN
0,2746,Josh Smith,28.0,12.0,24.0,5.0,1.0,4.0,7.0,0.0,1.0,1.0,3.0,4.0,-2.0,39:08,15.5,0
1,202328,Greg Monroe,22.0,8.0,15.0,7.0,6.0,3.0,11.0,1.0,4.0,1.0,0.0,1.0,3.0,39:09,23.2,0
2,203083,Andre Drummond,18.0,8.0,13.0,3.0,2.0,10.0,12.0,1.0,0.0,0.0,2.0,2.0,-9.0,38:14,20.5,0
3,202713,Kyle Singler,8.0,2.0,7.0,5.0,4.0,2.0,1.0,0.0,2.0,2.0,4.0,3.0,-2.0,38:23,3.4,0
4,201943,Brandon Jennings,14.0,5.0,13.0,4.0,3.0,0.0,1.0,0.0,7.0,0.0,5.0,1.0,-3.0,38:33,8.7,0
5,201155,Rodney Stuckey,3.0,1.0,4.0,3.0,1.0,0.0,1.0,0.0,1.0,0.0,2.0,1.0,-7.0,16:47,-1.0,0
6,201973,Jonas Jerebko,0.0,0.0,1.0,0.0,0.0,0.0,0.0,0.0,0.0,1.0,3.0,1.0,-8.0,5:18,-2.2,0
7,203484,Kentavious Caldwell-Pope,0.0,0.0,0.0,0.0,0.0,0.0,0.0,0.0,0.0,0.0,0.0,0.0,-7.0,2:38,0.0,0
8,101198,Will Bynum,18.0,4.0,9.0,12.0,10.0,0.0,2.0,1.0,2.0,0.0,1.0,3.0,0.0,21:50,12.1,0
9,203540,Gigi Datome,,,,,,,,,,,,,,,0.0,0
10,203502,Tony Mitchell,,,,,,,,,,,,,,,0.0,0
11,203491,Peyton Siva,,,,,,,,,,,,,,,0.0,0
12,101111,Charlie Villanueva,,,,,,,,,,,,,,,0.0,0
13,201145,Jeff Green,27.0,11.0,19.0,0.0,0.0,1.0,2.0,1.0,1.0,2.0,1.0,2.0,-4.0,35:27,20.1,1
14,101138,Brandon Bass,5.0,2.0,8.0,2.0,1.0,1.0,2.0,0.0,1.0,1.0,1.0,0.0,2.0,23:37,2.1,1
15,2743,Kris Humphries,20.0,9.0,13.0,2.0,2.0,4.0,7.0,2.0,2.0,2.0,3.0,1.0,5.0,27:11,22.0,1
16,201573,Jerryd Bayless,15.0,5.0,12.0,6.0,4.0,0.0,4.0,1.0,4.0,0.0,3.0,0.0,4.0,36:47,11.6,1
17,200765,Rajon Rondo,11.0,5.0,15.0,0.0,0.0,0.0,2.0,2.0,18.0,0.0,2.0,0.0,1.0,33:11,16.9,1
18,203187,Chris Johnson,6.0,2.0,5.0,0.0,0.0,0.0,0.0,0.0,2.0,0.0,2.0,1.0,3.0,11:13,2.9,1
19,203096,Jared Sullinger,14.0,5.0,10.0,5.0,4.0,3.0,5.0,0.0,1.0,0.0,3.0,0.0,5.0,27:23,11.7,1
20,203569,Chris Babb,2.0,1.0,3.0,0.0,0.0,0.0,1.0,0.0,1.0,0.0,2.0,0.0,11.0,12:33,0.5,1
21,203482,Kelly Olynyk,18.0,7.0,10.0,6.0,3.0,3.0,3.0,0.0,2.0,0.0,5.0,1.0,2.0,17:49,14.0,1
22,203515,Phil Pressey,0.0,0.0,2.0,0.0,0.0,0.0,1.0,2.0,6.0,1.0,5.0,0.0,6.0,14:49,3.8,1
23,201202,Joel Anthony,,,,,,,,,,,,,,,0.0,1
24,202340,Avery Bradley,,,,,,,,,,,,,,,0.0,1
