,id,name,PTS,FG,FGA,FTA,FT,OREB,DREB,STL,AST,BLK,PF,TO,PLUS_MINUS,MIN,GS,WIN
0,203507,Giannis Antetokounmpo,8.0,3.0,7.0,2.0,2.0,4.0,7.0,0.0,1.0,0.0,3.0,1.0,25.0,37:30,7.7,1
1,101141,Ersan Ilyasova,15.0,7.0,15.0,2.0,1.0,5.0,7.0,2.0,1.0,0.0,1.0,1.0,24.0,33:14,13.8,1
2,202336,Larry Sanders,7.0,3.0,8.0,4.0,1.0,4.0,7.0,2.0,5.0,4.0,4.0,0.0,18.0,34:32,13.0,1
3,2557,Luke Ridnour,11.0,5.0,11.0,0.0,0.0,1.0,3.0,1.0,3.0,0.0,3.0,0.0,30.0,34:55,8.8,1
4,202688,Brandon Knight,37.0,15.0,25.0,6.0,4.0,2.0,6.0,4.0,2.0,0.0,1.0,2.0,17.0,38:48,30.9,1
5,203545,Miroslav Raduljica,2.0,1.0,3.0,0.0,0.0,0.0,2.0,0.0,1.0,0.0,3.0,0.0,-5.0,12:56,0.4,1
6,201564,O.J. Mayo,0.0,0.0,5.0,0.0,0.0,0.0,0.0,0.0,0.0,0.0,0.0,0.0,-6.0,8:32,-3.5,1
7,203114,Khris Middleton,5.0,2.0,7.0,0.0,0.0,0.0,1.0,1.0,1.0,0.0,0.0,0.0,-11.0,17:26,2.9,1
8,2406,Caron Butler,0.0,0.0,1.0,0.0,0.0,0.0,1.0,0.0,3.0,0.0,1.0,3.0,-6.0,8:22,-1.7,1
9,202390,Gary Neal,9.0,4.0,9.0,0.0,0.0,0.0,1.0,0.0,0.0,0.0,0.0,0.0,-11.0,13:45,4.6,1
10,203089,John Henson,,,,,,,,,,,,,,,0.0,1
11,202327,Ekpe Udoh,,,,,,,,,,,,,,,0.0,1
12,203489,Nate Wolters,,,,,,,,,,,,,,,0.0,1
13,201156,Nick Young,25.0,8.0,21.0,6.0,6.0,0.0,6.0,0.0,0.0,0.0,3.0,2.0,-9.0,41:33,12.1,0
14,200761,Shawne Williams,5.0,2.0,5.0,0.0,0.0,0.0,11.0,0.0,1.0,5.0,5.0,0.0,-3.0,36:24,7.8,0
15,2200,Pau Gasol,25.0,9.0,23.0,10.0,7.0,4.0,2.0,0.0,1.0,4.0,2.0,4.0,-16.0,36:08,13.4,0
16,201975,Jodie Meeks,4.0,2.0,9.0,0.0,0.0,0.0,3.0,2.0,1.0,0.0,4.0,1.0,-24.0,42:22,-0.5,0
17,200770,Jordan Farmar,0.0,0.0,5.0,0.0,0.0,1.0,3.0,0.0,7.0,0.0,1.0,1.0,-15.0,20:07,1.6,0
18,201941,Jordan Hill,4.0,2.0,5.0,0.0,0.0,2.0,2.0,0.0,0.0,0.0,2.0,1.0,-12.0,11:33,1.5,0
19,203527,Ryan Kelly,6.0,2.0,6.0,2.0,1.0,2.0,1.0,0.0,1.0,0.0,1.0,0.0,0.0,19:05,4.2,0
20,203088,Kendall Marshall,10.0,4.0,7.0,0.0,0.0,0.0,1.0,0.0,7.0,0.0,0.0,2.0,0.0,27:53,9.9,0
21,203135,Robert Sacre,0.0,0.0,0.0,0.0,0.0,0.0,1.0,0.0,0.0,1.0,2.0,2.0,4.0,4:55,-1.8,0
22,2581,Steve Blake,,,,,,,,,,,,,,,0.0,0
23,202333,Xavier Henry,,,,,,,,,,,,,,,0.0,0
24,202325,Wesley Johnson,,,,,,,,,,,,,,,0.0,0
25,2549,Chris Kaman,,,,,,,,,,,,,,,0.0,0
