,id,name,PTS,FG,FGA,FTA,FT,OREB,DREB,STL,AST,BLK,PF,TO,PLUS_MINUS,MIN,GS,WIN
0,203519,Adonis Thomas,3.0,1.0,2.0,0.0,0.0,0.0,0.0,0.0,1.0,0.0,3.0,0.0,1.0,5:20,1.5,1
1,201152,Thaddeus Young,20.0,9.0,17.0,2.0,2.0,3.0,6.0,2.0,2.0,0.0,4.0,3.0,0.0,30:20,14.4,1
2,203156,Henry Sims,10.0,4.0,7.0,2.0,2.0,2.0,5.0,2.0,3.0,0.0,1.0,2.0,-3.0,30:51,11.3,1
3,202341,James Anderson,10.0,3.0,5.0,2.0,2.0,0.0,3.0,2.0,2.0,1.0,0.0,0.0,6.0,18:14,12.7,1
4,203487,Michael Carter-Williams,12.0,3.0,10.0,4.0,3.0,0.0,6.0,0.0,4.0,1.0,2.0,3.0,-2.0,34:04,7.3,1
5,202343,Elliot Williams,9.0,4.0,7.0,2.0,1.0,0.0,1.0,0.0,1.0,1.0,1.0,1.0,10.0,22:36,5.6,1
6,202363,Jarvis Varnado,8.0,3.0,5.0,2.0,2.0,0.0,3.0,2.0,0.0,0.0,4.0,0.0,13.0,15:38,7.0,1
7,203138,Hollis Thompson,3.0,1.0,4.0,0.0,0.0,0.0,3.0,2.0,3.0,1.0,0.0,1.0,0.0,27:26,5.3,1
8,203100,Tony Wroten,4.0,2.0,6.0,0.0,0.0,0.0,1.0,5.0,6.0,0.0,4.0,6.0,9.0,22:24,2.5,1
9,203810,Casper Ware,10.0,4.0,5.0,0.0,0.0,0.0,1.0,0.0,1.0,0.0,2.0,1.0,15.0,13:56,7.3,1
10,203561,Brandon Davies,11.0,4.0,6.0,2.0,2.0,0.0,1.0,0.0,1.0,1.0,1.0,1.0,16.0,19:11,8.7,1
11,203102,Arnett Moultrie,,,,,,,,,,,,,,,0.0,1
12,201957,Byron Mullens,,,,,,,,,,,,,,,0.0,1
13,2592,James Jones,9.0,3.0,8.0,0.0,0.0,0.0,4.0,0.0,0.0,0.0,1.0,1.0,1.0,33:55,4.4,0
14,2203,Shane Battier,9.0,3.0,6.0,0.0,0.0,1.0,0.0,1.0,1.0,0.0,0.0,3.0,-5.0,39:49,5.4,0
15,2617,Udonis Haslem,7.0,3.0,4.0,2.0,1.0,1.0,9.0,0.0,0.0,0.0,2.0,2.0,-4.0,16:15,5.6,0
16,2548,Dwyane Wade,16.0,6.0,14.0,6.0,4.0,1.0,1.0,0.0,4.0,0.0,1.0,3.0,-4.0,23:04,8.2,0
17,201962,Toney Douglas,13.0,4.0,14.0,4.0,4.0,0.0,2.0,2.0,4.0,0.0,2.0,2.0,-11.0,29:00,7.4,0
18,951,Ray Allen,11.0,4.0,9.0,4.0,2.0,0.0,3.0,0.0,3.0,0.0,0.0,1.0,-4.0,24:00,7.5,0
19,201141,Greg Oden,2.0,0.0,2.0,2.0,2.0,3.0,2.0,0.0,0.0,0.0,3.0,1.0,-10.0,13:43,1.1,0
20,201563,Michael Beasley,8.0,3.0,4.0,2.0,2.0,0.0,1.0,0.0,1.0,2.0,1.0,1.0,-16.0,14:35,7.4,0
21,202708,Norris Cole,5.0,2.0,6.0,0.0,0.0,1.0,2.0,3.0,3.0,0.0,3.0,3.0,-13.0,27:37,3.8,0
22,203120,Justin Hamilton,7.0,2.0,6.0,2.0,2.0,2.0,1.0,2.0,0.0,0.0,3.0,2.0,1.0,18:02,4.1,0
23,2365,Chris Andersen,,,,,,,,,,,,,,,0.0,0
24,201596,Mario Chalmers,,,,,,,,,,,,,,,0.0,0
25,1740,Rashard Lewis,,,,,,,,,,,,,,,0.0,0
