,id,name,PTS,FG,FGA,FTA,FT,OREB,DREB,STL,AST,BLK,PF,TO,PLUS_MINUS,MIN,GS,WIN
0,203077,Michael Kidd-Gilchrist,16.0,5.0,7.0,8.0,6.0,4.0,4.0,1.0,1.0,3.0,4.0,3.0,11.0,25:59,15.5,1
1,201177,Josh McRoberts,2.0,0.0,4.0,2.0,2.0,1.0,0.0,1.0,1.0,0.0,3.0,2.0,4.0,21:31,-1.6,1
2,202687,Bismack Biyombo,1.0,0.0,1.0,2.0,1.0,1.0,5.0,0.0,0.0,1.0,2.0,4.0,-3.0,18:35,-2.0,1
3,201945,Gerald Henderson,18.0,5.0,13.0,8.0,7.0,1.0,7.0,2.0,2.0,0.0,0.0,2.0,1.0,35:40,14.7,1
4,202689,Kemba Walker,25.0,9.0,20.0,5.0,4.0,0.0,5.0,1.0,6.0,0.0,2.0,3.0,3.0,35:20,17.1,1
5,203469,Cody Zeller,7.0,2.0,3.0,4.0,3.0,2.0,3.0,1.0,1.0,0.0,4.0,3.0,-5.0,18:00,4.7,1
6,203106,Jeffery Taylor,13.0,5.0,9.0,2.0,1.0,2.0,2.0,0.0,1.0,0.0,5.0,2.0,0.0,18:24,7.0,1
7,201229,Anthony Tolliver,8.0,2.0,4.0,2.0,2.0,2.0,3.0,0.0,0.0,0.0,1.0,0.0,6.0,22:11,7.9,1
8,201196,Ramon Sessions,10.0,1.0,9.0,9.0,8.0,1.0,0.0,2.0,4.0,0.0,2.0,3.0,2.0,22:29,5.4,1
9,202399,Jeff Adrien,2.0,1.0,1.0,0.0,0.0,2.0,6.0,1.0,1.0,1.0,2.0,0.0,6.0,21:51,6.5,1
10,2732,Ben Gordon,,,,,,,,,,,,,,,0.0,1
11,2457,Jannero Pargo,,,,,,,,,,,,,,,0.0,1
12,203480,James Southerland,,,,,,,,,,,,,,,0.0,1
13,2546,Carmelo Anthony,32.0,10.0,28.0,10.0,10.0,1.0,4.0,2.0,2.0,0.0,3.0,2.0,-5.0,44:37,18.5,0
14,200745,Andrea Bargnani,6.0,2.0,5.0,2.0,2.0,1.0,1.0,0.0,0.0,0.0,2.0,1.0,-7.0,23:02,2.5,0
15,2199,Tyson Chandler,2.0,1.0,1.0,1.0,0.0,2.0,0.0,0.0,1.0,1.0,1.0,0.0,-1.0,6:35,3.7,0
16,101109,Raymond Felton,14.0,6.0,15.0,0.0,0.0,3.0,3.0,2.0,2.0,1.0,3.0,2.0,-5.0,37:18,9.8,0
17,202697,Iman Shumpert,14.0,4.0,8.0,6.0,5.0,0.0,5.0,3.0,2.0,0.0,5.0,1.0,-1.0,32:40,12.5,0
18,1897,Metta World Peace,18.0,7.0,13.0,2.0,2.0,1.0,5.0,3.0,1.0,0.0,5.0,3.0,-1.0,32:29,12.6,0
19,203501,Tim Hardaway Jr.,4.0,2.0,7.0,0.0,0.0,1.0,0.0,0.0,1.0,0.0,1.0,0.0,-9.0,11:43,0.9,0
20,203143,Pablo Prigioni,3.0,1.0,1.0,0.0,0.0,1.0,1.0,1.0,1.0,0.0,2.0,0.0,-2.0,18:30,4.6,0
21,2405,Amar'e Stoudemire,2.0,1.0,3.0,0.0,0.0,1.0,2.0,0.0,1.0,0.0,0.0,5.0,1.0,11:13,-2.7,0
22,2757,Beno Udrih,0.0,0.0,0.0,2.0,0.0,0.0,0.0,0.0,1.0,0.0,1.0,0.0,0.0,3:36,-0.5,0
23,2030,Kenyon Martin,2.0,1.0,1.0,0.0,0.0,0.0,1.0,0.0,0.0,2.0,4.0,0.0,5.0,18:17,1.8,0
24,203315,Toure' Murry,,,,,,,,,,,,,,,0.0,0
25,2747,JR Smith,,,,,,,,,,,,,,,0.0,0
