,id,name,PTS,FG,FGA,FTA,FT,OREB,DREB,STL,AST,BLK,PF,TO,PLUS_MINUS,MIN,GS,WIN
0,203090,Maurice Harkless,2.0,1.0,3.0,0.0,0.0,0.0,2.0,1.0,0.0,0.0,5.0,0.0,-19.0,28:05,-0.1,0
1,202699,Tobias Harris,28.0,10.0,15.0,8.0,7.0,3.0,3.0,2.0,2.0,0.0,3.0,0.0,-14.0,33:33,26.3,0
2,202696,Nikola Vucevic,11.0,4.0,12.0,4.0,3.0,1.0,3.0,3.0,1.0,1.0,5.0,3.0,-13.0,30:03,4.8,0
3,203506,Victor Oladipo,11.0,4.0,13.0,1.0,1.0,0.0,4.0,5.0,2.0,0.0,3.0,4.0,-22.0,35:05,5.9,0
4,2749,Jameer Nelson,9.0,4.0,9.0,2.0,1.0,0.0,1.0,0.0,8.0,0.0,2.0,2.0,-2.0,32:20,7.0,0
5,203094,Andrew Nicholson,0.0,0.0,5.0,0.0,0.0,1.0,4.0,0.0,0.0,0.0,1.0,0.0,3.0,13:15,-2.0,0
6,202734,E'Twaun Moore,16.0,7.0,15.0,2.0,1.0,2.0,2.0,2.0,3.0,1.0,1.0,0.0,-2.0,27:51,14.3,0
7,203117,Doron Lamb,3.0,1.0,4.0,0.0,0.0,0.0,1.0,0.0,0.0,0.0,2.0,0.0,-2.0,16:00,0.1,0
8,203124,Kyle O'Quinn,10.0,5.0,11.0,0.0,0.0,2.0,3.0,1.0,4.0,0.0,3.0,0.0,-4.0,23:48,9.2,0
9,201167,Arron Afflalo,,,,,,,,,,,,,,,0.0,0
10,101131,Jason Maxiell,,,,,,,,,,,,,,,0.0,0
11,101179,Ronnie Price,,,,,,,,,,,,,,,0.0,0
12,203082,Terrence Ross,16.0,6.0,11.0,1.0,1.0,1.0,4.0,0.0,2.0,0.0,0.0,0.0,12.0,29:12,14.0,1
13,101161,Amir Johnson,12.0,5.0,7.0,2.0,2.0,3.0,5.0,1.0,3.0,0.0,2.0,1.0,14.0,23:28,14.0,1
14,202685,Jonas Valanciunas,7.0,1.0,2.0,7.0,5.0,3.0,6.0,0.0,1.0,0.0,5.0,6.0,11.0,27:57,1.8,1
15,201942,DeMar DeRozan,24.0,9.0,17.0,6.0,6.0,0.0,3.0,0.0,4.0,1.0,4.0,5.0,6.0,31:44,13.5,1
16,200768,Kyle Lowry,28.0,7.0,13.0,11.0,10.0,0.0,4.0,0.0,6.0,0.0,3.0,7.0,25.0,36:48,18.5,1
17,2422,John Salmons,1.0,0.0,1.0,2.0,1.0,0.0,4.0,1.0,0.0,0.0,1.0,2.0,8.0,15:35,-0.3,1
18,202335,Patrick Patterson,2.0,1.0,5.0,0.0,0.0,0.0,6.0,2.0,2.0,2.0,3.0,0.0,6.0,20:51,4.3,1
19,201946,Tyler Hansbrough,5.0,1.0,2.0,7.0,3.0,1.0,3.0,0.0,0.0,1.0,3.0,1.0,0.0,17:49,2.5,1
20,202349,Greivis Vasquez,10.0,4.0,7.0,0.0,0.0,0.0,3.0,0.0,4.0,0.0,1.0,1.0,-2.0,25:48,9.0,1
21,201986,Nando De Colo,0.0,0.0,0.0,0.0,0.0,1.0,2.0,0.0,1.0,0.0,0.0,0.0,-4.0,4:53,2.0,1
22,101236,Chuck Hayes,0.0,0.0,0.0,0.0,0.0,0.0,1.0,0.0,0.0,0.0,0.0,0.0,-1.0,5:55,0.3,1
23,202361,Landry Fields,,,,,,,,,,,,,,,0.0,1
24,200779,Steve Novak,,,,,,,,,,,,,,,0.0,1
