,id,name,PTS,FG,FGA,FTA,FT,OREB,DREB,STL,AST,BLK,PF,TO,PLUS_MINUS,MIN,GS,WIN
0,201142,Kevin Durant,26.0,8.0,21.0,10.0,10.0,1.0,3.0,0.0,7.0,0.0,2.0,5.0,-16.0,37:48,15.2,0
1,201586,Serge Ibaka,14.0,6.0,12.0,2.0,2.0,1.0,7.0,1.0,1.0,4.0,1.0,0.0,-6.0,31:19,14.9,0
2,2570,Kendrick Perkins,0.0,0.0,3.0,0.0,0.0,3.0,3.0,0.0,1.0,0.0,2.0,3.0,-7.0,20:23,-2.2,0
3,200757,Thabo Sefolosha,8.0,3.0,5.0,0.0,0.0,2.0,6.0,1.0,3.0,0.0,0.0,1.0,1.0,27:58,11.0,0
4,202704,Reggie Jackson,12.0,6.0,17.0,0.0,0.0,0.0,8.0,2.0,4.0,0.0,4.0,8.0,2.0,34:46,0.1,0
5,2555,Nick Collison,2.0,1.0,1.0,0.0,0.0,2.0,1.0,0.0,0.0,0.0,2.0,2.0,-10.0,18:07,0.6,0
6,203103,Perry Jones III,5.0,1.0,5.0,4.0,3.0,0.0,3.0,0.0,1.0,0.0,2.0,0.0,-9.0,21:02,2.3,0
7,965,Derek Fisher,6.0,2.0,5.0,1.0,0.0,0.0,2.0,0.0,1.0,0.0,2.0,0.0,-17.0,13:14,3.4,0
8,203500,Steven Adams,2.0,1.0,2.0,0.0,0.0,2.0,1.0,0.0,0.0,1.0,3.0,2.0,-4.0,13:36,0.2,0
9,203087,Jeremy Lamb,6.0,3.0,7.0,0.0,0.0,0.0,1.0,0.0,1.0,0.0,0.0,0.0,-9.0,21:47,3.3,0
10,201934,Hasheem Thabeet,,,,,,,,,,,,,,,0.0,0
11,2772,Trevor Ariza,18.0,7.0,15.0,1.0,1.0,1.0,5.0,2.0,2.0,1.0,4.0,1.0,16.0,39:15,14.0,1
12,2403,Nene,17.0,8.0,12.0,2.0,0.0,2.0,3.0,1.0,1.0,0.0,5.0,3.0,-4.0,27:05,10.0,1
13,101162,Marcin Gortat,14.0,7.0,13.0,0.0,0.0,1.0,13.0,0.0,2.0,1.0,3.0,0.0,18.0,35:59,13.2,1
14,203078,Bradley Beal,7.0,3.0,12.0,0.0,0.0,0.0,1.0,0.0,4.0,0.0,1.0,2.0,-3.0,34:08,0.5,1
15,202322,John Wall,17.0,7.0,18.0,4.0,3.0,0.0,4.0,6.0,15.0,0.0,2.0,2.0,13.0,34:55,21.7,1
16,101110,Martell Webster,10.0,3.0,9.0,2.0,2.0,0.0,3.0,0.0,1.0,0.0,0.0,0.0,16.0,21:37,6.5,1
17,202338,Kevin Seraphin,4.0,2.0,2.0,0.0,0.0,1.0,1.0,0.0,0.0,0.0,1.0,0.0,6.0,9:28,4.0,1
18,202344,Trevor Booker,2.0,1.0,4.0,0.0,0.0,2.0,4.0,0.0,1.0,0.0,1.0,2.0,10.0,23:28,0.5,1
19,202066,Garrett Temple,7.0,3.0,4.0,0.0,0.0,1.0,1.0,0.0,2.0,0.0,1.0,0.0,3.0,14:06,7.4,1
20,201953,Eric Maynor,,,,,,,,,,,,,,,0.0,1
21,203490,Otto Porter Jr.,,,,,,,,,,,,,,,0.0,1
22,202698,Chris Singleton,,,,,,,,,,,,,,,0.0,1
23,202686,Jan Vesely,,,,,,,,,,,,,,,0.0,1
