,id,name,PTS,FG,FGA,FTA,FT,OREB,DREB,STL,AST,BLK,PF,TO,PLUS_MINUS,MIN,GS,WIN
0,200782,P.J. Tucker,14.0,3.0,5.0,11.0,8.0,3.0,7.0,3.0,4.0,1.0,3.0,1.0,1.0,30:04,19.0,0
1,101112,Channing Frye,10.0,4.0,11.0,0.0,0.0,0.0,3.0,3.0,3.0,0.0,6.0,0.0,-5.0,36:48,7.5,0
2,203101,Miles Plumlee,12.0,6.0,10.0,0.0,0.0,3.0,6.0,0.0,0.0,2.0,0.0,0.0,-18.0,26:15,12.7,0
3,101123,Gerald Green,16.0,6.0,14.0,2.0,1.0,1.0,2.0,0.0,3.0,1.0,3.0,3.0,-13.0,34:00,8.1,0
4,201609,Goran Dragic,23.0,7.0,12.0,11.0,9.0,0.0,0.0,3.0,5.0,1.0,4.0,5.0,7.0,33:01,17.2,0
5,202397,Ish Smith,0.0,0.0,5.0,0.0,0.0,1.0,1.0,1.0,4.0,0.0,3.0,1.0,-8.0,16:41,-0.9,0
6,202693,Markieff Morris,16.0,7.0,16.0,3.0,1.0,3.0,3.0,0.0,0.0,0.0,5.0,2.0,9.0,24:34,5.8,0
7,203458,Alex Len,2.0,1.0,1.0,0.0,0.0,0.0,0.0,0.0,0.0,0.0,0.0,1.0,-4.0,2:32,0.7,0
8,202694,Marcus Morris Sr.,11.0,5.0,10.0,0.0,0.0,1.0,1.0,1.0,2.0,0.0,1.0,2.0,1.0,30:53,7.0,0
9,203462,Archie Goodwin,1.0,0.0,1.0,2.0,1.0,1.0,0.0,0.0,1.0,0.0,0.0,1.0,-5.0,5:12,0.3,0
10,202091,Dionte Christmas,,,,,,,,,,,,,,,0.0,0
11,101183,Shavlik Randolph,,,,,,,,,,,,,,,0.0,0
12,2440,Matt Barnes,13.0,4.0,11.0,6.0,4.0,1.0,5.0,1.0,2.0,0.0,3.0,3.0,0.0,37:35,6.5,1
13,201933,Blake Griffin,37.0,14.0,16.0,10.0,9.0,2.0,4.0,1.0,3.0,0.0,6.0,6.0,9.0,31:42,28.3,1
14,201599,DeAndre Jordan,8.0,4.0,6.0,1.0,0.0,5.0,12.0,0.0,1.0,3.0,5.0,1.0,13.0,33:23,11.9,1
15,201954,Darren Collison,20.0,8.0,12.0,4.0,3.0,0.0,1.0,2.0,4.0,0.0,2.0,3.0,4.0,40:03,15.7,1
16,101108,Chris Paul,17.0,7.0,16.0,5.0,3.0,1.0,4.0,2.0,11.0,0.0,3.0,3.0,16.0,34:41,15.2,1
17,2584,Willie Green,0.0,0.0,3.0,0.0,0.0,0.0,1.0,1.0,0.0,0.0,2.0,1.0,-6.0,15:04,-2.6,1
18,201175,Glen Davis,2.0,1.0,3.0,0.0,0.0,0.0,2.0,0.0,0.0,0.0,2.0,1.0,-6.0,14:37,-0.9,1
19,101122,Danny Granger,14.0,5.0,11.0,3.0,2.0,0.0,2.0,2.0,2.0,1.0,3.0,2.0,5.0,23:16,9.4,1
20,2045,Hedo Turkoglu,1.0,0.0,0.0,2.0,1.0,0.0,2.0,2.0,2.0,0.0,2.0,1.0,0.0,9:39,2.8,1
21,203493,Reggie Bullock,,,,,,,,,,,,,,,0.0,1
22,2037,Jamal Crawford,,,,,,,,,,,,,,,0.0,1
23,201162,Jared Dudley,,,,,,,,,,,,,,,0.0,1
24,200797,Ryan Hollins,,,,,,,,,,,,,,,0.0,1
