,id,name,PTS,FG,FGA,FTA,FT,OREB,DREB,STL,AST,BLK,PF,TO,PLUS_MINUS,MIN,GS,WIN
0,2419,Tayshaun Prince,9.0,4.0,10.0,2.0,1.0,0.0,4.0,0.0,1.0,0.0,1.0,1.0,1.0,31:50,3.7,1
1,2216,Zach Randolph,13.0,5.0,16.0,4.0,3.0,3.0,5.0,1.0,2.0,0.0,4.0,2.0,-6.0,35:12,5.8,1
2,201585,Kosta Koufos,7.0,3.0,11.0,2.0,1.0,2.0,11.0,1.0,1.0,3.0,4.0,1.0,10.0,35:20,6.0,1
3,2754,Tony Allen,12.0,5.0,8.0,2.0,2.0,0.0,2.0,3.0,2.0,0.0,2.0,0.0,0.0,27:10,12.6,1
4,201144,Mike Conley,14.0,6.0,14.0,2.0,2.0,0.0,1.0,2.0,9.0,0.0,0.0,0.0,2.0,32:55,15.2,1
5,201573,Jerryd Bayless,22.0,6.0,10.0,11.0,9.0,1.0,2.0,0.0,1.0,0.0,2.0,1.0,9.0,21:03,16.8,1
6,202334,Ed Davis,11.0,3.0,5.0,6.0,5.0,3.0,4.0,0.0,1.0,3.0,2.0,0.0,13.0,24:11,13.6,1
7,201979,Nick Calathes,4.0,1.0,1.0,2.0,2.0,0.0,0.0,0.0,7.0,0.0,2.0,1.0,5.0,15:05,6.8,1
8,2034,Mike Miller,8.0,3.0,5.0,0.0,0.0,0.0,3.0,0.0,0.0,0.0,1.0,2.0,1.0,17:14,4.2,1
9,203479,Jamaal Franklin,,,,,,,,,,,,,,,0.0,1
10,202720,Jon Leuer,,,,,,,,,,,,,,,0.0,1
11,202347,Quincy Pondexter,,,,,,,,,,,,,,,0.0,1
12,201145,Jeff Green,26.0,9.0,19.0,8.0,7.0,2.0,5.0,1.0,1.0,0.0,2.0,0.0,3.0,38:44,19.7,0
13,101138,Brandon Bass,6.0,2.0,6.0,2.0,2.0,2.0,11.0,0.0,1.0,4.0,2.0,2.0,1.0,31:28,8.0,0
14,203096,Jared Sullinger,23.0,10.0,18.0,1.0,1.0,5.0,7.0,0.0,3.0,0.0,5.0,4.0,6.0,34:60,16.1,0
15,202340,Avery Bradley,16.0,7.0,13.0,0.0,0.0,1.0,0.0,0.0,0.0,2.0,2.0,4.0,8.0,32:25,7.0,0
16,202348,Jordan Crawford,5.0,2.0,8.0,0.0,0.0,0.0,1.0,0.0,7.0,0.0,3.0,2.0,-9.0,35:55,2.2,0
17,203543,Vitor Faverani,7.0,3.0,8.0,0.0,0.0,2.0,1.0,0.0,0.0,0.0,0.0,0.0,-9.0,13:10,4.3,0
18,2222,Gerald Wallace,2.0,1.0,5.0,2.0,0.0,1.0,1.0,0.0,2.0,0.0,1.0,2.0,-10.0,22:51,-1.9,0
19,2743,Kris Humphries,8.0,4.0,10.0,0.0,0.0,3.0,3.0,0.0,0.0,1.0,1.0,0.0,-10.0,16:21,5.9,0
20,201584,Courtney Lee,0.0,0.0,1.0,0.0,0.0,0.0,0.0,0.0,0.0,0.0,2.0,1.0,-10.0,9:24,-2.5,0
21,203515,Phil Pressey,0.0,0.0,1.0,0.0,0.0,1.0,0.0,0.0,0.0,0.0,2.0,0.0,-5.0,4:42,-0.8,0
22,2586,Keith Bogans,,,,,,,,,,,,,,,0.0,0
23,202705,MarShon Brooks,,,,,,,,,,,,,,,0.0,0
24,203482,Kelly Olynyk,,,,,,,,,,,,,,,0.0,0
