,id,name,PTS,FG,FGA,FTA,FT,OREB,DREB,STL,AST,BLK,PF,TO,PLUS_MINUS,MIN,GS,WIN
0,101131,Jason Maxiell,0.0,0.0,5.0,0.0,0.0,1.0,4.0,1.0,0.0,2.0,2.0,2.0,-15.0,26:19,-2.0,0
1,203090,Maurice Harkless,14.0,6.0,13.0,1.0,0.0,1.0,0.0,1.0,0.0,0.0,4.0,0.0,-3.0,23:30,7.0,0
2,202696,Nikola Vucevic,8.0,4.0,11.0,0.0,0.0,5.0,5.0,2.0,3.0,1.0,4.0,5.0,-22.0,30:39,5.1,0
3,201167,Arron Afflalo,9.0,3.0,14.0,3.0,2.0,1.0,2.0,0.0,1.0,0.0,1.0,1.0,-14.0,32:59,0.6,0
4,2749,Jameer Nelson,12.0,4.0,13.0,1.0,1.0,1.0,4.0,2.0,7.0,0.0,1.0,2.0,-11.0,30:34,10.9,0
5,203506,Victor Oladipo,12.0,4.0,11.0,5.0,3.0,1.0,2.0,1.0,2.0,0.0,2.0,3.0,-11.0,22:35,5.0,0
6,203094,Andrew Nicholson,18.0,8.0,10.0,0.0,0.0,1.0,3.0,1.0,0.0,0.0,4.0,1.0,0.0,19:17,14.2,0
7,202734,E'Twaun Moore,6.0,3.0,6.0,0.0,0.0,1.0,0.0,2.0,1.0,0.0,2.0,2.0,3.0,25:45,3.6,0
8,203124,Kyle O'Quinn,6.0,3.0,7.0,0.0,0.0,0.0,4.0,0.0,0.0,3.0,2.0,1.0,10.0,14:23,3.8,0
9,101179,Ronnie Price,2.0,1.0,2.0,0.0,0.0,0.0,1.0,0.0,3.0,0.0,2.0,0.0,6.0,8:37,2.6,0
10,200780,Solomon Jones,0.0,0.0,1.0,0.0,0.0,1.0,1.0,0.0,0.0,0.0,2.0,0.0,7.0,5:22,-0.5,0
11,202699,Tobias Harris,,,,,,,,,,,,,,,0.0,0
12,203117,Doron Lamb,,,,,,,,,,,,,,,0.0,0
13,202331,Paul George,24.0,8.0,16.0,7.0,5.0,1.0,5.0,1.0,5.0,3.0,0.0,4.0,11.0,36:05,20.0,1
14,2561,David West,13.0,4.0,11.0,5.0,5.0,0.0,5.0,2.0,3.0,5.0,2.0,5.0,11.0,30:43,10.2,1
15,201579,Roy Hibbert,8.0,3.0,6.0,4.0,2.0,6.0,10.0,1.0,0.0,7.0,0.0,3.0,14.0,26:54,14.3,1
16,202362,Lance Stephenson,19.0,8.0,12.0,2.0,1.0,2.0,5.0,0.0,5.0,1.0,2.0,1.0,11.0,35:38,18.7,1
17,201588,George Hill,7.0,2.0,8.0,4.0,3.0,0.0,2.0,0.0,0.0,0.0,0.0,1.0,5.0,29:04,1.4,1
18,203111,Orlando Johnson,9.0,3.0,4.0,2.0,2.0,0.0,1.0,0.0,0.0,0.0,1.0,1.0,11.0,15:12,6.3,1
19,2449,Luis Scola,8.0,4.0,7.0,0.0,0.0,0.0,1.0,0.0,1.0,0.0,2.0,1.0,-2.0,20:43,3.9,1
20,201228,C.J. Watson,5.0,2.0,5.0,2.0,0.0,0.0,2.0,0.0,3.0,0.0,0.0,1.0,2.0,19:54,3.2,1
21,203524,Solomon Hill,0.0,0.0,1.0,0.0,0.0,0.0,1.0,0.0,0.0,0.0,1.0,1.0,-10.0,8:07,-1.8,1
22,101133,Ian Mahinmi,4.0,0.0,1.0,6.0,4.0,1.0,2.0,0.0,0.0,2.0,5.0,2.0,0.0,16:42,1.2,1
23,2446,Rasual Butler,0.0,0.0,0.0,0.0,0.0,0.0,0.0,0.0,0.0,0.0,0.0,0.0,-3.0,0:58,0.0,1
24,203142,Chris Copeland,,,,,,,,,,,,,,,0.0,1
25,202388,Donald Sloan,,,,,,,,,,,,,,,0.0,1
