,id,name,PTS,FG,FGA,FTA,FT,OREB,DREB,STL,AST,BLK,PF,TO,PLUS_MINUS,MIN,GS,WIN
0,202331,Paul George,26.0,10.0,19.0,2.0,2.0,0.0,6.0,2.0,5.0,0.0,1.0,2.0,20.0,37:36,21.6,1
1,2561,David West,13.0,6.0,8.0,2.0,1.0,0.0,4.0,0.0,1.0,0.0,1.0,4.0,13.0,26:21,6.9,1
2,201579,Roy Hibbert,8.0,3.0,6.0,2.0,2.0,3.0,6.0,0.0,0.0,1.0,4.0,2.0,14.0,29:12,6.0,1
3,202362,Lance Stephenson,26.0,10.0,16.0,2.0,2.0,2.0,5.0,2.0,5.0,0.0,1.0,3.0,19.0,39:12,23.8,1
4,201588,George Hill,10.0,2.0,7.0,6.0,6.0,0.0,4.0,1.0,3.0,0.0,4.0,0.0,20.0,23:30,8.6,1
5,2449,Luis Scola,5.0,2.0,5.0,1.0,1.0,2.0,7.0,0.0,0.0,1.0,2.0,2.0,6.0,19:20,3.7,1
6,101122,Danny Granger,0.0,0.0,7.0,0.0,0.0,1.0,1.0,0.0,0.0,1.0,2.0,1.0,-1.0,14:34,-5.0,1
7,201228,C.J. Watson,8.0,2.0,7.0,3.0,3.0,0.0,1.0,3.0,1.0,0.0,2.0,2.0,-3.0,22:38,5.1,1
8,101133,Ian Mahinmi,7.0,3.0,5.0,1.0,1.0,0.0,3.0,4.0,1.0,0.0,2.0,0.0,3.0,18:48,9.5,1
9,203142,Chris Copeland,0.0,0.0,0.0,0.0,0.0,0.0,0.0,0.0,0.0,0.0,0.0,0.0,-2.0,2:19,0.0,1
10,203111,Orlando Johnson,0.0,0.0,2.0,0.0,0.0,0.0,1.0,0.0,0.0,0.0,1.0,0.0,-2.0,2:19,-1.5,1
11,202388,Donald Sloan,0.0,0.0,1.0,0.0,0.0,0.0,0.0,0.0,0.0,0.0,0.0,1.0,-2.0,2:19,-1.7,1
12,2446,Rasual Butler,0.0,0.0,0.0,0.0,0.0,0.0,0.0,0.0,0.0,0.0,0.0,0.0,0.0,1:52,0.0,1
13,101187,Alan Anderson,5.0,1.0,3.0,2.0,2.0,0.0,2.0,1.0,0.0,0.0,1.0,0.0,-11.0,26:47,4.5,0
14,203141,Mirza Teletovic,8.0,3.0,10.0,2.0,2.0,1.0,3.0,0.0,3.0,0.0,4.0,2.0,-16.0,30:25,2.3,0
15,708,Kevin Garnett,12.0,3.0,10.0,6.0,6.0,1.0,4.0,2.0,2.0,0.0,3.0,2.0,0.0,18:38,8.3,0
16,2207,Joe Johnson,17.0,7.0,13.0,2.0,2.0,0.0,2.0,0.0,3.0,0.0,0.0,3.0,-16.0,34:43,10.4,0
17,101114,Deron Williams,9.0,3.0,9.0,2.0,2.0,0.0,2.0,1.0,8.0,0.0,3.0,4.0,-15.0,31:40,5.9,0
18,101154,Andray Blatche,11.0,4.0,9.0,4.0,3.0,3.0,4.0,1.0,2.0,0.0,3.0,1.0,-15.0,25:42,9.4,0
19,1718,Paul Pierce,0.0,0.0,7.0,0.0,0.0,1.0,1.0,0.0,1.0,1.0,1.0,2.0,-13.0,15:16,-4.9,0
20,2733,Shaun Livingston,6.0,1.0,2.0,4.0,4.0,2.0,2.0,1.0,2.0,0.0,2.0,3.0,-1.0,20:26,5.6,0
21,203486,Mason Plumlee,7.0,3.0,6.0,2.0,1.0,1.0,5.0,0.0,0.0,3.0,1.0,0.0,-3.0,21:15,7.5,0
22,1891,Jason Terry,11.0,4.0,7.0,1.0,0.0,0.0,2.0,0.0,0.0,0.0,1.0,1.0,5.0,15:08,6.5,0
23,2501,Reggie Evans,,,,,,,,,,,,,,,0.0,0
24,203129,Tornike Shengelia,,,,,,,,,,,,,,,0.0,0
25,203116,Tyshawn Taylor,,,,,,,,,,,,,,,0.0,0
