,id,name,PTS,FG,FGA,FTA,FT,OREB,DREB,STL,AST,BLK,PF,TO,PLUS_MINUS,MIN,GS,WIN
0,2210,Richard Jefferson,18.0,6.0,12.0,4.0,3.0,0.0,6.0,0.0,1.0,0.0,0.0,2.0,-1.0,36:12,12.1,0
1,101107,Marvin Williams,8.0,3.0,7.0,0.0,0.0,1.0,2.0,0.0,1.0,1.0,2.0,2.0,1.0,28:25,4.2,0
2,202324,Derrick Favors,16.0,8.0,11.0,0.0,0.0,1.0,5.0,2.0,3.0,0.0,4.0,2.0,2.0,34:31,14.2,0
3,202330,Gordon Hayward,16.0,5.0,13.0,5.0,4.0,4.0,7.0,1.0,9.0,4.0,2.0,1.0,2.0,38:28,21.7,0
4,203504,Trey Burke,18.0,5.0,12.0,6.0,6.0,0.0,1.0,0.0,5.0,0.0,1.0,3.0,4.0,35:40,12.0,0
5,101249,John Lucas III,6.0,2.0,4.0,0.0,0.0,0.0,0.0,0.0,1.0,0.0,0.0,0.0,-14.0,12:20,4.7,0
6,202683,Enes Kanter,0.0,0.0,5.0,0.0,0.0,1.0,3.0,0.0,1.0,0.0,4.0,1.0,-20.0,18:02,-3.8,0
7,202692,Alec Burks,4.0,2.0,5.0,0.0,0.0,0.0,2.0,0.0,2.0,0.0,2.0,2.0,-17.0,15:39,0.5,0
8,201575,Brandon Rush,0.0,0.0,0.0,0.0,0.0,0.0,2.0,0.0,0.0,0.0,0.0,0.0,-4.0,5:41,0.6,0
9,202379,Jeremy Evans,8.0,4.0,6.0,0.0,0.0,1.0,2.0,1.0,1.0,2.0,1.0,0.0,-3.0,15:02,9.4,0
10,2740,Andris Biedrins,,,,,,,,,,,,,,,0.0,0
11,203197,Diante Garrett,,,,,,,,,,,,,,,0.0,0
12,203497,Rudy Gobert,,,,,,,,,,,,,,,0.0,0
13,201949,James Johnson,9.0,4.0,10.0,0.0,0.0,3.0,2.0,1.0,2.0,4.0,1.0,1.0,9.0,33:13,10.1,1
14,2216,Zach Randolph,22.0,8.0,14.0,6.0,6.0,1.0,9.0,1.0,7.0,0.0,0.0,2.0,8.0,36:14,22.7,1
15,201585,Kosta Koufos,10.0,5.0,7.0,2.0,0.0,4.0,3.0,0.0,1.0,1.0,2.0,0.0,-9.0,19:41,10.6,1
16,2754,Tony Allen,6.0,2.0,9.0,2.0,2.0,0.0,4.0,1.0,4.0,0.0,2.0,1.0,4.0,31:56,3.7,1
17,201144,Mike Conley,6.0,2.0,11.0,0.0,0.0,0.0,3.0,4.0,5.0,0.0,3.0,2.0,-2.0,36:48,4.3,1
18,202334,Ed Davis,8.0,3.0,7.0,2.0,2.0,2.0,1.0,1.0,1.0,1.0,1.0,0.0,9.0,20:15,8.0,1
19,201573,Jerryd Bayless,17.0,6.0,11.0,2.0,1.0,0.0,1.0,0.0,3.0,1.0,4.0,0.0,12.0,23:39,12.8,1
20,2034,Mike Miller,15.0,5.0,7.0,2.0,2.0,0.0,2.0,0.0,0.0,0.0,1.0,0.0,8.0,17:58,12.3,1
21,202720,Jon Leuer,11.0,4.0,7.0,4.0,2.0,1.0,4.0,1.0,1.0,0.0,1.0,0.0,12.0,19:50,10.1,1
22,203479,Jamaal Franklin,0.0,0.0,0.0,0.0,0.0,0.0,0.0,0.0,0.0,0.0,0.0,0.0,-1.0,0:26,0.0,1
23,201979,Nick Calathes,,,,,,,,,,,,,,,0.0,1
24,2419,Tayshaun Prince,,,,,,,,,,,,,,,0.0,1
