,id,name,PTS,FG,FGA,FTA,FT,OREB,DREB,STL,AST,BLK,PF,TO,PLUS_MINUS,MIN,GS,WIN
0,203145,Kent Bazemore,14.0,5.0,9.0,2.0,0.0,0.0,7.0,0.0,2.0,0.0,3.0,2.0,4.0,27:58,9.2,1
1,202325,Wesley Johnson,14.0,7.0,11.0,0.0,0.0,2.0,5.0,2.0,4.0,2.0,3.0,3.0,-3.0,36:19,14.0,1
2,2200,Pau Gasol,22.0,10.0,20.0,2.0,2.0,2.0,7.0,2.0,5.0,2.0,0.0,1.0,5.0,33:48,21.4,1
3,201975,Jodie Meeks,21.0,8.0,16.0,3.0,3.0,1.0,2.0,1.0,1.0,1.0,1.0,1.0,11.0,38:57,15.3,1
4,203088,Kendall Marshall,7.0,3.0,9.0,0.0,0.0,1.0,5.0,0.0,11.0,0.0,0.0,3.0,5.0,25:21,8.8,1
5,202705,MarShon Brooks,8.0,1.0,9.0,6.0,6.0,3.0,4.0,2.0,0.0,0.0,1.0,2.0,-5.0,24:40,5.0,1
6,200770,Jordan Farmar,9.0,4.0,9.0,0.0,0.0,0.0,0.0,2.0,6.0,0.0,3.0,3.0,-6.0,22:10,6.3,1
7,203527,Ryan Kelly,4.0,2.0,4.0,0.0,0.0,1.0,0.0,2.0,0.0,0.0,3.0,0.0,4.0,11:41,3.5,1
8,203135,Robert Sacre,8.0,3.0,5.0,2.0,2.0,2.0,2.0,1.0,0.0,0.0,5.0,1.0,-4.0,14:12,5.7,1
9,202333,Xavier Henry,0.0,0.0,2.0,0.0,0.0,0.0,0.0,0.0,0.0,0.0,0.0,0.0,-6.0,4:54,-1.4,1
10,201941,Jordan Hill,,,,,,,,,,,,,,,0.0,1
11,2549,Chris Kaman,,,,,,,,,,,,,,,0.0,1
12,201156,Nick Young,,,,,,,,,,,,,,,0.0,1
13,201587,Nicolas Batum,17.0,6.0,14.0,5.0,3.0,5.0,10.0,2.0,5.0,1.0,1.0,5.0,-1.0,37:53,16.1,0
14,200746,LaMarcus Aldridge,21.0,9.0,19.0,4.0,3.0,1.0,5.0,2.0,1.0,0.0,1.0,4.0,-1.0,32:27,11.4,0
15,201577,Robin Lopez,19.0,9.0,13.0,1.0,1.0,9.0,7.0,0.0,2.0,3.0,0.0,2.0,2.0,33:31,23.4,0
16,202083,Wesley Matthews,7.0,3.0,12.0,0.0,0.0,2.0,3.0,2.0,4.0,0.0,3.0,1.0,1.0,34:45,4.7,0
17,203081,Damian Lillard,20.0,8.0,19.0,4.0,1.0,1.0,4.0,0.0,5.0,0.0,1.0,4.0,0.0,35:18,9.7,0
18,2748,Dorell Wright,8.0,3.0,6.0,0.0,0.0,1.0,1.0,1.0,0.0,0.0,1.0,0.0,-2.0,15:57,6.6,0
19,203086,Meyers Leonard,1.0,0.0,0.0,2.0,1.0,1.0,3.0,0.0,0.0,0.0,3.0,0.0,-4.0,13:48,1.0,0
20,2590,Mo Williams,7.0,3.0,9.0,2.0,1.0,0.0,0.0,1.0,5.0,0.0,2.0,3.0,-2.0,22:59,2.2,0
21,203115,Will Barton,0.0,0.0,1.0,0.0,0.0,0.0,0.0,0.0,0.0,1.0,0.0,0.0,1.0,4:58,0.0,0
22,203468,CJ McCollum,6.0,2.0,3.0,1.0,1.0,0.0,0.0,0.0,0.0,0.0,1.0,1.0,1.0,8:24,3.3,0
23,201964,Victor Claver,,,,,,,,,,,,,,,0.0,0
24,203459,Allen Crabbe,,,,,,,,,,,,,,,0.0,0
25,2248,Earl Watson,,,,,,,,,,,,,,,0.0,0
