,id,name,PTS,FG,FGA,FTA,FT,OREB,DREB,STL,AST,BLK,PF,TO,PLUS_MINUS,MIN,GS,WIN
0,202699,Tobias Harris,14.0,4.0,13.0,8.0,6.0,1.0,8.0,0.0,2.0,0.0,3.0,3.0,-17.0,31:39,6.0,0
1,101131,Jason Maxiell,2.0,1.0,2.0,0.0,0.0,0.0,1.0,0.0,0.0,1.0,0.0,0.0,-6.0,14:15,2.0,0
2,201175,Glen Davis,8.0,4.0,7.0,0.0,0.0,2.0,3.0,1.0,1.0,0.0,1.0,0.0,-7.0,22:31,8.3,0
3,201167,Arron Afflalo,14.0,6.0,12.0,2.0,1.0,0.0,3.0,1.0,0.0,0.0,0.0,2.0,-15.0,28:57,7.5,0
4,2749,Jameer Nelson,11.0,3.0,9.0,3.0,2.0,0.0,2.0,2.0,7.0,0.0,3.0,3.0,-8.0,25:10,8.8,0
5,203124,Kyle O'Quinn,4.0,2.0,7.0,0.0,0.0,3.0,8.0,4.0,1.0,0.0,5.0,1.0,-4.0,26:57,6.1,0
6,203506,Victor Oladipo,19.0,7.0,14.0,3.0,3.0,0.0,4.0,0.0,3.0,0.0,1.0,6.0,-10.0,25:48,8.9,0
7,203090,Maurice Harkless,3.0,1.0,3.0,6.0,0.0,0.0,0.0,2.0,1.0,0.0,1.0,0.0,-2.0,20:25,1.2,0
8,202734,E'Twaun Moore,10.0,3.0,6.0,3.0,3.0,1.0,1.0,0.0,2.0,1.0,1.0,0.0,-21.0,22:21,9.7,0
9,203094,Andrew Nicholson,2.0,1.0,4.0,0.0,0.0,1.0,2.0,0.0,2.0,0.0,2.0,0.0,1.0,16:21,1.5,0
10,203117,Doron Lamb,0.0,0.0,0.0,0.0,0.0,0.0,0.0,0.0,0.0,0.0,0.0,0.0,9.0,5:36,0.0,0
11,101179,Ronnie Price,,,,,,,,,,,,,,,0.0,0
12,202696,Nikola Vucevic,,,,,,,,,,,,,,,0.0,0
13,2746,Josh Smith,16.0,8.0,12.0,1.0,0.0,0.0,2.0,1.0,2.0,2.0,2.0,3.0,17.0,29:39,11.0,1
14,202328,Greg Monroe,8.0,4.0,11.0,0.0,0.0,4.0,7.0,1.0,3.0,0.0,0.0,1.0,2.0,24:33,8.9,1
15,203083,Andre Drummond,13.0,5.0,7.0,4.0,3.0,5.0,12.0,1.0,0.0,2.0,1.0,1.0,19.0,32:32,17.8,1
16,203484,Kentavious Caldwell-Pope,4.0,2.0,5.0,0.0,0.0,0.0,2.0,0.0,1.0,0.0,2.0,0.0,4.0,18:42,1.8,1
17,201943,Brandon Jennings,20.0,7.0,19.0,7.0,4.0,2.0,2.0,3.0,8.0,0.0,2.0,2.0,22.0,33:38,16.1,1
18,201155,Rodney Stuckey,13.0,4.0,9.0,6.0,4.0,0.0,3.0,1.0,4.0,0.0,2.0,2.0,16.0,28:57,9.4,1
19,202713,Kyle Singler,12.0,4.0,7.0,4.0,3.0,3.0,1.0,0.0,0.0,1.0,3.0,0.0,20.0,22:46,10.2,1
20,101198,Will Bynum,7.0,3.0,7.0,0.0,0.0,1.0,0.0,0.0,3.0,1.0,2.0,3.0,5.0,15:22,3.0,1
21,202725,Josh Harrellson,3.0,1.0,4.0,0.0,0.0,0.0,8.0,0.0,1.0,1.0,5.0,3.0,-1.0,18:21,-0.6,1
22,201973,Jonas Jerebko,1.0,0.0,3.0,2.0,1.0,1.0,0.0,0.0,0.0,0.0,1.0,0.0,-8.0,5:51,-1.2,1
23,203502,Tony Mitchell,4.0,0.0,0.0,4.0,4.0,1.0,1.0,0.0,0.0,0.0,0.0,0.0,-9.0,5:36,5.0,1
24,203540,Gigi Datome,2.0,1.0,2.0,0.0,0.0,0.0,1.0,0.0,0.0,0.0,0.0,0.0,-7.0,4:03,1.3,1
25,101111,Charlie Villanueva,,,,,,,,,,,,,,,0.0,1
