,id,name,PTS,FG,FGA,FTA,FT,OREB,DREB,STL,AST,BLK,PF,TO,PLUS_MINUS,MIN,GS,WIN
0,2207,Joe Johnson,19.0,9.0,17.0,0.0,0.0,0.0,2.0,0.0,0.0,0.0,1.0,1.0,2.0,33:03,9.9,1
1,1718,Paul Pierce,14.0,5.0,8.0,3.0,3.0,0.0,4.0,2.0,1.0,2.0,5.0,3.0,4.0,32:19,10.7,1
2,203486,Mason Plumlee,8.0,4.0,6.0,0.0,0.0,3.0,5.0,1.0,2.0,3.0,2.0,0.0,1.0,30:19,12.7,1
3,2733,Shaun Livingston,4.0,2.0,6.0,0.0,0.0,0.0,2.0,0.0,1.0,0.0,2.0,3.0,-8.0,28:04,-1.9,1
4,101114,Deron Williams,8.0,3.0,9.0,4.0,1.0,1.0,5.0,2.0,6.0,1.0,2.0,3.0,7.0,34:23,7.0,1
5,201977,Marcus Thornton,16.0,6.0,8.0,0.0,0.0,0.0,6.0,4.0,1.0,1.0,0.0,3.0,8.0,28:16,17.0,1
6,1905,Andrei Kirilenko,1.0,0.0,0.0,2.0,1.0,0.0,3.0,0.0,0.0,0.0,1.0,0.0,0.0,10:47,1.1,1
7,203141,Mirza Teletovic,11.0,4.0,8.0,1.0,1.0,0.0,2.0,0.0,1.0,0.0,1.0,0.0,-3.0,22:35,7.9,1
8,101187,Alan Anderson,7.0,3.0,6.0,4.0,1.0,0.0,2.0,0.0,1.0,0.0,0.0,2.0,-6.0,20:14,2.1,1
9,101154,Andray Blatche,,,,,,,,,,,,,,,0.0,1
10,2215,Jason Collins,,,,,,,,,,,,,,,0.0,1
11,203268,Jorge Gutierrez,,,,,,,,,,,,,,,0.0,1
12,203104,Marquis Teague,,,,,,,,,,,,,,,0.0,1
13,2544,LeBron James,29.0,9.0,16.0,14.0,11.0,1.0,9.0,2.0,6.0,0.0,0.0,3.0,-2.0,37:08,26.8,0
14,2203,Shane Battier,3.0,1.0,2.0,0.0,0.0,0.0,1.0,1.0,0.0,0.0,1.0,0.0,2.0,19:47,2.9,0
15,2547,Chris Bosh,12.0,5.0,13.0,3.0,2.0,2.0,4.0,0.0,1.0,2.0,3.0,2.0,3.0,35:43,6.0,0
16,201962,Toney Douglas,6.0,2.0,5.0,0.0,0.0,0.0,2.0,0.0,1.0,0.0,2.0,1.0,1.0,23:20,2.8,0
17,201596,Mario Chalmers,7.0,3.0,8.0,0.0,0.0,0.0,2.0,1.0,5.0,0.0,3.0,2.0,-13.0,28:18,4.5,0
18,2365,Chris Andersen,5.0,2.0,4.0,2.0,1.0,1.0,4.0,0.0,0.0,0.0,0.0,1.0,3.0,19:21,3.5,0
19,951,Ray Allen,6.0,2.0,5.0,0.0,0.0,1.0,3.0,0.0,0.0,1.0,4.0,1.0,2.0,23:07,3.0,0
20,1740,Rashard Lewis,9.0,4.0,7.0,0.0,0.0,1.0,2.0,2.0,0.0,0.0,2.0,2.0,-3.0,28:13,6.2,0
21,202708,Norris Cole,10.0,5.0,9.0,0.0,0.0,0.0,1.0,3.0,4.0,0.0,0.0,1.0,2.0,25:03,10.8,0
22,201563,Michael Beasley,,,,,,,,,,,,,,,0.0,0
23,203120,Justin Hamilton,,,,,,,,,,,,,,,0.0,0
24,2617,Udonis Haslem,,,,,,,,,,,,,,,0.0,0
25,2592,James Jones,,,,,,,,,,,,,,,0.0,0
