,id,name,PTS,FG,FGA,FTA,FT,OREB,DREB,STL,AST,BLK,PF,TO,PLUS_MINUS,MIN,GS,WIN
0,201162,Jared Dudley,7.0,3.0,9.0,0.0,0.0,1.0,0.0,2.0,2.0,0.0,4.0,2.0,-19.0,34:27,2.4,0
1,201933,Blake Griffin,27.0,12.0,23.0,4.0,3.0,2.0,8.0,2.0,5.0,0.0,1.0,3.0,-2.0,36:39,21.2,0
2,201599,DeAndre Jordan,4.0,2.0,8.0,4.0,0.0,4.0,8.0,0.0,1.0,1.0,3.0,1.0,-8.0,31:59,2.0,0
3,200755,JJ Redick,8.0,3.0,11.0,1.0,1.0,0.0,3.0,2.0,0.0,0.0,1.0,0.0,-7.0,26:54,4.0,0
4,101108,Chris Paul,17.0,7.0,11.0,0.0,0.0,0.0,5.0,0.0,12.0,0.0,2.0,3.0,-10.0,35:17,18.2,0
5,2037,Jamal Crawford,18.0,7.0,16.0,4.0,2.0,0.0,2.0,0.0,4.0,0.0,0.0,0.0,-12.0,28:30,12.2,0
6,200797,Ryan Hollins,5.0,2.0,2.0,2.0,1.0,1.0,3.0,0.0,0.0,1.0,6.0,1.0,-4.0,10:24,2.9,0
7,203493,Reggie Bullock,5.0,2.0,6.0,0.0,0.0,1.0,1.0,0.0,0.0,0.0,2.0,0.0,-3.0,17:17,1.8,0
8,201954,Darren Collison,0.0,0.0,5.0,0.0,0.0,1.0,1.0,3.0,2.0,0.0,1.0,0.0,-7.0,13:51,1.5,0
9,201957,Byron Mullens,0.0,0.0,1.0,0.0,0.0,0.0,0.0,0.0,0.0,0.0,0.0,0.0,2.0,4:42,-0.7,0
10,2440,Matt Barnes,,,,,,,,,,,,,,,0.0,0
11,2584,Willie Green,,,,,,,,,,,,,,,0.0,0
12,1712,Antawn Jamison,,,,,,,,,,,,,,,0.0,0
13,201142,Kevin Durant,28.0,10.0,19.0,9.0,6.0,0.0,6.0,1.0,8.0,0.0,0.0,1.0,9.0,38:35,24.9,1
14,201586,Serge Ibaka,17.0,8.0,10.0,2.0,1.0,0.0,5.0,1.0,1.0,3.0,3.0,3.0,9.0,30:42,13.9,1
15,2570,Kendrick Perkins,6.0,3.0,6.0,0.0,0.0,2.0,2.0,0.0,1.0,0.0,1.0,1.0,3.0,19:53,4.3,1
16,200757,Thabo Sefolosha,7.0,2.0,6.0,2.0,2.0,1.0,4.0,0.0,1.0,0.0,1.0,1.0,3.0,22:18,4.8,1
17,201566,Russell Westbrook,12.0,5.0,13.0,3.0,2.0,0.0,6.0,1.0,5.0,0.0,3.0,3.0,1.0,31:21,6.6,1
18,203500,Steven Adams,6.0,2.0,5.0,4.0,2.0,3.0,4.0,0.0,2.0,3.0,4.0,1.0,10.0,23:41,6.7,1
19,202704,Reggie Jackson,9.0,4.0,8.0,2.0,1.0,1.0,5.0,0.0,3.0,0.0,2.0,3.0,14.0,20:58,5.1,1
20,203087,Jeremy Lamb,11.0,5.0,10.0,0.0,0.0,1.0,3.0,0.0,2.0,1.0,0.0,1.0,9.0,19:43,8.7,1
21,2555,Nick Collison,4.0,1.0,1.0,3.0,2.0,1.0,2.0,2.0,1.0,0.0,1.0,0.0,1.0,11:30,6.9,1
22,965,Derek Fisher,4.0,1.0,1.0,2.0,2.0,0.0,2.0,2.0,1.0,0.0,1.0,2.0,11.0,17:41,4.6,1
23,203460,Andre Roberson,0.0,0.0,0.0,0.0,0.0,0.0,0.0,0.0,0.0,0.0,1.0,0.0,0.0,1:49,-0.4,1
24,203103,Perry Jones III,1.0,0.0,0.0,2.0,1.0,0.0,1.0,0.0,0.0,0.0,0.0,1.0,0.0,1:49,-0.1,1
25,201934,Hasheem Thabeet,,,,,,,,,,,,,,,0.0,1
