,id,name,PTS,FG,FGA,FTA,FT,OREB,DREB,STL,AST,BLK,PF,TO,PLUS_MINUS,MIN,GS,WIN
0,2419,Tayshaun Prince,7.0,3.0,4.0,4.0,1.0,0.0,1.0,0.0,2.0,0.0,3.0,0.0,-8.0,22:10,4.7,0
1,2216,Zach Randolph,21.0,10.0,16.0,2.0,1.0,3.0,4.0,1.0,3.0,0.0,3.0,0.0,-11.0,35:10,18.6,0
2,201188,Marc Gasol,17.0,7.0,16.0,5.0,3.0,3.0,4.0,2.0,1.0,2.0,2.0,3.0,-9.0,36:39,11.4,0
3,201584,Courtney Lee,11.0,5.0,7.0,1.0,1.0,1.0,2.0,1.0,3.0,1.0,1.0,2.0,-9.0,25:34,10.8,0
4,201144,Mike Conley,20.0,8.0,17.0,3.0,2.0,1.0,2.0,0.0,6.0,0.0,1.0,1.0,-11.0,34:46,15.0,0
5,201979,Nick Calathes,7.0,3.0,6.0,1.0,1.0,0.0,3.0,2.0,1.0,0.0,0.0,2.0,4.0,13:14,5.6,0
6,201585,Kosta Koufos,6.0,3.0,3.0,0.0,0.0,0.0,0.0,1.0,0.0,1.0,2.0,0.0,1.0,8:03,6.0,0
7,2754,Tony Allen,2.0,1.0,7.0,0.0,0.0,1.0,3.0,2.0,3.0,0.0,1.0,0.0,0.0,24:05,2.8,0
8,2034,Mike Miller,0.0,0.0,1.0,0.0,0.0,0.0,2.0,0.0,4.0,0.0,2.0,0.0,1.0,24:33,1.9,0
9,202720,Jon Leuer,0.0,0.0,2.0,0.0,0.0,0.0,3.0,0.0,0.0,0.0,0.0,0.0,-1.0,6:02,-0.5,0
10,201949,James Johnson,2.0,1.0,2.0,0.0,0.0,0.0,0.0,0.0,1.0,0.0,0.0,1.0,8.0,9:45,0.7,0
11,202334,Ed Davis,,,,,,,,,,,,,,,0.0,0
12,2757,Beno Udrih,,,,,,,,,,,,,,,0.0,0
13,2738,Andre Iguodala,5.0,2.0,3.0,0.0,0.0,1.0,4.0,0.0,3.0,0.0,1.0,2.0,11.0,28:51,5.3,1
14,201578,Marreese Speights,15.0,7.0,9.0,2.0,1.0,2.0,6.0,0.0,0.0,1.0,2.0,1.0,2.0,25:33,13.2,1
15,101106,Andrew Bogut,0.0,0.0,1.0,0.0,0.0,1.0,1.0,0.0,1.0,0.0,0.0,1.0,7.0,4:01,0.0,1
16,202691,Klay Thompson,14.0,6.0,16.0,2.0,2.0,1.0,3.0,1.0,5.0,0.0,3.0,2.0,9.0,36:10,8.1,1
17,201939,Stephen Curry,33.0,13.0,22.0,3.0,2.0,1.0,4.0,1.0,8.0,2.0,1.0,3.0,9.0,38:03,28.9,1
18,979,Jermaine O'Neal,10.0,2.0,7.0,7.0,6.0,1.0,5.0,1.0,1.0,0.0,2.0,2.0,-5.0,33:56,6.6,1
19,203084,Harrison Barnes,4.0,2.0,7.0,0.0,0.0,1.0,0.0,2.0,2.0,0.0,0.0,1.0,-2.0,18:13,3.0,1
20,2581,Steve Blake,5.0,2.0,3.0,0.0,0.0,0.0,2.0,0.0,0.0,2.0,2.0,0.0,-6.0,16:28,4.9,1
21,203110,Draymond Green,12.0,5.0,11.0,0.0,0.0,2.0,7.0,0.0,1.0,1.0,3.0,0.0,10.0,32:14,10.0,1
22,202348,Jordan Crawford,2.0,1.0,2.0,0.0,0.0,0.0,1.0,0.0,1.0,0.0,0.0,0.0,0.0,6:33,2.0,1
23,101135,David Lee,,,,,,,,,,,,,,,0.0,1
