,id,name,PTS,FG,FGA,FTA,FT,OREB,DREB,STL,AST,BLK,PF,TO,PLUS_MINUS,MIN,GS,WIN
0,203082,Terrence Ross,24.0,9.0,16.0,1.0,1.0,0.0,3.0,1.0,2.0,0.0,1.0,1.0,19.0,36:44,18.3,1
1,101161,Amir Johnson,10.0,4.0,6.0,2.0,1.0,3.0,4.0,0.0,2.0,0.0,5.0,2.0,8.0,30:02,7.7,1
2,202685,Jonas Valanciunas,15.0,7.0,12.0,1.0,1.0,3.0,11.0,0.0,2.0,0.0,2.0,3.0,14.0,35:02,12.4,1
3,201942,DeMar DeRozan,20.0,5.0,13.0,11.0,10.0,1.0,6.0,0.0,3.0,0.0,4.0,4.0,20.0,39:44,11.5,1
4,200768,Kyle Lowry,23.0,8.0,17.0,3.0,3.0,1.0,8.0,0.0,4.0,0.0,3.0,2.0,11.0,34:11,17.0,1
5,202349,Greivis Vasquez,7.0,3.0,10.0,0.0,0.0,0.0,2.0,1.0,3.0,0.0,2.0,2.0,-2.0,16:53,2.1,1
6,101236,Chuck Hayes,0.0,0.0,4.0,0.0,0.0,3.0,3.0,1.0,1.0,3.0,2.0,1.0,3.0,26:57,2.2,1
7,2422,John Salmons,0.0,0.0,1.0,0.0,0.0,0.0,0.0,1.0,0.0,0.0,0.0,0.0,-10.0,13:19,0.3,1
8,201986,Nando De Colo,0.0,0.0,1.0,0.0,0.0,0.0,0.0,0.0,0.0,0.0,0.0,1.0,-11.0,3:09,-1.7,1
9,201946,Tyler Hansbrough,0.0,0.0,0.0,0.0,0.0,0.0,0.0,0.0,0.0,0.0,2.0,0.0,-7.0,3:59,-0.8,1
10,202779,Dwight Buycks,,,,,,,,,,,,,,,0.0,1
11,202361,Landry Fields,,,,,,,,,,,,,,,0.0,1
12,200779,Steve Novak,,,,,,,,,,,,,,,0.0,1
13,201145,Jeff Green,6.0,3.0,9.0,0.0,0.0,0.0,2.0,0.0,0.0,1.0,2.0,1.0,-14.0,20:13,0.4,0
14,101138,Brandon Bass,4.0,2.0,3.0,0.0,0.0,1.0,4.0,0.0,0.0,0.0,0.0,0.0,-19.0,26:13,4.6,0
15,2743,Kris Humphries,4.0,1.0,6.0,2.0,2.0,1.0,3.0,0.0,1.0,1.0,1.0,0.0,-7.0,16:41,2.8,0
16,202340,Avery Bradley,16.0,6.0,15.0,2.0,2.0,0.0,3.0,0.0,0.0,0.0,2.0,1.0,-22.0,36:46,7.0,0
17,200765,Rajon Rondo,9.0,3.0,9.0,4.0,3.0,1.0,3.0,2.0,15.0,0.0,3.0,1.0,-10.0,31:58,15.4,0
18,203096,Jared Sullinger,26.0,8.0,17.0,8.0,6.0,2.0,6.0,1.0,1.0,2.0,3.0,0.0,-2.0,31:19,21.6,0
19,203569,Chris Babb,0.0,0.0,0.0,0.0,0.0,0.0,0.0,0.0,0.0,0.0,1.0,0.0,-3.0,1:31,-0.4,0
20,203482,Kelly Olynyk,7.0,3.0,7.0,0.0,0.0,2.0,3.0,3.0,1.0,0.0,1.0,2.0,10.0,21:47,6.9,0
21,201573,Jerryd Bayless,3.0,1.0,3.0,0.0,0.0,0.0,2.0,0.0,1.0,0.0,1.0,2.0,6.0,15:01,0.2,0
22,203187,Chris Johnson,13.0,5.0,8.0,4.0,2.0,0.0,1.0,1.0,0.0,1.0,1.0,1.0,8.0,26:16,9.2,0
23,203515,Phil Pressey,2.0,0.0,2.0,2.0,2.0,1.0,1.0,1.0,4.0,0.0,1.0,1.0,8.0,12:15,4.0,0
24,201202,Joel Anthony,,,,,,,,,,,,,,,0.0,0
