,id,name,PTS,FG,FGA,FTA,FT,OREB,DREB,STL,AST,BLK,PF,TO,PLUS_MINUS,MIN,GS,WIN
0,2207,Joe Johnson,25.0,8.0,15.0,6.0,5.0,1.0,5.0,1.0,5.0,0.0,3.0,0.0,13.0,29:51,22.8,1
1,1718,Paul Pierce,3.0,1.0,4.0,0.0,0.0,0.0,4.0,1.0,5.0,1.0,1.0,2.0,14.0,26:23,4.6,1
2,708,Kevin Garnett,6.0,3.0,4.0,0.0,0.0,1.0,5.0,1.0,1.0,0.0,1.0,1.0,2.0,17:47,6.9,1
3,101187,Alan Anderson,15.0,4.0,11.0,4.0,4.0,0.0,3.0,1.0,3.0,1.0,4.0,2.0,17.0,23:16,10.0,1
4,2733,Shaun Livingston,4.0,2.0,5.0,0.0,0.0,1.0,1.0,1.0,2.0,1.0,2.0,2.0,8.0,20:39,2.6,1
5,101154,Andray Blatche,19.0,9.0,12.0,0.0,0.0,1.0,11.0,2.0,0.0,1.0,4.0,1.0,17.0,27:11,18.3,1
6,101114,Deron Williams,13.0,4.0,10.0,5.0,3.0,1.0,2.0,1.0,3.0,0.0,3.0,3.0,15.0,27:21,7.0,1
7,1905,Andrei Kirilenko,3.0,1.0,4.0,2.0,1.0,2.0,2.0,1.0,2.0,0.0,5.0,1.0,9.0,23:19,1.6,1
8,203141,Mirza Teletovic,8.0,3.0,6.0,0.0,0.0,1.0,1.0,0.0,3.0,0.0,1.0,1.0,7.0,20:04,6.7,1
9,1891,Jason Terry,3.0,1.0,3.0,0.0,0.0,0.0,3.0,1.0,1.0,0.0,3.0,1.0,9.0,21:07,1.7,1
10,203486,Mason Plumlee,4.0,1.0,1.0,3.0,2.0,0.0,0.0,1.0,0.0,0.0,0.0,0.0,4.0,3:02,4.3,1
11,2501,Reggie Evans,,,,,,,,,,,,,,,0.0,1
12,2546,Carmelo Anthony,26.0,8.0,19.0,13.0,8.0,3.0,9.0,2.0,2.0,0.0,0.0,2.0,-11.0,38:46,20.1,0
13,202697,Iman Shumpert,5.0,2.0,8.0,0.0,0.0,1.0,1.0,0.0,0.0,1.0,3.0,1.0,-11.0,20:08,-0.3,0
14,2199,Tyson Chandler,4.0,2.0,2.0,2.0,0.0,5.0,5.0,0.0,1.0,1.0,2.0,0.0,-11.0,35:13,8.2,0
15,101109,Raymond Felton,9.0,2.0,11.0,8.0,4.0,0.0,2.0,1.0,6.0,0.0,3.0,3.0,-11.0,35:00,2.1,0
16,203143,Pablo Prigioni,2.0,0.0,3.0,2.0,2.0,2.0,3.0,0.0,2.0,0.0,1.0,3.0,-10.0,19:05,0.2,0
17,2747,JR Smith,15.0,4.0,12.0,4.0,4.0,0.0,3.0,1.0,0.0,0.0,3.0,2.0,-16.0,34:24,6.9,0
18,200745,Andrea Bargnani,5.0,2.0,6.0,1.0,1.0,0.0,2.0,0.0,1.0,1.0,1.0,3.0,-15.0,19:13,0.2,0
19,203501,Tim Hardaway Jr.,11.0,3.0,5.0,5.0,4.0,0.0,2.0,0.0,0.0,0.0,2.0,0.0,-15.0,25:30,8.1,0
20,2757,Beno Udrih,0.0,0.0,1.0,0.0,0.0,0.0,1.0,0.0,1.0,0.0,0.0,1.0,-3.0,3:35,-0.7,0
21,202332,Cole Aldrich,1.0,0.0,1.0,2.0,1.0,1.0,2.0,0.0,0.0,0.0,1.0,0.0,-4.0,3:02,0.8,0
22,202719,Jeremy Tyler,2.0,1.0,3.0,0.0,0.0,2.0,0.0,0.0,0.0,0.0,1.0,1.0,-4.0,3:02,0.3,0
23,203315,Toure' Murry,0.0,0.0,0.0,0.0,0.0,0.0,1.0,0.0,0.0,0.0,0.0,0.0,-4.0,3:02,0.3,0
24,2405,Amar'e Stoudemire,,,,,,,,,,,,,,,0.0,0
