,id,name,PTS,FG,FGA,FTA,FT,OREB,DREB,STL,AST,BLK,PF,TO,PLUS_MINUS,MIN,GS,WIN
0,2210,Richard Jefferson,3,1,2,1,1,0,4,1,1,0,0,0,-28.0,16:15,4.9,0
1,202324,Derrick Favors,9,4,8,2,1,2,1,1,1,1,0,1,-40.0,21:21,7.7,0
2,202683,Enes Kanter,6,3,8,0,0,2,0,2,0,0,2,2,-9.0,20:23,2.2,0
3,202330,Gordon Hayward,10,5,12,0,0,0,1,2,3,0,3,4,-29.0,22:56,2.8,0
4,203504,Trey Burke,7,3,9,2,1,0,0,0,1,0,1,0,-29.0,16:21,1.8,0
5,2740,Andris Biedrins,2,1,1,0,0,1,1,0,0,0,2,0,-10.0,7:06,1.9,0
6,202692,Alec Burks,16,6,16,3,3,2,1,2,3,0,4,1,-11.0,28:07,10.4,0
7,201575,Brandon Rush,5,2,6,1,1,0,2,1,2,0,1,2,-3.0,23:01,2.2,0
8,202379,Jeremy Evans,10,4,7,2,2,7,2,1,1,0,4,0,-10.0,18:25,12.3,0
9,203197,Diante Garrett,5,2,5,0,0,0,2,3,4,0,1,4,-2.0,25:20,4.3,0
10,200839,Mike Harris,10,4,6,2,2,2,2,3,0,0,2,1,2.0,15:59,10.6,0
11,203497,Rudy Gobert,5,1,3,4,3,2,5,0,1,2,2,1,3.0,12:46,6.1,0
12,101249,John Lucas III,10,3,10,2,2,0,0,1,0,0,0,0,6.0,12:00,5.2,0
13,201587,Nicolas Batum,13,5,6,0,0,2,5,1,3,0,1,4,44.0,28:16,12.4,1
14,200746,LaMarcus Aldridge,20,7,14,7,6,3,12,2,4,0,0,0,45.0,29:07,23.1,1
15,201577,Robin Lopez,8,3,6,2,2,2,3,0,1,1,1,0,31.0,22:39,8.3,1
16,202083,Wesley Matthews,24,8,11,5,4,0,0,0,1,0,2,1,36.0,28:03,18.0,1
17,203081,Damian Lillard,21,7,9,2,2,1,2,1,6,1,1,3,35.0,25:24,21.3,1
18,2590,Mo Williams,7,3,4,0,0,0,1,1,3,0,1,2,1.0,20:07,6.4,1
19,200777,Joel Freeland,4,2,4,0,0,1,2,0,1,1,2,4,7.0,13:21,-0.1,1
20,2748,Dorell Wright,6,2,4,0,0,0,1,0,0,1,0,2,-5.0,10:19,3.0,1
21,203080,Thomas Robinson,13,4,8,6,5,3,3,2,1,0,3,1,-13.0,18:53,12.1,1
22,203115,Will Barton,4,2,7,0,0,0,2,0,4,0,1,1,-6.0,12:00,1.9,1
23,203086,Meyers Leonard,2,0,3,2,2,5,1,1,0,1,3,1,-6.0,12:00,3.2,1
24,203459,Allen Crabbe,8,3,6,0,0,0,0,1,0,0,0,1,-6.0,10:56,5.0,1
25,2248,Earl Watson,0,0,1,0,0,0,1,0,2,0,2,1,-3.0,8:55,-0.8,1
