,id,name,PTS,FG,FGA,FTA,FT,OREB,DREB,STL,AST,BLK,PF,TO,PLUS_MINUS,MIN,GS,WIN
0,2738,Andre Iguodala,4.0,2.0,5.0,0.0,0.0,2.0,3.0,1.0,2.0,0.0,3.0,1.0,-3.0,30:22,3.8,1
1,101135,David Lee,16.0,8.0,15.0,0.0,0.0,0.0,3.0,1.0,0.0,1.0,4.0,1.0,-13.0,23:53,8.7,1
2,101106,Andrew Bogut,6.0,3.0,5.0,0.0,0.0,3.0,4.0,1.0,3.0,3.0,2.0,1.0,-5.0,26:35,10.4,1
3,202691,Klay Thompson,27.0,10.0,19.0,6.0,4.0,1.0,3.0,1.0,0.0,2.0,4.0,2.0,-2.0,38:50,17.3,1
4,201939,Stephen Curry,37.0,11.0,24.0,9.0,9.0,0.0,4.0,1.0,5.0,0.0,4.0,5.0,-5.0,40:08,23.7,1
5,203084,Harrison Barnes,5.0,2.0,8.0,0.0,0.0,2.0,3.0,0.0,3.0,0.0,5.0,0.0,4.0,27:44,2.6,1
6,203110,Draymond Green,5.0,1.0,3.0,4.0,3.0,0.0,8.0,2.0,2.0,1.0,6.0,2.0,5.0,23:31,5.0,1
7,2581,Steve Blake,5.0,2.0,3.0,0.0,0.0,0.0,1.0,0.0,2.0,0.0,0.0,0.0,13.0,17:48,5.4,1
8,979,Jermaine O'Neal,8.0,3.0,3.0,3.0,2.0,2.0,2.0,0.0,0.0,0.0,1.0,0.0,8.0,6:49,8.3,1
9,202348,Jordan Crawford,0.0,0.0,3.0,0.0,0.0,0.0,0.0,0.0,0.0,0.0,0.0,0.0,3.0,4:20,-2.1,1
10,201578,Marreese Speights,,,,,,,,,,,,,,,0.0,1
11,201587,Nicolas Batum,23.0,7.0,13.0,5.0,4.0,3.0,11.0,3.0,5.0,1.0,0.0,4.0,0.0,42:41,24.9,0
12,2748,Dorell Wright,13.0,5.0,6.0,0.0,0.0,0.0,4.0,1.0,0.0,1.0,0.0,3.0,8.0,16:35,10.7,0
13,201577,Robin Lopez,14.0,5.0,12.0,5.0,4.0,5.0,5.0,0.0,4.0,1.0,3.0,0.0,5.0,37:56,14.5,0
14,202083,Wesley Matthews,13.0,3.0,12.0,6.0,6.0,0.0,4.0,0.0,3.0,0.0,3.0,2.0,-7.0,35:11,5.9,0
15,203081,Damian Lillard,26.0,8.0,22.0,10.0,9.0,2.0,0.0,0.0,7.0,0.0,1.0,0.0,4.0,38:54,19.3,0
16,2590,Mo Williams,12.0,5.0,10.0,0.0,0.0,0.0,0.0,2.0,4.0,0.0,4.0,2.0,-3.0,31:22,8.2,0
17,203115,Will Barton,6.0,2.0,8.0,2.0,2.0,2.0,5.0,0.0,2.0,0.0,1.0,0.0,-14.0,16:14,5.1,0
18,203080,Thomas Robinson,5.0,2.0,5.0,2.0,1.0,0.0,4.0,0.0,0.0,1.0,3.0,0.0,-8.0,9:11,2.6,0
19,201964,Victor Claver,0.0,0.0,0.0,0.0,0.0,0.0,3.0,0.0,0.0,0.0,1.0,1.0,10.0,11:56,-0.5,0
20,203459,Allen Crabbe,,,,,,,,,,,,,,,0.0,0
21,203086,Meyers Leonard,,,,,,,,,,,,,,,0.0,0
22,203468,CJ McCollum,,,,,,,,,,,,,,,0.0,0
23,2248,Earl Watson,,,,,,,,,,,,,,,0.0,0
