,id,name,PTS,FG,FGA,FTA,FT,OREB,DREB,STL,AST,BLK,PF,TO,PLUS_MINUS,MIN,GS,WIN
0,201152,Thaddeus Young,29.0,11.0,18.0,6.0,5.0,0.0,4.0,3.0,2.0,0.0,5.0,1.0,4.0,42:46,23.0,0
1,202323,Evan Turner,31.0,9.0,23.0,13.0,11.0,1.0,9.0,0.0,1.0,0.0,2.0,4.0,15.0,46:38,17.0,0
2,201150,Spencer Hawes,13.0,6.0,13.0,0.0,0.0,2.0,9.0,0.0,2.0,0.0,4.0,4.0,2.0,42:17,6.2,0
3,203487,Michael Carter-Williams,21.0,9.0,17.0,0.0,0.0,2.0,5.0,2.0,13.0,2.0,5.0,4.0,-3.0,49:04,22.1,0
4,202341,James Anderson,5.0,2.0,5.0,0.0,0.0,0.0,2.0,2.0,3.0,0.0,2.0,3.0,-2.0,44:25,3.2,0
5,202730,Lavoy Allen,6.0,3.0,6.0,0.0,0.0,2.0,2.0,1.0,0.0,1.0,0.0,0.0,-7.0,20:01,6.7,0
6,203100,Tony Wroten,4.0,1.0,7.0,2.0,2.0,0.0,0.0,1.0,2.0,0.0,1.0,2.0,-4.0,16:21,-0.5,0
7,202721,Darius Morris,12.0,5.0,7.0,0.0,0.0,0.0,3.0,0.0,1.0,0.0,1.0,0.0,-12.0,17:32,10.3,0
8,203561,Brandon Davies,4.0,1.0,3.0,2.0,2.0,2.0,1.0,1.0,0.0,0.0,2.0,1.0,-3.0,10:56,3.2,0
9,2198,Kwame Brown,,,,,,,,,,,,,,,0.0,0
10,202350,Daniel Orton,,,,,,,,,,,,,,,0.0,0
11,203138,Hollis Thompson,,,,,,,,,,,,,,,0.0,0
12,202087,Alonzo Gee,2.0,1.0,3.0,0.0,0.0,0.0,3.0,0.0,0.0,0.0,3.0,3.0,-10.0,20:23,-3.0,1
13,202684,Tristan Thompson,19.0,6.0,10.0,8.0,7.0,6.0,4.0,1.0,0.0,2.0,3.0,0.0,2.0,48:29,20.6,1
14,2760,Anderson Varejao,13.0,5.0,10.0,4.0,3.0,4.0,6.0,2.0,2.0,3.0,3.0,3.0,-3.0,42:46,13.5,1
15,203079,Dion Waiters,24.0,9.0,19.0,6.0,3.0,1.0,7.0,4.0,6.0,0.0,5.0,3.0,-1.0,44:00,19.1,1
16,202681,Kyrie Irving,39.0,15.0,33.0,5.0,4.0,1.0,4.0,0.0,12.0,0.0,1.0,3.0,11.0,48:15,28.4,1
17,203092,Tyler Zeller,0.0,0.0,0.0,0.0,0.0,0.0,0.0,0.0,0.0,0.0,1.0,0.0,-2.0,2:08,-0.4,1
18,101127,Jarrett Jack,20.0,7.0,14.0,4.0,3.0,1.0,3.0,3.0,5.0,3.0,1.0,3.0,11.0,36:36,19.4,1
19,101139,CJ Miles,6.0,2.0,8.0,0.0,0.0,0.0,3.0,0.0,0.0,0.0,0.0,1.0,2.0,18:59,1.1,1
20,203521,Matthew Dellavedova,0.0,0.0,1.0,0.0,0.0,0.0,1.0,0.0,2.0,0.0,1.0,0.0,-5.0,6:07,0.6,1
21,203461,Anthony Bennett,0.0,0.0,1.0,0.0,0.0,0.0,1.0,0.0,0.0,0.0,1.0,0.0,-2.0,9:12,-0.8,1
22,203156,Henry Sims,4.0,1.0,3.0,2.0,2.0,1.0,4.0,0.0,1.0,2.0,2.0,2.0,7.0,13:06,3.5,1
23,201947,Earl Clark,,,,,,,,,,,,,,,0.0,1
24,203508,Sergey Karasev,,,,,,,,,,,,,,,0.0,1
