,id,name,PTS,FG,FGA,FTA,FT,OREB,DREB,STL,AST,BLK,PF,TO,PLUS_MINUS,MIN,GS,WIN
0,2399,Mike Dunleavy,11.0,3.0,11.0,5.0,5.0,0.0,2.0,1.0,2.0,2.0,2.0,1.0,4.0,33:19,7.1,1
1,2430,Carlos Boozer,14.0,7.0,10.0,0.0,0.0,0.0,6.0,0.0,0.0,0.0,4.0,1.0,-1.0,24:00,9.0,1
2,201149,Joakim Noah,13.0,3.0,6.0,10.0,7.0,2.0,6.0,1.0,13.0,1.0,3.0,4.0,8.0,37:25,17.6,1
3,202710,Jimmy Butler,15.0,5.0,12.0,4.0,2.0,0.0,5.0,3.0,0.0,0.0,1.0,3.0,4.0,44:29,8.9,1
4,2550,Kirk Hinrich,11.0,4.0,9.0,2.0,1.0,0.0,1.0,1.0,4.0,0.0,1.0,3.0,10.0,30:21,6.6,1
5,201571,D.J. Augustin,33.0,10.0,14.0,10.0,10.0,0.0,1.0,1.0,3.0,0.0,0.0,2.0,1.0,30:38,28.6,1
6,201959,Taj Gibson,6.0,3.0,6.0,0.0,0.0,0.0,8.0,1.0,2.0,1.0,0.0,1.0,2.0,29:24,7.5,1
7,1737,Nazr Mohammed,2.0,1.0,1.0,0.0,0.0,0.0,0.0,0.0,0.0,0.0,2.0,0.0,1.0,5:11,0.9,1
8,203503,Tony Snell,2.0,1.0,1.0,0.0,0.0,0.0,0.0,0.0,0.0,1.0,0.0,0.0,-4.0,5:13,2.4,1
9,202690,Jimmer Fredette,,,,,,,,,,,,,,,0.0,1
10,203513,Erik Murphy,,,,,,,,,,,,,,,0.0,1
11,203129,Tornike Shengelia,,,,,,,,,,,,,,,0.0,1
12,201145,Jeff Green,16.0,6.0,17.0,0.0,0.0,2.0,3.0,2.0,3.0,0.0,3.0,1.0,0.0,29:59,10.7,0
13,101138,Brandon Bass,12.0,6.0,12.0,0.0,0.0,2.0,1.0,0.0,1.0,0.0,2.0,2.0,3.0,29:17,5.6,0
14,2743,Kris Humphries,14.0,4.0,5.0,8.0,6.0,1.0,7.0,1.0,1.0,0.0,3.0,0.0,-4.0,22:17,14.6,0
15,202340,Avery Bradley,8.0,3.0,12.0,2.0,2.0,1.0,2.0,1.0,2.0,0.0,2.0,1.0,-3.0,33:24,2.7,0
16,200765,Rajon Rondo,17.0,7.0,13.0,2.0,1.0,0.0,4.0,2.0,11.0,0.0,3.0,6.0,-4.0,37:59,14.0,0
17,201573,Jerryd Bayless,12.0,5.0,9.0,1.0,1.0,1.0,1.0,3.0,1.0,0.0,2.0,1.0,-4.0,28:08,10.6,0
18,203096,Jared Sullinger,16.0,6.0,11.0,3.0,2.0,3.0,7.0,0.0,2.0,1.0,4.0,2.0,-8.0,26:52,13.0,0
19,203482,Kelly Olynyk,7.0,3.0,4.0,0.0,0.0,2.0,1.0,0.0,1.0,0.0,2.0,2.0,-1.0,17:34,5.0,0
20,203187,Chris Johnson,0.0,0.0,4.0,0.0,0.0,0.0,1.0,0.0,1.0,0.0,2.0,0.0,-4.0,14:30,-2.6,0
21,201202,Joel Anthony,,,,,,,,,,,,,,,0.0,0
22,203569,Chris Babb,,,,,,,,,,,,,,,0.0,0
23,203515,Phil Pressey,,,,,,,,,,,,,,,0.0,0
