,id,name,PTS,FG,FGA,FTA,FT,OREB,DREB,STL,AST,BLK,PF,TO,PLUS_MINUS,MIN,GS,WIN
0,2746,Josh Smith,25.0,10.0,24.0,7.0,5.0,3.0,5.0,2.0,2.0,0.0,2.0,2.0,-9.0,41:17,15.6,0
1,202328,Greg Monroe,20.0,9.0,13.0,4.0,2.0,5.0,4.0,0.0,2.0,0.0,3.0,0.0,-1.0,28:32,18.6,0
2,203083,Andre Drummond,4.0,2.0,5.0,2.0,0.0,3.0,3.0,1.0,1.0,0.0,2.0,1.0,-12.0,26:08,3.4,0
3,203484,Kentavious Caldwell-Pope,9.0,4.0,7.0,1.0,0.0,1.0,2.0,4.0,1.0,0.0,3.0,1.0,-9.0,29:38,9.1,0
4,201943,Brandon Jennings,26.0,10.0,18.0,8.0,4.0,1.0,2.0,0.0,7.0,0.0,4.0,6.0,2.0,37:38,14.4,0
5,202713,Kyle Singler,9.0,4.0,11.0,0.0,0.0,3.0,2.0,2.0,0.0,0.0,4.0,1.0,-13.0,32:08,5.0,0
6,201155,Rodney Stuckey,11.0,3.0,11.0,6.0,5.0,1.0,3.0,1.0,5.0,0.0,1.0,1.0,-11.0,31:03,8.8,0
7,202725,Josh Harrellson,2.0,1.0,2.0,0.0,0.0,0.0,3.0,0.0,0.0,0.0,2.0,0.0,1.0,12:49,1.1,0
8,203502,Tony Mitchell,0.0,0.0,0.0,0.0,0.0,0.0,0.0,0.0,0.0,0.0,0.0,0.0,2.0,0:47,0.0,0
9,101198,Will Bynum,,,,,,,,,,,,,,,0.0,0
10,203540,Gigi Datome,,,,,,,,,,,,,,,0.0,0
11,201973,Jonas Jerebko,,,,,,,,,,,,,,,0.0,0
12,101111,Charlie Villanueva,,,,,,,,,,,,,,,0.0,0
13,1890,Shawn Marion,8.0,4.0,9.0,0.0,0.0,1.0,5.0,1.0,1.0,0.0,0.0,3.0,-6.0,31:09,4.2,1
14,1717,Dirk Nowitzki,28.0,10.0,16.0,5.0,5.0,0.0,9.0,1.0,4.0,0.0,3.0,1.0,16.0,32:10,25.1,1
15,2223,Samuel Dalembert,6.0,3.0,5.0,2.0,0.0,2.0,3.0,1.0,1.0,3.0,3.0,0.0,-5.0,20:27,7.8,1
16,101145,Monta Ellis,11.0,4.0,8.0,3.0,3.0,0.0,1.0,1.0,3.0,0.0,2.0,8.0,-4.0,29:49,1.6,1
17,101181,Jose Calderon,17.0,7.0,8.0,2.0,2.0,1.0,1.0,1.0,4.0,0.0,2.0,2.0,2.0,33:57,16.2,1
18,1713,Vince Carter,13.0,4.0,8.0,6.0,4.0,0.0,5.0,0.0,3.0,1.0,0.0,1.0,12.0,22:46,11.5,1
19,201971,DeJuan Blair,9.0,4.0,9.0,2.0,1.0,2.0,2.0,1.0,0.0,0.0,4.0,0.0,4.0,13:47,5.3,1
20,201148,Brandan Wright,8.0,2.0,2.0,4.0,4.0,0.0,3.0,0.0,0.0,3.0,1.0,1.0,9.0,16:00,9.0,1
21,2734,Devin Harris,14.0,4.0,7.0,4.0,4.0,0.0,1.0,0.0,7.0,0.0,3.0,1.0,12.0,24:03,13.7,1
22,203109,Jae Crowder,2.0,1.0,2.0,0.0,0.0,1.0,2.0,0.0,0.0,0.0,1.0,0.0,10.0,15:52,1.9,1
23,201961,Wayne Ellington,,,,,,,,,,,,,,,0.0,1
24,203108,Bernard James,,,,,,,,,,,,,,,0.0,1
25,203499,Shane Larkin,,,,,,,,,,,,,,,0.0,1
