,id,name,PTS,FG,FGA,FTA,FT,OREB,DREB,STL,AST,BLK,PF,TO,PLUS_MINUS,MIN,GS,WIN
0,2738,Andre Iguodala,3.0,1.0,5.0,0.0,0.0,1.0,7.0,1.0,3.0,1.0,4.0,1.0,1.0,30:16,3.9,0
1,101135,David Lee,20.0,9.0,14.0,5.0,2.0,2.0,5.0,1.0,3.0,1.0,3.0,5.0,10.0,39:40,13.1,0
2,101106,Andrew Bogut,10.0,5.0,7.0,0.0,0.0,1.0,8.0,1.0,0.0,2.0,2.0,0.0,1.0,31:02,11.8,0
3,202691,Klay Thompson,14.0,5.0,15.0,0.0,0.0,0.0,5.0,0.0,3.0,0.0,3.0,2.0,3.0,43:29,5.9,0
4,201939,Stephen Curry,34.0,11.0,25.0,10.0,10.0,0.0,5.0,3.0,7.0,0.0,5.0,7.0,1.0,45:28,21.3,0
5,203084,Harrison Barnes,6.0,2.0,3.0,0.0,0.0,0.0,0.0,0.0,0.0,0.0,1.0,1.0,-8.0,20:57,3.3,0
6,201578,Marreese Speights,6.0,2.0,5.0,2.0,2.0,1.0,0.0,0.0,1.0,1.0,3.0,1.0,-7.0,7:29,3.2,0
7,203110,Draymond Green,4.0,1.0,3.0,4.0,2.0,1.0,4.0,1.0,2.0,0.0,5.0,1.0,-10.0,16:29,2.8,0
8,201962,Toney Douglas,0.0,0.0,0.0,0.0,0.0,0.0,0.0,0.0,0.0,0.0,0.0,0.0,-3.0,2:31,0.0,0
9,203145,Kent Bazemore,1.0,0.0,1.0,2.0,1.0,0.0,0.0,0.0,0.0,0.0,1.0,0.0,-8.0,2:39,-0.5,0
10,203136,Ognjen Kuzmic,,,,,,,,,,,,,,,0.0,0
11,979,Jermaine O'Neal,,,,,,,,,,,,,,,0.0,0
12,2207,Joe Johnson,27.0,8.0,17.0,11.0,9.0,0.0,3.0,1.0,2.0,0.0,0.0,1.0,-3.0,37:05,19.8,1
13,1718,Paul Pierce,11.0,2.0,7.0,8.0,7.0,1.0,4.0,1.0,1.0,0.0,4.0,4.0,-1.0,33:00,4.5,1
14,708,Kevin Garnett,13.0,5.0,7.0,3.0,3.0,2.0,3.0,4.0,0.0,1.0,2.0,2.0,7.0,23:05,14.3,1
15,101187,Alan Anderson,2.0,1.0,5.0,0.0,0.0,1.0,0.0,0.0,0.0,0.0,1.0,2.0,-11.0,23:31,-2.8,1
16,2733,Shaun Livingston,13.0,6.0,11.0,2.0,1.0,1.0,3.0,4.0,1.0,1.0,4.0,0.0,1.0,34:57,12.7,1
17,101154,Andray Blatche,17.0,6.0,13.0,6.0,5.0,2.0,3.0,1.0,3.0,0.0,3.0,2.0,-3.0,24:55,12.1,1
18,1905,Andrei Kirilenko,8.0,3.0,7.0,3.0,2.0,2.0,4.0,1.0,2.0,0.0,1.0,2.0,8.0,18:22,6.5,1
19,203141,Mirza Teletovic,8.0,2.0,5.0,2.0,2.0,1.0,9.0,0.0,2.0,0.0,3.0,0.0,23.0,29:03,8.9,1
20,1891,Jason Terry,3.0,1.0,5.0,0.0,0.0,0.0,2.0,0.0,2.0,0.0,2.0,2.0,-1.0,16:02,-0.9,1
21,2501,Reggie Evans,,,,,,,,,,,,,,,0.0,1
22,203486,Mason Plumlee,,,,,,,,,,,,,,,0.0,1
23,203116,Tyshawn Taylor,,,,,,,,,,,,,,,0.0,1
24,101114,Deron Williams,,,,,,,,,,,,,,,0.0,1
