,id,name,PTS,FG,FGA,FTA,FT,OREB,DREB,STL,AST,BLK,PF,TO,PLUS_MINUS,MIN,GS,WIN
0,202329,Al-Farouq Aminu,4,2,6,0,0,1,1,1,2,0,1,1,-8.0,13:40,2.6,0
1,201583,Ryan Anderson,25,10,17,3,3,4,1,0,2,0,3,0,-8.0,40:29,20.4,0
2,203076,Anthony Davis,13,5,9,6,3,3,3,1,0,4,4,1,-5.0,33:22,11.7,0
3,201569,Eric Gordon,12,5,12,2,2,1,4,2,3,0,2,4,-24.0,29:11,6.8,0
4,201950,Jrue Holiday,19,8,14,4,2,1,2,2,5,0,4,4,-2.0,22:14,12.8,0
5,201936,Tyreke Evans,16,6,14,4,3,0,7,0,3,0,3,1,-18.0,27:53,10.2,0
6,201880,Greg Stiemsma,0,0,0,0,0,0,1,0,0,0,2,3,-13.0,6:25,-3.5,0
7,203148,Brian Roberts,3,1,3,0,0,2,3,0,4,0,1,0,6.0,14:43,6.0,0
8,201627,Anthony Morrow,7,3,4,0,0,0,1,2,0,0,0,0,0.0,14:43,7.7,0
9,201582,Alexis Ajinca,2,1,3,0,0,1,1,1,0,1,3,2,1.0,11:41,-0.2,0
10,203085,Austin Rivers,4,2,3,0,0,0,0,1,0,0,2,1,1.0,15:50,1.9,0
11,203121,Darius Miller,3,1,1,1,1,0,0,0,1,0,0,0,5.0,7:31,3.4,0
12,203481,Jeff Withey,4,1,1,2,2,0,0,0,0,0,0,0,5.0,2:18,3.7,0
13,201147,Corey Brewer,5,2,4,0,0,2,3,4,4,1,4,1,17.0,23:11,10.2,1
14,201567,Kevin Love,21,7,19,8,6,2,4,1,3,1,2,2,21.0,34:50,13.3,1
15,201593,Nikola Pekovic,22,7,12,11,8,3,4,1,0,0,3,1,9.0,33:51,17.3,1
16,2755,Kevin Martin,20,8,14,5,4,1,2,0,3,0,2,1,20.0,31:28,14.6,1
17,201937,Ricky Rubio,14,4,6,6,5,1,7,3,9,2,1,3,18.0,32:56,21.1,1
18,201967,Dante Cunningham,10,5,6,0,0,1,3,0,0,1,4,1,4.0,22:43,7.5,1
19,200826,J.J. Barea,17,7,9,0,0,0,0,0,5,0,0,2,-1.0,18:02,15.0,1
20,203144,Alexey Shved,10,2,4,4,4,0,3,1,2,1,3,1,-8.0,16:32,9.8,1
21,201601,Luc Mbah a Moute,3,1,1,1,1,0,1,0,0,0,0,2,6.0,15:10,1.0,1
22,203133,Robbie Hummel,0,0,2,0,0,0,0,0,0,0,0,0,-11.0,4:24,-1.4,1
23,203476,Gorgui Dieng,0,0,1,0,0,0,0,0,0,0,1,0,-5.0,2:18,-1.1,1
24,203498,Shabazz Muhammad,2,1,1,0,0,0,0,0,0,0,0,1,-5.0,2:18,0.7,1
25,201985,AJ Price,0,0,0,0,0,0,0,0,0,0,0,0,-5.0,2:18,0.0,1
