,id,name,PTS,FG,FGA,FTA,FT,OREB,DREB,STL,AST,BLK,PF,TO,PLUS_MINUS,MIN,GS,WIN
0,200782,P.J. Tucker,3.0,1.0,8.0,0.0,0.0,3.0,2.0,1.0,2.0,0.0,2.0,1.0,-5.0,36:51,1.1,0
1,101112,Channing Frye,13.0,5.0,9.0,2.0,2.0,1.0,5.0,0.0,1.0,0.0,1.0,1.0,2.0,33:32,10.2,0
2,203101,Miles Plumlee,6.0,3.0,6.0,0.0,0.0,1.0,8.0,0.0,0.0,0.0,2.0,2.0,-1.0,24:41,3.3,0
3,101123,Gerald Green,27.0,9.0,19.0,5.0,5.0,0.0,3.0,2.0,3.0,1.0,3.0,1.0,-1.0,35:41,20.8,0
4,202339,Eric Bledsoe,30.0,11.0,16.0,8.0,6.0,2.0,9.0,3.0,9.0,0.0,2.0,7.0,1.0,37:17,28.0,0
5,202397,Ish Smith,2.0,1.0,3.0,0.0,0.0,1.0,2.0,0.0,2.0,0.0,1.0,2.0,-9.0,19:05,0.6,0
6,202693,Markieff Morris,20.0,8.0,14.0,4.0,4.0,1.0,6.0,0.0,0.0,0.0,3.0,2.0,-8.0,27:50,12.7,0
7,202694,Marcus Morris Sr.,3.0,1.0,7.0,0.0,0.0,1.0,2.0,1.0,1.0,0.0,3.0,2.0,-13.0,21:32,-1.7,0
8,203462,Archie Goodwin,0.0,0.0,0.0,0.0,0.0,0.0,0.0,0.0,0.0,0.0,0.0,0.0,-8.0,1:26,0.0,0
9,203458,Alex Len,0.0,0.0,0.0,0.0,0.0,0.0,1.0,0.0,0.0,0.0,0.0,0.0,2.0,2:05,0.3,0
10,202091,Dionte Christmas,,,,,,,,,,,,,,,0.0,0
11,201609,Goran Dragic,,,,,,,,,,,,,,,0.0,0
12,101183,Shavlik Randolph,,,,,,,,,,,,,,,0.0,0
13,202695,Kawhi Leonard,18.0,7.0,14.0,3.0,2.0,1.0,4.0,3.0,4.0,0.0,1.0,0.0,3.0,33:54,17.9,1
14,201948,Austin Daye,2.0,1.0,7.0,0.0,0.0,1.0,0.0,2.0,1.0,1.0,4.0,1.0,-5.0,13:59,-1.0,1
15,201168,Tiago Splitter,5.0,2.0,5.0,1.0,1.0,2.0,5.0,0.0,2.0,1.0,1.0,1.0,-11.0,16:04,5.9,1
16,201980,Danny Green,33.0,12.0,17.0,4.0,2.0,1.0,3.0,0.0,2.0,1.0,1.0,1.0,23.0,37:55,27.4,1
17,2225,Tony Parker,18.0,9.0,18.0,0.0,0.0,0.0,1.0,1.0,3.0,0.0,0.0,0.0,-15.0,24:25,12.4,1
18,201158,Marco Belinelli,12.0,3.0,11.0,4.0,4.0,0.0,2.0,2.0,1.0,0.0,2.0,2.0,5.0,27:33,6.0,1
19,2564,Boris Diaw,11.0,4.0,12.0,2.0,2.0,1.0,7.0,2.0,6.0,0.0,0.0,0.0,13.0,34:01,13.2,1
20,201988,Patty Mills,9.0,3.0,8.0,2.0,2.0,0.0,4.0,0.0,4.0,0.0,3.0,0.0,17.0,27:41,7.4,1
21,203382,Aron Baynes,0.0,0.0,1.0,0.0,0.0,0.0,0.0,0.0,0.0,0.0,1.0,0.0,2.0,3:54,-1.1,1
22,201965,Jeff Ayres,4.0,2.0,3.0,0.0,0.0,5.0,5.0,0.0,1.0,2.0,2.0,1.0,10.0,19:55,8.0,1
23,202709,Cory Joseph,0.0,0.0,0.0,0.0,0.0,0.0,0.0,0.0,0.0,0.0,0.0,1.0,-2.0,0:35,-1.0,1
24,202345,Damion James,0.0,0.0,0.0,0.0,0.0,0.0,0.0,0.0,0.0,0.0,0.0,0.0,0.0,0:04,0.0,1
25,2588,Matt Bonner,,,,,,,,,,,,,,,0.0,1
