,id,name,PTS,FG,FGA,FTA,FT,OREB,DREB,STL,AST,BLK,PF,TO,PLUS_MINUS,MIN,GS,WIN
0,201167,Arron Afflalo,16.0,6.0,18.0,3.0,3.0,1.0,3.0,0.0,5.0,0.0,1.0,1.0,14.0,38:18,9.5,1
1,201175,Glen Davis,17.0,8.0,17.0,0.0,0.0,4.0,8.0,1.0,3.0,1.0,3.0,1.0,10.0,36:56,15.1,1
2,202696,Nikola Vucevic,12.0,4.0,9.0,4.0,4.0,4.0,10.0,1.0,0.0,1.0,2.0,2.0,13.0,32:55,12.0,1
3,203506,Victor Oladipo,10.0,5.0,10.0,0.0,0.0,2.0,2.0,2.0,2.0,1.0,3.0,4.0,5.0,30:58,5.9,1
4,2749,Jameer Nelson,17.0,6.0,16.0,2.0,2.0,1.0,6.0,1.0,6.0,1.0,1.0,3.0,13.0,40:35,13.2,1
5,203094,Andrew Nicholson,10.0,4.0,9.0,0.0,0.0,0.0,3.0,0.0,0.0,0.0,4.0,3.0,-5.0,16:59,1.6,1
6,202734,E'Twaun Moore,10.0,5.0,9.0,0.0,0.0,2.0,3.0,1.0,2.0,0.0,2.0,0.0,0.0,24:27,9.6,1
7,101131,Jason Maxiell,0.0,0.0,2.0,0.0,0.0,0.0,3.0,0.0,0.0,0.0,0.0,0.0,0.0,9:10,-0.5,1
8,203090,Maurice Harkless,0.0,0.0,0.0,0.0,0.0,0.0,0.0,0.0,0.0,0.0,1.0,0.0,-5.0,9:42,-0.4,1
9,200780,Solomon Jones,,,,,,,,,,,,,,,0.0,1
10,203117,Doron Lamb,,,,,,,,,,,,,,,0.0,1
11,203124,Kyle O'Quinn,,,,,,,,,,,,,,,0.0,1
12,101179,Ronnie Price,,,,,,,,,,,,,,,0.0,1
13,203106,Jeffery Taylor,8.0,3.0,8.0,2.0,1.0,0.0,1.0,0.0,2.0,0.0,1.0,0.0,5.0,30:48,4.5,0
14,201177,Josh McRoberts,11.0,5.0,7.0,0.0,0.0,3.0,2.0,0.0,3.0,0.0,2.0,2.0,-3.0,32:32,10.1,0
15,2744,Al Jefferson,10.0,4.0,10.0,2.0,2.0,3.0,8.0,1.0,1.0,1.0,1.0,1.0,-13.0,34:10,10.1,0
16,201945,Gerald Henderson,12.0,3.0,14.0,5.0,5.0,0.0,4.0,0.0,3.0,1.0,3.0,0.0,-14.0,30:27,6.2,0
17,202689,Kemba Walker,10.0,4.0,18.0,2.0,2.0,1.0,1.0,3.0,4.0,4.0,2.0,5.0,-11.0,35:45,2.8,0
18,203469,Cody Zeller,10.0,5.0,7.0,0.0,0.0,1.0,5.0,1.0,2.0,1.0,2.0,0.0,-6.0,15:28,11.6,0
19,201196,Ramon Sessions,9.0,3.0,11.0,3.0,3.0,0.0,4.0,0.0,3.0,0.0,1.0,1.0,1.0,21:53,4.4,0
20,202399,Jeff Adrien,4.0,1.0,1.0,2.0,2.0,0.0,2.0,1.0,0.0,0.0,1.0,0.0,4.0,13:50,4.9,0
21,2732,Ben Gordon,9.0,3.0,8.0,2.0,2.0,1.0,5.0,0.0,5.0,0.0,1.0,1.0,-8.0,25:07,8.9,0
22,202687,Bismack Biyombo,,,,,,,,,,,,,,,0.0,0
23,201604,Chris Douglas-Roberts,,,,,,,,,,,,,,,0.0,0
24,2457,Jannero Pargo,,,,,,,,,,,,,,,0.0,0
25,201229,Anthony Tolliver,,,,,,,,,,,,,,,0.0,0
