,id,name,PTS,FG,FGA,FTA,FT,OREB,DREB,STL,AST,BLK,PF,TO,PLUS_MINUS,MIN,GS,WIN
0,2207,Joe Johnson,11.0,4.0,11.0,2.0,2.0,0.0,1.0,0.0,1.0,0.0,0.0,2.0,-25.0,26:26,3.9,0
1,1718,Paul Pierce,6.0,3.0,8.0,0.0,0.0,1.0,3.0,1.0,1.0,0.0,2.0,1.0,-20.0,24:29,3.1,0
2,708,Kevin Garnett,6.0,2.0,3.0,2.0,2.0,0.0,7.0,0.0,0.0,0.0,2.0,1.0,-10.0,13:53,5.0,0
3,2733,Shaun Livingston,0.0,0.0,4.0,0.0,0.0,0.0,0.0,0.0,2.0,0.0,3.0,1.0,-9.0,12:18,-3.6,0
4,101114,Deron Williams,12.0,4.0,10.0,5.0,4.0,0.0,0.0,3.0,3.0,1.0,2.0,0.0,-20.0,24:29,11.2,0
5,1905,Andrei Kirilenko,2.0,1.0,1.0,0.0,0.0,0.0,1.0,1.0,0.0,0.0,0.0,0.0,-13.0,11:59,3.0,0
6,101154,Andray Blatche,3.0,1.0,6.0,2.0,1.0,0.0,2.0,0.0,1.0,0.0,2.0,0.0,-15.0,13:45,-0.7,0
7,101187,Alan Anderson,4.0,2.0,6.0,0.0,0.0,1.0,1.0,1.0,3.0,0.0,0.0,2.0,-24.0,23:31,2.7,0
8,203141,Mirza Teletovic,8.0,3.0,6.0,0.0,0.0,2.0,4.0,1.0,2.0,0.0,3.0,2.0,-24.0,23:31,6.8,0
9,201977,Marcus Thornton,9.0,4.0,11.0,0.0,0.0,1.0,1.0,0.0,1.0,0.0,1.0,2.0,-26.0,27:00,2.2,0
10,203486,Mason Plumlee,10.0,5.0,8.0,2.0,0.0,2.0,0.0,0.0,0.0,0.0,1.0,0.0,-9.0,13:20,6.6,0
11,203104,Marquis Teague,9.0,3.0,6.0,4.0,3.0,0.0,2.0,1.0,4.0,0.0,2.0,1.0,-15.0,18:17,8.2,0
12,2215,Jason Collins,0.0,0.0,1.0,0.0,0.0,0.0,0.0,0.0,0.0,0.0,0.0,0.0,-10.0,7:02,-0.7,0
13,201587,Nicolas Batum,19.0,6.0,12.0,6.0,6.0,0.0,6.0,2.0,6.0,0.0,2.0,1.0,16.0,29:00,19.2,1
14,2748,Dorell Wright,4.0,1.0,4.0,2.0,1.0,1.0,5.0,0.0,5.0,1.0,2.0,0.0,11.0,24:54,6.8,1
15,201577,Robin Lopez,11.0,4.0,6.0,4.0,3.0,3.0,5.0,0.0,1.0,2.0,0.0,1.0,14.0,26:18,12.7,1
16,202083,Wesley Matthews,8.0,3.0,7.0,1.0,1.0,1.0,3.0,1.0,3.0,2.0,0.0,2.0,15.0,27:40,8.4,1
17,203081,Damian Lillard,14.0,6.0,11.0,0.0,0.0,0.0,1.0,1.0,0.0,0.0,2.0,2.0,16.0,28:54,7.2,1
18,2590,Mo Williams,21.0,8.0,13.0,2.0,2.0,2.0,4.0,1.0,7.0,0.0,1.0,2.0,34.0,26:59,21.2,1
19,201964,Victor Claver,13.0,5.0,7.0,2.0,2.0,1.0,4.0,0.0,1.0,0.0,4.0,1.0,30.0,21:42,10.1,1
20,203468,CJ McCollum,11.0,4.0,8.0,0.0,0.0,1.0,2.0,0.0,0.0,0.0,1.0,1.0,22.0,12:19,6.9,1
21,203115,Will Barton,20.0,8.0,13.0,4.0,4.0,3.0,8.0,0.0,4.0,1.0,2.0,1.0,39.0,28:25,20.3,1
22,203459,Allen Crabbe,0.0,0.0,4.0,0.0,0.0,0.0,1.0,0.0,0.0,0.0,0.0,0.0,13.0,7:09,-2.5,1
23,2248,Earl Watson,3.0,1.0,1.0,0.0,0.0,1.0,1.0,1.0,2.0,0.0,1.0,0.0,10.0,6:40,5.7,1
24,200746,LaMarcus Aldridge,,,,,,,,,,,,,,,0.0,1
25,203080,Thomas Robinson,,,,,,,,,,,,,,,0.0,1
