,id,name,PTS,FG,FGA,FTA,FT,OREB,DREB,STL,AST,BLK,PF,TO,PLUS_MINUS,MIN,GS,WIN
0,202713,Kyle Singler,20.0,6.0,9.0,6.0,6.0,0.0,0.0,0.0,2.0,0.0,4.0,1.0,-7.0,38:08,14.9,0
1,202328,Greg Monroe,22.0,9.0,19.0,9.0,4.0,2.0,6.0,1.0,9.0,1.0,4.0,4.0,-7.0,37:51,15.9,0
2,203083,Andre Drummond,22.0,9.0,16.0,8.0,4.0,8.0,5.0,2.0,0.0,1.0,6.0,0.0,9.0,27:54,20.2,0
3,203484,Kentavious Caldwell-Pope,30.0,11.0,19.0,5.0,3.0,3.0,3.0,2.0,0.0,1.0,5.0,0.0,6.0,43:36,24.0,0
4,201943,Brandon Jennings,6.0,2.0,9.0,3.0,2.0,0.0,4.0,0.0,7.0,0.0,3.0,8.0,-1.0,34:02,-3.0,0
5,203540,Gigi Datome,2.0,1.0,3.0,0.0,0.0,1.0,4.0,0.0,0.0,0.0,2.0,1.0,3.0,9:00,0.4,0
6,201973,Jonas Jerebko,5.0,2.0,3.0,0.0,0.0,1.0,3.0,0.0,0.0,0.0,2.0,2.0,-5.0,25:01,2.5,0
7,203491,Peyton Siva,4.0,2.0,4.0,0.0,0.0,0.0,0.0,0.0,2.0,0.0,2.0,1.0,-7.0,18:22,1.6,0
8,203502,Tony Mitchell,0.0,0.0,1.0,0.0,0.0,0.0,1.0,1.0,0.0,0.0,0.0,0.0,4.0,6:06,0.6,0
9,2746,Josh Smith,,,,,,,,,,,,,,,0.0,0
10,201155,Rodney Stuckey,,,,,,,,,,,,,,,0.0,0
11,101111,Charlie Villanueva,,,,,,,,,,,,,,,0.0,0
12,201142,Kevin Durant,42.0,14.0,30.0,15.0,13.0,2.0,2.0,0.0,6.0,0.0,3.0,3.0,3.0,45:07,27.8,1
13,201586,Serge Ibaka,10.0,5.0,9.0,1.0,0.0,7.0,8.0,0.0,1.0,6.0,5.0,5.0,15.0,32:03,10.5,1
14,2570,Kendrick Perkins,5.0,1.0,3.0,4.0,3.0,5.0,2.0,0.0,0.0,0.0,5.0,1.0,-2.0,16:45,4.0,1
15,200757,Thabo Sefolosha,7.0,3.0,7.0,2.0,1.0,1.0,3.0,2.0,3.0,0.0,0.0,0.0,9.0,25:36,8.6,1
16,201566,Russell Westbrook,22.0,5.0,15.0,15.0,12.0,3.0,3.0,6.0,8.0,0.0,3.0,4.0,7.0,34:02,21.7,1
17,2555,Nick Collison,4.0,2.0,3.0,0.0,0.0,3.0,0.0,0.0,2.0,0.0,3.0,1.0,-10.0,15:16,4.0,1
18,203500,Steven Adams,1.0,0.0,1.0,2.0,1.0,2.0,0.0,0.0,0.0,0.0,0.0,0.0,-7.0,10:42,1.3,1
19,2406,Caron Butler,0.0,0.0,1.0,0.0,0.0,0.0,2.0,0.0,1.0,0.0,1.0,0.0,-8.0,17:57,0.2,1
20,202704,Reggie Jackson,15.0,6.0,11.0,0.0,0.0,1.0,4.0,2.0,2.0,0.0,1.0,0.0,-4.0,26:42,14.6,1
21,965,Derek Fisher,6.0,2.0,6.0,2.0,1.0,0.0,1.0,0.0,0.0,1.0,1.0,1.0,2.0,15:50,1.8,1
22,203103,Perry Jones III,,,,,,,,,,,,,,,0.0,1
23,203087,Jeremy Lamb,,,,,,,,,,,,,,,0.0,1
24,201934,Hasheem Thabeet,,,,,,,,,,,,,,,0.0,1
