,id,name,PTS,FG,FGA,FTA,FT,OREB,DREB,STL,AST,BLK,PF,TO,PLUS_MINUS,MIN,GS,WIN
0,203077,Michael Kidd-Gilchrist,4.0,2.0,4.0,1.0,0.0,0.0,2.0,0.0,3.0,0.0,3.0,2.0,-18.0,18:06,1.1,0
1,201177,Josh McRoberts,6.0,2.0,4.0,0.0,0.0,1.0,1.0,1.0,2.0,0.0,1.0,0.0,-34.0,30:25,7.0,0
2,2744,Al Jefferson,25.0,11.0,19.0,4.0,3.0,1.0,8.0,0.0,2.0,0.0,0.0,1.0,-36.0,30:45,19.2,0
3,201945,Gerald Henderson,8.0,4.0,9.0,0.0,0.0,0.0,1.0,0.0,1.0,0.0,3.0,2.0,-30.0,32:22,1.1,0
4,201196,Ramon Sessions,12.0,3.0,8.0,6.0,6.0,0.0,1.0,0.0,3.0,0.0,0.0,1.0,-34.0,29:57,9.0,0
5,203469,Cody Zeller,5.0,2.0,5.0,1.0,1.0,1.0,4.0,0.0,0.0,0.0,1.0,1.0,6.0,16:17,2.8,0
6,201604,Chris Douglas-Roberts,14.0,5.0,7.0,0.0,0.0,0.0,0.0,0.0,0.0,0.0,1.0,1.0,1.0,15:38,9.7,0
7,201229,Anthony Tolliver,3.0,1.0,5.0,0.0,0.0,0.0,2.0,0.0,3.0,0.0,0.0,0.0,7.0,17:17,2.6,0
8,2457,Jannero Pargo,11.0,4.0,11.0,0.0,0.0,0.0,1.0,0.0,8.0,0.0,1.0,3.0,-14.0,31:58,7.4,0
9,202687,Bismack Biyombo,8.0,3.0,4.0,2.0,2.0,3.0,5.0,0.0,1.0,3.0,1.0,0.0,7.0,17:15,12.4,0
10,202399,Jeff Adrien,,,,,,,,,,,,,,,0.0,0
11,2732,Ben Gordon,,,,,,,,,,,,,,,0.0,0
12,202689,Kemba Walker,,,,,,,,,,,,,,,0.0,0
13,2546,Carmelo Anthony,62.0,23.0,35.0,10.0,10.0,1.0,12.0,0.0,0.0,0.0,1.0,0.0,34.0,38:39,50.6,1
14,202697,Iman Shumpert,4.0,2.0,6.0,0.0,0.0,1.0,1.0,1.0,3.0,0.0,3.0,0.0,12.0,19:02,3.5,1
15,2199,Tyson Chandler,2.0,1.0,2.0,0.0,0.0,2.0,4.0,0.0,2.0,2.0,3.0,1.0,22.0,18:52,4.2,1
16,101109,Raymond Felton,11.0,5.0,9.0,0.0,0.0,0.0,1.0,1.0,5.0,0.0,1.0,1.0,28.0,28:16,10.1,1
17,203143,Pablo Prigioni,3.0,1.0,2.0,0.0,0.0,0.0,2.0,1.0,3.0,0.0,2.0,0.0,21.0,22:22,4.9,1
18,2747,JR Smith,14.0,5.0,9.0,1.0,1.0,0.0,2.0,2.0,4.0,0.0,3.0,2.0,25.0,30:46,11.9,1
19,202332,Cole Aldrich,2.0,1.0,4.0,0.0,0.0,4.0,4.0,0.0,0.0,0.0,2.0,0.0,-10.0,14:40,2.8,1
20,203501,Tim Hardaway Jr.,10.0,4.0,8.0,0.0,0.0,0.0,1.0,1.0,3.0,0.0,2.0,0.0,20.0,31:01,8.6,1
21,202719,Jeremy Tyler,8.0,4.0,8.0,0.0,0.0,3.0,2.0,1.0,1.0,2.0,1.0,0.0,9.0,21:46,9.4,1
22,203315,Toure' Murry,6.0,3.0,4.0,0.0,0.0,1.0,1.0,0.0,0.0,0.0,0.0,0.0,-8.0,7:18,5.4,1
23,2757,Beno Udrih,3.0,1.0,3.0,0.0,0.0,0.0,0.0,0.0,2.0,0.0,1.0,0.0,-8.0,7:18,2.3,1
24,2405,Amar'e Stoudemire,,,,,,,,,,,,,,,0.0,1
25,1897,Metta World Peace,,,,,,,,,,,,,,,0.0,1
