,id,name,PTS,FG,FGA,FTA,FT,OREB,DREB,STL,AST,BLK,PF,TO,PLUS_MINUS,MIN,GS,WIN
0,2207,Joe Johnson,31.0,11.0,19.0,8.0,7.0,2.0,2.0,0.0,5.0,0.0,1.0,2.0,-9.0,36:33,24.8,0
1,203141,Mirza Teletovic,17.0,5.0,17.0,4.0,2.0,3.0,6.0,1.0,0.0,0.0,4.0,1.0,11.0,31:39,8.6,0
2,708,Kevin Garnett,5.0,2.0,2.0,1.0,1.0,2.0,6.0,0.0,6.0,0.0,1.0,1.0,-2.0,16:32,10.4,0
3,101187,Alan Anderson,9.0,3.0,4.0,4.0,2.0,1.0,6.0,0.0,1.0,0.0,1.0,2.0,11.0,33:12,7.4,0
4,101114,Deron Williams,11.0,3.0,14.0,6.0,4.0,1.0,2.0,3.0,5.0,0.0,4.0,3.0,-5.0,33:08,4.8,0
5,203486,Mason Plumlee,16.0,7.0,8.0,3.0,2.0,2.0,3.0,0.0,1.0,0.0,6.0,2.0,0.0,27:04,11.4,0
6,201977,Marcus Thornton,13.0,3.0,8.0,6.0,6.0,1.0,0.0,1.0,0.0,0.0,3.0,1.0,-9.0,23:09,8.1,0
7,203268,Jorge Gutierrez,4.0,2.0,4.0,0.0,0.0,1.0,1.0,0.0,2.0,0.0,3.0,1.0,1.0,14:52,2.2,0
8,1905,Andrei Kirilenko,5.0,2.0,3.0,2.0,1.0,0.0,2.0,2.0,2.0,0.0,0.0,0.0,-17.0,23:37,7.3,0
9,2215,Jason Collins,0.0,0.0,0.0,0.0,0.0,0.0,0.0,0.0,0.0,0.0,0.0,0.0,-1.0,0:14,0.0,0
10,2733,Shaun Livingston,,,,,,,,,,,,,,,0.0,0
11,1718,Paul Pierce,,,,,,,,,,,,,,,0.0,0
12,203104,Marquis Teague,,,,,,,,,,,,,,,0.0,0
13,203090,Maurice Harkless,8.0,2.0,7.0,4.0,3.0,1.0,0.0,2.0,2.0,1.0,3.0,2.0,-9.0,31:47,5.1,1
14,203124,Kyle O'Quinn,13.0,6.0,9.0,2.0,1.0,5.0,3.0,1.0,1.0,2.0,4.0,1.0,9.0,27:52,13.6,1
15,203473,Dewayne Dedmon,4.0,2.0,3.0,1.0,0.0,2.0,7.0,1.0,0.0,2.0,2.0,0.0,-7.0,19:37,7.4,1
16,201167,Arron Afflalo,25.0,9.0,16.0,8.0,5.0,1.0,3.0,0.0,5.0,0.0,4.0,1.0,-14.0,33:15,18.7,1
17,2749,Jameer Nelson,14.0,4.0,9.0,4.0,4.0,1.0,4.0,1.0,7.0,0.0,2.0,4.0,-10.0,28:42,12.3,1
18,202699,Tobias Harris,16.0,6.0,10.0,5.0,3.0,1.0,7.0,2.0,1.0,0.0,4.0,2.0,1.0,23:39,12.5,1
19,203094,Andrew Nicholson,9.0,4.0,7.0,2.0,1.0,0.0,3.0,0.0,0.0,0.0,1.0,1.0,7.0,24:50,4.8,1
20,203506,Victor Oladipo,9.0,4.0,8.0,4.0,1.0,0.0,3.0,1.0,6.0,0.0,0.0,3.0,14.0,19:18,6.9,1
21,202734,E'Twaun Moore,17.0,6.0,6.0,0.0,0.0,0.0,0.0,1.0,1.0,0.0,2.0,0.0,17.0,18:25,16.1,1
22,203117,Doron Lamb,0.0,0.0,2.0,0.0,0.0,0.0,0.0,1.0,3.0,0.0,2.0,0.0,12.0,12:35,0.9,1
23,101131,Jason Maxiell,,,,,,,,,,,,,,,0.0,1
24,101179,Ronnie Price,,,,,,,,,,,,,,,0.0,1
25,202696,Nikola Vucevic,,,,,,,,,,,,,,,0.0,1
