,id,name,PTS,FG,FGA,FTA,FT,OREB,DREB,STL,AST,BLK,PF,TO,PLUS_MINUS,MIN,GS,WIN
0,201960,DeMarre Carroll,4.0,2.0,8.0,0.0,0.0,1.0,1.0,1.0,1.0,0.0,2.0,0.0,-15.0,25:50,1.1,0
1,200794,Paul Millsap,16.0,6.0,10.0,5.0,3.0,0.0,5.0,2.0,2.0,1.0,4.0,3.0,-18.0,25:43,11.6,0
2,201143,Al Horford,14.0,7.0,14.0,0.0,0.0,1.0,7.0,2.0,2.0,2.0,2.0,2.0,-16.0,32:33,11.8,0
3,201858,Cartier Martin,14.0,5.0,10.0,0.0,0.0,0.0,0.0,0.0,0.0,0.0,2.0,1.0,-17.0,33:16,7.2,0
4,201952,Jeff Teague,4.0,0.0,5.0,4.0,4.0,0.0,2.0,1.0,6.0,1.0,2.0,3.0,-17.0,24:37,3.2,0
5,203098,John Jenkins,13.0,5.0,12.0,0.0,0.0,0.0,3.0,0.0,3.0,0.0,2.0,4.0,-20.0,33:14,4.8,0
6,202970,Gustavo Ayon,4.0,2.0,3.0,0.0,0.0,2.0,2.0,0.0,0.0,0.0,5.0,0.0,-4.0,9:22,2.7,0
7,203118,Mike Scott,9.0,3.0,8.0,4.0,3.0,1.0,3.0,0.0,1.0,0.0,1.0,1.0,-11.0,22:17,5.1,0
8,203471,Dennis Schroder,6.0,2.0,5.0,2.0,2.0,0.0,1.0,2.0,5.0,0.0,2.0,4.0,-18.0,27:03,4.3,0
9,1882,Elton Brand,0.0,0.0,0.0,0.0,0.0,1.0,2.0,0.0,1.0,0.0,2.0,0.0,-9.0,6:05,1.2,0
10,203544,Pero Antic,,,,,,,,,,,,,,,0.0,0
11,2594,Kyle Korver,,,,,,,,,,,,,,,0.0,0
12,202714,Shelvin Mack,,,,,,,,,,,,,,,0.0,0
13,202718,Chandler Parsons,14.0,6.0,11.0,0.0,0.0,0.0,5.0,0.0,4.0,0.0,2.0,2.0,21.0,37:25,10.2,1
14,203093,Terrence Jones,14.0,6.0,10.0,0.0,0.0,1.0,5.0,0.0,1.0,1.0,4.0,1.0,11.0,23:51,10.4,1
15,2730,Dwight Howard,11.0,4.0,6.0,8.0,3.0,3.0,5.0,2.0,4.0,1.0,3.0,2.0,10.0,26:03,12.3,1
16,202391,Jeremy Lin,0.0,0.0,1.0,0.0,0.0,0.0,1.0,0.0,1.0,0.0,0.0,0.0,1.0,4:09,0.3,1
17,201976,Patrick Beverley,7.0,2.0,8.0,3.0,2.0,0.0,2.0,2.0,2.0,0.0,1.0,1.0,6.0,33:05,4.4,1
18,101128,Francisco Garcia,21.0,9.0,14.0,0.0,0.0,0.0,2.0,1.0,3.0,0.0,0.0,1.0,17.0,33:12,17.5,1
19,201956,Omri Casspi,9.0,3.0,5.0,2.0,2.0,1.0,4.0,1.0,2.0,0.0,3.0,2.0,16.0,25:42,7.8,1
20,201600,Omer Asik,10.0,4.0,7.0,3.0,2.0,2.0,7.0,0.0,2.0,1.0,0.0,1.0,21.0,20:24,10.9,1
21,201166,Aaron Brooks,21.0,7.0,12.0,3.0,3.0,0.0,2.0,2.0,4.0,0.0,4.0,3.0,20.0,27:29,16.2,1
22,200758,Ronnie Brewer,3.0,1.0,1.0,0.0,0.0,1.0,0.0,0.0,2.0,0.0,0.0,0.0,11.0,4:20,4.8,1
23,202700,Donatas Motiejunas,3.0,1.0,3.0,2.0,1.0,0.0,1.0,0.0,0.0,0.0,0.0,0.0,11.0,4:20,1.2,1
24,201935,James Harden,,,,,,,,,,,,,,,0.0,1
25,202962,Greg Smith,,,,,,,,,,,,,,,0.0,1
