,id,name,PTS,FG,FGA,FTA,FT,OREB,DREB,STL,AST,BLK,PF,TO,PLUS_MINUS,MIN,GS,WIN
0,203138,Hollis Thompson,3,1,3,0,0,0,1,3,1,0,1,1,-3.0,25:01,3.9,0
1,201152,Thaddeus Young,18,8,17,0,0,1,3,3,0,0,4,2,-20.0,27:12,10.3,0
2,203156,Henry Sims,9,4,8,2,1,1,5,1,1,1,3,1,-15.0,24:08,7.0,0
3,202341,James Anderson,5,2,4,0,0,1,2,0,1,1,2,2,-17.0,29:35,2.9,0
4,203487,Michael Carter-Williams,8,4,13,0,0,0,6,1,5,0,1,1,-14.0,26:51,5.4,0
5,202343,Elliot Williams,13,6,11,1,0,1,1,1,4,0,2,3,-20.0,28:40,8.3,0
6,202363,Jarvis Varnado,6,2,3,2,2,0,1,0,1,0,5,1,-9.0,17:55,2.7,0
7,203100,Tony Wroten,18,6,14,8,6,2,0,1,3,0,3,1,-12.0,20:30,12.1,0
8,201957,Byron Mullens,5,2,6,2,0,0,4,1,0,0,3,0,0.0,17:44,1.8,0
9,203561,Brandon Davies,2,1,4,0,0,2,4,1,0,1,0,1,0.0,9:01,2.9,0
10,203519,Adonis Thomas,4,2,3,0,0,0,0,0,0,0,1,1,-1.0,7:53,1.3,0
11,203810,Casper Ware,4,1,2,2,2,0,1,2,0,0,1,1,1.0,5:30,3.9,0
12,201949,James Johnson,10,4,8,2,2,2,4,0,2,1,1,2,17.0,25:12,8.3,1
13,2216,Zach Randolph,10,4,12,2,2,4,7,1,4,2,2,2,26.0,29:25,10.5,1
14,201188,Marc Gasol,21,9,12,3,2,0,10,0,2,2,0,1,16.0,30:38,20.6,1
15,201584,Courtney Lee,9,3,6,3,3,0,2,1,1,0,1,1,14.0,22:34,6.9,1
16,201144,Mike Conley,2,0,3,2,2,0,4,1,8,0,0,3,14.0,23:20,4.7,1
17,2754,Tony Allen,15,5,7,7,5,0,2,2,2,0,2,0,8.0,18:06,14.5,1
18,201979,Nick Calathes,12,3,7,9,6,1,4,2,4,0,2,3,8.0,24:43,10.0,1
19,202334,Ed Davis,2,1,2,2,0,1,2,0,1,1,4,1,-7.0,17:06,0.3,1
20,2034,Mike Miller,19,8,11,0,0,0,1,0,1,0,0,1,9.0,19:56,14.5,1
21,201585,Kosta Koufos,6,2,6,2,2,1,1,0,2,2,1,1,9.0,12:37,5.0,1
22,202720,Jon Leuer,2,1,3,0,0,1,1,1,0,0,2,0,0.0,6:11,1.5,1
23,2757,Beno Udrih,4,2,2,0,0,0,0,0,1,0,0,1,-1.0,5:30,3.1,1
24,203479,Jamaal Franklin,5,2,2,0,0,0,1,0,0,0,0,0,-3.0,4:42,4.7,1
