,id,name,PTS,FG,FGA,FTA,FT,OREB,DREB,STL,AST,BLK,PF,TO,PLUS_MINUS,MIN,GS,WIN
0,201587,Nicolas Batum,13.0,5.0,10.0,2.0,2.0,0.0,7.0,0.0,7.0,0.0,3.0,5.0,-2.0,36:36,8.8,0
1,200746,LaMarcus Aldridge,25.0,10.0,18.0,4.0,4.0,1.0,2.0,1.0,3.0,0.0,4.0,1.0,-6.0,36:37,18.2,0
2,201577,Robin Lopez,12.0,3.0,6.0,6.0,6.0,4.0,2.0,0.0,1.0,0.0,2.0,0.0,-14.0,34:11,12.3,0
3,202083,Wesley Matthews,15.0,5.0,16.0,5.0,2.0,0.0,6.0,0.0,1.0,0.0,4.0,1.0,-9.0,34:39,4.5,0
4,203081,Damian Lillard,21.0,8.0,12.0,2.0,2.0,0.0,1.0,0.0,5.0,0.0,5.0,6.0,-3.0,30:50,11.6,0
5,203468,CJ McCollum,11.0,4.0,7.0,1.0,0.0,0.0,2.0,0.0,2.0,0.0,3.0,0.0,-3.0,14:15,8.1,0
6,203086,Meyers Leonard,8.0,4.0,5.0,0.0,0.0,2.0,2.0,0.0,0.0,1.0,2.0,0.0,9.0,13:33,8.0,0
7,2590,Mo Williams,7.0,3.0,8.0,0.0,0.0,2.0,0.0,0.0,4.0,1.0,3.0,3.0,-5.0,26:52,3.3,0
8,2748,Dorell Wright,5.0,1.0,2.0,2.0,2.0,0.0,1.0,1.0,3.0,0.0,1.0,0.0,8.0,12:27,7.0,0
9,203115,Will Barton,,,,,,,,,,,,,,,0.0,0
10,201964,Victor Claver,,,,,,,,,,,,,,,0.0,0
11,203080,Thomas Robinson,,,,,,,,,,,,,,,0.0,0
12,2248,Earl Watson,,,,,,,,,,,,,,,0.0,0
13,2440,Matt Barnes,5.0,2.0,5.0,0.0,0.0,0.0,3.0,1.0,3.0,0.0,3.0,1.0,0.0,28:54,4.1,1
14,201933,Blake Griffin,36.0,13.0,21.0,12.0,10.0,2.0,8.0,0.0,1.0,0.0,3.0,1.0,0.0,39:15,28.0,1
15,201599,DeAndre Jordan,14.0,5.0,6.0,4.0,4.0,2.0,4.0,2.0,0.0,1.0,4.0,0.0,-1.0,36:49,15.5,1
16,2037,Jamal Crawford,25.0,7.0,16.0,11.0,10.0,0.0,3.0,3.0,1.0,0.0,1.0,0.0,-2.0,37:06,20.4,1
17,101108,Chris Paul,20.0,10.0,15.0,2.0,0.0,0.0,4.0,3.0,12.0,0.0,3.0,3.0,6.0,38:48,21.1,1
18,201954,Darren Collison,8.0,3.0,7.0,2.0,2.0,0.0,2.0,0.0,5.0,0.0,2.0,1.0,7.0,18:37,6.6,1
19,2045,Hedo Turkoglu,2.0,1.0,2.0,0.0,0.0,0.0,1.0,0.0,1.0,0.0,1.0,0.0,7.0,8:38,1.6,1
20,201162,Jared Dudley,5.0,2.0,3.0,0.0,0.0,0.0,2.0,2.0,1.0,0.0,1.0,1.0,7.0,14:49,5.6,1
21,200797,Ryan Hollins,2.0,1.0,1.0,0.0,0.0,1.0,0.0,1.0,0.0,1.0,2.0,1.0,1.0,6:27,2.3,1
22,203493,Reggie Bullock,5.0,2.0,3.0,0.0,0.0,0.0,1.0,1.0,0.0,0.0,0.0,0.0,0.0,10:37,5.0,1
23,1712,Antawn Jamison,,,,,,,,,,,,,,,0.0,1
24,201957,Byron Mullens,,,,,,,,,,,,,,,0.0,1
25,2756,Sasha Vujacic,,,,,,,,,,,,,,,0.0,1
