,id,name,PTS,FG,FGA,FTA,FT,OREB,DREB,STL,AST,BLK,PF,TO,PLUS_MINUS,MIN,GS,WIN
0,2222,Gerald Wallace,0.0,0.0,0.0,0.0,0.0,0.0,3.0,2.0,3.0,0.0,2.0,3.0,-11.0,27:33,1.2,0
1,101138,Brandon Bass,6.0,3.0,11.0,0.0,0.0,1.0,3.0,1.0,1.0,3.0,2.0,1.0,-14.0,23:00,3.1,0
2,203543,Vitor Faverani,5.0,2.0,4.0,0.0,0.0,2.0,4.0,1.0,0.0,1.0,4.0,3.0,-19.0,27:38,2.7,0
3,201145,Jeff Green,22.0,6.0,12.0,12.0,9.0,0.0,5.0,0.0,1.0,1.0,2.0,2.0,-13.0,40:27,14.9,0
4,202340,Avery Bradley,14.0,6.0,12.0,2.0,2.0,0.0,0.0,1.0,3.0,0.0,3.0,1.0,-13.0,32:29,8.9,0
5,202348,Jordan Crawford,12.0,4.0,7.0,2.0,2.0,0.0,2.0,3.0,4.0,1.0,1.0,1.0,-1.0,24:37,14.4,0
6,203482,Kelly Olynyk,4.0,1.0,8.0,2.0,2.0,0.0,4.0,0.0,0.0,0.0,3.0,4.0,7.0,24:40,-5.2,0
7,201584,Courtney Lee,9.0,4.0,5.0,0.0,0.0,0.0,3.0,1.0,2.0,0.0,0.0,2.0,17.0,18:54,8.4,0
8,203096,Jared Sullinger,16.0,7.0,11.0,0.0,0.0,1.0,4.0,0.0,0.0,0.0,4.0,0.0,12.0,20:42,11.4,0
9,2586,Keith Bogans,,,,,,,,,,,,,,,0.0,0
10,202705,MarShon Brooks,,,,,,,,,,,,,,,0.0,0
11,2743,Kris Humphries,,,,,,,,,,,,,,,0.0,0
12,203515,Phil Pressey,,,,,,,,,,,,,,,0.0,0
13,2419,Tayshaun Prince,4.0,2.0,4.0,0.0,0.0,1.0,2.0,0.0,3.0,0.0,0.0,1.0,7.0,19:49,4.4,1
14,2216,Zach Randolph,15.0,6.0,11.0,3.0,3.0,4.0,3.0,0.0,1.0,0.0,3.0,5.0,17.0,32:00,7.9,1
15,201188,Marc Gasol,14.0,6.0,10.0,2.0,2.0,0.0,8.0,0.0,2.0,0.0,3.0,1.0,5.0,35:03,11.0,1
16,2754,Tony Allen,8.0,3.0,5.0,4.0,2.0,1.0,3.0,4.0,3.0,0.0,2.0,4.0,17.0,29:41,7.8,1
17,201144,Mike Conley,15.0,5.0,14.0,4.0,4.0,0.0,2.0,0.0,8.0,0.0,2.0,2.0,7.0,32:33,10.6,1
18,202347,Quincy Pondexter,8.0,2.0,6.0,2.0,2.0,0.0,1.0,0.0,0.0,0.0,2.0,2.0,-14.0,19:19,2.1,1
19,2034,Mike Miller,5.0,2.0,4.0,0.0,0.0,1.0,4.0,0.0,2.0,0.0,1.0,1.0,-1.0,23:23,4.9,1
20,202334,Ed Davis,4.0,2.0,6.0,0.0,0.0,2.0,1.0,0.0,0.0,0.0,2.0,2.0,-13.0,7:43,-0.5,1
21,201585,Kosta Koufos,3.0,1.0,1.0,3.0,1.0,0.0,2.0,0.0,2.0,1.0,2.0,0.0,0.0,12:37,3.8,1
22,201573,Jerryd Bayless,15.0,6.0,11.0,2.0,2.0,0.0,1.0,2.0,1.0,1.0,1.0,0.0,6.0,21:01,13.0,1
23,202720,Jon Leuer,4.0,1.0,2.0,2.0,2.0,0.0,0.0,0.0,1.0,0.0,1.0,0.0,4.0,6:52,3.3,1
24,201979,Nick Calathes,,,,,,,,,,,,,,,0.0,1
25,203479,Jamaal Franklin,,,,,,,,,,,,,,,0.0,1
