,id,name,PTS,FG,FGA,FTA,FT,OREB,DREB,STL,AST,BLK,PF,TO,PLUS_MINUS,MIN,GS,WIN
0,201142,Kevin Durant,34.0,14.0,28.0,6.0,4.0,2.0,10.0,0.0,6.0,0.0,3.0,2.0,1.0,40:02,24.6,1
1,201586,Serge Ibaka,12.0,6.0,8.0,0.0,0.0,2.0,7.0,0.0,2.0,3.0,3.0,2.0,-1.0,36:20,12.6,1
2,2570,Kendrick Perkins,0.0,0.0,3.0,2.0,0.0,4.0,6.0,1.0,1.0,1.0,1.0,3.0,4.0,25:27,0.7,1
3,200757,Thabo Sefolosha,12.0,3.0,5.0,4.0,3.0,0.0,3.0,0.0,2.0,0.0,1.0,0.0,8.0,24:06,11.2,1
4,202704,Reggie Jackson,10.0,4.0,19.0,2.0,1.0,0.0,6.0,1.0,3.0,0.0,1.0,0.0,5.0,30:04,2.4,1
5,203103,Perry Jones III,0.0,0.0,0.0,0.0,0.0,0.0,0.0,0.0,0.0,0.0,0.0,0.0,2.0,9:49,0.0,1
6,203087,Jeremy Lamb,10.0,4.0,10.0,2.0,1.0,0.0,2.0,0.0,1.0,0.0,0.0,1.0,-4.0,23:54,4.5,1
7,203500,Steven Adams,6.0,1.0,1.0,6.0,4.0,2.0,1.0,0.0,1.0,1.0,3.0,0.0,1.0,16:08,6.8,1
8,965,Derek Fisher,3.0,1.0,4.0,0.0,0.0,0.0,2.0,0.0,0.0,0.0,3.0,2.0,-1.0,17:56,-2.0,1
9,2555,Nick Collison,2.0,0.0,2.0,2.0,2.0,0.0,1.0,0.0,3.0,0.0,3.0,1.0,5.0,16:15,0.8,1
10,101155,Ryan Gomes,,,,,,,,,,,,,,,0.0,1
11,203460,Andre Roberson,,,,,,,,,,,,,,,0.0,1
12,201934,Hasheem Thabeet,,,,,,,,,,,,,,,0.0,1
13,201229,Anthony Tolliver,6.0,2.0,5.0,0.0,0.0,0.0,3.0,1.0,2.0,0.0,1.0,0.0,-1.0,35:14,6.2,0
14,201177,Josh McRoberts,13.0,5.0,13.0,0.0,0.0,1.0,5.0,2.0,7.0,2.0,3.0,1.0,9.0,31:36,14.2,0
15,2744,Al Jefferson,16.0,7.0,16.0,2.0,2.0,2.0,9.0,0.0,0.0,1.0,2.0,0.0,1.0,34:32,11.6,0
16,201945,Gerald Henderson,14.0,6.0,12.0,1.0,1.0,0.0,3.0,0.0,1.0,0.0,4.0,0.0,-7.0,32:32,8.0,0
17,202689,Kemba Walker,18.0,6.0,17.0,6.0,4.0,0.0,4.0,1.0,7.0,0.0,1.0,0.0,-4.0,36:26,14.4,0
18,203469,Cody Zeller,3.0,0.0,5.0,4.0,3.0,2.0,2.0,1.0,1.0,0.0,1.0,4.0,-13.0,16:24,-1.6,0
19,202687,Bismack Biyombo,2.0,1.0,2.0,0.0,0.0,3.0,1.0,0.0,0.0,2.0,3.0,1.0,-5.0,13:28,2.6,0
20,201196,Ramon Sessions,9.0,2.0,3.0,5.0,4.0,0.0,3.0,0.0,2.0,0.0,0.0,0.0,3.0,15:28,9.6,0
21,201604,Chris Douglas-Roberts,2.0,0.0,3.0,2.0,2.0,1.0,2.0,0.0,0.0,0.0,3.0,1.0,-3.0,12:46,-1.0,0
22,2732,Ben Gordon,2.0,1.0,4.0,0.0,0.0,0.0,2.0,0.0,0.0,0.0,0.0,1.0,0.0,11:34,-0.8,0
23,202399,Jeff Adrien,,,,,,,,,,,,,,,0.0,0
24,2457,Jannero Pargo,,,,,,,,,,,,,,,0.0,0
25,203106,Jeffery Taylor,,,,,,,,,,,,,,,0.0,0
