,id,name,PTS,FG,FGA,FTA,FT,OREB,DREB,STL,AST,BLK,PF,TO,PLUS_MINUS,MIN,GS,WIN
0,201142,Kevin Durant,33.0,12.0,23.0,5.0,5.0,0.0,7.0,2.0,5.0,0.0,3.0,4.0,18.0,40:20,24.1,1
1,201586,Serge Ibaka,22.0,10.0,20.0,2.0,2.0,6.0,2.0,1.0,1.0,1.0,1.0,2.0,4.0,33:19,16.8,1
2,2570,Kendrick Perkins,0.0,0.0,0.0,0.0,0.0,0.0,0.0,0.0,0.0,0.0,0.0,0.0,-13.0,4:36,0.0,1
3,200757,Thabo Sefolosha,9.0,3.0,7.0,4.0,2.0,1.0,4.0,6.0,4.0,0.0,1.0,1.0,12.0,33:42,13.8,1
4,202704,Reggie Jackson,9.0,2.0,7.0,6.0,4.0,0.0,3.0,2.0,4.0,0.0,3.0,3.0,-7.0,29:57,5.6,1
5,203087,Jeremy Lamb,18.0,7.0,10.0,0.0,0.0,2.0,1.0,0.0,4.0,0.0,1.0,2.0,21.0,34:56,15.9,1
6,965,Derek Fisher,15.0,5.0,7.0,0.0,0.0,0.0,3.0,1.0,1.0,0.0,1.0,0.0,24.0,18:03,14.3,1
7,2555,Nick Collison,3.0,1.0,2.0,2.0,1.0,2.0,1.0,1.0,2.0,0.0,1.0,0.0,17.0,12:55,5.3,1
8,203103,Perry Jones III,3.0,1.0,4.0,0.0,0.0,0.0,2.0,0.0,2.0,1.0,5.0,0.0,13.0,30:26,1.3,1
9,203500,Steven Adams,0.0,0.0,0.0,0.0,0.0,0.0,0.0,0.0,0.0,0.0,0.0,0.0,-4.0,1:46,0.0,1
10,201934,Hasheem Thabeet,,,,,,,,,,,,,,,0.0,1
11,2544,LeBron James,34.0,12.0,20.0,9.0,9.0,1.0,2.0,0.0,3.0,0.0,1.0,3.0,-17.0,42:10,24.8,0
12,2203,Shane Battier,3.0,1.0,5.0,0.0,0.0,0.0,3.0,0.0,2.0,0.0,4.0,0.0,-5.0,19:00,0.6,0
13,2547,Chris Bosh,18.0,7.0,14.0,4.0,3.0,1.0,8.0,0.0,1.0,0.0,1.0,2.0,-11.0,36:12,12.0,0
14,2548,Dwyane Wade,15.0,7.0,12.0,2.0,1.0,1.0,0.0,0.0,2.0,2.0,3.0,4.0,-9.0,31:31,7.3,0
15,201596,Mario Chalmers,4.0,2.0,4.0,1.0,0.0,2.0,4.0,1.0,8.0,0.0,1.0,5.0,-9.0,25:56,5.4,0
16,951,Ray Allen,5.0,1.0,4.0,4.0,3.0,0.0,4.0,1.0,0.0,0.0,1.0,2.0,-24.0,30:38,2.0,0
17,2365,Chris Andersen,8.0,4.0,5.0,0.0,0.0,4.0,3.0,0.0,0.0,0.0,2.0,0.0,-8.0,19:02,9.0,0
18,202708,Norris Cole,0.0,0.0,2.0,0.0,0.0,1.0,1.0,1.0,3.0,0.0,0.0,3.0,-13.0,22:44,-0.3,0
19,201563,Michael Beasley,6.0,2.0,5.0,2.0,2.0,0.0,2.0,0.0,0.0,0.0,1.0,1.0,-1.0,7:29,2.5,0
20,2617,Udonis Haslem,0.0,0.0,0.0,0.0,0.0,0.0,0.0,0.0,0.0,0.0,0.0,0.0,4.0,1:46,0.0,0
21,201962,Toney Douglas,2.0,1.0,1.0,0.0,0.0,0.0,0.0,0.0,0.0,0.0,1.0,0.0,4.0,1:46,1.3,0
22,1740,Rashard Lewis,0.0,0.0,0.0,0.0,0.0,0.0,0.0,1.0,1.0,0.0,0.0,0.0,4.0,1:46,1.7,0
23,201141,Greg Oden,,,,,,,,,,,,,,,0.0,0
