,id,name,PTS,FG,FGA,FTA,FT,OREB,DREB,STL,AST,BLK,PF,TO,PLUS_MINUS,MIN,GS,WIN
0,201949,James Johnson,5.0,2.0,2.0,0.0,0.0,2.0,6.0,2.0,3.0,0.0,4.0,2.0,1.0,29:60,8.1,1
1,2216,Zach Randolph,25.0,9.0,18.0,10.0,7.0,3.0,12.0,0.0,1.0,0.0,5.0,5.0,11.0,38:01,14.2,1
2,202334,Ed Davis,10.0,5.0,6.0,0.0,0.0,2.0,2.0,0.0,0.0,2.0,1.0,0.0,9.0,25:19,10.8,1
3,2754,Tony Allen,19.0,8.0,13.0,3.0,3.0,2.0,6.0,2.0,2.0,0.0,0.0,1.0,6.0,34:55,18.7,1
4,201144,Mike Conley,9.0,4.0,18.0,1.0,1.0,0.0,1.0,0.0,8.0,0.0,1.0,2.0,3.0,34:22,1.5,1
5,202720,Jon Leuer,2.0,1.0,4.0,0.0,0.0,1.0,4.0,0.0,2.0,0.0,1.0,2.0,-4.0,16:47,0.5,1
6,203479,Jamaal Franklin,2.0,1.0,5.0,0.0,0.0,1.0,0.0,0.0,0.0,0.0,0.0,1.0,8.0,17:27,-1.4,1
7,2034,Mike Miller,2.0,1.0,3.0,0.0,0.0,1.0,3.0,0.0,0.0,0.0,1.0,0.0,-1.0,13:35,1.5,1
8,201585,Kosta Koufos,10.0,5.0,8.0,0.0,0.0,1.0,8.0,0.0,1.0,1.0,2.0,0.0,0.0,15:53,10.1,1
9,201573,Jerryd Bayless,11.0,3.0,5.0,5.0,5.0,0.0,1.0,1.0,0.0,0.0,1.0,3.0,7.0,13:41,6.6,1
10,201979,Nick Calathes,,,,,,,,,,,,,,,0.0,1
11,2419,Tayshaun Prince,,,,,,,,,,,,,,,0.0,1
12,2546,Carmelo Anthony,30.0,11.0,22.0,7.0,6.0,1.0,6.0,2.0,1.0,2.0,0.0,0.0,-2.0,41:48,25.2,0
13,200745,Andrea Bargnani,3.0,1.0,5.0,2.0,1.0,1.0,1.0,0.0,1.0,1.0,1.0,1.0,4.0,22:29,0.5,0
14,2199,Tyson Chandler,8.0,2.0,7.0,8.0,4.0,3.0,3.0,1.0,2.0,1.0,4.0,0.0,-11.0,32:60,6.8,0
15,202697,Iman Shumpert,2.0,1.0,7.0,0.0,0.0,0.0,4.0,0.0,0.0,0.0,2.0,0.0,-12.0,17:39,-2.1,0
16,2757,Beno Udrih,4.0,2.0,6.0,0.0,0.0,0.0,2.0,2.0,6.0,1.0,3.0,2.0,-16.0,30:36,4.9,0
17,2747,JR Smith,16.0,6.0,12.0,2.0,2.0,0.0,4.0,4.0,7.0,0.0,1.0,2.0,1.0,37:58,17.7,0
18,203501,Tim Hardaway Jr.,16.0,7.0,13.0,0.0,0.0,0.0,1.0,1.0,2.0,1.0,2.0,1.0,1.0,30:04,11.3,0
19,2405,Amar'e Stoudemire,6.0,2.0,4.0,4.0,2.0,1.0,1.0,1.0,1.0,0.0,1.0,1.0,-4.0,17:09,4.5,0
20,203315,Toure' Murry,2.0,1.0,3.0,0.0,0.0,0.0,1.0,1.0,1.0,0.0,1.0,0.0,-1.0,9:17,1.9,0
21,202332,Cole Aldrich,,,,,,,,,,,,,,,0.0,0
22,101109,Raymond Felton,,,,,,,,,,,,,,,0.0,0
23,203147,Chris Smith,,,,,,,,,,,,,,,0.0,0
24,1897,Metta World Peace,,,,,,,,,,,,,,,0.0,0
