,id,name,PTS,FG,FGA,FTA,FT,OREB,DREB,STL,AST,BLK,PF,TO,PLUS_MINUS,MIN,GS,WIN
0,202718,Chandler Parsons,14.0,6.0,13.0,2.0,1.0,0.0,2.0,2.0,4.0,1.0,1.0,3.0,-25.0,35:51,9.6,0
1,2730,Dwight Howard,13.0,4.0,9.0,10.0,5.0,2.0,7.0,0.0,0.0,1.0,4.0,2.0,-24.0,25:49,6.9,0
2,201600,Omer Asik,6.0,1.0,1.0,4.0,4.0,2.0,5.0,0.0,0.0,0.0,3.0,2.0,-18.0,23:42,5.4,0
3,201935,James Harden,15.0,6.0,16.0,5.0,3.0,1.0,1.0,0.0,5.0,0.0,2.0,2.0,-11.0,32:48,7.1,0
4,202391,Jeremy Lin,14.0,4.0,8.0,6.0,5.0,0.0,2.0,1.0,8.0,0.0,5.0,1.0,-27.0,30:29,13.8,0
5,201956,Omri Casspi,19.0,6.0,12.0,5.0,4.0,2.0,7.0,2.0,4.0,0.0,3.0,4.0,4.0,28:06,15.7,0
6,101128,Francisco Garcia,14.0,5.0,9.0,2.0,2.0,1.0,1.0,0.0,0.0,0.0,1.0,0.0,-8.0,21:18,10.3,0
7,201166,Aaron Brooks,9.0,3.0,5.0,4.0,3.0,0.0,4.0,1.0,0.0,1.0,2.0,0.0,8.0,17:31,8.4,0
8,202962,Greg Smith,12.0,6.0,6.0,1.0,0.0,5.0,2.0,0.0,0.0,0.0,1.0,1.0,6.0,11:03,12.5,0
9,202700,Donatas Motiejunas,0.0,0.0,1.0,0.0,0.0,0.0,0.0,0.0,0.0,0.0,0.0,0.0,0.0,4:38,-0.7,0
10,200758,Ronnie Brewer,0.0,0.0,0.0,2.0,0.0,0.0,2.0,1.0,0.0,0.0,0.0,0.0,0.0,4:38,0.8,0
11,203093,Terrence Jones,2.0,0.0,2.0,2.0,2.0,0.0,0.0,0.0,0.0,0.0,0.0,0.0,0.0,4:07,0.6,0
12,201976,Patrick Beverley,,,,,,,,,,,,,,,0.0,0
13,201162,Jared Dudley,15.0,6.0,11.0,0.0,0.0,0.0,3.0,0.0,0.0,0.0,2.0,1.0,7.0,33:51,8.8,1
14,201933,Blake Griffin,18.0,8.0,13.0,4.0,2.0,2.0,5.0,1.0,2.0,1.0,5.0,2.0,30.0,31:45,13.3,1
15,201599,DeAndre Jordan,11.0,4.0,5.0,5.0,3.0,1.0,8.0,0.0,0.0,1.0,5.0,0.0,24.0,29:33,10.1,1
16,200755,JJ Redick,26.0,8.0,15.0,8.0,8.0,3.0,0.0,2.0,3.0,1.0,5.0,0.0,25.0,27:50,23.6,1
17,101108,Chris Paul,23.0,7.0,13.0,8.0,8.0,0.0,3.0,2.0,17.0,0.0,2.0,2.0,27.0,33:17,28.7,1
18,2037,Jamal Crawford,21.0,7.0,15.0,1.0,1.0,1.0,2.0,0.0,4.0,0.0,2.0,0.0,6.0,30:12,16.6,1
19,2440,Matt Barnes,2.0,1.0,3.0,0.0,0.0,1.0,2.0,0.0,2.0,0.0,2.0,2.0,-11.0,14:57,0.2,1
20,201954,Darren Collison,7.0,2.0,10.0,2.0,2.0,1.0,2.0,0.0,4.0,3.0,1.0,2.0,-8.0,14:43,4.6,1
21,201957,Byron Mullens,12.0,5.0,6.0,0.0,0.0,0.0,4.0,2.0,0.0,1.0,5.0,1.0,-3.0,15:00,10.7,1
22,200797,Ryan Hollins,2.0,1.0,1.0,0.0,0.0,0.0,0.0,0.0,0.0,0.0,0.0,0.0,-2.0,4:45,1.7,1
23,203493,Reggie Bullock,0.0,0.0,2.0,0.0,0.0,0.0,0.0,0.0,1.0,0.0,0.0,0.0,0.0,4:07,-0.7,1
24,2584,Willie Green,,,,,,,,,,,,,,,0.0,1
25,1712,Antawn Jamison,,,,,,,,,,,,,,,0.0,1
