,id,name,PTS,FG,FGA,FTA,FT,OREB,DREB,STL,AST,BLK,PF,TO,PLUS_MINUS,MIN,GS,WIN
0,201960,DeMarre Carroll,22.0,9.0,12.0,0.0,0.0,2.0,5.0,3.0,4.0,0.0,4.0,1.0,-2.0,41:15,23.3,0
1,200794,Paul Millsap,26.0,10.0,20.0,4.0,3.0,2.0,8.0,1.0,3.0,2.0,4.0,3.0,-1.0,34:17,19.3,0
2,202970,Gustavo Ayon,4.0,2.0,5.0,2.0,0.0,0.0,4.0,1.0,0.0,1.0,0.0,0.0,-5.0,17:05,3.4,0
3,2594,Kyle Korver,6.0,2.0,6.0,0.0,0.0,0.0,2.0,1.0,1.0,0.0,1.0,0.0,-6.0,33:28,4.5,0
4,201952,Jeff Teague,11.0,5.0,14.0,2.0,1.0,1.0,1.0,0.0,13.0,0.0,1.0,2.0,3.0,32:49,10.5,0
5,1882,Elton Brand,4.0,2.0,6.0,0.0,0.0,2.0,4.0,0.0,0.0,3.0,3.0,0.0,-4.0,19:54,4.1,0
6,101150,Lou Williams,11.0,3.0,6.0,4.0,4.0,0.0,0.0,1.0,2.0,1.0,2.0,2.0,-2.0,21:17,8.3,0
7,202714,Shelvin Mack,0.0,0.0,3.0,0.0,0.0,0.0,2.0,0.0,5.0,0.0,1.0,0.0,-8.0,15:11,1.6,0
8,203118,Mike Scott,16.0,5.0,12.0,2.0,2.0,0.0,5.0,0.0,1.0,0.0,0.0,1.0,0.0,24:45,10.8,0
9,203544,Pero Antic,,,,,,,,,,,,,,,0.0,0
10,201858,Cartier Martin,,,,,,,,,,,,,,,0.0,0
11,203471,Dennis Schroder,,,,,,,,,,,,,,,0.0,0
12,202329,Al-Farouq Aminu,6.0,3.0,11.0,0.0,0.0,1.0,7.0,1.0,2.0,0.0,1.0,2.0,-9.0,33:42,2.3,1
13,203076,Anthony Davis,27.0,9.0,14.0,10.0,9.0,3.0,7.0,1.0,2.0,1.0,3.0,1.0,3.0,35:30,25.5,1
14,201582,Alexis Ajinca,4.0,2.0,3.0,0.0,0.0,1.0,3.0,0.0,0.0,1.0,3.0,0.0,-2.0,14:48,3.8,1
15,201569,Eric Gordon,18.0,7.0,17.0,3.0,3.0,1.0,2.0,0.0,1.0,0.0,2.0,1.0,-2.0,33:35,9.1,1
16,203148,Brian Roberts,19.0,7.0,14.0,4.0,4.0,0.0,3.0,2.0,6.0,0.0,2.0,3.0,17.0,36:37,15.3,1
17,201880,Greg Stiemsma,6.0,3.0,3.0,0.0,0.0,6.0,2.0,1.0,4.0,2.0,2.0,0.0,10.0,31:47,14.3,1
18,201627,Anthony Morrow,16.0,6.0,13.0,3.0,2.0,0.0,5.0,0.0,1.0,0.0,1.0,1.0,12.0,26:59,9.7,1
19,203085,Austin Rivers,9.0,3.0,11.0,2.0,2.0,1.0,5.0,0.0,1.0,0.0,1.0,1.0,-6.0,18:17,4.0,1
20,203481,Jeff Withey,0.0,0.0,0.0,0.0,0.0,0.0,3.0,0.0,1.0,1.0,0.0,0.0,2.0,8:45,2.3,1
21,202337,Luke Babbitt,,,,,,,,,,,,,,,0.0,1
22,201936,Tyreke Evans,,,,,,,,,,,,,,,0.0,1
23,203121,Darius Miller,,,,,,,,,,,,,,,0.0,1
24,201160,Jason Smith,,,,,,,,,,,,,,,0.0,1
