,id,name,PTS,FG,FGA,FTA,FT,OREB,DREB,STL,AST,BLK,PF,TO,PLUS_MINUS,MIN,GS,WIN
0,203114,Khris Middleton,14.0,6.0,16.0,0.0,0.0,0.0,1.0,2.0,1.0,1.0,3.0,2.0,-15.0,31:46,5.7,0
1,202399,Jeff Adrien,16.0,7.0,13.0,2.0,2.0,4.0,4.0,0.0,1.0,0.0,2.0,1.0,-10.0,26:52,12.6,0
2,2585,Zaza Pachulia,12.0,6.0,13.0,0.0,0.0,7.0,6.0,0.0,6.0,3.0,2.0,3.0,-3.0,34:54,14.5,0
3,201196,Ramon Sessions,20.0,5.0,10.0,11.0,9.0,2.0,3.0,1.0,11.0,0.0,3.0,3.0,-6.0,43:40,21.0,0
4,202688,Brandon Knight,25.0,7.0,21.0,14.0,11.0,3.0,6.0,0.0,7.0,0.0,3.0,0.0,-9.0,38:06,19.5,0
5,203507,Giannis Antetokounmpo,14.0,4.0,6.0,5.0,4.0,0.0,5.0,1.0,2.0,1.0,0.0,1.0,15.0,30:28,14.6,0
6,203089,John Henson,7.0,3.0,8.0,2.0,1.0,1.0,4.0,1.0,0.0,0.0,4.0,2.0,1.0,17:23,1.5,0
7,202327,Ekpe Udoh,3.0,1.0,1.0,2.0,1.0,1.0,3.0,0.0,0.0,0.0,3.0,1.0,2.0,16:51,1.7,0
8,101141,Ersan Ilyasova,,,,,,,,,,,,,,,0.0,0
9,201564,O.J. Mayo,,,,,,,,,,,,,,,0.0,0
10,203545,Miroslav Raduljica,,,,,,,,,,,,,,,0.0,0
11,203474,DJ Stephens,,,,,,,,,,,,,,,0.0,0
12,203489,Nate Wolters,,,,,,,,,,,,,,,0.0,0
13,2746,Josh Smith,26.0,11.0,19.0,3.0,2.0,0.0,1.0,1.0,3.0,1.0,4.0,3.0,-1.0,29:35,16.2,1
14,202328,Greg Monroe,28.0,12.0,21.0,6.0,4.0,4.0,10.0,0.0,1.0,2.0,1.0,1.0,19.0,39:30,23.8,1
15,203083,Andre Drummond,10.0,5.0,9.0,0.0,0.0,8.0,8.0,2.0,0.0,0.0,4.0,2.0,23.0,28:13,12.1,1
16,202713,Kyle Singler,14.0,5.0,10.0,2.0,2.0,3.0,2.0,0.0,2.0,1.0,3.0,2.0,2.0,28:25,10.6,1
17,201943,Brandon Jennings,20.0,7.0,17.0,3.0,1.0,1.0,2.0,1.0,13.0,0.0,5.0,1.0,6.0,38:26,18.5,1
18,201155,Rodney Stuckey,4.0,2.0,5.0,1.0,0.0,0.0,0.0,0.0,0.0,0.0,1.0,2.0,3.0,20:15,-1.5,1
19,201973,Jonas Jerebko,0.0,0.0,4.0,0.0,0.0,3.0,4.0,0.0,1.0,0.0,3.0,0.0,-3.0,11:21,-0.0,1
20,203484,Kentavious Caldwell-Pope,2.0,1.0,4.0,0.0,0.0,0.0,1.0,0.0,0.0,0.0,1.0,0.0,-12.0,13:27,-0.5,1
21,101198,Will Bynum,12.0,3.0,6.0,6.0,6.0,0.0,2.0,1.0,8.0,0.0,3.0,0.0,-1.0,23:17,15.0,1
22,101111,Charlie Villanueva,0.0,0.0,2.0,0.0,0.0,0.0,1.0,0.0,0.0,1.0,1.0,0.0,-11.0,7:32,-0.8,1
23,203540,Gigi Datome,,,,,,,,,,,,,,,0.0,1
24,203502,Tony Mitchell,,,,,,,,,,,,,,,0.0,1
25,203491,Peyton Siva,,,,,,,,,,,,,,,0.0,1
