,id,name,PTS,FG,FGA,FTA,FT,OREB,DREB,STL,AST,BLK,PF,TO,PLUS_MINUS,MIN,GS,WIN
0,2399,Mike Dunleavy,2.0,1.0,6.0,0.0,0.0,1.0,10.0,1.0,3.0,1.0,3.0,4.0,8.0,37:56,0.5,1
1,2430,Carlos Boozer,20.0,7.0,13.0,7.0,6.0,2.0,6.0,0.0,1.0,1.0,2.0,1.0,12.0,28:35,16.1,1
2,201149,Joakim Noah,8.0,3.0,7.0,4.0,2.0,1.0,3.0,0.0,13.0,1.0,2.0,3.0,5.0,36:48,11.1,1
3,202710,Jimmy Butler,16.0,6.0,11.0,6.0,4.0,1.0,5.0,1.0,6.0,3.0,1.0,0.0,7.0,45:57,19.0,1
4,2550,Kirk Hinrich,19.0,8.0,11.0,0.0,0.0,1.0,1.0,1.0,0.0,1.0,2.0,3.0,7.0,27:39,13.4,1
5,201571,D.J. Augustin,19.0,7.0,15.0,1.0,1.0,0.0,1.0,0.0,1.0,0.0,4.0,3.0,-15.0,26:17,7.7,1
6,201959,Taj Gibson,10.0,4.0,8.0,2.0,2.0,2.0,1.0,0.0,0.0,1.0,6.0,1.0,-13.0,26:29,5.0,1
7,203503,Tony Snell,0.0,0.0,1.0,0.0,0.0,0.0,1.0,0.0,1.0,0.0,2.0,1.0,-1.0,6:13,-1.5,1
8,1737,Nazr Mohammed,0.0,0.0,0.0,0.0,0.0,0.0,2.0,1.0,0.0,0.0,2.0,0.0,0.0,4:06,0.8,1
9,203513,Erik Murphy,,,,,,,,,,,,,,,0.0,1
10,203129,Tornike Shengelia,,,,,,,,,,,,,,,0.0,1
11,202363,Jarvis Varnado,,,,,,,,,,,,,,,0.0,1
12,203082,Terrence Ross,9.0,4.0,9.0,1.0,1.0,1.0,0.0,0.0,1.0,0.0,2.0,0.0,-4.0,25:39,4.9,0
13,202335,Patrick Patterson,5.0,2.0,6.0,0.0,0.0,2.0,4.0,2.0,1.0,1.0,2.0,1.0,-12.0,22:00,5.8,0
14,202685,Jonas Valanciunas,2.0,1.0,3.0,0.0,0.0,0.0,2.0,0.0,0.0,1.0,1.0,0.0,-13.0,21:55,1.2,0
15,201942,DeMar DeRozan,32.0,11.0,25.0,11.0,10.0,1.0,4.0,0.0,1.0,0.0,3.0,2.0,0.0,42:22,17.9,0
16,200768,Kyle Lowry,16.0,4.0,13.0,7.0,7.0,1.0,4.0,1.0,7.0,0.0,6.0,2.0,9.0,34:27,11.9,0
17,2422,John Salmons,4.0,2.0,6.0,0.0,0.0,0.0,2.0,1.0,2.0,0.0,0.0,0.0,-1.0,24:16,3.6,0
18,101161,Amir Johnson,9.0,4.0,6.0,3.0,1.0,1.0,2.0,2.0,4.0,1.0,4.0,2.0,12.0,26:37,8.8,0
19,201946,Tyler Hansbrough,8.0,4.0,7.0,1.0,0.0,5.0,2.0,0.0,0.0,1.0,2.0,1.0,9.0,25:26,7.3,0
20,202349,Greivis Vasquez,7.0,3.0,8.0,0.0,0.0,1.0,1.0,1.0,0.0,0.0,4.0,2.0,-10.0,17:11,1.0,0
21,202933,Julyan Stone,0.0,0.0,0.0,0.0,0.0,0.0,0.0,0.0,0.0,0.0,0.0,0.0,0.0,0:05,0.0,0
22,200779,Steve Novak,0.0,0.0,0.0,0.0,0.0,0.0,0.0,0.0,0.0,0.0,0.0,0.0,0.0,0:02,0.0,0
23,202361,Landry Fields,,,,,,,,,,,,,,,0.0,0
24,101236,Chuck Hayes,,,,,,,,,,,,,,,0.0,0
