,id,name,PTS,FG,FGA,FTA,FT,OREB,DREB,STL,AST,BLK,PF,TO,PLUS_MINUS,MIN,GS,WIN
0,2746,Josh Smith,12.0,6.0,16.0,1.0,0.0,2.0,1.0,1.0,2.0,2.0,3.0,4.0,-14.0,34:24,3.1,0
1,202328,Greg Monroe,12.0,6.0,12.0,0.0,0.0,2.0,7.0,0.0,3.0,0.0,3.0,2.0,-13.0,34:20,8.4,0
2,203083,Andre Drummond,16.0,8.0,12.0,0.0,0.0,4.0,8.0,0.0,1.0,0.0,1.0,1.0,-13.0,37:49,15.3,0
3,202713,Kyle Singler,6.0,2.0,7.0,0.0,0.0,0.0,3.0,0.0,0.0,0.0,2.0,1.0,-6.0,19:15,1.0,0
4,201943,Brandon Jennings,19.0,5.0,16.0,7.0,5.0,2.0,5.0,3.0,7.0,0.0,0.0,3.0,-24.0,32:11,16.8,0
5,201155,Rodney Stuckey,6.0,3.0,8.0,0.0,0.0,0.0,0.0,0.0,3.0,0.0,0.0,0.0,5.0,27:13,3.7,0
6,201973,Jonas Jerebko,22.0,8.0,12.0,4.0,1.0,5.0,4.0,2.0,2.0,0.0,2.0,2.0,8.0,26:60,20.9,0
7,101198,Will Bynum,6.0,2.0,7.0,1.0,1.0,0.0,2.0,2.0,10.0,0.0,4.0,2.0,8.0,23:51,7.9,0
8,203484,Kentavious Caldwell-Pope,4.0,2.0,3.0,0.0,0.0,1.0,0.0,1.0,1.0,0.0,0.0,0.0,4.0,3:57,5.1,0
9,203540,Gigi Datome,,,,,,,,,,,,,,,0.0,0
10,203502,Tony Mitchell,,,,,,,,,,,,,,,0.0,0
11,203491,Peyton Siva,,,,,,,,,,,,,,,0.0,0
12,101111,Charlie Villanueva,,,,,,,,,,,,,,,0.0,0
13,2440,Matt Barnes,14.0,5.0,16.0,3.0,2.0,0.0,7.0,1.0,1.0,2.0,1.0,2.0,21.0,32:54,7.2,1
14,201933,Blake Griffin,25.0,12.0,17.0,2.0,1.0,1.0,6.0,1.0,7.0,1.0,2.0,3.0,23.0,37:26,22.8,1
15,201599,DeAndre Jordan,9.0,4.0,5.0,4.0,1.0,3.0,9.0,1.0,0.0,5.0,4.0,2.0,23.0,33:28,11.6,1
16,201954,Darren Collison,11.0,4.0,6.0,2.0,1.0,0.0,0.0,3.0,3.0,0.0,0.0,1.0,-3.0,25:57,12.1,1
17,101108,Chris Paul,28.0,10.0,15.0,5.0,5.0,1.0,3.0,6.0,15.0,0.0,2.0,2.0,23.0,37:26,36.8,1
18,2037,Jamal Crawford,9.0,4.0,13.0,0.0,0.0,0.0,4.0,1.0,4.0,0.0,2.0,1.0,-2.0,32:37,4.7,1
19,101122,Danny Granger,14.0,5.0,9.0,1.0,1.0,2.0,2.0,0.0,1.0,0.0,0.0,0.0,-12.0,15:06,12.4,1
20,201175,Glen Davis,0.0,0.0,0.0,0.0,0.0,0.0,1.0,0.0,0.0,1.0,2.0,2.0,-14.0,14:32,-1.8,1
21,2045,Hedo Turkoglu,2.0,1.0,2.0,0.0,0.0,0.0,1.0,0.0,0.0,1.0,2.0,0.0,-14.0,10:34,1.2,1
22,203493,Reggie Bullock,,,,,,,,,,,,,,,0.0,1
23,201162,Jared Dudley,,,,,,,,,,,,,,,0.0,1
24,2584,Willie Green,,,,,,,,,,,,,,,0.0,1
25,200797,Ryan Hollins,,,,,,,,,,,,,,,0.0,1
