,id,name,PTS,FG,FGA,FTA,FT,OREB,DREB,STL,AST,BLK,PF,TO,PLUS_MINUS,MIN,GS,WIN
0,201156,Nick Young,6.0,2.0,9.0,1.0,1.0,0.0,2.0,0.0,1.0,0.0,4.0,0.0,-16.0,19:43,0.2,0
1,200761,Shawne Williams,0.0,0.0,1.0,0.0,0.0,2.0,0.0,0.0,0.0,0.0,2.0,0.0,-11.0,11:31,-0.1,0
2,2200,Pau Gasol,12.0,5.0,10.0,2.0,2.0,2.0,5.0,0.0,3.0,1.0,1.0,3.0,-24.0,23:03,9.3,0
3,201975,Jodie Meeks,14.0,4.0,8.0,6.0,5.0,1.0,2.0,0.0,0.0,0.0,0.0,2.0,-28.0,22:16,8.9,0
4,2581,Steve Blake,10.0,4.0,13.0,0.0,0.0,0.0,3.0,2.0,4.0,0.0,1.0,2.0,-14.0,31:40,5.8,0
5,2549,Chris Kaman,11.0,5.0,9.0,2.0,1.0,2.0,2.0,0.0,0.0,0.0,1.0,0.0,-13.0,17:43,7.9,0
6,202325,Wesley Johnson,11.0,4.0,11.0,0.0,0.0,0.0,3.0,2.0,3.0,2.0,5.0,1.0,-7.0,24:57,8.3,0
7,202333,Xavier Henry,14.0,4.0,11.0,9.0,6.0,0.0,4.0,0.0,1.0,0.0,5.0,4.0,-20.0,35:31,2.6,0
8,200770,Jordan Farmar,12.0,5.0,13.0,1.0,1.0,0.0,3.0,0.0,5.0,0.0,1.0,3.0,-12.0,25:35,5.9,0
9,201941,Jordan Hill,2.0,1.0,2.0,0.0,0.0,2.0,5.0,0.0,1.0,0.0,2.0,0.0,-6.0,12:49,3.8,0
10,203548,Elias Harris,0.0,0.0,1.0,0.0,0.0,0.0,0.0,1.0,1.0,0.0,0.0,0.0,-2.0,7:36,1.0,0
11,203135,Robert Sacre,2.0,1.0,1.0,0.0,0.0,0.0,1.0,0.0,0.0,1.0,0.0,1.0,-2.0,7:36,1.7,0
12,959,Steve Nash,,,,,,,,,,,,,,,0.0,0
13,2738,Andre Iguodala,7.0,3.0,7.0,0.0,0.0,0.0,4.0,2.0,4.0,1.0,1.0,2.0,28.0,27:49,7.6,1
14,101135,David Lee,24.0,8.0,13.0,9.0,8.0,3.0,5.0,0.0,5.0,1.0,3.0,4.0,27.0,26:34,20.3,1
15,101106,Andrew Bogut,2.0,1.0,2.0,0.0,0.0,1.0,7.0,2.0,4.0,2.0,4.0,0.0,17.0,17:59,8.4,1
16,202691,Klay Thompson,38.0,15.0,19.0,4.0,3.0,1.0,2.0,0.0,1.0,0.0,3.0,1.0,30.0,31:04,30.1,1
17,201939,Stephen Curry,10.0,4.0,10.0,0.0,0.0,0.0,4.0,1.0,6.0,0.0,4.0,1.0,28.0,23:57,8.4,1
18,979,Jermaine O'Neal,7.0,2.0,5.0,4.0,3.0,0.0,1.0,1.0,1.0,2.0,1.0,1.0,17.0,19:50,5.9,1
19,203110,Draymond Green,7.0,3.0,4.0,0.0,0.0,0.0,7.0,0.0,2.0,2.0,1.0,0.0,6.0,18:59,9.9,1
20,201578,Marreese Speights,7.0,2.0,10.0,2.0,2.0,1.0,7.0,1.0,3.0,0.0,2.0,0.0,3.0,19:45,5.9,1
21,201962,Toney Douglas,13.0,5.0,8.0,0.0,0.0,1.0,3.0,0.0,4.0,0.0,1.0,2.0,3.0,24:29,11.4,1
22,203145,Kent Bazemore,7.0,2.0,5.0,2.0,1.0,0.0,1.0,1.0,4.0,0.0,0.0,1.0,-3.0,12:13,7.0,1
23,203136,Ognjen Kuzmic,3.0,1.0,2.0,2.0,1.0,0.0,0.0,0.0,0.0,1.0,2.0,3.0,-3.0,9:45,-1.5,1
24,203517,Nemanja Nedovic,0.0,0.0,1.0,0.0,0.0,0.0,0.0,0.0,0.0,0.0,0.0,0.0,2.0,7:36,-0.7,1
25,203084,Harrison Barnes,,,,,,,,,,,,,,,0.0,1
