,id,name,PTS,FG,FGA,FTA,FT,OREB,DREB,STL,AST,BLK,PF,TO,PLUS_MINUS,MIN,GS,WIN
0,2746,Josh Smith,17.0,7.0,13.0,0.0,0.0,0.0,4.0,0.0,3.0,0.0,1.0,2.0,-15.0,30:02,11.6,0
1,202328,Greg Monroe,6.0,3.0,11.0,2.0,0.0,3.0,6.0,0.0,2.0,0.0,2.0,1.0,-13.0,25:29,2.2,0
2,203083,Andre Drummond,23.0,10.0,14.0,7.0,3.0,9.0,9.0,1.0,2.0,0.0,3.0,0.0,1.0,42:15,25.8,0
3,202713,Kyle Singler,16.0,5.0,9.0,4.0,4.0,1.0,0.0,2.0,1.0,2.0,1.0,0.0,-13.0,38:55,16.1,0
4,201943,Brandon Jennings,9.0,3.0,11.0,2.0,1.0,1.0,4.0,1.0,5.0,0.0,2.0,4.0,-5.0,26:39,3.7,0
5,201155,Rodney Stuckey,13.0,5.0,13.0,2.0,2.0,0.0,2.0,1.0,3.0,0.0,1.0,2.0,-15.0,24:39,7.2,0
6,203491,Peyton Siva,2.0,1.0,5.0,0.0,0.0,1.0,0.0,0.0,3.0,0.0,1.0,0.0,-7.0,21:21,1.3,0
7,201973,Jonas Jerebko,16.0,6.0,9.0,4.0,3.0,3.0,2.0,1.0,4.0,0.0,2.0,0.0,2.0,24:05,17.4,0
8,203484,Kentavious Caldwell-Pope,2.0,1.0,3.0,0.0,0.0,1.0,0.0,0.0,0.0,0.0,1.0,0.0,5.0,6:35,0.6,0
9,203540,Gigi Datome,,,,,,,,,,,,,,,0.0,0
10,203502,Tony Mitchell,,,,,,,,,,,,,,,0.0,0
11,101111,Charlie Villanueva,,,,,,,,,,,,,,,0.0,0
12,2207,Joe Johnson,10.0,4.0,7.0,0.0,0.0,0.0,4.0,0.0,2.0,0.0,0.0,0.0,10.0,24:38,9.3,1
13,1718,Paul Pierce,17.0,6.0,9.0,2.0,2.0,0.0,3.0,0.0,0.0,0.0,4.0,3.0,-1.0,25:12,9.4,1
14,203486,Mason Plumlee,3.0,1.0,1.0,2.0,1.0,0.0,0.0,0.0,0.0,0.0,3.0,1.0,7.0,11:53,0.1,1
15,2733,Shaun Livingston,23.0,11.0,14.0,2.0,1.0,1.0,3.0,0.0,6.0,0.0,2.0,2.0,5.0,32:13,20.2,1
16,101114,Deron Williams,8.0,3.0,10.0,1.0,1.0,0.0,0.0,2.0,10.0,0.0,2.0,1.0,22.0,27:14,9.4,1
17,101154,Andray Blatche,14.0,5.0,7.0,4.0,4.0,0.0,3.0,0.0,2.0,0.0,1.0,0.0,-2.0,19:29,13.0,1
18,1905,Andrei Kirilenko,0.0,0.0,1.0,0.0,0.0,0.0,3.0,2.0,4.0,1.0,0.0,0.0,3.0,19:21,5.7,1
19,201977,Marcus Thornton,15.0,6.0,12.0,0.0,0.0,0.0,2.0,1.0,3.0,2.0,1.0,0.0,14.0,26:07,13.7,1
20,203141,Mirza Teletovic,20.0,7.0,11.0,0.0,0.0,0.0,1.0,1.0,0.0,0.0,2.0,1.0,13.0,22:48,14.6,1
21,2215,Jason Collins,6.0,3.0,3.0,0.0,0.0,1.0,4.0,0.0,0.0,0.0,3.0,1.0,7.0,16:38,4.8,1
22,101187,Alan Anderson,0.0,0.0,0.0,0.0,0.0,0.0,1.0,0.0,0.0,0.0,1.0,1.0,-6.0,9:23,-1.1,1
23,203268,Jorge Gutierrez,0.0,0.0,1.0,0.0,0.0,0.0,0.0,0.0,1.0,0.0,0.0,0.0,-12.0,5:04,0.0,1
24,203104,Marquis Teague,,,,,,,,,,,,,,,0.0,1
