,id,name,PTS,FG,FGA,FTA,FT,OREB,DREB,STL,AST,BLK,PF,TO,PLUS_MINUS,MIN,GS,WIN
0,201147,Corey Brewer,12.0,5.0,9.0,2.0,2.0,2.0,0.0,3.0,3.0,0.0,3.0,3.0,15.0,33:06,10.0,1
1,201567,Kevin Love,33.0,11.0,17.0,9.0,7.0,2.0,13.0,1.0,6.0,0.0,1.0,2.0,33.0,34:44,32.8,1
2,201593,Nikola Pekovic,19.0,7.0,12.0,8.0,5.0,6.0,5.0,1.0,3.0,1.0,2.0,3.0,14.0,32:47,17.9,1
3,2755,Kevin Martin,20.0,8.0,17.0,0.0,0.0,0.0,2.0,1.0,2.0,0.0,2.0,4.0,21.0,28:43,9.5,1
4,201937,Ricky Rubio,4.0,1.0,5.0,2.0,2.0,0.0,2.0,6.0,8.0,0.0,3.0,3.0,27.0,27:19,8.9,1
5,203144,Alexey Shved,5.0,2.0,8.0,0.0,0.0,1.0,2.0,1.0,2.0,1.0,0.0,0.0,1.0,19:55,4.6,1
6,201967,Dante Cunningham,6.0,3.0,6.0,0.0,0.0,2.0,2.0,1.0,1.0,0.0,1.0,0.0,3.0,18:47,6.3,1
7,200826,J.J. Barea,6.0,2.0,8.0,0.0,0.0,1.0,2.0,0.0,6.0,0.0,2.0,2.0,-7.0,19:04,3.9,1
8,201601,Luc Mbah a Moute,8.0,2.0,5.0,8.0,4.0,5.0,3.0,0.0,0.0,0.0,0.0,1.0,-6.0,15:26,7.1,1
9,203133,Robbie Hummel,2.0,1.0,1.0,0.0,0.0,0.0,0.0,0.0,0.0,0.0,0.0,0.0,3.0,5:18,1.7,1
10,203498,Shabazz Muhammad,0.0,0.0,1.0,0.0,0.0,0.0,0.0,0.0,0.0,0.0,0.0,0.0,2.0,1:37,-0.7,1
11,201985,AJ Price,0.0,0.0,0.0,0.0,0.0,0.0,0.0,0.0,2.0,0.0,0.0,0.0,2.0,1:37,1.4,1
12,203476,Gorgui Dieng,2.0,1.0,1.0,0.0,0.0,0.0,2.0,0.0,0.0,0.0,1.0,0.0,2.0,1:37,1.9,1
13,203114,Khris Middleton,23.0,10.0,20.0,0.0,0.0,1.0,8.0,1.0,4.0,2.0,3.0,3.0,-8.0,40:55,17.1,0
14,101141,Ersan Ilyasova,4.0,2.0,10.0,0.0,0.0,2.0,1.0,3.0,1.0,0.0,2.0,2.0,-9.0,20:32,0.4,0
15,202336,Larry Sanders,9.0,4.0,7.0,4.0,1.0,3.0,7.0,2.0,0.0,0.0,3.0,3.0,-4.0,33:31,6.5,0
16,203507,Giannis Antetokounmpo,6.0,3.0,6.0,0.0,0.0,4.0,1.0,4.0,4.0,2.0,1.0,4.0,-26.0,31:10,9.9,0
17,202688,Brandon Knight,18.0,6.0,15.0,7.0,5.0,1.0,1.0,1.0,5.0,0.0,2.0,4.0,-11.0,33:38,9.8,0
18,201564,O.J. Mayo,19.0,8.0,12.0,2.0,2.0,1.0,1.0,0.0,2.0,0.0,1.0,2.0,-10.0,23:55,13.8,0
19,203545,Miroslav Raduljica,8.0,3.0,6.0,2.0,2.0,4.0,1.0,0.0,1.0,0.0,1.0,1.0,-10.0,13:32,7.4,0
20,2406,Caron Butler,6.0,3.0,11.0,0.0,0.0,0.0,5.0,1.0,4.0,1.0,5.0,0.0,-16.0,24:17,3.5,0
21,203489,Nate Wolters,2.0,1.0,2.0,2.0,0.0,0.0,1.0,0.0,3.0,1.0,0.0,1.0,-11.0,14:22,2.3,0
22,202327,Ekpe Udoh,0.0,0.0,0.0,0.0,0.0,0.0,1.0,0.0,1.0,0.0,2.0,0.0,-5.0,4:08,0.2,0
23,203089,John Henson,,,,,,,,,,,,,,,0.0,0
24,202390,Gary Neal,,,,,,,,,,,,,,,0.0,0
25,2557,Luke Ridnour,,,,,,,,,,,,,,,0.0,0
