,id,name,PTS,FG,FGA,FTA,FT,OREB,DREB,STL,AST,BLK,PF,TO,PLUS_MINUS,MIN,GS,WIN
0,202730,Lavoy Allen,6.0,3.0,8.0,0.0,0.0,3.0,4.0,1.0,2.0,0.0,2.0,2.0,-3.0,30:59,4.5,0
1,202323,Evan Turner,17.0,7.0,14.0,2.0,2.0,0.0,11.0,0.0,8.0,0.0,2.0,3.0,-6.0,42:09,15.1,0
2,202350,Daniel Orton,8.0,4.0,6.0,0.0,0.0,0.0,2.0,0.0,0.0,1.0,2.0,2.0,-13.0,19:20,3.9,0
3,202341,James Anderson,4.0,2.0,9.0,0.0,0.0,1.0,4.0,1.0,6.0,1.0,4.0,3.0,-12.0,34:24,1.7,0
4,203487,Michael Carter-Williams,23.0,9.0,21.0,2.0,2.0,1.0,3.0,4.0,3.0,1.0,1.0,2.0,-11.0,39:48,17.9,0
5,201152,Thaddeus Young,26.0,9.0,15.0,11.0,6.0,3.0,5.0,1.0,0.0,0.0,3.0,0.0,-2.0,28:28,20.5,0
6,203561,Brandon Davies,3.0,1.0,2.0,2.0,1.0,0.0,1.0,0.0,1.0,1.0,1.0,3.0,-4.0,17:13,-0.1,0
7,203485,Lorenzo Brown,0.0,0.0,4.0,0.0,0.0,0.0,0.0,1.0,0.0,0.0,0.0,0.0,0.0,8:12,-1.8,0
8,203138,Hollis Thompson,7.0,3.0,6.0,0.0,0.0,1.0,1.0,0.0,2.0,0.0,0.0,0.0,-4.0,19:27,6.4,0
9,201150,Spencer Hawes,,,,,,,,,,,,,,,0.0,0
10,202343,Elliot Williams,,,,,,,,,,,,,,,0.0,0
11,203100,Tony Wroten,,,,,,,,,,,,,,,0.0,0
12,201167,Arron Afflalo,18.0,6.0,15.0,8.0,6.0,0.0,4.0,1.0,3.0,0.0,1.0,0.0,7.0,36:13,13.0,1
13,201175,Glen Davis,19.0,9.0,15.0,2.0,1.0,1.0,4.0,0.0,1.0,1.0,2.0,3.0,3.0,34:36,11.2,1
14,202696,Nikola Vucevic,21.0,10.0,13.0,1.0,1.0,1.0,15.0,1.0,5.0,3.0,2.0,3.0,9.0,39:24,23.9,1
15,203506,Victor Oladipo,18.0,7.0,11.0,4.0,3.0,0.0,3.0,5.0,5.0,1.0,4.0,8.0,9.0,42:18,13.2,1
16,2749,Jameer Nelson,3.0,1.0,5.0,0.0,0.0,0.0,1.0,1.0,4.0,0.0,0.0,0.0,7.0,11:50,4.0,1
17,203094,Andrew Nicholson,11.0,5.0,7.0,0.0,0.0,2.0,3.0,0.0,0.0,0.0,4.0,0.0,8.0,16:50,8.8,1
18,202734,E'Twaun Moore,7.0,2.0,8.0,2.0,2.0,1.0,5.0,1.0,3.0,0.0,0.0,2.0,3.0,29:43,5.5,1
19,101131,Jason Maxiell,1.0,0.0,0.0,2.0,1.0,2.0,0.0,0.0,0.0,0.0,1.0,0.0,2.0,5:10,1.6,1
20,203090,Maurice Harkless,5.0,2.0,3.0,2.0,1.0,0.0,3.0,0.0,1.0,1.0,2.0,0.0,7.0,15:39,4.8,1
21,203117,Doron Lamb,0.0,0.0,2.0,0.0,0.0,0.0,0.0,0.0,0.0,0.0,0.0,0.0,0.0,3:15,-1.4,1
22,101179,Ronnie Price,2.0,1.0,3.0,0.0,0.0,0.0,0.0,1.0,0.0,0.0,0.0,1.0,0.0,5:02,0.3,1
23,200780,Solomon Jones,,,,,,,,,,,,,,,0.0,1
24,203124,Kyle O'Quinn,,,,,,,,,,,,,,,0.0,1
