,id,name,PTS,FG,FGA,FTA,FT,OREB,DREB,STL,AST,BLK,PF,TO,PLUS_MINUS,MIN,GS,WIN
0,201601,Luc Mbah a Moute,8.0,3.0,7.0,2.0,2.0,2.0,2.0,0.0,0.0,0.0,2.0,2.0,-8.0,26:37,3.5,0
1,201967,Dante Cunningham,18.0,9.0,13.0,0.0,0.0,3.0,5.0,3.0,3.0,3.0,3.0,2.0,-16.0,42:35,20.1,0
2,101142,Ronny Turiaf,4.0,1.0,2.0,2.0,2.0,0.0,4.0,0.0,1.0,4.0,3.0,0.0,3.0,28:13,6.5,0
3,2755,Kevin Martin,8.0,4.0,10.0,0.0,0.0,0.0,2.0,2.0,1.0,0.0,0.0,0.0,-10.0,23:03,5.9,0
4,201937,Ricky Rubio,19.0,6.0,12.0,11.0,6.0,1.0,7.0,0.0,5.0,0.0,0.0,4.0,-11.0,33:07,13.3,0
5,203144,Alexey Shved,8.0,2.0,7.0,4.0,3.0,0.0,1.0,0.0,1.0,0.0,0.0,2.0,0.0,17:09,2.5,0
6,203476,Gorgui Dieng,0.0,0.0,4.0,0.0,0.0,2.0,3.0,0.0,1.0,0.0,3.0,1.0,-2.0,7:56,-2.0,0
7,201978,Chase Budinger,7.0,2.0,6.0,2.0,2.0,1.0,2.0,1.0,0.0,0.0,3.0,2.0,-1.0,21:23,2.7,0
8,200826,J.J. Barea,11.0,4.0,6.0,2.0,2.0,1.0,1.0,1.0,4.0,0.0,1.0,1.0,-4.0,15:22,11.8,0
9,203133,Robbie Hummel,5.0,2.0,5.0,0.0,0.0,0.0,1.0,0.0,1.0,1.0,0.0,0.0,-3.0,17:16,4.0,0
10,203498,Shabazz Muhammad,6.0,3.0,5.0,0.0,0.0,1.0,0.0,0.0,1.0,0.0,1.0,0.0,3.0,6:01,4.7,0
11,201985,AJ Price,3.0,1.0,1.0,0.0,0.0,0.0,0.0,0.0,0.0,0.0,0.0,0.0,4.0,1:18,2.7,0
12,201567,Kevin Love,,,,,,,,,,,,,,,0.0,0
13,201142,Kevin Durant,26.0,11.0,20.0,1.0,1.0,2.0,7.0,1.0,7.0,0.0,2.0,4.0,11.0,36:52,21.0,1
14,201586,Serge Ibaka,14.0,7.0,12.0,0.0,0.0,5.0,2.0,0.0,1.0,3.0,3.0,4.0,8.0,32:04,10.1,1
15,2570,Kendrick Perkins,6.0,2.0,7.0,3.0,2.0,5.0,7.0,1.0,2.0,0.0,4.0,2.0,7.0,21:27,5.9,1
16,200757,Thabo Sefolosha,12.0,3.0,12.0,6.0,5.0,2.0,4.0,1.0,2.0,1.0,0.0,0.0,9.0,31:54,10.1,1
17,202704,Reggie Jackson,20.0,9.0,14.0,0.0,0.0,1.0,2.0,2.0,9.0,0.0,4.0,1.0,17.0,35:33,20.8,1
18,965,Derek Fisher,13.0,5.0,7.0,1.0,0.0,0.0,2.0,0.0,2.0,0.0,2.0,1.0,-1.0,16:39,9.9,1
19,203500,Steven Adams,0.0,0.0,0.0,0.0,0.0,1.0,1.0,0.0,0.0,1.0,0.0,1.0,-9.0,8:11,0.7,1
20,2555,Nick Collison,2.0,1.0,2.0,0.0,0.0,1.0,1.0,0.0,1.0,0.0,1.0,1.0,5.0,16:08,1.3,1
21,203087,Jeremy Lamb,7.0,3.0,10.0,0.0,0.0,1.0,2.0,3.0,1.0,0.0,5.0,1.0,-4.0,17:24,3.2,1
22,203103,Perry Jones III,6.0,3.0,7.0,0.0,0.0,1.0,2.0,0.0,0.0,1.0,0.0,0.0,6.0,22:30,4.3,1
23,203460,Andre Roberson,0.0,0.0,0.0,0.0,0.0,0.0,0.0,0.0,0.0,0.0,1.0,1.0,-4.0,1:18,-1.4,1
24,201934,Hasheem Thabeet,,,,,,,,,,,,,,,0.0,1
