,id,name,PTS,FG,FGA,FTA,FT,OREB,DREB,STL,AST,BLK,PF,TO,PLUS_MINUS,MIN,GS,WIN
0,2440,Matt Barnes,13.0,5.0,6.0,0.0,0.0,0.0,2.0,1.0,3.0,0.0,2.0,1.0,8.0,23:30,12.7,1
1,201933,Blake Griffin,26.0,11.0,18.0,7.0,4.0,4.0,9.0,0.0,7.0,0.0,2.0,0.0,15.0,37:06,26.2,1
2,201599,DeAndre Jordan,10.0,4.0,5.0,6.0,2.0,5.0,7.0,1.0,2.0,1.0,3.0,1.0,19.0,43:07,13.0,1
3,200755,JJ Redick,18.0,5.0,11.0,4.0,4.0,0.0,1.0,1.0,5.0,0.0,2.0,1.0,19.0,33:33,15.3,1
4,201954,Darren Collison,17.0,6.0,11.0,4.0,3.0,0.0,2.0,1.0,4.0,0.0,0.0,1.0,15.0,28:40,14.7,1
5,2037,Jamal Crawford,19.0,6.0,14.0,5.0,4.0,1.0,3.0,0.0,3.0,0.0,1.0,3.0,8.0,26:23,11.5,1
6,202721,Darius Morris,0.0,0.0,0.0,0.0,0.0,0.0,1.0,0.0,0.0,0.0,1.0,0.0,-6.0,6:44,-0.1,1
7,200797,Ryan Hollins,0.0,0.0,0.0,0.0,0.0,0.0,0.0,0.0,0.0,1.0,1.0,0.0,-2.0,4:53,0.3,1
8,201162,Jared Dudley,0.0,0.0,3.0,0.0,0.0,0.0,1.0,0.0,1.0,0.0,3.0,0.0,6.0,18:35,-2.3,1
9,2045,Hedo Turkoglu,5.0,2.0,5.0,0.0,0.0,0.0,3.0,0.0,1.0,0.0,2.0,0.0,2.0,10:54,3.1,1
10,2584,Willie Green,4.0,2.0,3.0,0.0,0.0,0.0,0.0,0.0,0.0,0.0,0.0,0.0,1.0,5:41,2.7,1
11,203493,Reggie Bullock,0.0,0.0,0.0,0.0,0.0,0.0,1.0,0.0,0.0,0.0,0.0,0.0,0.0,0:54,0.3,1
12,1712,Antawn Jamison,,,,,,,,,,,,,,,0.0,1
13,2399,Mike Dunleavy,17.0,6.0,14.0,3.0,3.0,2.0,1.0,1.0,2.0,0.0,1.0,1.0,-15.0,30:05,12.3,0
14,2430,Carlos Boozer,22.0,10.0,17.0,2.0,2.0,3.0,6.0,1.0,1.0,0.0,3.0,3.0,-11.0,28:32,15.5,0
15,201149,Joakim Noah,12.0,6.0,9.0,0.0,0.0,9.0,4.0,0.0,7.0,1.0,5.0,1.0,-14.0,34:08,18.2,0
16,202710,Jimmy Butler,9.0,3.0,15.0,2.0,2.0,2.0,4.0,2.0,3.0,0.0,1.0,0.0,-7.0,41:17,6.0,0
17,201571,D.J. Augustin,7.0,3.0,8.0,0.0,0.0,0.0,0.0,0.0,6.0,0.0,4.0,0.0,-13.0,30:28,5.2,0
18,201959,Taj Gibson,18.0,8.0,18.0,2.0,2.0,1.0,3.0,1.0,2.0,1.0,2.0,1.0,-14.0,25:45,11.5,0
19,203503,Tony Snell,5.0,2.0,5.0,0.0,0.0,1.0,2.0,0.0,1.0,0.0,1.0,1.0,-9.0,20:44,2.9,0
20,1737,Nazr Mohammed,0.0,0.0,2.0,0.0,0.0,2.0,2.0,0.0,0.0,0.0,0.0,0.0,5.0,6:41,0.6,0
21,2229,Mike James,5.0,2.0,5.0,2.0,0.0,0.0,2.0,0.0,5.0,0.0,0.0,1.0,-4.0,17:32,4.6,0
22,201858,Cartier Martin,0.0,0.0,0.0,0.0,0.0,0.0,2.0,0.0,0.0,0.0,0.0,0.0,-3.0,3:54,0.6,0
23,203513,Erik Murphy,0.0,0.0,0.0,0.0,0.0,0.0,0.0,0.0,0.0,0.0,0.0,0.0,0.0,0:54,0.0,0
24,203129,Tornike Shengelia,,,,,,,,,,,,,,,0.0,0
