,id,name,PTS,FG,FGA,FTA,FT,OREB,DREB,STL,AST,BLK,PF,TO,PLUS_MINUS,MIN,GS,WIN
0,200782,P.J. Tucker,11.0,3.0,4.0,5.0,4.0,2.0,5.0,4.0,1.0,0.0,2.0,1.0,-12.0,32:40,14.8,1
1,101112,Channing Frye,9.0,3.0,7.0,2.0,2.0,1.0,3.0,0.0,3.0,3.0,3.0,1.0,20.0,28:49,8.9,1
2,203101,Miles Plumlee,9.0,3.0,6.0,4.0,3.0,2.0,2.0,0.0,1.0,1.0,5.0,2.0,-8.0,16:15,5.0,1
3,201609,Goran Dragic,19.0,6.0,11.0,6.0,5.0,1.0,0.0,0.0,4.0,0.0,3.0,3.0,-7.0,33:01,12.6,1
4,202339,Eric Bledsoe,14.0,2.0,5.0,10.0,10.0,0.0,4.0,0.0,3.0,0.0,0.0,4.0,6.0,29:07,10.6,1
5,202693,Markieff Morris,16.0,6.0,12.0,4.0,4.0,4.0,10.0,1.0,2.0,0.0,1.0,4.0,7.0,35:23,13.8,1
6,101123,Gerald Green,28.0,9.0,18.0,6.0,5.0,0.0,5.0,0.0,2.0,0.0,4.0,3.0,7.0,26:43,16.9,1
7,203458,Alex Len,0.0,0.0,1.0,0.0,0.0,0.0,2.0,0.0,0.0,0.0,2.0,1.0,8.0,7:54,-1.9,1
8,202694,Marcus Morris Sr.,10.0,4.0,8.0,0.0,0.0,1.0,2.0,0.0,0.0,0.0,2.0,2.0,8.0,22:26,4.5,1
9,202397,Ish Smith,5.0,2.0,3.0,1.0,1.0,1.0,0.0,0.0,1.0,0.0,1.0,0.0,11.0,7:42,4.7,1
10,202091,Dionte Christmas,,,,,,,,,,,,,,,0.0,1
11,203462,Archie Goodwin,,,,,,,,,,,,,,,0.0,1
12,101183,Shavlik Randolph,,,,,,,,,,,,,,,0.0,1
13,203082,Terrence Ross,22.0,7.0,13.0,4.0,4.0,0.0,1.0,1.0,2.0,0.0,4.0,1.0,-12.0,31:48,15.8,0
14,101161,Amir Johnson,20.0,9.0,12.0,4.0,2.0,0.0,2.0,0.0,2.0,1.0,5.0,2.0,5.0,33:01,13.1,0
15,202685,Jonas Valanciunas,15.0,7.0,11.0,1.0,1.0,0.0,5.0,2.0,1.0,1.0,4.0,1.0,-2.0,32:08,12.4,0
16,201942,DeMar DeRozan,17.0,6.0,16.0,5.0,5.0,1.0,3.0,4.0,7.0,0.0,3.0,3.0,0.0,39:04,14.5,0
17,200768,Kyle Lowry,28.0,9.0,19.0,9.0,8.0,1.0,4.0,2.0,13.0,1.0,5.0,3.0,5.0,40:23,26.6,0
18,201946,Tyler Hansbrough,2.0,1.0,1.0,0.0,0.0,0.0,0.0,1.0,0.0,0.0,1.0,1.0,-15.0,8:34,1.3,0
19,2422,John Salmons,2.0,1.0,5.0,0.0,0.0,1.0,3.0,1.0,0.0,0.0,0.0,0.0,-20.0,18:19,1.5,0
20,202349,Greivis Vasquez,2.0,0.0,5.0,2.0,2.0,0.0,3.0,0.0,2.0,0.0,2.0,0.0,6.0,19:22,-0.0,0
21,200779,Steve Novak,3.0,1.0,2.0,0.0,0.0,1.0,1.0,1.0,0.0,0.0,1.0,0.0,-3.0,13:05,3.6,0
22,101236,Chuck Hayes,2.0,1.0,1.0,0.0,0.0,0.0,0.0,0.0,0.0,0.0,2.0,0.0,-4.0,4:16,0.9,0
23,202779,Dwight Buycks,,,,,,,,,,,,,,,0.0,0
24,201986,Nando De Colo,,,,,,,,,,,,,,,0.0,0
25,202361,Landry Fields,,,,,,,,,,,,,,,0.0,0
