,id,name,PTS,FG,FGA,FTA,FT,OREB,DREB,STL,AST,BLK,PF,TO,PLUS_MINUS,MIN,GS,WIN
0,2746,Josh Smith,24.0,10.0,19.0,4.0,2.0,0.0,6.0,3.0,5.0,1.0,5.0,3.0,-18.0,42:31,17.9,0
1,202328,Greg Monroe,12.0,3.0,11.0,6.0,6.0,2.0,3.0,3.0,1.0,1.0,1.0,0.0,-10.0,31:16,11.8,0
2,203083,Andre Drummond,16.0,7.0,12.0,2.0,2.0,6.0,11.0,2.0,2.0,2.0,2.0,0.0,-11.0,40:04,21.9,0
3,202713,Kyle Singler,15.0,7.0,8.0,0.0,0.0,1.0,4.0,1.0,1.0,0.0,3.0,1.0,-8.0,34:23,13.6,0
4,201943,Brandon Jennings,0.0,0.0,2.0,0.0,0.0,0.0,1.0,0.0,1.0,0.0,2.0,2.0,-13.0,13:23,-3.2,0
5,201155,Rodney Stuckey,17.0,6.0,13.0,5.0,5.0,0.0,1.0,0.0,4.0,0.0,1.0,3.0,-3.0,30:49,10.0,0
6,101198,Will Bynum,18.0,9.0,18.0,0.0,0.0,0.0,1.0,0.0,9.0,0.0,3.0,4.0,3.0,30:37,10.4,0
7,203484,Kentavious Caldwell-Pope,5.0,2.0,6.0,0.0,0.0,0.0,0.0,1.0,0.0,0.0,1.0,0.0,4.0,11:25,2.2,0
8,201973,Jonas Jerebko,0.0,0.0,0.0,0.0,0.0,0.0,0.0,0.0,0.0,0.0,1.0,0.0,-3.0,3:14,-0.4,0
9,203491,Peyton Siva,3.0,1.0,1.0,0.0,0.0,0.0,0.0,0.0,0.0,0.0,0.0,0.0,3.0,0:46,2.7,0
10,203540,Gigi Datome,0.0,0.0,0.0,0.0,0.0,0.0,1.0,0.0,1.0,0.0,0.0,0.0,3.0,0:46,1.0,0
11,203502,Tony Mitchell,0.0,0.0,0.0,0.0,0.0,0.0,0.0,0.0,0.0,0.0,0.0,0.0,3.0,0:46,0.0,0
12,101111,Charlie Villanueva,,,,,,,,,,,,,,,0.0,0
13,202695,Kawhi Leonard,15.0,5.0,9.0,4.0,4.0,1.0,5.0,2.0,4.0,2.0,1.0,2.0,23.0,28:57,16.7,1
14,1495,Tim Duncan,13.0,5.0,12.0,3.0,3.0,2.0,7.0,2.0,1.0,1.0,3.0,2.0,17.0,26:53,10.3,1
15,201168,Tiago Splitter,13.0,6.0,11.0,2.0,1.0,3.0,4.0,0.0,6.0,1.0,1.0,1.0,23.0,30:06,14.1,1
16,201980,Danny Green,8.0,3.0,7.0,0.0,0.0,0.0,2.0,0.0,2.0,1.0,4.0,2.0,-3.0,21:56,3.4,1
17,202709,Cory Joseph,10.0,2.0,2.0,6.0,6.0,0.0,1.0,1.0,2.0,0.0,0.0,2.0,-4.0,13:07,10.1,1
18,1938,Manu Ginobili,16.0,6.0,11.0,3.0,3.0,0.0,1.0,3.0,9.0,1.0,3.0,4.0,19.0,27:50,15.8,1
19,2564,Boris Diaw,12.0,5.0,10.0,2.0,2.0,1.0,1.0,1.0,4.0,0.0,1.0,1.0,4.0,26:22,10.4,1
20,201965,Jeff Ayres,2.0,1.0,1.0,0.0,0.0,2.0,2.0,1.0,0.0,0.0,1.0,0.0,-10.0,12:00,4.3,1
21,201158,Marco Belinelli,20.0,6.0,8.0,4.0,4.0,0.0,1.0,0.0,4.0,1.0,2.0,2.0,4.0,27:07,17.8,1
22,201988,Patty Mills,11.0,5.0,10.0,0.0,0.0,0.0,3.0,0.0,2.0,0.0,0.0,1.0,-8.0,20:54,7.3,1
23,2588,Matt Bonner,0.0,0.0,0.0,0.0,0.0,0.0,1.0,0.0,0.0,0.0,0.0,0.0,-5.0,1:36,0.3,1
24,203382,Aron Baynes,0.0,0.0,0.0,0.0,0.0,0.0,0.0,0.0,0.0,0.0,0.0,1.0,-5.0,1:36,-1.0,1
25,201948,Austin Daye,0.0,0.0,1.0,1.0,0.0,0.0,0.0,0.0,0.0,0.0,0.0,0.0,-5.0,1:36,-1.1,1
