,id,name,PTS,FG,FGA,FTA,FT,OREB,DREB,STL,AST,BLK,PF,TO,PLUS_MINUS,MIN,GS,WIN
0,201576,Anthony Randolph,8.0,3.0,11.0,4.0,1.0,0.0,3.0,2.0,3.0,0.0,3.0,1.0,-2.0,27:48,3.1,1
1,202702,Kenneth Faried,26.0,11.0,15.0,5.0,4.0,4.0,2.0,1.0,2.0,0.0,1.0,3.0,12.0,38:31,21.9,1
2,201581,JJ Hickson,14.0,6.0,9.0,7.0,2.0,3.0,7.0,2.0,1.0,0.0,2.0,2.0,9.0,29:01,12.2,1
3,201163,Wilson Chandler,15.0,6.0,8.0,0.0,0.0,1.0,5.0,0.0,1.0,0.0,1.0,1.0,4.0,31:59,13.3,1
4,200751,Randy Foye,12.0,5.0,12.0,0.0,0.0,0.0,0.0,1.0,10.0,2.0,1.0,4.0,18.0,39:48,10.6,1
5,203095,Evan Fournier,7.0,3.0,9.0,0.0,0.0,2.0,3.0,0.0,3.0,0.0,2.0,2.0,6.0,27:21,3.5,1
6,202389,Timofey Mozgov,14.0,3.0,6.0,10.0,8.0,2.0,7.0,0.0,1.0,3.0,6.0,2.0,5.0,23:04,12.1,1
7,201589,Darrell Arthur,5.0,2.0,6.0,0.0,0.0,0.0,2.0,0.0,1.0,1.0,4.0,0.0,3.0,22:28,2.0,1
8,201166,Aaron Brooks,,,,,,,,,,,,,,,0.0,1
9,201951,Ty Lawson,,,,,,,,,,,,,,,0.0,1
10,203113,Quincy Miller,,,,,,,,,,,,,,,0.0,1
11,101126,Nate Robinson,,,,,,,,,,,,,,,0.0,1
12,202686,Jan Vesely,,,,,,,,,,,,,,,0.0,1
13,2406,Caron Butler,17.0,7.0,17.0,3.0,2.0,0.0,4.0,1.0,1.0,2.0,0.0,1.0,-9.0,31:16,10.8,0
14,101141,Ersan Ilyasova,14.0,5.0,14.0,4.0,3.0,4.0,7.0,1.0,0.0,0.0,4.0,0.0,-11.0,35:20,10.1,0
15,2585,Zaza Pachulia,5.0,1.0,5.0,4.0,3.0,1.0,2.0,0.0,2.0,0.0,3.0,4.0,-12.0,23:41,-1.0,0
16,203114,Khris Middleton,6.0,2.0,9.0,2.0,2.0,0.0,1.0,0.0,1.0,0.0,3.0,0.0,-12.0,27:45,0.3,0
17,203489,Nate Wolters,12.0,6.0,14.0,0.0,0.0,1.0,1.0,0.0,5.0,0.0,2.0,1.0,-15.0,39:34,7.3,0
18,203089,John Henson,12.0,6.0,8.0,0.0,0.0,3.0,4.0,0.0,2.0,1.0,4.0,5.0,0.0,24:48,7.6,0
19,203507,Giannis Antetokounmpo,11.0,3.0,7.0,5.0,4.0,3.0,1.0,2.0,4.0,3.0,1.0,0.0,4.0,32:20,15.8,0
20,201564,O.J. Mayo,11.0,5.0,8.0,0.0,0.0,0.0,3.0,0.0,0.0,0.0,1.0,1.0,1.0,23:21,6.9,0
21,203545,Miroslav Raduljica,2.0,0.0,0.0,2.0,2.0,0.0,1.0,0.0,0.0,0.0,2.0,0.0,-1.0,1:55,1.5,0
22,202399,Jeff Adrien,,,,,,,,,,,,,,,0.0,0
23,202688,Brandon Knight,,,,,,,,,,,,,,,0.0,0
24,201196,Ramon Sessions,,,,,,,,,,,,,,,0.0,0
25,202327,Ekpe Udoh,,,,,,,,,,,,,,,0.0,0
