,id,name,PTS,FG,FGA,FTA,FT,OREB,DREB,STL,AST,BLK,PF,TO,PLUS_MINUS,MIN,GS,WIN
0,201162,Jared Dudley,0.0,0.0,3.0,0.0,0.0,0.0,2.0,1.0,2.0,0.0,1.0,1.0,-3.0,19:35,-0.5,0
1,201933,Blake Griffin,35.0,15.0,27.0,5.0,4.0,3.0,8.0,1.0,1.0,2.0,2.0,2.0,6.0,41:15,26.5,0
2,201599,DeAndre Jordan,2.0,1.0,6.0,2.0,0.0,5.0,14.0,1.0,1.0,2.0,6.0,0.0,9.0,41:35,5.8,0
3,2037,Jamal Crawford,21.0,8.0,21.0,2.0,1.0,0.0,2.0,1.0,2.0,0.0,4.0,0.0,2.0,43:22,10.5,0
4,101108,Chris Paul,34.0,16.0,29.0,1.0,0.0,0.0,3.0,6.0,16.0,0.0,1.0,1.0,10.0,44:50,36.4,0
5,1712,Antawn Jamison,0.0,0.0,4.0,0.0,0.0,0.0,1.0,0.0,0.0,0.0,0.0,0.0,-10.0,10:26,-2.5,0
6,2584,Willie Green,0.0,0.0,1.0,0.0,0.0,1.0,0.0,0.0,0.0,0.0,0.0,0.0,-9.0,8:27,0.0,0
7,2440,Matt Barnes,12.0,5.0,10.0,2.0,1.0,2.0,3.0,0.0,0.0,0.0,6.0,1.0,-11.0,23:06,5.5,0
8,201954,Darren Collison,6.0,3.0,8.0,0.0,0.0,0.0,1.0,0.0,2.0,0.0,1.0,0.0,-2.0,23:43,2.9,0
9,200797,Ryan Hollins,2.0,1.0,1.0,0.0,0.0,1.0,2.0,1.0,0.0,1.0,1.0,0.0,-12.0,8:39,4.3,0
10,203493,Reggie Bullock,,,,,,,,,,,,,,,0.0,0
11,1536,Stephen Jackson,,,,,,,,,,,,,,,0.0,0
12,201957,Byron Mullens,,,,,,,,,,,,,,,0.0,0
13,201587,Nicolas Batum,19.0,6.0,11.0,5.0,5.0,2.0,5.0,1.0,3.0,1.0,0.0,5.0,-5.0,41:18,15.4,1
14,200746,LaMarcus Aldridge,32.0,15.0,31.0,2.0,2.0,3.0,7.0,0.0,4.0,0.0,4.0,0.0,10.0,40:20,21.7,1
15,201577,Robin Lopez,11.0,4.0,8.0,4.0,3.0,7.0,8.0,1.0,1.0,1.0,0.0,2.0,2.0,39:57,14.3,1
16,202083,Wesley Matthews,19.0,5.0,12.0,6.0,5.0,0.0,7.0,0.0,6.0,0.0,1.0,3.0,-9.0,38:20,15.1,1
17,203081,Damian Lillard,14.0,4.0,12.0,5.0,4.0,0.0,5.0,0.0,4.0,0.0,1.0,4.0,5.0,41:25,6.7,1
18,2590,Mo Williams,12.0,4.0,10.0,0.0,0.0,0.0,1.0,0.0,8.0,0.0,2.0,2.0,13.0,23:40,9.7,1
19,200777,Joel Freeland,2.0,1.0,3.0,0.0,0.0,3.0,5.0,0.0,0.0,0.0,0.0,0.0,-3.0,12:22,3.9,1
20,2748,Dorell Wright,5.0,2.0,6.0,0.0,0.0,0.0,0.0,0.0,2.0,0.0,0.0,0.0,13.0,14:58,3.0,1
21,203086,Meyers Leonard,2.0,1.0,3.0,0.0,0.0,0.0,7.0,0.0,1.0,0.0,2.0,0.0,-6.0,12:41,2.3,1
22,203115,Will Barton,,,,,,,,,,,,,,,0.0,1
23,203459,Allen Crabbe,,,,,,,,,,,,,,,0.0,1
24,203080,Thomas Robinson,,,,,,,,,,,,,,,0.0,1
25,2248,Earl Watson,,,,,,,,,,,,,,,0.0,1
