,id,name,PTS,FG,FGA,FTA,FT,OREB,DREB,STL,AST,BLK,PF,TO,PLUS_MINUS,MIN,GS,WIN
0,201145,Jeff Green,19.0,6.0,13.0,4.0,3.0,1.0,5.0,2.0,1.0,0.0,3.0,3.0,-12.0,37:11,12.6,0
1,101138,Brandon Bass,13.0,4.0,12.0,8.0,5.0,4.0,7.0,0.0,1.0,1.0,2.0,0.0,-13.0,28:58,10.5,0
2,203096,Jared Sullinger,15.0,6.0,16.0,1.0,1.0,3.0,2.0,0.0,3.0,0.0,3.0,0.0,6.0,35:24,9.8,0
3,202340,Avery Bradley,22.0,8.0,16.0,3.0,3.0,0.0,3.0,2.0,0.0,0.0,4.0,1.0,3.0,37:21,14.3,0
4,202348,Jordan Crawford,15.0,6.0,14.0,3.0,1.0,0.0,2.0,1.0,4.0,0.0,1.0,1.0,-14.0,34:17,9.8,0
5,203543,Vitor Faverani,0.0,0.0,0.0,0.0,0.0,0.0,0.0,0.0,0.0,0.0,2.0,0.0,-12.0,4:27,-0.8,0
6,2222,Gerald Wallace,2.0,1.0,2.0,0.0,0.0,0.0,6.0,0.0,2.0,0.0,2.0,3.0,2.0,23:09,0.4,0
7,2743,Kris Humphries,4.0,2.0,4.0,0.0,0.0,2.0,0.0,2.0,1.0,0.0,3.0,0.0,-1.0,16:38,4.9,0
8,203515,Phil Pressey,2.0,1.0,1.0,0.0,0.0,0.0,0.0,0.0,0.0,0.0,1.0,0.0,-2.0,3:09,1.3,0
9,201584,Courtney Lee,4.0,1.0,2.0,2.0,2.0,0.0,0.0,1.0,2.0,0.0,1.0,1.0,3.0,19:26,4.0,0
10,2586,Keith Bogans,,,,,,,,,,,,,,,0.0,0
11,202705,MarShon Brooks,,,,,,,,,,,,,,,0.0,0
12,203482,Kelly Olynyk,,,,,,,,,,,,,,,0.0,0
13,101187,Alan Anderson,15.0,6.0,7.0,2.0,2.0,1.0,3.0,1.0,1.0,0.0,1.0,0.0,2.0,34:51,15.4,1
14,708,Kevin Garnett,11.0,5.0,10.0,2.0,1.0,2.0,7.0,0.0,3.0,0.0,3.0,0.0,0.0,25:53,10.0,1
15,201572,Brook Lopez,24.0,10.0,13.0,5.0,4.0,1.0,2.0,0.0,2.0,1.0,4.0,1.0,18.0,37:23,19.3,1
16,2207,Joe Johnson,7.0,3.0,9.0,0.0,0.0,0.0,3.0,0.0,0.0,0.0,1.0,3.0,10.0,38:21,-0.6,1
17,101114,Deron Williams,25.0,10.0,16.0,7.0,4.0,0.0,3.0,0.0,7.0,0.0,1.0,2.0,6.0,36:46,20.0,1
18,1718,Paul Pierce,4.0,0.0,3.0,4.0,4.0,1.0,6.0,1.0,3.0,0.0,1.0,3.0,7.0,22:14,4.1,1
19,101154,Andray Blatche,11.0,4.0,11.0,3.0,3.0,3.0,6.0,1.0,2.0,1.0,1.0,1.0,14.0,20:05,10.5,1
20,2733,Shaun Livingston,3.0,1.0,1.0,1.0,1.0,0.0,2.0,0.0,1.0,0.0,4.0,2.0,-1.0,12:42,0.4,1
21,203486,Mason Plumlee,4.0,0.0,0.0,4.0,4.0,0.0,1.0,1.0,0.0,0.0,0.0,1.0,-10.0,10:37,4.3,1
22,203129,Tornike Shengelia,0.0,0.0,0.0,0.0,0.0,0.0,1.0,0.0,0.0,0.0,0.0,0.0,-3.0,0:34,0.3,1
23,203116,Tyshawn Taylor,0.0,0.0,0.0,0.0,0.0,0.0,0.0,0.0,0.0,0.0,0.0,0.0,-3.0,0:34,0.0,1
24,2501,Reggie Evans,,,,,,,,,,,,,,,0.0,1
25,203141,Mirza Teletovic,,,,,,,,,,,,,,,0.0,1
