,id,name,PTS,FG,FGA,FTA,FT,OREB,DREB,STL,AST,BLK,PF,TO,PLUS_MINUS,MIN,GS,WIN
0,2736,Luol Deng,22.0,6.0,11.0,13.0,9.0,0.0,2.0,1.0,6.0,0.0,3.0,3.0,-17.0,32:28,16.7,0
1,2430,Carlos Boozer,14.0,6.0,13.0,4.0,2.0,2.0,4.0,0.0,1.0,0.0,1.0,1.0,-20.0,25:24,8.4,0
2,201149,Joakim Noah,8.0,4.0,6.0,2.0,0.0,1.0,3.0,0.0,2.0,0.0,1.0,1.0,-21.0,22:28,6.2,0
3,2399,Mike Dunleavy,14.0,6.0,9.0,0.0,0.0,0.0,2.0,0.0,3.0,0.0,2.0,2.0,-26.0,29:30,10.0,0
4,2550,Kirk Hinrich,9.0,3.0,7.0,3.0,2.0,0.0,2.0,0.0,7.0,0.0,3.0,3.0,-20.0,27:48,6.2,0
5,201959,Taj Gibson,6.0,3.0,13.0,0.0,0.0,2.0,6.0,1.0,1.0,0.0,1.0,1.0,-10.0,20:33,1.6,0
6,203503,Tony Snell,5.0,2.0,4.0,1.0,1.0,1.0,0.0,0.0,2.0,0.0,1.0,0.0,-25.0,27:40,4.7,0
7,203104,Marquis Teague,0.0,0.0,7.0,0.0,0.0,0.0,3.0,0.0,1.0,0.0,2.0,1.0,-19.0,20:12,-5.1,0
8,1737,Nazr Mohammed,4.0,2.0,6.0,0.0,0.0,5.0,6.0,0.0,0.0,1.0,2.0,2.0,-17.0,21:13,3.8,0
9,203513,Erik Murphy,0.0,0.0,2.0,0.0,0.0,0.0,0.0,0.0,0.0,0.0,1.0,0.0,-10.0,6:22,-1.8,0
10,2229,Mike James,0.0,0.0,3.0,0.0,0.0,0.0,0.0,0.0,1.0,0.0,1.0,0.0,-10.0,6:22,-1.8,0
11,201162,Jared Dudley,21.0,8.0,10.0,1.0,1.0,0.0,1.0,0.0,1.0,0.0,4.0,0.0,18.0,21:34,16.6,1
12,201933,Blake Griffin,15.0,6.0,10.0,4.0,3.0,2.0,10.0,1.0,2.0,3.0,4.0,2.0,19.0,27:18,15.3,1
13,201599,DeAndre Jordan,2.0,1.0,1.0,0.0,0.0,1.0,6.0,0.0,2.0,1.0,4.0,2.0,19.0,26:20,2.7,1
14,200755,JJ Redick,19.0,8.0,11.0,2.0,2.0,0.0,1.0,2.0,2.0,0.0,0.0,0.0,24.0,24:46,18.2,1
15,101108,Chris Paul,16.0,6.0,10.0,4.0,3.0,0.0,1.0,2.0,17.0,1.0,1.0,1.0,22.0,27:12,24.5,1
16,203493,Reggie Bullock,6.0,3.0,6.0,0.0,0.0,1.0,3.0,0.0,1.0,0.0,2.0,0.0,22.0,26:05,4.5,1
17,2037,Jamal Crawford,8.0,4.0,11.0,0.0,0.0,0.0,3.0,1.0,2.0,0.0,1.0,1.0,9.0,17:44,3.8,1
18,200797,Ryan Hollins,2.0,1.0,3.0,0.0,0.0,2.0,3.0,0.0,0.0,0.0,3.0,0.0,18.0,21:16,1.4,1
19,201954,Darren Collison,14.0,4.0,6.0,6.0,6.0,0.0,3.0,1.0,5.0,0.0,3.0,2.0,17.0,20:48,13.6,1
20,1712,Antawn Jamison,11.0,4.0,8.0,2.0,2.0,0.0,3.0,1.0,0.0,0.0,1.0,1.0,15.0,15:13,7.5,1
21,2584,Willie Green,2.0,1.0,2.0,0.0,0.0,0.0,2.0,0.0,0.0,0.0,0.0,0.0,7.0,6:15,1.6,1
22,201957,Byron Mullens,5.0,2.0,4.0,0.0,0.0,0.0,2.0,0.0,0.0,0.0,0.0,0.0,5.0,5:30,3.6,1
23,2440,Matt Barnes,,,,,,,,,,,,,,,0.0,1
