,id,name,PTS,FG,FGA,FTA,FT,OREB,DREB,STL,AST,BLK,PF,TO,PLUS_MINUS,MIN,GS,WIN
0,2544,LeBron James,25.0,10.0,18.0,3.0,3.0,1.0,7.0,0.0,9.0,1.0,1.0,3.0,-6.0,41:59,22.8,0
1,2547,Chris Bosh,12.0,5.0,10.0,2.0,2.0,0.0,6.0,1.0,3.0,1.0,2.0,2.0,-3.0,33:53,9.8,0
2,2617,Udonis Haslem,3.0,1.0,2.0,2.0,1.0,1.0,5.0,0.0,0.0,0.0,4.0,2.0,3.0,17:24,0.2,0
3,201962,Toney Douglas,3.0,1.0,3.0,0.0,0.0,0.0,1.0,0.0,1.0,0.0,4.0,1.0,-1.0,13:52,-0.3,0
4,201596,Mario Chalmers,19.0,7.0,12.0,4.0,2.0,2.0,0.0,1.0,7.0,1.0,3.0,3.0,-6.0,36:10,16.4,0
5,951,Ray Allen,10.0,3.0,10.0,2.0,2.0,0.0,3.0,0.0,1.0,0.0,0.0,2.0,-10.0,31:12,3.8,0
6,2203,Shane Battier,2.0,1.0,5.0,0.0,0.0,1.0,1.0,0.0,2.0,0.0,2.0,0.0,-7.0,17:34,0.5,0
7,2365,Chris Andersen,5.0,1.0,1.0,4.0,3.0,0.0,2.0,2.0,0.0,3.0,3.0,1.0,-10.0,15:08,6.8,0
8,202708,Norris Cole,0.0,0.0,0.0,0.0,0.0,0.0,0.0,0.0,4.0,0.0,0.0,0.0,-3.0,14:46,2.8,0
9,201563,Michael Beasley,16.0,8.0,12.0,0.0,0.0,0.0,3.0,0.0,0.0,0.0,0.0,1.0,-7.0,18:02,10.7,0
10,2592,James Jones,,,,,,,,,,,,,,,0.0,0
11,1740,Rashard Lewis,,,,,,,,,,,,,,,0.0,0
12,202337,Luke Babbitt,11.0,4.0,10.0,0.0,0.0,0.0,2.0,0.0,2.0,0.0,1.0,1.0,4.0,27:41,6.2,1
13,202329,Al-Farouq Aminu,12.0,5.0,8.0,2.0,2.0,1.0,7.0,1.0,2.0,0.0,3.0,1.0,8.0,45:03,11.4,1
14,203076,Anthony Davis,30.0,13.0,22.0,5.0,4.0,3.0,8.0,3.0,0.0,1.0,2.0,1.0,7.0,39:27,25.8,1
15,201936,Tyreke Evans,16.0,7.0,14.0,4.0,2.0,3.0,1.0,2.0,8.0,0.0,2.0,0.0,-2.0,33:59,17.4,1
16,203148,Brian Roberts,8.0,3.0,7.0,0.0,0.0,0.0,0.0,2.0,6.0,1.0,0.0,1.0,1.0,24:47,10.2,1
17,203085,Austin Rivers,9.0,3.0,6.0,4.0,3.0,1.0,0.0,2.0,3.0,0.0,1.0,0.0,9.0,23:13,10.0,1
18,201627,Anthony Morrow,10.0,4.0,12.0,0.0,0.0,0.0,4.0,0.0,2.0,0.0,2.0,2.0,15.0,21:22,3.0,1
19,201880,Greg Stiemsma,0.0,0.0,0.0,0.0,0.0,1.0,1.0,2.0,0.0,1.0,1.0,0.0,2.0,7:52,3.3,1
20,203481,Jeff Withey,2.0,1.0,1.0,0.0,0.0,1.0,1.0,0.0,0.0,1.0,0.0,0.0,4.0,4:02,3.4,1
21,201582,Alexis Ajinca,7.0,3.0,4.0,2.0,1.0,1.0,3.0,0.0,0.0,0.0,2.0,0.0,2.0,12:36,5.8,1
22,201569,Eric Gordon,,,,,,,,,,,,,,,0.0,1
23,203121,Darius Miller,,,,,,,,,,,,,,,0.0,1
24,201160,Jason Smith,,,,,,,,,,,,,,,0.0,1
