,id,name,PTS,FG,FGA,FTA,FT,OREB,DREB,STL,AST,BLK,PF,TO,PLUS_MINUS,MIN,GS,WIN
0,202087,Alonzo Gee,0.0,0.0,1.0,0.0,0.0,0.0,3.0,1.0,0.0,0.0,3.0,0.0,-15.0,16:56,-0.0,0
1,202684,Tristan Thompson,10.0,5.0,12.0,0.0,0.0,3.0,4.0,0.0,1.0,0.0,2.0,1.0,4.0,24:16,5.8,0
2,101115,Andrew Bynum,19.0,9.0,15.0,2.0,1.0,2.0,5.0,1.0,2.0,0.0,3.0,2.0,-10.0,26:45,13.8,0
3,101139,CJ Miles,4.0,1.0,5.0,2.0,2.0,0.0,2.0,2.0,1.0,1.0,2.0,1.0,-1.0,21:46,3.1,0
4,202681,Kyrie Irving,14.0,5.0,16.0,3.0,3.0,0.0,2.0,0.0,5.0,0.0,2.0,2.0,-17.0,35:10,6.1,0
5,101127,Jarrett Jack,11.0,4.0,13.0,2.0,2.0,0.0,3.0,0.0,6.0,0.0,1.0,2.0,-5.0,30:32,6.2,0
6,203521,Matthew Dellavedova,10.0,4.0,9.0,0.0,0.0,0.0,1.0,0.0,4.0,2.0,3.0,0.0,-17.0,29:13,8.6,0
7,2760,Anderson Varejao,6.0,3.0,6.0,0.0,0.0,3.0,3.0,1.0,2.0,0.0,3.0,1.0,-22.0,24:09,6.2,0
8,201947,Earl Clark,2.0,1.0,3.0,0.0,0.0,1.0,0.0,0.0,0.0,0.0,1.0,0.0,-6.0,5:46,0.6,0
9,203508,Sergey Karasev,2.0,1.0,3.0,0.0,0.0,0.0,0.0,1.0,0.0,0.0,0.0,0.0,5.0,8:18,1.3,0
10,203092,Tyler Zeller,6.0,3.0,5.0,0.0,0.0,2.0,1.0,0.0,0.0,1.0,0.0,0.0,0.0,12:59,6.1,0
11,203156,Henry Sims,0.0,0.0,1.0,0.0,0.0,0.0,0.0,0.0,0.0,0.0,0.0,0.0,2.0,2:05,-0.7,0
12,203467,Carrick Felix,0.0,0.0,1.0,0.0,0.0,0.0,1.0,0.0,0.0,0.0,0.0,0.0,2.0,2:05,-0.4,0
13,2399,Mike Dunleavy,11.0,5.0,7.0,3.0,1.0,0.0,2.0,0.0,3.0,1.0,3.0,3.0,16.0,40:55,6.5,1
14,2430,Carlos Boozer,19.0,8.0,14.0,5.0,3.0,1.0,8.0,0.0,4.0,1.0,2.0,3.0,4.0,30:32,14.4,1
15,201149,Joakim Noah,11.0,4.0,11.0,3.0,3.0,5.0,13.0,2.0,3.0,0.0,1.0,2.0,20.0,31:02,14.0,1
16,203503,Tony Snell,17.0,5.0,11.0,2.0,2.0,1.0,4.0,0.0,3.0,1.0,3.0,3.0,10.0,44:12,11.8,1
17,201571,D.J. Augustin,18.0,7.0,12.0,1.0,0.0,1.0,4.0,2.0,10.0,0.0,1.0,5.0,18.0,46:24,17.5,1
18,201959,Taj Gibson,15.0,5.0,8.0,8.0,5.0,0.0,5.0,0.0,3.0,2.0,1.0,3.0,10.0,27:55,11.8,1
19,203104,Marquis Teague,3.0,1.0,2.0,0.0,0.0,0.0,3.0,0.0,1.0,0.0,3.0,1.0,4.0,12:03,1.4,1
20,1737,Nazr Mohammed,6.0,2.0,4.0,2.0,2.0,1.0,1.0,0.0,0.0,0.0,0.0,1.0,-2.0,6:31,4.0,1
21,203513,Erik Murphy,0.0,0.0,0.0,0.0,0.0,0.0,0.0,0.0,0.0,0.0,0.0,0.0,0.0,0:27,0.0,1
22,202710,Jimmy Butler,,,,,,,,,,,,,,,0.0,1
23,2736,Luol Deng,,,,,,,,,,,,,,,0.0,1
24,2550,Kirk Hinrich,,,,,,,,,,,,,,,0.0,1
