,id,name,PTS,FG,FGA,FTA,FT,OREB,DREB,STL,AST,BLK,PF,TO,PLUS_MINUS,MIN,GS,WIN
0,2406,Caron Butler,10.0,4.0,15.0,0.0,0.0,1.0,3.0,1.0,1.0,0.0,2.0,2.0,-15.0,24:52,1.6,0
1,203114,Khris Middleton,7.0,3.0,9.0,0.0,0.0,2.0,5.0,1.0,1.0,1.0,3.0,2.0,-13.0,23:04,4.0,0
2,2585,Zaza Pachulia,3.0,1.0,4.0,1.0,1.0,1.0,4.0,0.0,0.0,0.0,1.0,3.0,-10.0,17:57,-0.9,0
3,201564,O.J. Mayo,6.0,2.0,6.0,0.0,0.0,0.0,2.0,2.0,3.0,0.0,2.0,2.0,-23.0,25:18,4.5,0
4,203489,Nate Wolters,9.0,4.0,8.0,2.0,1.0,1.0,2.0,3.0,3.0,0.0,0.0,0.0,-10.0,24:24,11.0,0
5,203089,John Henson,18.0,7.0,10.0,4.0,4.0,0.0,3.0,1.0,0.0,0.0,0.0,0.0,-15.0,25:05,15.7,0
6,202688,Brandon Knight,6.0,0.0,2.0,6.0,6.0,0.0,0.0,1.0,6.0,0.0,3.0,4.0,-13.0,23:36,4.6,0
7,203507,Giannis Antetokounmpo,11.0,4.0,8.0,0.0,0.0,2.0,2.0,0.0,0.0,0.0,1.0,3.0,-1.0,21:35,5.6,0
8,202390,Gary Neal,18.0,6.0,11.0,4.0,3.0,0.0,3.0,0.0,4.0,0.0,1.0,1.0,-9.0,26:03,14.6,0
9,202327,Ekpe Udoh,7.0,2.0,6.0,4.0,3.0,1.0,1.0,1.0,0.0,0.0,1.0,1.0,-9.0,17:00,3.8,0
10,203545,Miroslav Raduljica,0.0,0.0,0.0,0.0,0.0,0.0,1.0,0.0,1.0,0.0,1.0,0.0,3.0,11:06,0.6,0
11,101141,Ersan Ilyasova,,,,,,,,,,,,,,,0.0,0
12,202336,Larry Sanders,,,,,,,,,,,,,,,0.0,0
13,2544,LeBron James,33.0,13.0,21.0,6.0,3.0,0.0,3.0,0.0,2.0,0.0,0.0,3.0,14.0,29:58,21.6,1
14,2203,Shane Battier,6.0,2.0,6.0,1.0,1.0,0.0,4.0,2.0,0.0,0.0,1.0,0.0,14.0,26:51,5.4,1
15,2547,Chris Bosh,10.0,3.0,9.0,4.0,3.0,1.0,4.0,1.0,3.0,2.0,3.0,1.0,11.0,23:34,8.7,1
16,2548,Dwyane Wade,8.0,4.0,7.0,0.0,0.0,0.0,7.0,2.0,5.0,2.0,3.0,6.0,19.0,30:32,6.5,1
17,201596,Mario Chalmers,15.0,4.0,6.0,8.0,6.0,0.0,4.0,2.0,7.0,0.0,3.0,0.0,10.0,25:00,18.5,1
18,1740,Rashard Lewis,7.0,3.0,3.0,0.0,0.0,1.0,2.0,2.0,1.0,0.0,1.0,0.0,19.0,23:35,9.7,1
19,2365,Chris Andersen,8.0,4.0,6.0,0.0,0.0,3.0,4.0,0.0,2.0,2.0,1.0,2.0,13.0,19:00,9.1,1
20,201563,Michael Beasley,19.0,8.0,12.0,4.0,1.0,0.0,1.0,0.0,3.0,0.0,2.0,0.0,7.0,19:39,14.2,1
21,202708,Norris Cole,7.0,3.0,5.0,1.0,0.0,0.0,4.0,0.0,4.0,0.0,2.0,1.0,13.0,23:00,6.5,1
22,2427,Roger Mason Jr.,0.0,0.0,1.0,0.0,0.0,0.0,1.0,0.0,2.0,0.0,1.0,0.0,-5.0,9:49,0.6,1
23,201202,Joel Anthony,2.0,1.0,1.0,0.0,0.0,0.0,1.0,0.0,0.0,1.0,0.0,0.0,-1.0,5:26,2.7,1
24,2592,James Jones,3.0,1.0,2.0,0.0,0.0,0.0,0.0,0.0,0.0,0.0,0.0,0.0,1.0,3:36,2.0,1
25,2617,Udonis Haslem,,,,,,,,,,,,,,,0.0,1
