,id,name,PTS,FG,FGA,FTA,FT,OREB,DREB,STL,AST,BLK,PF,TO,PLUS_MINUS,MIN,GS,WIN
0,203145,Kent Bazemore,3.0,1.0,3.0,0.0,0.0,0.0,2.0,0.0,3.0,0.0,2.0,2.0,-14.0,16:16,1.2,0
1,202325,Wesley Johnson,4.0,2.0,6.0,0.0,0.0,1.0,5.0,1.0,0.0,1.0,3.0,1.0,-23.0,18:53,2.3,0
2,2200,Pau Gasol,27.0,12.0,21.0,6.0,3.0,0.0,5.0,1.0,1.0,0.0,2.0,0.0,-21.0,30:29,18.3,0
3,201975,Jodie Meeks,16.0,6.0,15.0,4.0,3.0,1.0,2.0,0.0,3.0,0.0,1.0,2.0,-3.0,33:58,8.5,0
4,203088,Kendall Marshall,8.0,3.0,9.0,0.0,0.0,1.0,2.0,1.0,14.0,0.0,2.0,1.0,-10.0,26:47,13.2,0
5,202333,Xavier Henry,10.0,3.0,7.0,4.0,4.0,1.0,4.0,2.0,3.0,0.0,4.0,3.0,8.0,31:20,7.7,0
6,203527,Ryan Kelly,24.0,7.0,14.0,6.0,6.0,3.0,8.0,1.0,1.0,1.0,4.0,1.0,3.0,32:46,21.3,0
7,200770,Jordan Farmar,24.0,8.0,14.0,4.0,4.0,0.0,2.0,2.0,4.0,1.0,2.0,4.0,3.0,21:23,18.7,0
8,203135,Robert Sacre,8.0,3.0,6.0,4.0,2.0,4.0,4.0,0.0,1.0,1.0,1.0,0.0,13.0,17:31,9.2,0
9,202705,MarShon Brooks,2.0,0.0,2.0,2.0,2.0,1.0,1.0,0.0,0.0,2.0,0.0,0.0,4.0,10:37,3.0,0
10,201941,Jordan Hill,,,,,,,,,,,,,,,0.0,0
11,2549,Chris Kaman,,,,,,,,,,,,,,,0.0,0
12,201156,Nick Young,,,,,,,,,,,,,,,0.0,0
13,201163,Wilson Chandler,19.0,8.0,11.0,1.0,0.0,0.0,5.0,1.0,2.0,0.0,3.0,0.0,18.0,27:38,16.8,1
14,202702,Kenneth Faried,32.0,14.0,20.0,6.0,4.0,3.0,10.0,3.0,2.0,1.0,4.0,2.0,24.0,37:44,29.4,1
15,202389,Timofey Mozgov,13.0,5.0,10.0,5.0,3.0,0.0,6.0,1.0,2.0,1.0,3.0,0.0,28.0,25:47,10.9,1
16,200751,Randy Foye,12.0,4.0,8.0,0.0,0.0,0.0,2.0,2.0,6.0,1.0,3.0,0.0,25.0,32:52,14.3,1
17,201951,Ty Lawson,30.0,12.0,22.0,3.0,1.0,2.0,2.0,0.0,17.0,0.0,3.0,4.0,10.0,40:44,27.3,1
18,203095,Evan Fournier,13.0,4.0,6.0,6.0,4.0,0.0,4.0,0.0,2.0,0.0,1.0,2.0,-16.0,23:31,9.8,1
19,201581,JJ Hickson,8.0,4.0,8.0,0.0,0.0,2.0,3.0,0.0,2.0,1.0,1.0,1.0,-15.0,14:38,7.0,1
20,201589,Darrell Arthur,0.0,0.0,4.0,0.0,0.0,0.0,2.0,0.0,1.0,0.0,2.0,1.0,-16.0,8:59,-3.3,1
21,201166,Aaron Brooks,7.0,3.0,8.0,0.0,0.0,0.0,2.0,0.0,2.0,0.0,1.0,2.0,-13.0,19:17,2.2,1
22,202686,Jan Vesely,0.0,0.0,2.0,0.0,0.0,0.0,0.0,1.0,0.0,0.0,3.0,0.0,-5.0,8:52,-1.6,1
23,203113,Quincy Miller,,,,,,,,,,,,,,,0.0,1
24,201576,Anthony Randolph,,,,,,,,,,,,,,,0.0,1
25,101126,Nate Robinson,,,,,,,,,,,,,,,0.0,1
