,id,name,PTS,FG,FGA,FTA,FT,OREB,DREB,STL,AST,BLK,PF,TO,PLUS_MINUS,MIN,GS,WIN
0,2399,Mike Dunleavy,10.0,3.0,11.0,6.0,4.0,2.0,4.0,1.0,3.0,1.0,2.0,0.0,18.0,36:00,8.3,1
1,2430,Carlos Boozer,16.0,6.0,12.0,4.0,4.0,3.0,9.0,2.0,1.0,0.0,1.0,2.0,13.0,25:40,15.1,1
2,201149,Joakim Noah,10.0,5.0,12.0,0.0,0.0,4.0,6.0,0.0,8.0,4.0,2.0,2.0,21.0,39:34,13.8,1
3,202710,Jimmy Butler,19.0,7.0,11.0,5.0,4.0,3.0,1.0,3.0,1.0,2.0,2.0,0.0,11.0,41:53,20.4,1
4,201571,D.J. Augustin,15.0,6.0,17.0,2.0,1.0,0.0,0.0,1.0,5.0,0.0,2.0,1.0,22.0,37:58,7.8,1
5,201959,Taj Gibson,15.0,6.0,10.0,4.0,3.0,0.0,2.0,1.0,1.0,1.0,3.0,1.0,-5.0,26:37,10.8,1
6,2550,Kirk Hinrich,11.0,4.0,8.0,2.0,2.0,1.0,1.0,1.0,2.0,0.0,4.0,1.0,-14.0,21:39,7.8,1
7,1737,Nazr Mohammed,0.0,0.0,0.0,0.0,0.0,1.0,0.0,0.0,0.0,0.0,1.0,0.0,-9.0,4:09,0.3,1
8,203503,Tony Snell,0.0,0.0,2.0,0.0,0.0,0.0,2.0,0.0,0.0,0.0,1.0,0.0,-7.0,6:30,-1.2,1
9,2229,Mike James,,,,,,,,,,,,,,,0.0,1
10,201858,Cartier Martin,,,,,,,,,,,,,,,0.0,1
11,203513,Erik Murphy,,,,,,,,,,,,,,,0.0,1
12,203129,Tornike Shengelia,,,,,,,,,,,,,,,0.0,1
13,201785,Othyus Jeffers,0.0,0.0,1.0,0.0,0.0,0.0,2.0,0.0,0.0,0.0,0.0,0.0,9.0,15:13,-0.1,0
14,1495,Tim Duncan,17.0,7.0,14.0,4.0,3.0,3.0,9.0,1.0,1.0,1.0,1.0,4.0,-21.0,35:25,12.4,0
15,201965,Jeff Ayres,0.0,0.0,1.0,0.0,0.0,1.0,0.0,0.0,2.0,0.0,4.0,2.0,2.0,15:39,-2.2,0
16,201986,Nando De Colo,8.0,3.0,6.0,1.0,1.0,0.0,2.0,0.0,0.0,0.0,2.0,2.0,-14.0,17:56,2.8,0
17,2225,Tony Parker,20.0,8.0,17.0,3.0,3.0,0.0,2.0,1.0,6.0,0.0,2.0,1.0,-10.0,33:34,15.3,0
18,201158,Marco Belinelli,11.0,4.0,11.0,2.0,2.0,1.0,3.0,2.0,3.0,0.0,2.0,3.0,-6.0,31:33,6.8,0
19,2564,Boris Diaw,4.0,1.0,4.0,2.0,2.0,0.0,3.0,0.0,2.0,0.0,4.0,2.0,-19.0,28:42,0.3,0
20,202709,Cory Joseph,8.0,3.0,4.0,2.0,2.0,0.0,1.0,1.0,1.0,1.0,3.0,2.0,1.0,26:18,5.9,0
21,201988,Patty Mills,12.0,5.0,11.0,0.0,0.0,0.0,1.0,0.0,0.0,0.0,5.0,2.0,-10.0,19:26,2.6,0
22,203382,Aron Baynes,4.0,1.0,1.0,2.0,2.0,1.0,1.0,0.0,1.0,0.0,0.0,0.0,14.0,8:47,5.4,0
23,2588,Matt Bonner,2.0,1.0,1.0,0.0,0.0,0.0,1.0,0.0,0.0,0.0,0.0,1.0,4.0,7:27,1.0,0
