,id,name,PTS,FG,FGA,FTA,FT,OREB,DREB,STL,AST,BLK,PF,TO,PLUS_MINUS,MIN,GS,WIN
0,2746,Josh Smith,13.0,5.0,17.0,5.0,1.0,1.0,5.0,1.0,1.0,1.0,2.0,2.0,-10.0,36:38,3.3,0
1,202328,Greg Monroe,13.0,5.0,10.0,4.0,3.0,1.0,9.0,2.0,0.0,1.0,0.0,2.0,-2.0,33:32,11.7,0
2,203083,Andre Drummond,16.0,6.0,10.0,8.0,4.0,4.0,5.0,2.0,0.0,1.0,2.0,1.0,-33.0,33:40,15.0,0
3,202713,Kyle Singler,2.0,1.0,5.0,0.0,0.0,1.0,2.0,1.0,1.0,0.0,1.0,3.0,-9.0,27:45,-1.5,0
4,201943,Brandon Jennings,24.0,10.0,15.0,4.0,0.0,1.0,3.0,1.0,2.0,0.0,4.0,3.0,-15.0,31:54,15.3,0
5,201155,Rodney Stuckey,0.0,0.0,6.0,0.0,0.0,0.0,1.0,0.0,3.0,0.0,1.0,1.0,7.0,26:01,-3.2,0
6,101198,Will Bynum,12.0,4.0,9.0,3.0,2.0,0.0,1.0,0.0,7.0,0.0,2.0,3.0,-2.0,21:45,8.3,0
7,203484,Kentavious Caldwell-Pope,3.0,1.0,4.0,0.0,0.0,0.0,1.0,1.0,1.0,0.0,2.0,0.0,-5.0,20:16,1.8,0
8,201973,Jonas Jerebko,4.0,2.0,2.0,0.0,0.0,1.0,3.0,0.0,0.0,0.0,3.0,1.0,-4.0,7:11,2.8,0
9,203540,Gigi Datome,0.0,0.0,0.0,0.0,0.0,0.0,0.0,0.0,0.0,0.0,0.0,0.0,1.0,0:53,0.0,0
10,203502,Tony Mitchell,0.0,0.0,0.0,0.0,0.0,0.0,0.0,0.0,0.0,0.0,0.0,0.0,2.0,0:27,0.0,0
11,203491,Peyton Siva,,,,,,,,,,,,,,,0.0,0
12,101111,Charlie Villanueva,,,,,,,,,,,,,,,0.0,0
13,203082,Terrence Ross,9.0,4.0,9.0,0.0,0.0,0.0,2.0,3.0,2.0,0.0,1.0,2.0,21.0,30:10,6.9,1
14,101161,Amir Johnson,20.0,8.0,14.0,6.0,4.0,5.0,5.0,2.0,1.0,1.0,4.0,1.0,28.0,32:59,18.4,1
15,202685,Jonas Valanciunas,8.0,3.0,8.0,2.0,2.0,4.0,9.0,0.0,1.0,2.0,5.0,2.0,19.0,25:20,7.2,1
16,201942,DeMar DeRozan,25.0,8.0,20.0,9.0,8.0,0.0,3.0,1.0,3.0,0.0,3.0,0.0,30.0,40:48,16.6,1
17,200768,Kyle Lowry,19.0,6.0,13.0,6.0,4.0,1.0,3.0,0.0,6.0,0.0,2.0,4.0,5.0,34:01,12.5,1
18,201946,Tyler Hansbrough,1.0,0.0,3.0,2.0,1.0,1.0,0.0,0.0,0.0,0.0,4.0,3.0,-19.0,11:42,-5.4,1
19,2422,John Salmons,9.0,4.0,7.0,0.0,0.0,1.0,4.0,1.0,0.0,0.0,0.0,1.0,-9.0,19:00,7.6,1
20,101236,Chuck Hayes,0.0,0.0,3.0,0.0,0.0,3.0,5.0,2.0,2.0,0.0,0.0,1.0,-7.0,18:17,3.9,1
21,202349,Greivis Vasquez,7.0,3.0,9.0,0.0,0.0,0.0,7.0,0.0,4.0,0.0,0.0,2.0,-4.0,19:10,4.8,1
22,200779,Steve Novak,3.0,1.0,2.0,0.0,0.0,0.0,1.0,0.0,0.0,0.0,0.0,0.0,7.0,7:43,2.3,1
23,201986,Nando De Colo,0.0,0.0,0.0,0.0,0.0,0.0,0.0,0.0,0.0,0.0,1.0,0.0,-1.0,0:53,-0.4,1
24,202779,Dwight Buycks,,,,,,,,,,,,,,,0.0,1
25,202361,Landry Fields,,,,,,,,,,,,,,,0.0,1
