,id,name,PTS,FG,FGA,FTA,FT,OREB,DREB,STL,AST,BLK,PF,TO,PLUS_MINUS,MIN,GS,WIN
0,202695,Kawhi Leonard,10.0,5.0,7.0,0.0,0.0,1.0,2.0,3.0,1.0,1.0,1.0,1.0,1.0,22:33,11.4,1
1,1495,Tim Duncan,19.0,8.0,13.0,3.0,3.0,3.0,6.0,1.0,2.0,1.0,2.0,2.0,3.0,23:13,17.3,1
2,201168,Tiago Splitter,8.0,3.0,4.0,2.0,2.0,1.0,4.0,0.0,1.0,0.0,1.0,5.0,10.0,21:42,3.6,1
3,201980,Danny Green,7.0,2.0,5.0,1.0,1.0,0.0,1.0,1.0,3.0,2.0,1.0,0.0,-2.0,21:27,8.7,1
4,202709,Cory Joseph,13.0,3.0,6.0,6.0,6.0,0.0,2.0,1.0,4.0,0.0,0.0,0.0,4.0,24:54,14.4,1
5,1938,Manu Ginobili,11.0,4.0,9.0,2.0,2.0,0.0,3.0,2.0,5.0,0.0,3.0,4.0,11.0,19:37,7.5,1
6,2564,Boris Diaw,6.0,3.0,4.0,0.0,0.0,1.0,3.0,0.0,0.0,0.0,2.0,2.0,2.0,16:07,3.2,1
7,201965,Jeff Ayres,4.0,2.0,5.0,0.0,0.0,1.0,5.0,0.0,0.0,0.0,0.0,0.0,9.0,10:52,3.5,1
8,201158,Marco Belinelli,19.0,6.0,8.0,3.0,3.0,0.0,2.0,1.0,2.0,0.0,1.0,2.0,29.0,26:39,16.4,1
9,201988,Patty Mills,8.0,4.0,8.0,0.0,0.0,0.0,2.0,1.0,2.0,0.0,0.0,1.0,14.0,23:06,6.0,1
10,2588,Matt Bonner,2.0,1.0,4.0,0.0,0.0,0.0,3.0,0.0,1.0,0.0,0.0,0.0,17.0,17:38,1.2,1
11,203382,Aron Baynes,2.0,1.0,2.0,0.0,0.0,0.0,2.0,0.0,0.0,0.0,0.0,1.0,-5.0,6:28,0.6,1
12,201986,Nando De Colo,0.0,0.0,1.0,0.0,0.0,0.0,1.0,0.0,3.0,0.0,1.0,1.0,-3.0,5:44,0.3,1
13,201167,Arron Afflalo,17.0,6.0,14.0,5.0,5.0,0.0,1.0,1.0,2.0,0.0,2.0,1.0,-30.0,33:22,10.5,0
14,201175,Glen Davis,10.0,5.0,10.0,0.0,0.0,1.0,7.0,2.0,2.0,0.0,2.0,1.0,-9.0,32:36,9.4,0
15,202696,Nikola Vucevic,12.0,4.0,12.0,4.0,4.0,2.0,5.0,1.0,2.0,2.0,3.0,8.0,-20.0,33:36,2.7,0
16,202734,E'Twaun Moore,6.0,2.0,8.0,0.0,0.0,0.0,3.0,1.0,3.0,0.0,0.0,1.0,-12.0,32:24,4.2,0
17,203506,Victor Oladipo,15.0,6.0,14.0,2.0,2.0,1.0,3.0,1.0,2.0,3.0,3.0,2.0,-20.0,32:00,10.5,0
18,203094,Andrew Nicholson,8.0,3.0,6.0,0.0,0.0,0.0,1.0,0.0,0.0,0.0,1.0,1.0,-13.0,18:20,3.9,0
19,203117,Doron Lamb,1.0,0.0,1.0,1.0,1.0,0.0,0.0,0.0,3.0,0.0,0.0,0.0,4.0,12:11,2.4,0
20,101179,Ronnie Price,5.0,2.0,2.0,1.0,0.0,0.0,3.0,0.0,5.0,0.0,1.0,1.0,10.0,18:27,7.0,0
21,203090,Maurice Harkless,11.0,4.0,7.0,0.0,0.0,0.0,0.0,2.0,1.0,0.0,1.0,0.0,-6.0,15:36,10.0,0
22,203124,Kyle O'Quinn,2.0,1.0,1.0,0.0,0.0,0.0,1.0,0.0,0.0,0.0,0.0,0.0,3.0,5:44,2.0,0
23,200780,Solomon Jones,4.0,1.0,3.0,2.0,2.0,0.0,0.0,0.0,0.0,0.0,0.0,0.0,3.0,5:44,2.3,0
24,101131,Jason Maxiell,,,,,,,,,,,,,,,0.0,0
25,2749,Jameer Nelson,,,,,,,,,,,,,,,0.0,0
