,id,name,PTS,FG,FGA,FTA,FT,OREB,DREB,STL,AST,BLK,PF,TO,PLUS_MINUS,MIN,GS,WIN
0,202325,Wesley Johnson,0.0,0.0,2.0,0.0,0.0,0.0,0.0,0.0,0.0,0.0,1.0,1.0,2.0,16:08,-2.8,0
1,200761,Shawne Williams,4.0,2.0,6.0,0.0,0.0,0.0,3.0,0.0,1.0,0.0,0.0,0.0,-4.0,17:53,2.2,0
2,2549,Chris Kaman,19.0,7.0,11.0,6.0,5.0,1.0,9.0,1.0,0.0,3.0,2.0,4.0,4.0,30:03,15.4,0
3,201975,Jodie Meeks,13.0,4.0,15.0,2.0,2.0,1.0,3.0,3.0,1.0,0.0,2.0,0.0,-7.0,40:30,8.6,0
4,200770,Jordan Farmar,16.0,6.0,13.0,4.0,3.0,2.0,5.0,3.0,7.0,0.0,1.0,3.0,4.0,31:43,16.3,0
5,202333,Xavier Henry,12.0,5.0,7.0,2.0,0.0,1.0,1.0,0.0,2.0,0.0,4.0,0.0,2.0,30:07,9.1,0
6,203527,Ryan Kelly,2.0,1.0,1.0,0.0,0.0,0.0,1.0,0.0,0.0,0.0,0.0,0.0,3.0,13:01,2.0,0
7,201156,Nick Young,21.0,10.0,17.0,1.0,0.0,0.0,0.0,1.0,3.0,1.0,6.0,4.0,-7.0,28:35,10.1,0
8,201941,Jordan Hill,16.0,5.0,6.0,8.0,6.0,3.0,6.0,0.0,2.0,0.0,2.0,2.0,-4.0,22:59,15.5,0
9,203135,Robert Sacre,0.0,0.0,2.0,0.0,0.0,0.0,1.0,0.0,0.0,0.0,1.0,0.0,-3.0,9:02,-1.5,0
10,2581,Steve Blake,,,,,,,,,,,,,,,0.0,0
11,2200,Pau Gasol,,,,,,,,,,,,,,,0.0,0
12,203088,Kendall Marshall,,,,,,,,,,,,,,,0.0,0
13,2210,Richard Jefferson,7.0,2.0,7.0,2.0,2.0,0.0,3.0,1.0,2.0,1.0,1.0,0.0,-4.0,23:30,6.5,1
14,101107,Marvin Williams,16.0,6.0,14.0,2.0,1.0,2.0,5.0,1.0,2.0,2.0,2.0,3.0,3.0,35:46,11.1,1
15,202324,Derrick Favors,18.0,9.0,15.0,0.0,0.0,4.0,10.0,1.0,1.0,0.0,2.0,0.0,-8.0,33:09,17.8,1
16,202330,Gordon Hayward,24.0,9.0,17.0,5.0,4.0,1.0,4.0,3.0,9.0,0.0,4.0,2.0,7.0,37:54,22.9,1
17,203504,Trey Burke,14.0,6.0,10.0,0.0,0.0,0.0,1.0,1.0,7.0,0.0,2.0,7.0,-9.0,34:33,7.8,1
18,202692,Alec Burks,13.0,3.0,9.0,7.0,6.0,1.0,4.0,1.0,4.0,0.0,2.0,1.0,2.0,30:40,11.4,1
19,101249,John Lucas III,0.0,0.0,6.0,0.0,0.0,0.0,0.0,1.0,0.0,0.0,0.0,0.0,11.0,13:27,-3.2,1
20,202683,Enes Kanter,8.0,3.0,6.0,2.0,2.0,1.0,1.0,0.0,0.0,0.0,3.0,2.0,10.0,14:46,2.8,1
21,202379,Jeremy Evans,5.0,2.0,4.0,2.0,1.0,2.0,3.0,0.0,0.0,0.0,2.0,0.0,-1.0,12:14,4.1,1
22,201575,Brandon Rush,0.0,0.0,0.0,0.0,0.0,0.0,1.0,0.0,0.0,0.0,0.0,0.0,-1.0,4:01,0.3,1
23,2740,Andris Biedrins,,,,,,,,,,,,,,,0.0,1
24,203197,Diante Garrett,,,,,,,,,,,,,,,0.0,1
25,203497,Rudy Gobert,,,,,,,,,,,,,,,0.0,1
