,id,name,PTS,FG,FGA,FTA,FT,OREB,DREB,STL,AST,BLK,PF,TO,PLUS_MINUS,MIN,GS,WIN
0,201587,Nicolas Batum,18.0,7.0,13.0,2.0,1.0,2.0,3.0,2.0,5.0,0.0,4.0,2.0,18.0,44:08,15.5,1
1,200746,LaMarcus Aldridge,27.0,11.0,25.0,6.0,5.0,3.0,9.0,0.0,2.0,3.0,3.0,3.0,10.0,42:59,17.6,1
2,201577,Robin Lopez,12.0,5.0,8.0,2.0,2.0,6.0,7.0,1.0,3.0,0.0,4.0,0.0,-12.0,38:38,16.2,1
3,202083,Wesley Matthews,14.0,5.0,13.0,4.0,3.0,1.0,4.0,1.0,2.0,0.0,2.0,0.0,5.0,40:14,10.0,1
4,203081,Damian Lillard,23.0,6.0,21.0,12.0,11.0,1.0,1.0,3.0,7.0,0.0,1.0,2.0,-2.0,40:54,16.8,1
5,2590,Mo Williams,8.0,3.0,10.0,0.0,0.0,1.0,2.0,0.0,3.0,0.0,4.0,0.0,7.0,25:31,4.0,1
6,200777,Joel Freeland,4.0,2.0,3.0,0.0,0.0,1.0,4.0,0.0,1.0,0.0,2.0,2.0,3.0,14:29,2.5,1
7,2748,Dorell Wright,3.0,1.0,2.0,0.0,0.0,0.0,1.0,2.0,0.0,0.0,0.0,0.0,-11.0,13:25,4.3,1
8,203080,Thomas Robinson,2.0,1.0,4.0,0.0,0.0,0.0,1.0,0.0,1.0,0.0,1.0,1.0,-8.0,4:42,-0.8,1
9,203115,Will Barton,,,,,,,,,,,,,,,0.0,1
10,203459,Allen Crabbe,,,,,,,,,,,,,,,0.0,1
11,203086,Meyers Leonard,,,,,,,,,,,,,,,0.0,1
12,2248,Earl Watson,,,,,,,,,,,,,,,0.0,1
13,2746,Josh Smith,31.0,13.0,17.0,6.0,5.0,2.0,5.0,1.0,4.0,1.0,4.0,1.0,0.0,45:33,28.7,0
14,202328,Greg Monroe,17.0,7.0,14.0,4.0,3.0,4.0,3.0,1.0,1.0,1.0,4.0,4.0,-14.0,38:32,10.1,0
15,203083,Andre Drummond,13.0,6.0,15.0,5.0,1.0,6.0,8.0,3.0,0.0,3.0,5.0,2.0,7.0,43:35,11.0,0
16,203484,Kentavious Caldwell-Pope,5.0,1.0,5.0,3.0,2.0,1.0,5.0,0.0,0.0,0.0,2.0,0.0,14.0,21:00,2.9,0
17,201943,Brandon Jennings,15.0,6.0,16.0,3.0,2.0,1.0,7.0,0.0,10.0,0.0,3.0,2.0,-7.0,45:21,12.4,0
18,201155,Rodney Stuckey,17.0,7.0,18.0,4.0,3.0,1.0,3.0,0.0,0.0,0.0,0.0,2.0,-12.0,37:00,6.4,0
19,202713,Kyle Singler,5.0,2.0,3.0,0.0,0.0,2.0,1.0,0.0,0.0,0.0,4.0,2.0,-10.0,14:28,1.8,0
20,1497,Chauncey Billups,6.0,2.0,6.0,2.0,2.0,1.0,3.0,0.0,4.0,0.0,0.0,1.0,16.0,16:37,6.0,0
21,202725,Josh Harrellson,0.0,0.0,0.0,0.0,0.0,0.0,0.0,0.0,0.0,0.0,0.0,0.0,-4.0,2:54,0.0,0
22,101198,Will Bynum,,,,,,,,,,,,,,,0.0,0
23,203540,Gigi Datome,,,,,,,,,,,,,,,0.0,0
24,201973,Jonas Jerebko,,,,,,,,,,,,,,,0.0,0
25,101111,Charlie Villanueva,,,,,,,,,,,,,,,0.0,0
