,id,name,PTS,FG,FGA,FTA,FT,OREB,DREB,STL,AST,BLK,PF,TO,PLUS_MINUS,MIN,GS,WIN
0,202695,Kawhi Leonard,14.0,6.0,18.0,2.0,1.0,3.0,7.0,4.0,2.0,0.0,4.0,1.0,-9.0,37:51,10.4,0
1,1495,Tim Duncan,11.0,5.0,14.0,2.0,1.0,2.0,6.0,1.0,0.0,2.0,0.0,3.0,-5.0,28:30,5.4,0
2,201168,Tiago Splitter,6.0,3.0,8.0,0.0,0.0,2.0,7.0,1.0,0.0,0.0,1.0,0.0,-3.0,24:39,5.7,0
3,201980,Danny Green,4.0,2.0,7.0,0.0,0.0,1.0,3.0,0.0,1.0,1.0,0.0,1.0,2.0,25:53,1.9,0
4,2225,Tony Parker,16.0,6.0,16.0,6.0,4.0,1.0,1.0,1.0,7.0,0.0,0.0,2.0,-9.0,34:02,11.3,0
5,1938,Manu Ginobili,12.0,5.0,10.0,2.0,1.0,0.0,2.0,2.0,2.0,0.0,3.0,3.0,-11.0,25:19,6.4,0
6,2564,Boris Diaw,10.0,3.0,6.0,2.0,2.0,1.0,2.0,0.0,2.0,0.0,1.0,1.0,-5.0,19:03,8.3,0
7,201965,Jeff Ayres,0.0,0.0,0.0,0.0,0.0,2.0,1.0,0.0,1.0,0.0,2.0,1.0,-8.0,11:43,0.6,0
8,201988,Patty Mills,9.0,3.0,5.0,0.0,0.0,0.0,1.0,1.0,1.0,0.0,1.0,0.0,3.0,13:58,8.3,0
9,201158,Marco Belinelli,6.0,3.0,8.0,0.0,0.0,0.0,2.0,1.0,2.0,0.0,3.0,0.0,4.0,16:49,3.4,0
10,2588,Matt Bonner,0.0,0.0,0.0,0.0,0.0,0.0,1.0,0.0,1.0,0.0,1.0,0.0,8.0,1:54,0.6,0
11,202709,Cory Joseph,0.0,0.0,0.0,0.0,0.0,0.0,0.0,0.0,0.0,0.0,0.0,0.0,3.0,0:19,0.0,0
12,203382,Aron Baynes,,,,,,,,,,,,,,,0.0,0
13,201142,Kevin Durant,24.0,10.0,23.0,3.0,3.0,0.0,13.0,0.0,4.0,0.0,1.0,6.0,6.0,38:10,12.2,1
14,201586,Serge Ibaka,17.0,7.0,15.0,4.0,3.0,2.0,9.0,1.0,2.0,5.0,1.0,0.0,9.0,37:54,18.5,1
15,2570,Kendrick Perkins,2.0,0.0,2.0,2.0,2.0,2.0,2.0,0.0,1.0,0.0,3.0,1.0,7.0,17:29,1.1,1
16,200757,Thabo Sefolosha,6.0,3.0,4.0,0.0,0.0,2.0,5.0,0.0,3.0,0.0,1.0,1.0,7.0,27:45,8.0,1
17,201566,Russell Westbrook,6.0,2.0,16.0,4.0,2.0,0.0,3.0,2.0,8.0,0.0,3.0,2.0,2.0,32:12,0.1,1
18,203500,Steven Adams,2.0,1.0,1.0,0.0,0.0,1.0,2.0,0.0,0.0,0.0,1.0,2.0,-3.0,11:32,0.6,1
19,203087,Jeremy Lamb,12.0,5.0,7.0,0.0,0.0,0.0,2.0,0.0,1.0,0.0,1.0,0.0,-1.0,20:15,10.0,1
20,2555,Nick Collison,0.0,0.0,1.0,0.0,0.0,3.0,0.0,1.0,2.0,1.0,2.0,2.0,-2.0,18:42,1.7,1
21,202704,Reggie Jackson,23.0,10.0,14.0,2.0,2.0,1.0,3.0,1.0,2.0,0.0,0.0,2.0,5.0,26:11,19.2,1
22,965,Derek Fisher,2.0,1.0,1.0,0.0,0.0,0.0,1.0,0.0,1.0,0.0,4.0,0.0,0.0,9:50,1.1,1
23,203103,Perry Jones III,,,,,,,,,,,,,,,0.0,1
24,203460,Andre Roberson,,,,,,,,,,,,,,,0.0,1
25,201934,Hasheem Thabeet,,,,,,,,,,,,,,,0.0,1
