,id,name,PTS,FG,FGA,FTA,FT,OREB,DREB,STL,AST,BLK,PF,TO,PLUS_MINUS,MIN,GS,WIN
0,2747,JR Smith,10.0,4.0,14.0,0.0,0.0,0.0,5.0,2.0,4.0,0.0,2.0,1.0,4.0,48:42,6.3,0
1,2546,Carmelo Anthony,44.0,16.0,28.0,7.0,6.0,2.0,9.0,1.0,4.0,0.0,3.0,2.0,-2.0,50:19,35.1,0
2,2199,Tyson Chandler,14.0,5.0,8.0,8.0,4.0,1.0,10.0,2.0,3.0,1.0,2.0,1.0,6.0,42:05,15.5,0
3,101109,Raymond Felton,15.0,7.0,16.0,0.0,0.0,0.0,4.0,1.0,8.0,2.0,3.0,2.0,3.0,44:52,12.6,0
4,203143,Pablo Prigioni,9.0,3.0,4.0,0.0,0.0,1.0,1.0,0.0,4.0,0.0,1.0,2.0,-11.0,24:40,8.8,0
5,203501,Tim Hardaway Jr.,15.0,6.0,16.0,0.0,0.0,1.0,3.0,0.0,0.0,0.0,5.0,1.0,-8.0,45:15,4.8,0
6,2405,Amar'e Stoudemire,10.0,3.0,6.0,6.0,4.0,1.0,3.0,0.0,1.0,0.0,3.0,1.0,-19.0,17:54,6.3,0
7,1897,Metta World Peace,0.0,0.0,2.0,0.0,0.0,0.0,1.0,0.0,0.0,1.0,1.0,1.0,-4.0,7:19,-1.8,0
8,202719,Jeremy Tyler,4.0,1.0,1.0,2.0,2.0,1.0,1.0,0.0,0.0,0.0,1.0,2.0,-9.0,8:54,2.3,0
9,202332,Cole Aldrich,,,,,,,,,,,,,,,0.0,0
10,203315,Toure' Murry,,,,,,,,,,,,,,,0.0,0
11,2757,Beno Udrih,,,,,,,,,,,,,,,0.0,0
12,201167,Arron Afflalo,32.0,11.0,18.0,9.0,6.0,0.0,3.0,0.0,3.0,0.0,0.0,1.0,-9.0,42:59,24.6,1
13,202699,Tobias Harris,22.0,7.0,11.0,8.0,8.0,1.0,7.0,1.0,1.0,1.0,5.0,2.0,-4.0,40:41,18.3,1
14,202696,Nikola Vucevic,14.0,7.0,13.0,0.0,0.0,3.0,12.0,1.0,2.0,1.0,6.0,1.0,-7.0,41:48,13.1,1
15,203506,Victor Oladipo,30.0,11.0,23.0,6.0,6.0,3.0,6.0,2.0,14.0,0.0,1.0,3.0,20.0,49:16,30.6,1
16,2749,Jameer Nelson,3.0,1.0,8.0,2.0,1.0,0.0,3.0,1.0,4.0,0.0,1.0,2.0,-13.0,24:26,-0.3,1
17,203124,Kyle O'Quinn,6.0,3.0,3.0,0.0,0.0,0.0,2.0,0.0,1.0,1.0,3.0,0.0,20.0,17:04,5.9,1
18,202734,E'Twaun Moore,10.0,4.0,11.0,1.0,1.0,0.0,3.0,0.0,4.0,0.0,0.0,0.0,21.0,33:34,7.6,1
19,203094,Andrew Nicholson,0.0,0.0,2.0,0.0,0.0,0.0,1.0,0.0,0.0,0.0,2.0,2.0,8.0,11:46,-3.9,1
20,203090,Maurice Harkless,10.0,4.0,9.0,0.0,0.0,0.0,5.0,2.0,0.0,0.0,1.0,0.0,4.0,25:36,8.4,1
21,203117,Doron Lamb,2.0,1.0,1.0,0.0,0.0,0.0,0.0,0.0,0.0,0.0,0.0,0.0,0.0,2:50,1.7,1
22,101131,Jason Maxiell,,,,,,,,,,,,,,,0.0,1
23,101179,Ronnie Price,,,,,,,,,,,,,,,0.0,1
