,id,name,PTS,FG,FGA,FTA,FT,OREB,DREB,STL,AST,BLK,PF,TO,PLUS_MINUS,MIN,GS,WIN
0,2203,Shane Battier,2.0,1.0,6.0,0.0,0.0,1.0,1.0,0.0,0.0,2.0,0.0,1.0,-16.0,20:00,-0.4,0
1,2544,LeBron James,22.0,9.0,18.0,6.0,4.0,1.0,0.0,3.0,6.0,0.0,1.0,1.0,-15.0,36:38,18.7,0
2,2547,Chris Bosh,5.0,1.0,5.0,4.0,3.0,0.0,5.0,2.0,0.0,0.0,3.0,1.0,-17.0,26:56,2.8,0
3,2548,Dwyane Wade,24.0,8.0,15.0,12.0,8.0,3.0,1.0,2.0,6.0,0.0,1.0,3.0,-4.0,37:04,20.3,0
4,201596,Mario Chalmers,3.0,1.0,5.0,3.0,1.0,1.0,3.0,2.0,2.0,0.0,1.0,0.0,-15.0,22:15,3.7,0
5,951,Ray Allen,13.0,5.0,8.0,1.0,1.0,1.0,3.0,1.0,1.0,0.0,1.0,0.0,11.0,25:54,12.3,0
6,2365,Chris Andersen,5.0,2.0,3.0,1.0,1.0,2.0,5.0,0.0,0.0,5.0,5.0,0.0,10.0,19:57,8.1,0
7,202708,Norris Cole,5.0,2.0,7.0,0.0,0.0,0.0,1.0,1.0,2.0,0.0,2.0,2.0,14.0,22:09,0.8,0
8,201563,Michael Beasley,24.0,9.0,13.0,2.0,2.0,0.0,4.0,0.0,2.0,0.0,4.0,0.0,13.0,28:00,19.5,0
9,2617,Udonis Haslem,0.0,0.0,0.0,0.0,0.0,1.0,0.0,0.0,0.0,0.0,1.0,0.0,4.0,1:07,0.3,0
10,201962,Toney Douglas,,,,,,,,,,,,,,,0.0,0
11,1740,Rashard Lewis,,,,,,,,,,,,,,,0.0,0
12,202732,DeAndre Liggins,,,,,,,,,,,,,,,0.0,0
13,202718,Chandler Parsons,10.0,5.0,10.0,0.0,0.0,1.0,3.0,0.0,8.0,0.0,2.0,3.0,10.0,38:20,8.4,1
14,203093,Terrence Jones,19.0,8.0,13.0,3.0,2.0,4.0,8.0,0.0,2.0,1.0,1.0,0.0,17.0,34:50,19.6,1
15,2730,Dwight Howard,22.0,8.0,13.0,8.0,6.0,3.0,13.0,0.0,1.0,0.0,2.0,2.0,15.0,36:29,19.2,1
16,201935,James Harden,21.0,9.0,15.0,5.0,2.0,0.0,4.0,1.0,11.0,0.0,3.0,6.0,14.0,39:40,15.6,1
17,201976,Patrick Beverley,19.0,6.0,12.0,3.0,2.0,2.0,0.0,3.0,2.0,1.0,4.0,2.0,17.0,32:52,15.5,1
18,202391,Jeremy Lin,7.0,2.0,5.0,2.0,2.0,0.0,0.0,0.0,0.0,1.0,2.0,2.0,-14.0,15:08,2.2,1
19,202706,Jordan Hamilton,4.0,1.0,3.0,2.0,2.0,0.0,3.0,0.0,0.0,0.0,3.0,0.0,-16.0,18:25,2.0,1
20,202700,Donatas Motiejunas,1.0,0.0,5.0,2.0,1.0,0.0,1.0,0.0,0.0,0.0,3.0,1.0,-14.0,13:10,-4.8,1
21,201600,Omer Asik,3.0,1.0,2.0,2.0,1.0,2.0,2.0,0.0,0.0,0.0,2.0,2.0,-14.0,11:06,0.8,1
22,203477,Isaiah Canaan,,,,,,,,,,,,,,,0.0,1
23,201956,Omri Casspi,,,,,,,,,,,,,,,0.0,1
24,203584,Troy Daniels,,,,,,,,,,,,,,,0.0,1
25,101128,Francisco Garcia,,,,,,,,,,,,,,,0.0,1
