,id,name,PTS,FG,FGA,FTA,FT,OREB,DREB,STL,AST,BLK,PF,TO,PLUS_MINUS,MIN,GS,WIN
0,203082,Terrence Ross,18.0,7.0,10.0,3.0,3.0,0.0,1.0,2.0,3.0,3.0,2.0,2.0,1.0,36:43,17.5,1
1,101161,Amir Johnson,6.0,2.0,6.0,2.0,2.0,2.0,7.0,1.0,1.0,3.0,4.0,1.0,-3.0,18:23,7.3,1
2,202685,Jonas Valanciunas,13.0,4.0,10.0,6.0,5.0,1.0,7.0,0.0,0.0,0.0,2.0,1.0,4.0,28:41,8.2,1
3,201942,DeMar DeRozan,19.0,6.0,17.0,8.0,7.0,1.0,2.0,1.0,1.0,0.0,0.0,3.0,5.0,32:39,9.1,1
4,200768,Kyle Lowry,13.0,5.0,15.0,0.0,0.0,0.0,3.0,2.0,6.0,0.0,1.0,3.0,15.0,30:49,8.2,1
5,202335,Patrick Patterson,9.0,4.0,7.0,0.0,0.0,2.0,4.0,0.0,0.0,1.0,3.0,0.0,18.0,24:02,7.8,1
6,101236,Chuck Hayes,2.0,1.0,2.0,0.0,0.0,0.0,2.0,0.0,1.0,0.0,2.0,0.0,-4.0,12:05,1.5,1
7,2422,John Salmons,11.0,4.0,9.0,0.0,0.0,0.0,1.0,2.0,9.0,0.0,0.0,0.0,16.0,24:16,14.9,1
8,202349,Greivis Vasquez,0.0,0.0,4.0,0.0,0.0,0.0,2.0,0.0,3.0,0.0,1.0,3.0,-7.0,19:33,-3.5,1
9,201946,Tyler Hansbrough,9.0,4.0,5.0,1.0,1.0,3.0,2.0,2.0,0.0,0.0,3.0,1.0,5.0,12:49,9.6,1
10,201948,Austin Daye,,,,,,,,,,,,,,,0.0,1
11,200779,Steve Novak,,,,,,,,,,,,,,,0.0,1
12,202933,Julyan Stone,,,,,,,,,,,,,,,0.0,1
13,201163,Wilson Chandler,10.0,4.0,10.0,0.0,0.0,2.0,3.0,1.0,4.0,0.0,2.0,2.0,-9.0,34:22,7.9,0
14,202702,Kenneth Faried,12.0,6.0,10.0,0.0,0.0,1.0,7.0,1.0,0.0,4.0,1.0,3.0,12.0,32:10,10.6,0
15,201581,JJ Hickson,18.0,7.0,10.0,8.0,4.0,3.0,10.0,1.0,4.0,0.0,3.0,2.0,13.0,29:53,17.9,0
16,200751,Randy Foye,10.0,4.0,13.0,1.0,1.0,1.0,2.0,2.0,16.0,0.0,3.0,8.0,-5.0,43:29,7.8,0
17,203095,Evan Fournier,18.0,7.0,20.0,1.0,1.0,3.0,3.0,2.0,0.0,0.0,2.0,7.0,1.0,38:32,4.0,0
18,202706,Jordan Hamilton,2.0,1.0,2.0,0.0,0.0,0.0,2.0,0.0,0.0,0.0,0.0,0.0,-13.0,10:39,1.6,0
19,201589,Darrell Arthur,4.0,1.0,2.0,2.0,2.0,0.0,2.0,0.0,1.0,0.0,3.0,0.0,-13.0,12:32,3.1,0
20,202389,Timofey Mozgov,6.0,3.0,5.0,0.0,0.0,0.0,3.0,1.0,2.0,0.0,2.0,1.0,-23.0,18:07,5.2,0
21,203113,Quincy Miller,10.0,3.0,7.0,2.0,2.0,1.0,5.0,1.0,0.0,2.0,2.0,1.0,-4.0,15:20,9.1,0
22,201576,Anthony Randolph,0.0,0.0,1.0,0.0,0.0,1.0,0.0,0.0,0.0,0.0,1.0,1.0,-9.0,4:56,-1.4,0
23,201951,Ty Lawson,,,,,,,,,,,,,,,0.0,0
24,1889,Andre Miller,,,,,,,,,,,,,,,0.0,0
25,101126,Nate Robinson,,,,,,,,,,,,,,,0.0,0
