,id,name,PTS,FG,FGA,FTA,FT,OREB,DREB,STL,AST,BLK,PF,TO,PLUS_MINUS,MIN,GS,WIN
0,1890,Shawn Marion,0,0,6,0,0,2,1,0,2,0,2,1,-9.0,26:12,-2.9,0
1,1717,Dirk Nowitzki,12,4,11,4,4,0,6,1,1,0,1,0,-8.0,30:18,9.0,0
2,2223,Samuel Dalembert,8,2,3,6,4,0,5,0,2,0,1,1,-4.0,19:31,7.4,0
3,101145,Monta Ellis,15,6,13,4,2,0,3,2,2,1,1,2,-11.0,34:52,10.1,0
4,101181,Jose Calderon,13,5,11,1,1,0,2,0,5,0,0,6,0.0,29:36,5.4,0
5,201971,DeJuan Blair,8,3,10,4,2,4,4,1,1,0,2,2,-12.0,15:21,4.3,0
6,1713,Vince Carter,10,3,10,2,2,0,2,1,0,0,2,1,-17.0,22:06,4.0,0
7,2734,Devin Harris,1,0,1,2,1,0,0,0,0,0,0,0,-15.0,6:48,-0.1,0
8,201148,Brandan Wright,9,3,5,4,3,2,4,0,1,1,1,1,-12.0,15:47,8.9,0
9,201961,Wayne Ellington,5,2,5,1,1,1,0,2,0,0,2,0,-15.0,15:09,4.2,0
10,203499,Shane Larkin,0,0,4,0,0,0,1,3,3,0,0,0,-6.0,15:42,2.6,0
11,203539,Gal Mekel,2,1,2,0,0,0,1,0,1,0,2,0,-2.0,4:35,1.2,0
12,203108,Bernard James,2,1,1,3,0,2,0,0,0,1,2,3,-4.0,4:05,-1.2,0
13,2738,Andre Iguodala,4,2,4,2,0,2,1,0,5,2,0,1,8.0,25:31,6.8,1
14,101135,David Lee,6,3,8,0,0,2,8,0,1,0,1,1,8.0,28:31,4.7,1
15,101106,Andrew Bogut,15,7,9,2,1,2,8,0,1,1,5,1,15.0,30:02,13.3,1
16,202691,Klay Thompson,14,6,10,0,0,0,3,1,1,0,4,5,11.0,23:50,5.4,1
17,201939,Stephen Curry,10,4,12,1,1,0,2,3,4,0,1,3,-3.0,22:17,6.2,1
18,2581,Steve Blake,9,3,7,0,0,0,3,0,8,0,3,3,23.0,25:46,7.6,1
19,203084,Harrison Barnes,13,4,6,4,4,0,1,0,0,1,3,0,15.0,19:48,10.2,1
20,979,Jermaine O'Neal,6,1,5,4,4,2,5,0,0,0,1,1,11.0,15:15,4.4,1
21,203110,Draymond Green,6,2,4,0,0,0,6,3,3,0,4,2,13.0,17:35,7.3,1
22,202348,Jordan Crawford,19,8,12,0,0,0,1,0,2,0,2,0,10.0,22:16,14.7,1
23,203517,Nemanja Nedovic,2,0,1,2,2,0,0,0,1,0,0,1,2.0,4:35,1.0,1
24,201578,Marreese Speights,4,1,2,2,2,0,0,0,0,2,0,1,2.0,4:35,3.4,1
