,id,name,PTS,FG,FGA,FTA,FT,OREB,DREB,STL,AST,BLK,PF,TO,PLUS_MINUS,MIN,GS,WIN
0,203507,Giannis Antetokounmpo,10.0,3.0,6.0,4.0,3.0,1.0,6.0,0.0,5.0,1.0,4.0,2.0,1.0,33:39,9.7,0
1,101141,Ersan Ilyasova,8.0,4.0,9.0,0.0,0.0,1.0,2.0,0.0,0.0,0.0,2.0,4.0,-5.0,17:59,-0.2,0
2,202336,Larry Sanders,16.0,7.0,7.0,2.0,2.0,0.0,8.0,2.0,2.0,2.0,3.0,1.0,-4.0,34:37,18.9,0
3,2557,Luke Ridnour,12.0,4.0,8.0,4.0,4.0,1.0,2.0,1.0,8.0,0.0,1.0,3.0,-4.0,37:03,12.5,0
4,202688,Brandon Knight,8.0,3.0,12.0,2.0,1.0,0.0,2.0,2.0,3.0,0.0,2.0,1.0,-4.0,32:02,3.3,0
5,203545,Miroslav Raduljica,7.0,3.0,5.0,1.0,1.0,1.0,1.0,0.0,0.0,0.0,4.0,0.0,-5.0,13:23,4.1,0
6,201564,O.J. Mayo,4.0,2.0,7.0,0.0,0.0,1.0,0.0,1.0,0.0,1.0,1.0,1.0,-9.0,18:10,0.9,0
7,203114,Khris Middleton,2.0,1.0,5.0,0.0,0.0,1.0,3.0,1.0,1.0,0.0,2.0,1.0,-7.0,19:47,0.4,0
8,2406,Caron Butler,9.0,4.0,8.0,0.0,0.0,0.0,3.0,1.0,2.0,0.0,0.0,0.0,-7.0,16:46,8.3,0
9,202390,Gary Neal,11.0,5.0,9.0,1.0,0.0,0.0,1.0,0.0,0.0,0.0,0.0,0.0,-1.0,16:34,6.6,0
10,203089,John Henson,,,,,,,,,,,,,,,0.0,0
11,202327,Ekpe Udoh,,,,,,,,,,,,,,,0.0,0
12,203489,Nate Wolters,,,,,,,,,,,,,,,0.0,0
13,2210,Richard Jefferson,4.0,1.0,3.0,2.0,2.0,0.0,2.0,0.0,1.0,0.0,2.0,2.0,-8.0,25:14,0.8,1
14,101107,Marvin Williams,2.0,1.0,7.0,0.0,0.0,1.0,3.0,1.0,2.0,0.0,0.0,0.0,2.0,28:43,1.5,1
15,202324,Derrick Favors,21.0,9.0,16.0,3.0,3.0,3.0,8.0,4.0,0.0,0.0,1.0,0.0,2.0,28:43,21.5,1
16,202330,Gordon Hayward,22.0,8.0,16.0,3.0,3.0,0.0,4.0,2.0,2.0,3.0,2.0,2.0,15.0,40:05,17.9,1
17,203504,Trey Burke,11.0,3.0,9.0,4.0,4.0,1.0,4.0,1.0,4.0,0.0,2.0,3.0,-1.0,28:13,7.8,1
18,202692,Alec Burks,13.0,4.0,12.0,4.0,4.0,1.0,3.0,0.0,3.0,0.0,3.0,1.0,11.0,30:41,7.7,1
19,202379,Jeremy Evans,2.0,1.0,4.0,0.0,0.0,1.0,2.0,1.0,0.0,1.0,2.0,0.0,7.0,19:17,1.8,1
20,202683,Enes Kanter,11.0,5.0,9.0,1.0,1.0,2.0,4.0,0.0,1.0,2.0,1.0,2.0,7.0,19:17,9.0,1
21,203197,Diante Garrett,10.0,4.0,5.0,0.0,0.0,0.0,4.0,1.0,2.0,0.0,2.0,1.0,10.0,19:47,9.9,1
22,2740,Andris Biedrins,,,,,,,,,,,,,,,0.0,1
23,203497,Rudy Gobert,,,,,,,,,,,,,,,0.0,1
24,101249,John Lucas III,,,,,,,,,,,,,,,0.0,1
25,201575,Brandon Rush,,,,,,,,,,,,,,,0.0,1
