,id,name,PTS,FG,FGA,FTA,FT,OREB,DREB,STL,AST,BLK,PF,TO,PLUS_MINUS,MIN,GS,WIN
0,201960,DeMarre Carroll,10.0,4.0,8.0,2.0,1.0,3.0,4.0,3.0,4.0,1.0,2.0,2.0,-2.0,38:45,12.6,0
1,200794,Paul Millsap,16.0,5.0,18.0,6.0,6.0,6.0,6.0,1.0,1.0,2.0,2.0,2.0,-7.0,30:52,11.7,0
2,203544,Pero Antic,9.0,3.0,8.0,0.0,0.0,2.0,5.0,0.0,1.0,1.0,3.0,1.0,3.0,22:35,6.7,0
3,2594,Kyle Korver,8.0,3.0,9.0,0.0,0.0,1.0,4.0,1.0,3.0,0.0,3.0,1.0,-4.0,36:06,5.7,0
4,201952,Jeff Teague,16.0,7.0,16.0,2.0,2.0,1.0,1.0,2.0,6.0,1.0,4.0,4.0,-1.0,32:08,9.9,0
5,1882,Elton Brand,4.0,2.0,4.0,0.0,0.0,0.0,2.0,1.0,0.0,3.0,3.0,0.0,-8.0,19:27,4.5,0
6,101150,Lou Williams,5.0,2.0,6.0,1.0,1.0,0.0,2.0,0.0,2.0,0.0,0.0,2.0,-2.0,19:05,1.6,0
7,203118,Mike Scott,12.0,4.0,10.0,3.0,2.0,4.0,1.0,1.0,2.0,0.0,3.0,1.0,-8.0,25:10,9.5,0
8,202714,Shelvin Mack,4.0,2.0,7.0,0.0,0.0,0.0,1.0,0.0,2.0,0.0,0.0,2.0,-6.0,15:52,-0.4,0
9,202970,Gustavo Ayon,,,,,,,,,,,,,,,0.0,0
10,201858,Cartier Martin,,,,,,,,,,,,,,,0.0,0
11,203471,Dennis Schroder,,,,,,,,,,,,,,,0.0,0
12,2736,Luol Deng,17.0,5.0,15.0,6.0,6.0,7.0,4.0,3.0,1.0,0.0,1.0,3.0,4.0,29:42,14.9,1
13,201959,Taj Gibson,10.0,4.0,12.0,2.0,2.0,3.0,9.0,1.0,2.0,3.0,4.0,2.0,3.0,39:13,8.9,1
14,201149,Joakim Noah,10.0,3.0,7.0,6.0,4.0,3.0,9.0,0.0,2.0,5.0,2.0,3.0,4.0,34:21,11.4,1
15,202710,Jimmy Butler,11.0,4.0,11.0,4.0,2.0,1.0,1.0,5.0,3.0,1.0,0.0,0.0,4.0,38:18,12.9,1
16,2550,Kirk Hinrich,5.0,2.0,3.0,0.0,0.0,0.0,2.0,1.0,2.0,0.0,4.0,0.0,1.0,19:30,5.1,1
17,2399,Mike Dunleavy,20.0,9.0,14.0,0.0,0.0,1.0,2.0,1.0,0.0,1.0,0.0,1.0,6.0,28:00,15.8,1
18,1737,Nazr Mohammed,7.0,2.0,6.0,4.0,3.0,3.0,3.0,0.0,1.0,1.0,0.0,2.0,3.0,13:39,5.6,1
19,201571,D.J. Augustin,11.0,4.0,13.0,2.0,2.0,2.0,2.0,0.0,7.0,1.0,4.0,2.0,6.0,28:30,7.5,1
20,203503,Tony Snell,0.0,0.0,0.0,0.0,0.0,0.0,0.0,1.0,1.0,0.0,0.0,0.0,4.0,8:47,1.7,1
21,2430,Carlos Boozer,,,,,,,,,,,,,,,0.0,1
22,203513,Erik Murphy,,,,,,,,,,,,,,,0.0,1
