,id,name,PTS,FG,FGA,FTA,FT,OREB,DREB,STL,AST,BLK,PF,TO,PLUS_MINUS,MIN,GS,WIN
0,200752,Rudy Gay,4.0,2.0,5.0,0.0,0.0,0.0,0.0,0.0,0.0,0.0,0.0,0.0,3.0,5:59,1.3,0
1,201574,Jason Thompson,12.0,6.0,8.0,0.0,0.0,3.0,5.0,1.0,1.0,0.0,4.0,1.0,-15.0,22:25,11.5,0
2,202326,DeMarcus Cousins,2.0,1.0,2.0,2.0,0.0,0.0,4.0,1.0,3.0,2.0,2.0,0.0,1.0,9:28,5.1,0
3,201977,Marcus Thornton,4.0,2.0,8.0,0.0,0.0,0.0,0.0,0.0,2.0,1.0,3.0,1.0,-17.0,22:09,-0.9,0
4,202738,Isaiah Thomas,20.0,6.0,16.0,10.0,6.0,0.0,3.0,2.0,6.0,1.0,5.0,4.0,-23.0,39:06,11.4,0
5,202682,Derrick Williams,22.0,7.0,15.0,8.0,5.0,4.0,7.0,0.0,1.0,0.0,1.0,1.0,-23.0,39:37,17.3,0
6,201189,Aaron Gray,0.0,0.0,3.0,2.0,0.0,0.0,2.0,1.0,1.0,0.0,1.0,0.0,-17.0,11:47,-1.0,0
7,203463,Ben McLemore,11.0,3.0,10.0,2.0,2.0,0.0,1.0,0.0,0.0,0.0,5.0,2.0,-7.0,35:08,1.5,0
8,203112,Quincy Acy,0.0,0.0,0.0,0.0,0.0,0.0,3.0,0.0,0.0,1.0,1.0,0.0,0.0,11:05,1.2,0
9,202690,Jimmer Fredette,14.0,4.0,6.0,2.0,2.0,0.0,2.0,0.0,1.0,0.0,0.0,2.0,-12.0,17:48,10.7,0
10,2566,Travis Outlaw,1.0,0.0,2.0,2.0,1.0,1.0,0.0,0.0,0.0,0.0,2.0,0.0,7.0,5:31,-0.9,0
11,201171,Carl Landry,6.0,2.0,8.0,2.0,2.0,3.0,3.0,0.0,0.0,0.0,2.0,2.0,-6.0,12:00,1.4,0
12,203492,Ray McCallum,2.0,1.0,3.0,0.0,0.0,0.0,1.0,0.0,4.0,1.0,0.0,0.0,4.0,7:57,4.1,0
13,202718,Chandler Parsons,19.0,7.0,15.0,2.0,2.0,4.0,6.0,0.0,4.0,0.0,0.0,2.0,17.0,34:53,16.7,1
14,202700,Donatas Motiejunas,6.0,2.0,6.0,3.0,2.0,1.0,8.0,0.0,2.0,1.0,6.0,1.0,17.0,29:01,4.0,1
15,2730,Dwight Howard,26.0,10.0,13.0,17.0,6.0,4.0,9.0,1.0,1.0,4.0,1.0,2.0,10.0,32:28,24.1,1
16,201935,James Harden,24.0,7.0,16.0,10.0,10.0,0.0,2.0,2.0,9.0,2.0,2.0,3.0,12.0,33:03,22.1,1
17,201976,Patrick Beverley,6.0,2.0,9.0,2.0,1.0,1.0,5.0,2.0,8.0,1.0,4.0,0.0,31.0,33:11,9.0,1
18,201956,Omri Casspi,20.0,9.0,15.0,0.0,0.0,3.0,9.0,1.0,1.0,0.0,4.0,1.0,18.0,33:03,17.0,1
19,202391,Jeremy Lin,13.0,4.0,10.0,6.0,4.0,1.0,0.0,1.0,4.0,1.0,3.0,1.0,9.0,29:36,9.8,1
20,203496,Robert Covington,5.0,2.0,5.0,0.0,0.0,0.0,0.0,1.0,0.0,0.0,1.0,0.0,-3.0,10:02,2.9,1
21,201166,Aaron Brooks,0.0,0.0,1.0,0.0,0.0,0.0,2.0,0.0,0.0,0.0,0.0,0.0,-6.0,4:43,-0.1,1
22,200758,Ronnie Brewer,,,,,,,,,,,,,,,0.0,1
23,101128,Francisco Garcia,,,,,,,,,,,,,,,0.0,1
24,203093,Terrence Jones,,,,,,,,,,,,,,,0.0,1
25,202962,Greg Smith,,,,,,,,,,,,,,,0.0,1
