,id,name,PTS,FG,FGA,FTA,FT,OREB,DREB,STL,AST,BLK,PF,TO,PLUS_MINUS,MIN,GS,WIN
0,201145,Jeff Green,16.0,6.0,15.0,7.0,4.0,2.0,6.0,1.0,2.0,1.0,3.0,1.0,-2.0,33:06,10.8,0
1,101138,Brandon Bass,7.0,3.0,6.0,2.0,1.0,1.0,3.0,0.0,2.0,0.0,1.0,2.0,-2.0,25:10,4.2,0
2,2743,Kris Humphries,10.0,4.0,8.0,2.0,2.0,3.0,5.0,2.0,2.0,3.0,4.0,1.0,-4.0,29:42,12.5,0
3,202340,Avery Bradley,25.0,11.0,19.0,2.0,2.0,4.0,1.0,0.0,3.0,0.0,2.0,0.0,-3.0,34:26,20.5,0
4,202348,Jordan Crawford,13.0,6.0,16.0,0.0,0.0,0.0,3.0,3.0,6.0,0.0,2.0,0.0,-10.0,28:51,11.5,0
5,203096,Jared Sullinger,14.0,6.0,15.0,0.0,0.0,7.0,3.0,0.0,0.0,0.0,5.0,1.0,-9.0,27:36,8.7,0
6,201573,Jerryd Bayless,12.0,6.0,10.0,0.0,0.0,0.0,1.0,1.0,6.0,0.0,4.0,3.0,-5.0,21:15,8.3,0
7,2222,Gerald Wallace,2.0,1.0,2.0,0.0,0.0,1.0,3.0,0.0,1.0,0.0,1.0,1.0,-6.0,14:54,1.9,0
8,203515,Phil Pressey,0.0,0.0,0.0,0.0,0.0,0.0,0.0,1.0,2.0,0.0,0.0,0.0,2.0,11:28,2.4,0
9,203482,Kelly Olynyk,5.0,1.0,4.0,4.0,3.0,2.0,1.0,0.0,1.0,0.0,0.0,0.0,-1.0,13:33,4.6,0
10,2586,Keith Bogans,,,,,,,,,,,,,,,0.0,0
11,202705,MarShon Brooks,,,,,,,,,,,,,,,0.0,0
12,203543,Vitor Faverani,,,,,,,,,,,,,,,0.0,0
13,201587,Nicolas Batum,16.0,6.0,14.0,2.0,2.0,2.0,5.0,1.0,7.0,1.0,0.0,4.0,4.0,37:24,14.1,1
14,200746,LaMarcus Aldridge,21.0,8.0,15.0,6.0,5.0,2.0,11.0,0.0,4.0,1.0,1.0,0.0,12.0,37:34,21.1,1
15,201577,Robin Lopez,15.0,5.0,13.0,5.0,5.0,9.0,4.0,0.0,1.0,1.0,1.0,1.0,6.0,34:04,15.4,1
16,202083,Wesley Matthews,18.0,5.0,12.0,6.0,6.0,1.0,4.0,0.0,3.0,0.0,1.0,1.0,8.0,34:23,14.2,1
17,203081,Damian Lillard,15.0,5.0,15.0,5.0,4.0,0.0,2.0,1.0,6.0,0.0,4.0,2.0,8.0,34:23,8.3,1
18,2590,Mo Williams,11.0,4.0,9.0,0.0,0.0,1.0,1.0,1.0,4.0,0.0,0.0,2.0,4.0,24:20,9.1,1
19,200777,Joel Freeland,4.0,2.0,6.0,2.0,0.0,3.0,2.0,0.0,2.0,0.0,3.0,1.0,2.0,13:56,1.7,1
20,203468,CJ McCollum,10.0,4.0,6.0,0.0,0.0,1.0,0.0,0.0,1.0,0.0,2.0,0.0,0.0,13:30,8.0,1
21,203080,Thomas Robinson,2.0,1.0,3.0,0.0,0.0,1.0,0.0,0.0,1.0,0.0,2.0,0.0,-4.0,10:26,0.9,1
22,203115,Will Barton,,,,,,,,,,,,,,,0.0,1
23,203086,Meyers Leonard,,,,,,,,,,,,,,,0.0,1
24,2248,Earl Watson,,,,,,,,,,,,,,,0.0,1
25,2748,Dorell Wright,,,,,,,,,,,,,,,0.0,1
