,id,name,PTS,FG,FGA,FTA,FT,OREB,DREB,STL,AST,BLK,PF,TO,PLUS_MINUS,MIN,GS,WIN
0,2544,LeBron James,13.0,4.0,13.0,6.0,4.0,0.0,7.0,0.0,5.0,0.0,2.0,5.0,0.0,39:21,4.5,0
1,2203,Shane Battier,8.0,2.0,4.0,2.0,2.0,0.0,1.0,2.0,3.0,0.0,0.0,0.0,-3.0,25:07,10.4,0
2,2547,Chris Bosh,13.0,3.0,12.0,8.0,7.0,2.0,5.0,0.0,1.0,1.0,0.0,0.0,-8.0,34:31,9.7,0
3,2548,Dwyane Wade,19.0,7.0,14.0,5.0,5.0,0.0,6.0,0.0,2.0,0.0,4.0,3.0,1.0,36:25,10.6,0
4,201596,Mario Chalmers,12.0,4.0,6.0,3.0,3.0,0.0,2.0,0.0,7.0,0.0,3.0,1.0,-2.0,30:47,12.7,0
5,2365,Chris Andersen,3.0,1.0,1.0,2.0,1.0,3.0,2.0,0.0,0.0,0.0,4.0,0.0,-9.0,18:28,3.4,0
6,951,Ray Allen,9.0,4.0,8.0,0.0,0.0,0.0,0.0,1.0,1.0,0.0,1.0,1.0,-5.0,23:01,5.3,0
7,202708,Norris Cole,12.0,4.0,9.0,4.0,2.0,0.0,0.0,4.0,0.0,0.0,0.0,0.0,-3.0,21:31,10.5,0
8,201141,Greg Oden,0.0,0.0,0.0,0.0,0.0,0.0,4.0,1.0,0.0,1.0,3.0,0.0,4.0,10:49,1.7,0
9,201563,Michael Beasley,,,,,,,,,,,,,,,0.0,0
10,201962,Toney Douglas,,,,,,,,,,,,,,,0.0,0
11,2617,Udonis Haslem,,,,,,,,,,,,,,,0.0,0
12,1740,Rashard Lewis,,,,,,,,,,,,,,,0.0,0
13,2210,Richard Jefferson,14.0,5.0,10.0,3.0,3.0,0.0,4.0,1.0,2.0,0.0,2.0,1.0,7.0,28:21,10.8,1
14,101107,Marvin Williams,23.0,9.0,15.0,2.0,0.0,1.0,2.0,0.0,1.0,1.0,4.0,1.0,5.0,27:58,15.4,1
15,202324,Derrick Favors,8.0,2.0,6.0,6.0,4.0,4.0,3.0,1.0,1.0,0.0,1.0,1.0,5.0,26:35,7.8,1
16,202330,Gordon Hayward,9.0,3.0,8.0,4.0,3.0,2.0,7.0,3.0,11.0,0.0,3.0,2.0,11.0,37:40,15.2,1
17,203504,Trey Burke,13.0,5.0,11.0,0.0,0.0,0.0,1.0,0.0,3.0,0.0,3.0,1.0,5.0,26:60,7.5,1
18,203197,Diante Garrett,0.0,0.0,0.0,0.0,0.0,0.0,0.0,1.0,2.0,0.0,3.0,1.0,0.0,21:00,0.2,1
19,202692,Alec Burks,12.0,5.0,12.0,2.0,1.0,0.0,2.0,2.0,2.0,0.0,4.0,3.0,-5.0,26:02,4.6,1
20,202379,Jeremy Evans,6.0,3.0,4.0,0.0,0.0,1.0,6.0,1.0,1.0,0.0,2.0,1.0,0.0,20:02,6.8,1
21,202683,Enes Kanter,8.0,4.0,7.0,0.0,0.0,2.0,6.0,0.0,0.0,0.0,3.0,1.0,0.0,21:25,5.7,1
22,201575,Brandon Rush,1.0,0.0,1.0,2.0,1.0,0.0,0.0,0.0,0.0,0.0,0.0,0.0,-3.0,3:57,-0.1,1
23,2740,Andris Biedrins,,,,,,,,,,,,,,,0.0,1
24,203497,Rudy Gobert,,,,,,,,,,,,,,,0.0,1
25,101249,John Lucas III,,,,,,,,,,,,,,,0.0,1
