,id,name,PTS,FG,FGA,FTA,FT,OREB,DREB,STL,AST,BLK,PF,TO,PLUS_MINUS,MIN,GS,WIN
0,200782,P.J. Tucker,11.0,3.0,5.0,4.0,4.0,2.0,7.0,1.0,0.0,0.0,4.0,1.0,-7.0,26:26,10.6,0
1,101112,Channing Frye,16.0,6.0,11.0,2.0,2.0,1.0,3.0,1.0,1.0,0.0,4.0,3.0,10.0,30:06,9.4,0
2,203458,Alex Len,3.0,0.0,0.0,4.0,3.0,0.0,3.0,0.0,1.0,1.0,2.0,1.0,-4.0,15:02,3.1,0
3,101123,Gerald Green,25.0,9.0,18.0,4.0,4.0,2.0,4.0,1.0,1.0,0.0,0.0,3.0,2.0,42:27,17.3,0
4,201609,Goran Dragic,24.0,8.0,14.0,6.0,5.0,0.0,1.0,1.0,6.0,0.0,5.0,3.0,-8.0,37:39,17.5,0
5,203101,Miles Plumlee,2.0,1.0,3.0,0.0,0.0,1.0,3.0,0.0,1.0,0.0,1.0,1.0,0.0,10:19,1.2,0
6,202693,Markieff Morris,10.0,3.0,10.0,4.0,4.0,1.0,2.0,1.0,2.0,0.0,3.0,4.0,-17.0,22:53,2.7,0
7,202397,Ish Smith,4.0,2.0,5.0,0.0,0.0,1.0,5.0,1.0,5.0,0.0,2.0,1.0,-1.0,23:31,6.2,0
8,202694,Marcus Morris Sr.,11.0,4.0,9.0,2.0,2.0,1.0,3.0,0.0,4.0,0.0,3.0,2.0,0.0,28:37,7.5,0
9,101183,Shavlik Randolph,1.0,0.0,0.0,2.0,1.0,0.0,1.0,0.0,0.0,0.0,0.0,0.0,-5.0,3:00,0.9,0
10,202091,Dionte Christmas,,,,,,,,,,,,,,,0.0,0
11,203462,Archie Goodwin,,,,,,,,,,,,,,,0.0,0
12,2738,Andre Iguodala,7.0,2.0,6.0,4.0,2.0,2.0,3.0,4.0,6.0,0.0,0.0,2.0,-3.0,35:33,11.3,1
13,101135,David Lee,26.0,11.0,18.0,5.0,4.0,2.0,7.0,0.0,3.0,0.0,5.0,5.0,11.0,37:24,16.0,1
14,101106,Andrew Bogut,4.0,2.0,2.0,0.0,0.0,0.0,1.0,1.0,0.0,0.0,2.0,0.0,1.0,14:26,3.9,1
15,202691,Klay Thompson,22.0,9.0,15.0,2.0,0.0,0.0,4.0,0.0,2.0,1.0,4.0,1.0,18.0,35:07,15.0,1
16,201939,Stephen Curry,18.0,7.0,16.0,3.0,3.0,0.0,2.0,0.0,9.0,0.0,1.0,1.0,11.0,30:16,15.1,1
17,2581,Steve Blake,7.0,3.0,4.0,2.0,0.0,0.0,3.0,0.0,2.0,0.0,1.0,1.0,1.0,20:06,5.5,1
18,203084,Harrison Barnes,7.0,3.0,8.0,0.0,0.0,3.0,3.0,2.0,3.0,0.0,1.0,0.0,-5.0,31:21,9.3,1
19,979,Jermaine O'Neal,2.0,0.0,2.0,3.0,2.0,1.0,1.0,0.0,2.0,0.0,2.0,0.0,-7.0,7:42,1.8,1
20,203110,Draymond Green,13.0,5.0,8.0,2.0,2.0,1.0,0.0,0.0,0.0,2.0,6.0,2.0,4.0,22:28,7.1,1
21,202348,Jordan Crawford,7.0,3.0,6.0,0.0,0.0,0.0,2.0,0.0,0.0,0.0,0.0,0.0,-1.0,5:37,4.6,1
22,203517,Nemanja Nedovic,,,,,,,,,,,,,,,0.0,1
23,201578,Marreese Speights,,,,,,,,,,,,,,,0.0,1
