,id,name,PTS,FG,FGA,FTA,FT,OREB,DREB,STL,AST,BLK,PF,TO,PLUS_MINUS,MIN,GS,WIN
0,2772,Trevor Ariza,18.0,8.0,13.0,2.0,1.0,3.0,3.0,1.0,2.0,0.0,2.0,4.0,-1.0,34:30,12.3,0
1,202344,Trevor Booker,4.0,2.0,6.0,0.0,0.0,2.0,6.0,1.0,2.0,2.0,3.0,1.0,-8.0,23:56,5.4,0
2,101162,Marcin Gortat,16.0,7.0,12.0,2.0,2.0,2.0,8.0,0.0,5.0,2.0,4.0,4.0,17.0,35:08,13.5,0
3,203078,Bradley Beal,21.0,8.0,18.0,2.0,2.0,3.0,4.0,2.0,3.0,1.0,0.0,2.0,-1.0,38:10,17.7,0
4,202322,John Wall,15.0,6.0,13.0,3.0,2.0,0.0,3.0,3.0,5.0,1.0,4.0,8.0,1.0,35:11,6.4,0
5,2400,Drew Gooden,15.0,7.0,12.0,1.0,1.0,0.0,3.0,1.0,0.0,0.0,1.0,0.0,-11.0,18:01,10.9,0
6,101110,Martell Webster,5.0,1.0,4.0,4.0,3.0,1.0,1.0,0.0,2.0,0.0,1.0,1.0,-4.0,23:40,3.2,0
7,1733,Al Harrington,6.0,1.0,4.0,4.0,4.0,1.0,5.0,0.0,0.0,0.0,2.0,2.0,-3.0,18:20,3.0,0
8,1889,Andre Miller,2.0,1.0,3.0,0.0,0.0,0.0,1.0,0.0,1.0,1.0,3.0,2.0,-3.0,12:59,-1.2,0
9,202066,Garrett Temple,0.0,0.0,0.0,0.0,0.0,0.0,0.0,0.0,0.0,0.0,0.0,0.0,-2.0,0:07,0.0,0
10,203490,Otto Porter Jr.,,,,,,,,,,,,,,,0.0,0
11,202338,Kevin Seraphin,,,,,,,,,,,,,,,0.0,0
12,202698,Chris Singleton,,,,,,,,,,,,,,,0.0,0
13,201576,Anthony Randolph,2.0,1.0,5.0,0.0,0.0,1.0,1.0,0.0,3.0,0.0,1.0,2.0,-10.0,16:07,-0.4,1
14,202702,Kenneth Faried,20.0,8.0,15.0,5.0,4.0,1.0,7.0,1.0,0.0,3.0,2.0,2.0,-6.0,31:45,15.4,1
15,202389,Timofey Mozgov,5.0,2.0,7.0,2.0,1.0,2.0,4.0,0.0,0.0,1.0,3.0,3.0,-2.0,23:44,-0.4,1
16,200751,Randy Foye,17.0,6.0,11.0,0.0,0.0,0.0,3.0,1.0,2.0,2.0,2.0,1.0,-1.0,33:48,14.6,1
17,201951,Ty Lawson,9.0,4.0,11.0,2.0,1.0,1.0,3.0,4.0,8.0,0.0,1.0,2.0,1.0,34:10,11.3,1
18,203095,Evan Fournier,9.0,4.0,10.0,0.0,0.0,1.0,2.0,3.0,4.0,0.0,2.0,1.0,12.0,21:24,8.9,1
19,202686,Jan Vesely,10.0,5.0,9.0,0.0,0.0,2.0,2.0,3.0,0.0,0.0,2.0,2.0,2.0,15:17,7.9,1
20,201589,Darrell Arthur,15.0,4.0,6.0,5.0,4.0,1.0,4.0,2.0,2.0,0.0,4.0,1.0,10.0,25:13,14.7,1
21,203113,Quincy Miller,5.0,2.0,4.0,0.0,0.0,0.0,1.0,0.0,0.0,0.0,1.0,0.0,2.0,13:50,2.9,1
22,201166,Aaron Brooks,13.0,4.0,13.0,4.0,4.0,1.0,1.0,1.0,7.0,0.0,2.0,1.0,7.0,24:43,10.6,1
23,201163,Wilson Chandler,,,,,,,,,,,,,,,0.0,1
24,201581,JJ Hickson,,,,,,,,,,,,,,,0.0,1
25,101126,Nate Robinson,,,,,,,,,,,,,,,0.0,1
