,id,name,PTS,FG,FGA,FTA,FT,OREB,DREB,STL,AST,BLK,PF,TO,PLUS_MINUS,MIN,GS,WIN
0,101187,Alan Anderson,13.0,5.0,11.0,2.0,1.0,1.0,3.0,0.0,1.0,0.0,4.0,1.0,7.0,37:47,6.6,1
1,708,Kevin Garnett,6.0,2.0,9.0,2.0,2.0,1.0,7.0,1.0,1.0,2.0,4.0,0.0,-5.0,25:40,4.8,1
2,201572,Brook Lopez,32.0,11.0,13.0,11.0,10.0,2.0,5.0,0.0,4.0,2.0,5.0,2.0,12.0,40:07,30.0,1
3,2207,Joe Johnson,15.0,6.0,14.0,2.0,1.0,0.0,4.0,1.0,5.0,0.0,2.0,1.0,6.0,42:37,11.1,1
4,2733,Shaun Livingston,4.0,2.0,6.0,0.0,0.0,1.0,2.0,1.0,3.0,1.0,0.0,0.0,10.0,34:58,5.7,1
5,101154,Andray Blatche,11.0,4.0,12.0,4.0,3.0,3.0,5.0,1.0,1.0,0.0,3.0,2.0,13.0,19:41,5.9,1
6,203116,Tyshawn Taylor,2.0,1.0,2.0,0.0,0.0,0.0,0.0,2.0,0.0,1.0,0.0,1.0,-2.0,13:02,2.7,1
7,2501,Reggie Evans,4.0,2.0,2.0,2.0,0.0,1.0,1.0,0.0,0.0,0.0,2.0,1.0,-4.0,10:32,1.8,1
8,203141,Mirza Teletovic,3.0,1.0,5.0,0.0,0.0,2.0,3.0,0.0,1.0,0.0,1.0,0.0,3.0,15:36,2.5,1
9,1718,Paul Pierce,,,,,,,,,,,,,,,0.0,1
10,203486,Mason Plumlee,,,,,,,,,,,,,,,0.0,1
11,203129,Tornike Shengelia,,,,,,,,,,,,,,,0.0,1
12,101114,Deron Williams,,,,,,,,,,,,,,,0.0,1
13,203114,Khris Middleton,9.0,3.0,9.0,2.0,2.0,0.0,6.0,0.0,2.0,0.0,1.0,1.0,-10.0,37:29,5.7,0
14,202327,Ekpe Udoh,0.0,0.0,1.0,2.0,0.0,1.0,1.0,1.0,0.0,1.0,5.0,0.0,2.0,25:49,-0.8,0
15,203089,John Henson,18.0,8.0,15.0,6.0,2.0,2.0,5.0,0.0,3.0,1.0,3.0,1.0,-13.0,33:38,12.6,0
16,201564,O.J. Mayo,22.0,7.0,16.0,6.0,6.0,0.0,4.0,0.0,5.0,0.0,2.0,2.0,0.0,34:50,15.5,0
17,202688,Brandon Knight,10.0,3.0,12.0,2.0,2.0,3.0,3.0,1.0,3.0,0.0,2.0,3.0,-12.0,37:06,5.1,0
18,203507,Giannis Antetokounmpo,3.0,1.0,3.0,2.0,1.0,0.0,2.0,1.0,1.0,1.0,1.0,1.0,-1.0,14:08,2.5,0
19,101141,Ersan Ilyasova,4.0,2.0,6.0,0.0,0.0,1.0,4.0,0.0,2.0,0.0,2.0,1.0,-7.0,29:22,2.1,0
20,203489,Nate Wolters,2.0,1.0,3.0,0.0,0.0,0.0,1.0,0.0,2.0,0.0,0.0,1.0,4.0,10:54,1.0,0
21,202390,Gary Neal,6.0,2.0,3.0,0.0,0.0,0.0,1.0,0.0,1.0,0.0,1.0,0.0,-2.0,7:15,5.3,0
22,203545,Miroslav Raduljica,8.0,3.0,5.0,2.0,2.0,1.0,1.0,0.0,1.0,0.0,2.0,1.0,-1.0,9:29,5.6,0
23,2406,Caron Butler,,,,,,,,,,,,,,,0.0,0
24,2585,Zaza Pachulia,,,,,,,,,,,,,,,0.0,0
25,2557,Luke Ridnour,,,,,,,,,,,,,,,0.0,0
