,id,name,PTS,FG,FGA,FTA,FT,OREB,DREB,STL,AST,BLK,PF,TO,PLUS_MINUS,MIN,GS,WIN
0,101138,Brandon Bass,4.0,2.0,5.0,0.0,0.0,2.0,2.0,0.0,2.0,0.0,1.0,0.0,-21.0,17:29,4.3,0
1,201145,Jeff Green,14.0,4.0,13.0,4.0,4.0,3.0,4.0,3.0,1.0,0.0,1.0,3.0,-23.0,26:37,10.1,0
2,203096,Jared Sullinger,8.0,3.0,5.0,4.0,2.0,3.0,0.0,0.0,2.0,0.0,4.0,0.0,-20.0,19:08,6.8,0
3,200765,Rajon Rondo,7.0,3.0,13.0,1.0,1.0,0.0,2.0,1.0,5.0,0.0,1.0,4.0,-24.0,27:26,-0.2,0
4,2222,Gerald Wallace,5.0,2.0,7.0,2.0,1.0,1.0,2.0,0.0,2.0,1.0,1.0,3.0,-27.0,23:24,0.5,0
5,2743,Kris Humphries,12.0,3.0,7.0,8.0,6.0,2.0,3.0,1.0,0.0,0.0,4.0,2.0,-8.0,21:47,7.2,0
6,201573,Jerryd Bayless,10.0,4.0,9.0,2.0,2.0,0.0,2.0,1.0,4.0,0.0,4.0,1.0,-2.0,26:46,7.1,0
7,203515,Phil Pressey,2.0,1.0,3.0,0.0,0.0,0.0,1.0,0.0,3.0,0.0,1.0,0.0,4.0,16:07,2.3,0
8,203187,Chris Johnson,12.0,4.0,7.0,0.0,0.0,0.0,1.0,0.0,1.0,0.0,0.0,2.0,-6.0,22:18,7.7,0
9,203482,Kelly Olynyk,8.0,3.0,6.0,2.0,2.0,2.0,5.0,0.0,1.0,1.0,4.0,1.0,4.0,19:22,6.7,0
10,203543,Vitor Faverani,4.0,2.0,5.0,0.0,0.0,0.0,3.0,2.0,0.0,0.0,0.0,1.0,-3.0,13:24,3.2,0
11,203505,Vander Blue,2.0,1.0,2.0,1.0,0.0,0.0,1.0,0.0,0.0,0.0,1.0,0.0,-2.0,3:06,0.5,0
12,201202,Joel Anthony,0.0,0.0,0.0,0.0,0.0,0.0,1.0,0.0,0.0,0.0,0.0,0.0,-2.0,3:06,0.3,0
13,2546,Carmelo Anthony,24.0,8.0,15.0,7.0,5.0,2.0,7.0,4.0,3.0,0.0,3.0,3.0,22.0,28:18,21.3,1
14,202697,Iman Shumpert,4.0,2.0,5.0,0.0,0.0,0.0,1.0,0.0,0.0,0.0,1.0,2.0,14.0,8:23,-0.8,1
15,2199,Tyson Chandler,12.0,5.0,6.0,2.0,2.0,2.0,11.0,0.0,0.0,0.0,0.0,0.0,28.0,22:32,14.5,1
16,101109,Raymond Felton,4.0,2.0,6.0,0.0,0.0,2.0,2.0,1.0,8.0,1.0,1.0,4.0,24.0,25:10,5.5,1
17,203143,Pablo Prigioni,7.0,3.0,6.0,0.0,0.0,0.0,2.0,2.0,2.0,0.0,3.0,1.0,12.0,27:17,5.8,1
18,2747,JR Smith,17.0,6.0,14.0,5.0,2.0,0.0,1.0,0.0,5.0,2.0,2.0,0.0,13.0,34:06,12.8,1
19,2030,Kenyon Martin,6.0,3.0,3.0,0.0,0.0,0.0,1.0,0.0,1.0,1.0,1.0,1.0,12.0,8:50,5.4,1
20,203501,Tim Hardaway Jr.,16.0,5.0,10.0,4.0,4.0,0.0,2.0,1.0,2.0,0.0,3.0,1.0,10.0,33:10,11.8,1
21,202719,Jeremy Tyler,17.0,7.0,9.0,5.0,3.0,3.0,2.0,0.0,0.0,2.0,2.0,2.0,-2.0,23:10,14.0,1
22,202332,Cole Aldrich,2.0,1.0,1.0,0.0,0.0,2.0,4.0,0.0,1.0,1.0,2.0,0.0,-3.0,13:56,4.9,1
23,1897,Metta World Peace,3.0,1.0,4.0,0.0,0.0,0.0,1.0,0.0,0.0,0.0,0.0,0.0,0.0,7:34,0.9,1
24,203315,Toure' Murry,2.0,1.0,3.0,0.0,0.0,1.0,0.0,1.0,3.0,0.0,2.0,1.0,0.0,7:34,2.3,1
25,2757,Beno Udrih,,,,,,,,,,,,,,,0.0,1
