,id,name,PTS,FG,FGA,FTA,FT,OREB,DREB,STL,AST,BLK,PF,TO,PLUS_MINUS,MIN,GS,WIN
0,201162,Jared Dudley,6.0,2.0,3.0,0.0,0.0,0.0,1.0,0.0,1.0,0.0,2.0,0.0,-16.0,23:24,4.9,0
1,201933,Blake Griffin,19.0,6.0,18.0,8.0,7.0,3.0,5.0,1.0,4.0,1.0,4.0,1.0,-13.0,34:36,13.9,0
2,201599,DeAndre Jordan,12.0,5.0,9.0,4.0,2.0,6.0,11.0,1.0,1.0,2.0,3.0,1.0,-8.0,38:58,15.3,0
3,200755,JJ Redick,8.0,4.0,17.0,0.0,0.0,0.0,1.0,0.0,4.0,0.0,1.0,2.0,-1.0,28:25,-1.6,0
4,201954,Darren Collison,10.0,4.0,8.0,2.0,2.0,0.0,3.0,0.0,4.0,0.0,2.0,4.0,-15.0,29:48,4.9,0
5,2037,Jamal Crawford,22.0,7.0,18.0,6.0,6.0,0.0,1.0,1.0,1.0,0.0,3.0,2.0,-19.0,28:17,11.0,0
6,2440,Matt Barnes,4.0,2.0,5.0,0.0,0.0,0.0,6.0,0.0,0.0,0.0,2.0,0.0,-4.0,27:40,2.3,0
7,200797,Ryan Hollins,4.0,1.0,2.0,2.0,2.0,0.0,0.0,0.0,0.0,1.0,0.0,1.0,0.0,6:56,2.7,0
8,202721,Darius Morris,0.0,0.0,1.0,0.0,0.0,0.0,0.0,0.0,1.0,0.0,1.0,1.0,3.0,6:15,-1.4,0
9,2045,Hedo Turkoglu,4.0,1.0,1.0,2.0,2.0,0.0,2.0,0.0,1.0,0.0,0.0,0.0,-1.0,13:24,5.0,0
10,201957,Byron Mullens,3.0,1.0,1.0,0.0,0.0,0.0,0.0,0.0,0.0,0.0,0.0,0.0,4.0,2:17,2.7,0
11,2584,Willie Green,,,,,,,,,,,,,,,0.0,0
12,1712,Antawn Jamison,,,,,,,,,,,,,,,0.0,0
13,202331,Paul George,36.0,12.0,17.0,7.0,7.0,0.0,6.0,3.0,2.0,0.0,2.0,1.0,13.0,35:57,33.3,1
14,2561,David West,4.0,2.0,4.0,0.0,0.0,0.0,2.0,0.0,0.0,0.0,1.0,1.0,1.0,15:29,1.2,1
15,201579,Roy Hibbert,4.0,2.0,11.0,0.0,0.0,5.0,6.0,0.0,2.0,5.0,4.0,2.0,12.0,25:55,3.7,1
16,202362,Lance Stephenson,22.0,8.0,17.0,7.0,6.0,5.0,7.0,1.0,7.0,0.0,4.0,4.0,10.0,41:06,18.8,1
17,201588,George Hill,6.0,2.0,5.0,2.0,2.0,0.0,3.0,0.0,3.0,0.0,1.0,0.0,4.0,28:14,5.9,1
18,2449,Luis Scola,8.0,2.0,5.0,4.0,4.0,1.0,3.0,0.0,0.0,0.0,4.0,1.0,13.0,15:21,4.3,1
19,101122,Danny Granger,12.0,4.0,13.0,2.0,2.0,1.0,3.0,0.0,2.0,1.0,3.0,0.0,16.0,26:34,7.0,1
20,101133,Ian Mahinmi,0.0,0.0,0.0,0.0,0.0,1.0,1.0,0.0,0.0,1.0,2.0,1.0,6.0,19:48,-0.1,1
21,201228,C.J. Watson,11.0,5.0,8.0,0.0,0.0,0.0,2.0,1.0,1.0,0.0,2.0,1.0,11.0,20:42,7.9,1
22,2446,Rasual Butler,0.0,0.0,1.0,0.0,0.0,0.0,0.0,0.0,0.0,0.0,0.0,0.0,-4.0,3:10,-0.7,1
23,203111,Orlando Johnson,0.0,0.0,1.0,0.0,0.0,0.0,2.0,0.0,0.0,0.0,1.0,1.0,-4.0,3:10,-1.5,1
24,203142,Chris Copeland,3.0,1.0,1.0,0.0,0.0,0.0,0.0,0.0,0.0,1.0,1.0,0.0,-4.0,2:17,3.0,1
25,202388,Donald Sloan,0.0,0.0,0.0,0.0,0.0,0.0,0.0,0.0,0.0,0.0,0.0,0.0,-4.0,2:17,0.0,1
