,id,name,PTS,FG,FGA,FTA,FT,OREB,DREB,STL,AST,BLK,PF,TO,PLUS_MINUS,MIN,GS,WIN
0,2738,Andre Iguodala,13.0,5.0,7.0,3.0,2.0,0.0,4.0,1.0,4.0,0.0,1.0,2.0,0.0,30:54,12.3,0
1,101135,David Lee,20.0,10.0,15.0,0.0,0.0,0.0,7.0,0.0,4.0,0.0,3.0,0.0,-2.0,31:12,17.2,0
2,101106,Andrew Bogut,6.0,3.0,5.0,1.0,0.0,1.0,5.0,0.0,3.0,1.0,5.0,0.0,3.0,25:46,6.3,0
3,202691,Klay Thompson,26.0,10.0,19.0,4.0,2.0,0.0,1.0,1.0,1.0,0.0,2.0,3.0,-4.0,34:08,14.1,0
4,201939,Stephen Curry,13.0,5.0,11.0,1.0,1.0,1.0,4.0,1.0,11.0,0.0,3.0,4.0,2.0,29:18,12.7,0
5,2581,Steve Blake,0.0,0.0,6.0,0.0,0.0,0.0,1.0,0.0,1.0,0.0,0.0,1.0,-18.0,21:30,-4.2,0
6,203084,Harrison Barnes,5.0,1.0,5.0,3.0,3.0,1.0,3.0,1.0,0.0,0.0,1.0,0.0,-11.0,17:42,4.1,0
7,979,Jermaine O'Neal,5.0,1.0,5.0,4.0,3.0,3.0,2.0,1.0,0.0,0.0,1.0,0.0,-9.0,15:49,4.8,0
8,203110,Draymond Green,10.0,1.0,4.0,9.0,7.0,0.0,3.0,1.0,3.0,1.0,5.0,2.0,-18.0,21:49,7.5,0
9,202348,Jordan Crawford,0.0,0.0,5.0,0.0,0.0,0.0,0.0,0.0,0.0,0.0,0.0,0.0,-8.0,10:43,-3.5,0
10,201578,Marreese Speights,0.0,0.0,0.0,0.0,0.0,0.0,0.0,0.0,0.0,0.0,0.0,0.0,0.0,1:09,0.0,0
11,2440,Matt Barnes,11.0,4.0,8.0,2.0,1.0,1.0,2.0,0.0,4.0,0.0,2.0,1.0,-2.0,28:24,8.9,1
12,201933,Blake Griffin,30.0,13.0,28.0,8.0,4.0,5.0,10.0,3.0,3.0,0.0,2.0,3.0,10.0,42:00,21.8,1
13,201599,DeAndre Jordan,10.0,4.0,6.0,3.0,2.0,3.0,8.0,0.0,0.0,6.0,3.0,0.0,2.0,33:28,14.5,1
14,201954,Darren Collison,11.0,4.0,11.0,3.0,3.0,0.0,2.0,1.0,1.0,0.0,4.0,1.0,5.0,30:40,4.6,1
15,101108,Chris Paul,16.0,5.0,15.0,6.0,5.0,1.0,7.0,3.0,12.0,0.0,3.0,2.0,13.0,38:17,18.1,1
16,2584,Willie Green,13.0,5.0,6.0,0.0,0.0,0.0,1.0,0.0,1.0,2.0,2.0,1.0,12.0,22:10,11.4,1
17,101122,Danny Granger,18.0,7.0,11.0,2.0,2.0,1.0,5.0,0.0,1.0,1.0,3.0,1.0,11.0,24:29,14.5,1
18,201175,Glen Davis,2.0,1.0,3.0,0.0,0.0,0.0,1.0,0.0,1.0,0.0,2.0,0.0,11.0,14:17,0.5,1
19,2045,Hedo Turkoglu,0.0,0.0,0.0,0.0,0.0,0.0,2.0,0.0,0.0,0.0,0.0,1.0,3.0,6:00,-0.4,1
20,201162,Jared Dudley,0.0,0.0,0.0,0.0,0.0,0.0,0.0,0.0,0.0,0.0,0.0,0.0,0.0,0:15,0.0,1
21,203493,Reggie Bullock,,,,,,,,,,,,,,,0.0,1
22,2037,Jamal Crawford,,,,,,,,,,,,,,,0.0,1
23,200797,Ryan Hollins,,,,,,,,,,,,,,,0.0,1
