,id,name,PTS,FG,FGA,FTA,FT,OREB,DREB,STL,AST,BLK,PF,TO,PLUS_MINUS,MIN,GS,WIN
0,202718,Chandler Parsons,19.0,8.0,20.0,3.0,1.0,2.0,4.0,1.0,7.0,0.0,2.0,2.0,9.0,40:39,13.1,1
1,203093,Terrence Jones,17.0,8.0,10.0,2.0,0.0,3.0,8.0,1.0,1.0,2.0,0.0,4.0,16.0,38:11,16.0,1
2,2730,Dwight Howard,19.0,8.0,12.0,6.0,3.0,6.0,7.0,2.0,1.0,0.0,2.0,6.0,7.0,30:47,14.8,1
3,201935,James Harden,31.0,11.0,19.0,7.0,7.0,1.0,2.0,0.0,6.0,0.0,2.0,3.0,17.0,36:05,23.8,1
4,201976,Patrick Beverley,4.0,1.0,8.0,2.0,2.0,0.0,0.0,2.0,1.0,0.0,5.0,0.0,9.0,31:38,-0.5,1
5,201600,Omer Asik,2.0,0.0,1.0,2.0,2.0,0.0,8.0,0.0,0.0,1.0,1.0,0.0,7.0,15:41,4.0,1
6,202706,Jordan Hamilton,3.0,1.0,4.0,0.0,0.0,1.0,3.0,1.0,0.0,1.0,1.0,1.0,0.0,17:44,2.5,1
7,202391,Jeremy Lin,2.0,1.0,4.0,2.0,0.0,1.0,1.0,0.0,3.0,0.0,1.0,2.0,5.0,14:50,-0.5,1
8,202700,Donatas Motiejunas,4.0,2.0,3.0,0.0,0.0,0.0,2.0,1.0,1.0,0.0,1.0,3.0,-4.0,9:49,1.6,1
9,203477,Isaiah Canaan,0.0,0.0,0.0,0.0,0.0,0.0,0.0,0.0,1.0,0.0,0.0,0.0,-2.0,1:32,0.7,1
10,201956,Omri Casspi,0.0,0.0,1.0,0.0,0.0,0.0,0.0,0.0,0.0,0.0,0.0,0.0,-2.0,1:32,-0.7,1
11,203584,Troy Daniels,0.0,0.0,0.0,0.0,0.0,0.0,0.0,0.0,0.0,0.0,0.0,0.0,-2.0,1:32,0.0,1
12,101128,Francisco Garcia,,,,,,,,,,,,,,,0.0,1
13,203090,Maurice Harkless,15.0,6.0,10.0,2.0,1.0,1.0,1.0,5.0,1.0,1.0,1.0,1.0,-21.0,37:00,16.0,0
14,202699,Tobias Harris,10.0,3.0,12.0,4.0,4.0,2.0,3.0,1.0,2.0,2.0,2.0,1.0,-7.0,31:13,7.1,0
15,202696,Nikola Vucevic,15.0,7.0,9.0,2.0,1.0,3.0,7.0,1.0,4.0,0.0,5.0,2.0,-7.0,31:51,15.1,0
16,201167,Arron Afflalo,18.0,8.0,16.0,2.0,2.0,0.0,2.0,1.0,4.0,0.0,4.0,4.0,-5.0,31:22,8.8,0
17,101179,Ronnie Price,8.0,4.0,6.0,0.0,0.0,0.0,0.0,2.0,5.0,0.0,3.0,6.0,4.0,24:54,3.7,0
18,203124,Kyle O'Quinn,8.0,4.0,13.0,0.0,0.0,2.0,6.0,1.0,1.0,3.0,4.0,1.0,-5.0,16:08,4.9,0
19,202734,E'Twaun Moore,9.0,3.0,6.0,2.0,2.0,0.0,2.0,1.0,2.0,0.0,2.0,0.0,-16.0,26:08,8.2,0
20,203094,Andrew Nicholson,2.0,1.0,5.0,0.0,0.0,0.0,1.0,2.0,0.0,0.0,2.0,1.0,-7.0,15:15,-0.6,0
21,203117,Doron Lamb,0.0,0.0,4.0,0.0,0.0,0.0,2.0,0.0,3.0,0.0,1.0,0.0,-7.0,15:13,-0.5,0
22,203519,Adonis Thomas,2.0,1.0,2.0,0.0,0.0,0.0,1.0,0.0,1.0,0.0,1.0,0.0,9.0,9:24,1.6,0
23,203473,Dewayne Dedmon,2.0,1.0,1.0,0.0,0.0,1.0,0.0,0.0,0.0,0.0,1.0,1.0,2.0,1:32,1.0,0
24,101131,Jason Maxiell,,,,,,,,,,,,,,,0.0,0
25,203506,Victor Oladipo,,,,,,,,,,,,,,,0.0,0
