,id,name,PTS,FG,FGA,FTA,FT,OREB,DREB,STL,AST,BLK,PF,TO,PLUS_MINUS,MIN,GS,WIN
0,2772,Trevor Ariza,13.0,4.0,16.0,2.0,2.0,4.0,3.0,2.0,0.0,0.0,4.0,3.0,0.0,30:27,4.5,0
1,202344,Trevor Booker,8.0,4.0,6.0,1.0,0.0,3.0,3.0,2.0,0.0,0.0,3.0,2.0,-10.0,22:03,6.8,0
2,101162,Marcin Gortat,15.0,7.0,14.0,0.0,0.0,5.0,6.0,0.0,1.0,0.0,2.0,3.0,-11.0,31:46,10.2,0
3,203078,Bradley Beal,19.0,6.0,14.0,6.0,3.0,1.0,2.0,0.0,3.0,0.0,4.0,5.0,-16.0,40:53,7.2,0
4,202322,John Wall,11.0,4.0,12.0,2.0,2.0,2.0,2.0,1.0,9.0,0.0,5.0,5.0,-12.0,39:02,6.5,0
5,101110,Martell Webster,13.0,4.0,7.0,4.0,3.0,1.0,6.0,2.0,4.0,0.0,2.0,0.0,-3.0,33:53,15.8,0
6,1733,Al Harrington,0.0,0.0,6.0,0.0,0.0,0.0,0.0,0.0,1.0,0.0,2.0,0.0,-11.0,12:18,-4.3,0
7,202338,Kevin Seraphin,9.0,4.0,5.0,1.0,1.0,0.0,1.0,0.0,0.0,2.0,4.0,2.0,4.0,15:00,5.2,0
8,201953,Eric Maynor,5.0,2.0,2.0,0.0,0.0,1.0,1.0,1.0,4.0,0.0,0.0,0.0,8.0,14:13,9.2,0
9,202066,Garrett Temple,0.0,0.0,0.0,0.0,0.0,0.0,0.0,0.0,0.0,0.0,0.0,0.0,1.0,0:27,0.0,0
10,2403,Nene,,,,,,,,,,,,,,,0.0,0
11,203318,Glen Rice,,,,,,,,,,,,,,,0.0,0
12,202686,Jan Vesely,,,,,,,,,,,,,,,0.0,0
13,2544,LeBron James,25.0,9.0,14.0,5.0,4.0,0.0,3.0,1.0,5.0,0.0,2.0,6.0,16.0,34:41,17.0,1
14,2617,Udonis Haslem,4.0,2.0,4.0,0.0,0.0,0.0,4.0,0.0,1.0,1.0,1.0,0.0,6.0,16:37,4.2,1
15,2547,Chris Bosh,24.0,8.0,12.0,8.0,6.0,3.0,4.0,0.0,2.0,2.0,1.0,2.0,11.0,31:23,21.7,1
16,2548,Dwyane Wade,20.0,8.0,15.0,8.0,4.0,1.0,4.0,2.0,5.0,2.0,1.0,5.0,-1.0,34:52,14.5,1
17,201596,Mario Chalmers,6.0,2.0,4.0,0.0,0.0,0.0,2.0,3.0,8.0,0.0,3.0,2.0,7.0,27:56,10.0,1
18,951,Ray Allen,4.0,2.0,5.0,0.0,0.0,1.0,2.0,0.0,6.0,0.0,2.0,0.0,3.0,30:40,6.0,1
19,202708,Norris Cole,9.0,3.0,6.0,0.0,0.0,0.0,1.0,2.0,2.0,0.0,2.0,0.0,3.0,21:40,8.9,1
20,2365,Chris Andersen,8.0,2.0,3.0,6.0,4.0,3.0,2.0,0.0,0.0,1.0,2.0,1.0,-1.0,16:37,7.5,1
21,2203,Shane Battier,0.0,0.0,4.0,0.0,0.0,0.0,1.0,0.0,2.0,0.0,3.0,0.0,0.0,20:26,-2.3,1
22,1740,Rashard Lewis,3.0,1.0,3.0,0.0,0.0,0.0,1.0,1.0,1.0,0.0,1.0,0.0,6.0,5:08,2.9,1
23,201202,Joel Anthony,,,,,,,,,,,,,,,0.0,1
24,201563,Michael Beasley,,,,,,,,,,,,,,,0.0,1
25,2592,James Jones,,,,,,,,,,,,,,,0.0,1
