,id,name,PTS,FG,FGA,FTA,FT,OREB,DREB,STL,AST,BLK,PF,TO,PLUS_MINUS,MIN,GS,WIN
0,203106,Jeffery Taylor,5.0,2.0,5.0,0.0,0.0,0.0,1.0,1.0,1.0,1.0,3.0,3.0,-15.0,22:31,0.8,1
1,201177,Josh McRoberts,13.0,5.0,10.0,2.0,2.0,2.0,5.0,0.0,7.0,0.0,5.0,1.0,12.0,44:17,12.8,1
2,2744,Al Jefferson,24.0,9.0,18.0,10.0,6.0,0.0,11.0,0.0,2.0,0.0,4.0,1.0,9.0,39:31,15.5,1
3,201945,Gerald Henderson,11.0,3.0,8.0,8.0,5.0,0.0,4.0,2.0,4.0,0.0,3.0,0.0,14.0,36:36,10.2,1
4,202689,Kemba Walker,29.0,10.0,18.0,7.0,5.0,1.0,4.0,3.0,1.0,0.0,5.0,6.0,9.0,43:58,17.2,1
5,203469,Cody Zeller,0.0,0.0,3.0,0.0,0.0,0.0,1.0,0.0,0.0,0.0,1.0,2.0,-10.0,8:43,-4.2,1
6,201196,Ramon Sessions,11.0,4.0,12.0,4.0,3.0,2.0,3.0,1.0,3.0,0.0,0.0,3.0,-9.0,34:27,6.2,1
7,202687,Bismack Biyombo,1.0,0.0,1.0,2.0,1.0,0.0,1.0,0.0,0.0,0.0,3.0,2.0,-7.0,13:29,-3.0,1
8,2732,Ben Gordon,0.0,0.0,1.0,0.0,0.0,0.0,1.0,0.0,0.0,0.0,0.0,2.0,-10.0,8:37,-2.4,1
9,201229,Anthony Tolliver,10.0,4.0,5.0,1.0,0.0,2.0,2.0,0.0,0.0,0.0,0.0,0.0,17.0,12:51,9.7,1
10,202399,Jeff Adrien,,,,,,,,,,,,,,,0.0,1
11,201604,Chris Douglas-Roberts,,,,,,,,,,,,,,,0.0,1
12,2457,Jannero Pargo,,,,,,,,,,,,,,,0.0,1
13,203082,Terrence Ross,5.0,2.0,9.0,0.0,0.0,1.0,3.0,1.0,1.0,0.0,2.0,0.0,1.0,24:23,2.0,0
14,101161,Amir Johnson,10.0,5.0,9.0,0.0,0.0,6.0,7.0,2.0,4.0,1.0,6.0,1.0,-9.0,39:33,14.1,0
15,202685,Jonas Valanciunas,10.0,5.0,9.0,0.0,0.0,2.0,4.0,0.0,0.0,0.0,4.0,2.0,-2.0,22:41,4.7,0
16,201942,DeMar DeRozan,30.0,11.0,26.0,10.0,8.0,0.0,6.0,3.0,1.0,1.0,3.0,2.0,-1.0,40:49,18.4,0
17,200768,Kyle Lowry,17.0,6.0,14.0,2.0,2.0,2.0,2.0,2.0,6.0,1.0,5.0,5.0,-11.0,40:31,11.5,0
18,202335,Patrick Patterson,4.0,2.0,3.0,0.0,0.0,1.0,2.0,0.0,1.0,0.0,4.0,2.0,-4.0,24:09,1.1,0
19,202349,Greivis Vasquez,9.0,4.0,15.0,2.0,1.0,1.0,3.0,1.0,8.0,0.0,3.0,2.0,8.0,29:28,4.7,0
20,201946,Tyler Hansbrough,6.0,3.0,4.0,2.0,0.0,3.0,1.0,0.0,0.0,1.0,1.0,1.0,5.0,18:49,5.3,0
21,2422,John Salmons,11.0,3.0,7.0,4.0,3.0,0.0,6.0,1.0,1.0,0.0,0.0,0.0,3.0,24:37,10.4,0
22,202361,Landry Fields,,,,,,,,,,,,,,,0.0,0
23,101236,Chuck Hayes,,,,,,,,,,,,,,,0.0,0
24,200779,Steve Novak,,,,,,,,,,,,,,,0.0,0
25,202933,Julyan Stone,,,,,,,,,,,,,,,0.0,0
