,id,name,PTS,FG,FGA,FTA,FT,OREB,DREB,STL,AST,BLK,PF,TO,PLUS_MINUS,MIN,GS,WIN
0,2419,Tayshaun Prince,11.0,5.0,11.0,2.0,0.0,2.0,3.0,0.0,1.0,0.0,2.0,2.0,12.0,33:17,4.7,1
1,2216,Zach Randolph,26.0,11.0,20.0,7.0,4.0,4.0,8.0,1.0,4.0,0.0,1.0,1.0,7.0,40:05,22.8,1
2,201188,Marc Gasol,9.0,4.0,10.0,1.0,1.0,0.0,6.0,2.0,2.0,2.0,2.0,1.0,13.0,40:13,8.4,1
3,201584,Courtney Lee,16.0,5.0,7.0,7.0,5.0,1.0,4.0,1.0,1.0,1.0,1.0,2.0,2.0,34:01,14.2,1
4,201144,Mike Conley,12.0,4.0,14.0,4.0,4.0,0.0,3.0,3.0,8.0,0.0,0.0,0.0,9.0,29:49,13.3,1
5,201979,Nick Calathes,7.0,3.0,5.0,0.0,0.0,0.0,0.0,2.0,0.0,0.0,3.0,2.0,-9.0,11:34,3.5,1
6,202334,Ed Davis,6.0,3.0,5.0,1.0,0.0,0.0,3.0,0.0,0.0,1.0,0.0,0.0,-6.0,13:32,4.9,1
7,201949,James Johnson,2.0,1.0,4.0,0.0,0.0,2.0,1.0,1.0,2.0,2.0,1.0,1.0,0.0,12:33,3.7,1
8,2034,Mike Miller,5.0,2.0,4.0,0.0,0.0,0.0,1.0,0.0,1.0,0.0,1.0,0.0,-8.0,24:56,3.6,1
9,2754,Tony Allen,,,,,,,,,,,,,,,0.0,1
10,203479,Jamaal Franklin,,,,,,,,,,,,,,,0.0,1
11,201585,Kosta Koufos,,,,,,,,,,,,,,,0.0,1
12,202720,Jon Leuer,,,,,,,,,,,,,,,0.0,1
13,201147,Corey Brewer,6.0,2.0,7.0,2.0,2.0,0.0,2.0,0.0,0.0,0.0,3.0,1.0,2.0,34:09,0.3,0
14,201567,Kevin Love,28.0,12.0,20.0,1.0,1.0,2.0,14.0,0.0,2.0,1.0,2.0,2.0,5.0,37:12,23.7,0
15,101142,Ronny Turiaf,7.0,3.0,4.0,2.0,1.0,2.0,8.0,1.0,2.0,1.0,2.0,2.0,-4.0,28:06,9.1,0
16,2755,Kevin Martin,14.0,7.0,17.0,0.0,0.0,1.0,2.0,1.0,1.0,0.0,2.0,2.0,-1.0,38:12,5.1,0
17,201937,Ricky Rubio,6.0,2.0,7.0,2.0,2.0,0.0,3.0,1.0,8.0,0.0,2.0,4.0,8.0,27:29,4.6,0
18,203476,Gorgui Dieng,0.0,0.0,1.0,0.0,0.0,2.0,1.0,1.0,0.0,2.0,2.0,2.0,-14.0,12:35,0.6,0
19,200826,J.J. Barea,12.0,5.0,11.0,0.0,0.0,0.0,0.0,0.0,4.0,0.0,2.0,1.0,-12.0,20:31,7.3,0
20,201978,Chase Budinger,3.0,1.0,5.0,0.0,0.0,0.0,2.0,0.0,1.0,0.0,2.0,0.0,-3.0,17:52,0.4,0
21,203144,Alexey Shved,2.0,1.0,3.0,0.0,0.0,0.0,0.0,0.0,0.0,0.0,0.0,0.0,-6.0,5:48,0.3,0
22,201967,Dante Cunningham,12.0,6.0,9.0,0.0,0.0,2.0,5.0,1.0,0.0,0.0,3.0,0.0,5.0,18:07,10.8,0
23,201601,Luc Mbah a Moute,,,,,,,,,,,,,,,0.0,0
24,203498,Shabazz Muhammad,,,,,,,,,,,,,,,0.0,0
25,201985,AJ Price,,,,,,,,,,,,,,,0.0,0
