,id,name,PTS,FG,FGA,FTA,FT,OREB,DREB,STL,AST,BLK,PF,TO,PLUS_MINUS,MIN,GS,WIN
0,2772,Trevor Ariza,16.0,5.0,10.0,4.0,3.0,2.0,7.0,1.0,4.0,0.0,4.0,1.0,12.0,39:20,15.3,1
1,2403,Nene,19.0,9.0,14.0,6.0,1.0,1.0,4.0,2.0,5.0,2.0,4.0,3.0,2.0,35:48,15.0,1
2,101162,Marcin Gortat,7.0,3.0,6.0,2.0,1.0,3.0,8.0,0.0,2.0,2.0,3.0,0.0,12.0,35:33,9.7,1
3,203078,Bradley Beal,13.0,6.0,12.0,0.0,0.0,1.0,3.0,1.0,4.0,0.0,1.0,1.0,16.0,29:57,11.0,1
4,202322,John Wall,19.0,6.0,14.0,8.0,7.0,0.0,5.0,4.0,7.0,1.0,1.0,5.0,10.0,36:21,16.9,1
5,202344,Trevor Booker,6.0,3.0,6.0,1.0,0.0,0.0,2.0,0.0,0.0,0.0,2.0,2.0,8.0,23:31,0.4,1
6,101110,Martell Webster,12.0,5.0,9.0,0.0,0.0,1.0,1.0,0.0,2.0,0.0,1.0,0.0,2.0,26:55,9.7,1
7,202066,Garrett Temple,10.0,2.0,4.0,7.0,5.0,0.0,2.0,1.0,1.0,0.0,1.0,0.0,8.0,12:35,9.1,1
8,201953,Eric Maynor,,,,,,,,,,,,,,,0.0,1
9,203490,Otto Porter Jr.,,,,,,,,,,,,,,,0.0,1
10,202338,Kevin Seraphin,,,,,,,,,,,,,,,0.0,1
11,202698,Chris Singleton,,,,,,,,,,,,,,,0.0,1
12,202686,Jan Vesely,,,,,,,,,,,,,,,0.0,1
13,2399,Mike Dunleavy,10.0,3.0,9.0,2.0,1.0,0.0,1.0,0.0,0.0,2.0,1.0,2.0,5.0,28:54,3.8,0
14,2430,Carlos Boozer,19.0,9.0,15.0,2.0,1.0,0.0,7.0,0.0,2.0,0.0,3.0,2.0,-7.0,32:29,12.0,0
15,201149,Joakim Noah,8.0,2.0,5.0,6.0,4.0,5.0,11.0,2.0,3.0,1.0,4.0,3.0,-6.0,37:20,11.5,0
16,202710,Jimmy Butler,12.0,5.0,10.0,2.0,0.0,2.0,2.0,1.0,1.0,0.0,0.0,0.0,-13.0,37:24,9.9,0
17,2550,Kirk Hinrich,8.0,3.0,10.0,2.0,2.0,2.0,1.0,0.0,8.0,0.0,5.0,4.0,-14.0,27:39,3.5,0
18,201959,Taj Gibson,8.0,4.0,7.0,0.0,0.0,3.0,4.0,0.0,2.0,0.0,2.0,1.0,-13.0,25:12,7.6,0
19,203503,Tony Snell,12.0,5.0,9.0,1.0,0.0,0.0,2.0,2.0,1.0,0.0,1.0,1.0,-11.0,15:45,9.2,0
20,201571,D.J. Augustin,7.0,2.0,11.0,2.0,2.0,1.0,0.0,2.0,7.0,0.0,4.0,3.0,-11.0,25:47,3.1,0
21,1737,Nazr Mohammed,0.0,0.0,0.0,0.0,0.0,0.0,0.0,0.0,0.0,0.0,0.0,0.0,-2.0,0:59,0.0,0
22,201858,Cartier Martin,4.0,1.0,3.0,2.0,1.0,1.0,0.0,1.0,1.0,0.0,1.0,1.0,2.0,8:31,2.9,0
23,203513,Erik Murphy,,,,,,,,,,,,,,,0.0,0
