,id,name,PTS,FG,FGA,FTA,FT,OREB,DREB,STL,AST,BLK,PF,TO,PLUS_MINUS,MIN,GS,WIN
0,2736,Luol Deng,17.0,6.0,18.0,5.0,5.0,0.0,3.0,1.0,1.0,0.0,1.0,1.0,-4.0,36:03,8.0,0
1,2430,Carlos Boozer,6.0,3.0,10.0,0.0,0.0,1.0,8.0,0.0,1.0,0.0,2.0,1.0,-20.0,30:45,2.2,0
2,201149,Joakim Noah,4.0,0.0,2.0,4.0,4.0,4.0,4.0,1.0,4.0,1.0,5.0,2.0,-28.0,27:25,7.1,0
3,202710,Jimmy Butler,7.0,2.0,6.0,2.0,2.0,3.0,1.0,1.0,1.0,1.0,1.0,3.0,-17.0,25:46,5.0,0
4,201565,Derrick Rose,17.0,6.0,15.0,5.0,4.0,0.0,1.0,0.0,2.0,0.0,3.0,4.0,-26.0,27:28,5.0,0
5,2399,Mike Dunleavy,6.0,2.0,6.0,1.0,1.0,0.0,3.0,0.0,0.0,0.0,0.0,0.0,5.0,20:32,3.5,0
6,201959,Taj Gibson,9.0,3.0,8.0,4.0,3.0,3.0,3.0,0.0,1.0,2.0,3.0,2.0,8.0,23:23,6.1,0
7,2550,Kirk Hinrich,12.0,3.0,5.0,6.0,4.0,0.0,3.0,0.0,5.0,1.0,4.0,3.0,-11.0,30:56,9.4,0
8,1737,Nazr Mohammed,2.0,1.0,2.0,0.0,0.0,0.0,2.0,1.0,0.0,0.0,1.0,1.0,6.0,13:22,1.2,0
9,203513,Erik Murphy,0.0,0.0,0.0,0.0,0.0,0.0,0.0,0.0,0.0,0.0,0.0,0.0,0.0,1:05,0.0,0
10,203503,Tony Snell,0.0,0.0,0.0,0.0,0.0,0.0,1.0,0.0,0.0,0.0,0.0,0.0,0.0,1:05,0.3,0
11,203104,Marquis Teague,0.0,0.0,1.0,0.0,0.0,0.0,0.0,0.0,0.0,0.0,0.0,0.0,0.0,1:05,-0.7,0
12,2229,Mike James,0.0,0.0,0.0,0.0,0.0,0.0,0.0,0.0,0.0,0.0,0.0,0.0,2.0,1:05,0.0,0
13,202331,Paul George,21.0,6.0,19.0,7.0,7.0,1.0,5.0,0.0,3.0,0.0,2.0,2.0,26.0,39:29,11.6,1
14,2561,David West,17.0,8.0,16.0,2.0,1.0,4.0,9.0,3.0,1.0,1.0,1.0,1.0,20.0,31:18,17.1,1
15,201579,Roy Hibbert,8.0,3.0,8.0,2.0,2.0,5.0,5.0,1.0,3.0,5.0,4.0,2.0,31.0,37:08,11.6,1
16,202362,Lance Stephenson,15.0,5.0,17.0,4.0,2.0,2.0,3.0,0.0,4.0,0.0,4.0,3.0,18.0,31:49,4.8,1
17,201228,C.J. Watson,11.0,3.0,5.0,4.0,4.0,0.0,1.0,2.0,4.0,1.0,5.0,0.0,22.0,26:43,12.5,1
18,203524,Solomon Hill,0.0,0.0,2.0,0.0,0.0,1.0,1.0,0.0,1.0,0.0,1.0,0.0,3.0,7:02,-0.1,1
19,202388,Donald Sloan,9.0,4.0,6.0,0.0,0.0,1.0,5.0,1.0,4.0,0.0,2.0,0.0,-3.0,21:17,11.6,1
20,2449,Luis Scola,12.0,6.0,8.0,0.0,0.0,0.0,3.0,2.0,0.0,0.0,1.0,1.0,-1.0,15:43,10.3,1
21,101133,Ian Mahinmi,0.0,0.0,1.0,0.0,0.0,2.0,0.0,0.0,0.0,0.0,3.0,4.0,-12.0,9:45,-4.5,1
22,203111,Orlando Johnson,4.0,1.0,3.0,2.0,2.0,1.0,3.0,0.0,1.0,0.0,1.0,1.0,-15.0,17:40,3.2,1
23,2446,Rasual Butler,0.0,0.0,0.0,0.0,0.0,0.0,0.0,0.0,0.0,0.0,0.0,0.0,-2.0,1:05,0.0,1
24,203142,Chris Copeland,0.0,0.0,1.0,0.0,0.0,0.0,0.0,0.0,0.0,0.0,0.0,0.0,-2.0,1:01,-0.7,1
25,201588,George Hill,,,,,,,,,,,,,,,0.0,1
