,id,name,PTS,FG,FGA,FTA,FT,OREB,DREB,STL,AST,BLK,PF,TO,PLUS_MINUS,MIN,GS,WIN
0,202331,Paul George,19.0,6.0,22.0,6.0,6.0,2.0,7.0,3.0,0.0,1.0,1.0,5.0,-3.0,38:06,7.8,0
1,2561,David West,10.0,4.0,10.0,2.0,2.0,1.0,6.0,0.0,0.0,1.0,4.0,4.0,-2.0,32:18,2.2,0
2,201579,Roy Hibbert,8.0,3.0,8.0,5.0,2.0,1.0,1.0,0.0,1.0,5.0,4.0,3.0,-1.0,31:58,3.0,0
3,202362,Lance Stephenson,13.0,3.0,13.0,8.0,7.0,4.0,10.0,0.0,4.0,0.0,2.0,2.0,-3.0,35:29,10.5,0
4,201588,George Hill,8.0,3.0,6.0,2.0,2.0,1.0,2.0,2.0,6.0,0.0,2.0,1.0,-4.0,37:34,10.7,0
5,2449,Luis Scola,10.0,5.0,8.0,0.0,0.0,1.0,2.0,0.0,1.0,0.0,3.0,0.0,-13.0,13:39,7.2,0
6,202323,Evan Turner,0.0,0.0,4.0,0.0,0.0,0.0,2.0,0.0,1.0,0.0,2.0,1.0,-17.0,14:02,-3.3,0
7,202388,Donald Sloan,7.0,3.0,4.0,0.0,0.0,0.0,1.0,0.0,0.0,0.0,0.0,1.0,-9.0,10:26,4.7,0
8,101133,Ian Mahinmi,3.0,1.0,2.0,2.0,1.0,3.0,3.0,0.0,0.0,2.0,1.0,0.0,-14.0,13:49,5.6,0
9,203142,Chris Copeland,0.0,0.0,2.0,0.0,0.0,0.0,0.0,0.0,0.0,0.0,0.0,0.0,-5.0,6:30,-1.4,0
10,2446,Rasual Butler,0.0,0.0,0.0,0.0,0.0,0.0,1.0,0.0,0.0,0.0,0.0,0.0,2.0,2:03,0.3,0
11,203524,Solomon Hill,0.0,0.0,0.0,0.0,0.0,0.0,0.0,0.0,0.0,0.0,0.0,0.0,2.0,2:03,0.0,0
12,202730,Lavoy Allen,0.0,0.0,0.0,0.0,0.0,0.0,0.0,0.0,0.0,0.0,0.0,0.0,2.0,2:03,0.0,0
13,2772,Trevor Ariza,11.0,2.0,12.0,6.0,6.0,2.0,3.0,1.0,4.0,0.0,2.0,0.0,5.0,34:04,8.7,1
14,202344,Trevor Booker,6.0,3.0,3.0,0.0,0.0,1.0,3.0,0.0,0.0,0.0,3.0,1.0,-8.0,19:29,4.5,1
15,101162,Marcin Gortat,17.0,8.0,15.0,1.0,1.0,4.0,8.0,1.0,0.0,2.0,3.0,0.0,10.0,34:08,16.1,1
16,203078,Bradley Beal,7.0,2.0,13.0,2.0,2.0,0.0,3.0,0.0,2.0,0.0,3.0,0.0,2.0,35:14,-0.2,1
17,202322,John Wall,20.0,9.0,21.0,1.0,1.0,0.0,2.0,2.0,8.0,1.0,3.0,4.0,3.0,37:60,12.6,1
18,101110,Martell Webster,11.0,3.0,6.0,2.0,2.0,1.0,2.0,1.0,2.0,0.0,1.0,2.0,20.0,24:14,9.3,1
19,1733,Al Harrington,12.0,5.0,10.0,1.0,1.0,1.0,0.0,0.0,1.0,0.0,1.0,0.0,20.0,22:05,8.0,1
20,2400,Drew Gooden,3.0,1.0,5.0,2.0,1.0,0.0,6.0,0.0,1.0,0.0,4.0,1.0,4.0,20:18,-0.6,1
21,1889,Andre Miller,4.0,1.0,2.0,2.0,2.0,2.0,4.0,1.0,2.0,1.0,1.0,0.0,11.0,10:42,8.3,1
22,202066,Garrett Temple,0.0,0.0,0.0,0.0,0.0,1.0,0.0,0.0,0.0,0.0,0.0,0.0,-2.0,1:46,0.7,1
23,203490,Otto Porter Jr.,,,,,,,,,,,,,,,0.0,1
24,202338,Kevin Seraphin,,,,,,,,,,,,,,,0.0,1
25,202698,Chris Singleton,,,,,,,,,,,,,,,0.0,1
