,id,name,PTS,FG,FGA,FTA,FT,OREB,DREB,STL,AST,BLK,PF,TO,PLUS_MINUS,MIN,GS,WIN
0,2210,Richard Jefferson,13.0,5.0,12.0,4.0,3.0,0.0,2.0,5.0,3.0,0.0,3.0,2.0,-16.0,31:58,10.7,0
1,202324,Derrick Favors,10.0,4.0,10.0,5.0,2.0,3.0,11.0,0.0,1.0,3.0,4.0,3.0,-12.0,34:15,7.0,0
2,202683,Enes Kanter,22.0,9.0,14.0,5.0,4.0,4.0,4.0,0.0,0.0,0.0,2.0,0.0,-4.0,37:34,18.6,0
3,202330,Gordon Hayward,28.0,12.0,20.0,4.0,3.0,2.0,7.0,1.0,5.0,0.0,3.0,2.0,-1.0,39:36,23.2,0
4,2224,Jamaal Tinsley,0.0,0.0,2.0,0.0,0.0,0.0,0.0,0.0,4.0,0.0,2.0,2.0,-11.0,20:23,-1.4,0
5,203497,Rudy Gobert,0.0,0.0,0.0,0.0,0.0,0.0,0.0,0.0,0.0,1.0,2.0,1.0,-11.0,5:54,-1.1,0
6,101249,John Lucas III,4.0,2.0,4.0,0.0,0.0,0.0,1.0,0.0,0.0,0.0,1.0,2.0,-13.0,13:13,-0.1,0
7,202692,Alec Burks,8.0,4.0,9.0,0.0,0.0,1.0,3.0,1.0,0.0,0.0,0.0,4.0,6.0,22:16,1.9,0
8,200839,Mike Harris,2.0,1.0,3.0,0.0,0.0,1.0,1.0,1.0,0.0,0.0,3.0,3.0,7.0,18:17,-1.9,0
9,203546,Ian Clark,0.0,0.0,6.0,0.0,0.0,0.0,2.0,0.0,1.0,0.0,2.0,1.0,5.0,16:34,-4.7,0
10,201575,Brandon Rush,,,,,,,,,,,,,,,0.0,0
11,101107,Marvin Williams,,,,,,,,,,,,,,,0.0,0
12,201145,Jeff Green,18.0,6.0,13.0,3.0,3.0,0.0,3.0,1.0,4.0,0.0,1.0,1.0,10.0,36:18,14.6,1
13,101138,Brandon Bass,20.0,9.0,15.0,3.0,2.0,3.0,1.0,0.0,2.0,2.0,4.0,3.0,-3.0,31:17,13.3,1
14,203543,Vitor Faverani,0.0,0.0,4.0,0.0,0.0,1.0,2.0,0.0,2.0,0.0,1.0,0.0,-8.0,6:04,-0.5,1
15,202348,Jordan Crawford,7.0,3.0,9.0,0.0,0.0,0.0,2.0,0.0,4.0,1.0,2.0,0.0,-8.0,26:57,5.2,1
16,202340,Avery Bradley,8.0,3.0,8.0,2.0,2.0,2.0,4.0,1.0,1.0,0.0,2.0,2.0,-1.0,30:18,5.1,1
17,203096,Jared Sullinger,12.0,6.0,11.0,0.0,0.0,0.0,5.0,0.0,0.0,1.0,2.0,2.0,18.0,23:32,6.1,1
18,2222,Gerald Wallace,9.0,3.0,5.0,4.0,1.0,0.0,9.0,1.0,3.0,0.0,2.0,3.0,16.0,23:00,7.5,1
19,203482,Kelly Olynyk,14.0,6.0,14.0,2.0,2.0,4.0,4.0,1.0,3.0,0.0,3.0,2.0,10.0,29:25,10.5,1
20,203515,Phil Pressey,2.0,1.0,4.0,0.0,0.0,0.0,0.0,1.0,3.0,0.0,0.0,0.0,8.0,16:54,2.7,1
21,201584,Courtney Lee,5.0,2.0,3.0,0.0,0.0,0.0,2.0,0.0,0.0,0.0,1.0,0.0,5.0,10:33,3.9,1
22,2743,Kris Humphries,2.0,1.0,3.0,0.0,0.0,0.0,0.0,0.0,0.0,0.0,0.0,1.0,3.0,5:42,-0.7,1
23,2586,Keith Bogans,,,,,,,,,,,,,,,0.0,1
24,202705,MarShon Brooks,,,,,,,,,,,,,,,0.0,1
