,id,name,PTS,FG,FGA,FTA,FT,OREB,DREB,STL,AST,BLK,PF,TO,PLUS_MINUS,MIN,GS,WIN
0,203077,Michael Kidd-Gilchrist,9.0,4.0,8.0,6.0,1.0,1.0,3.0,1.0,0.0,1.0,2.0,1.0,5.0,28:06,4.5,1
1,201177,Josh McRoberts,17.0,6.0,8.0,0.0,0.0,0.0,2.0,1.0,5.0,1.0,2.0,1.0,17.0,35:43,17.8,1
2,2744,Al Jefferson,30.0,13.0,17.0,4.0,4.0,1.0,15.0,3.0,2.0,1.0,3.0,1.0,17.0,36:19,31.4,1
3,201945,Gerald Henderson,17.0,3.0,11.0,12.0,11.0,0.0,3.0,0.0,1.0,2.0,2.0,3.0,10.0,35:03,9.3,1
4,202689,Kemba Walker,19.0,7.0,16.0,6.0,4.0,0.0,2.0,0.0,10.0,0.0,0.0,0.0,14.0,42:40,17.4,1
5,201229,Anthony Tolliver,3.0,1.0,2.0,0.0,0.0,0.0,2.0,0.0,1.0,0.0,1.0,1.0,1.0,16:59,1.9,1
6,203469,Cody Zeller,6.0,2.0,6.0,2.0,2.0,1.0,2.0,0.0,0.0,0.0,2.0,1.0,-7.0,12:17,2.1,1
7,201196,Ramon Sessions,10.0,3.0,6.0,5.0,4.0,0.0,1.0,1.0,5.0,0.0,0.0,2.0,0.0,21:12,9.4,1
8,202399,Jeff Adrien,0.0,0.0,0.0,0.0,0.0,1.0,1.0,0.0,1.0,1.0,2.0,1.0,-6.0,8:37,0.6,1
9,202687,Bismack Biyombo,0.0,0.0,0.0,0.0,0.0,0.0,1.0,0.0,0.0,0.0,1.0,1.0,-1.0,3:04,-1.1,1
10,201604,Chris Douglas-Roberts,,,,,,,,,,,,,,,0.0,1
11,2732,Ben Gordon,,,,,,,,,,,,,,,0.0,1
12,2457,Jannero Pargo,,,,,,,,,,,,,,,0.0,1
13,201167,Arron Afflalo,24.0,7.0,14.0,8.0,6.0,0.0,4.0,0.0,2.0,0.0,2.0,1.0,-7.0,37:44,17.0,0
14,202699,Tobias Harris,18.0,7.0,14.0,5.0,3.0,2.0,5.0,0.0,1.0,1.0,4.0,1.0,-13.0,36:14,11.9,0
15,201175,Glen Davis,11.0,5.0,7.0,2.0,1.0,1.0,10.0,0.0,0.0,0.0,5.0,4.0,-9.0,32:34,5.4,0
16,203506,Victor Oladipo,11.0,4.0,14.0,3.0,2.0,0.0,5.0,1.0,10.0,2.0,4.0,4.0,-18.0,39:15,7.7,0
17,2749,Jameer Nelson,18.0,7.0,16.0,1.0,1.0,0.0,0.0,1.0,8.0,0.0,2.0,0.0,-19.0,34:21,15.4,0
18,202734,E'Twaun Moore,7.0,3.0,4.0,0.0,0.0,0.0,1.0,2.0,4.0,0.0,2.0,2.0,5.0,17:47,7.7,0
19,203124,Kyle O'Quinn,8.0,4.0,8.0,0.0,0.0,2.0,5.0,0.0,0.0,3.0,2.0,2.0,1.0,16:52,6.2,0
20,203094,Andrew Nicholson,4.0,1.0,4.0,2.0,2.0,1.0,2.0,0.0,0.0,0.0,1.0,0.0,1.0,10:20,2.5,0
21,203090,Maurice Harkless,0.0,0.0,1.0,0.0,0.0,0.0,0.0,1.0,0.0,0.0,0.0,0.0,14.0,12:47,0.3,0
22,203117,Doron Lamb,0.0,0.0,0.0,0.0,0.0,0.0,0.0,0.0,0.0,0.0,0.0,0.0,-5.0,2:06,0.0,0
23,101131,Jason Maxiell,,,,,,,,,,,,,,,0.0,0
24,101179,Ronnie Price,,,,,,,,,,,,,,,0.0,0
25,202696,Nikola Vucevic,,,,,,,,,,,,,,,0.0,0
