,id,name,PTS,FG,FGA,FTA,FT,OREB,DREB,STL,AST,BLK,PF,TO,PLUS_MINUS,MIN,GS,WIN
0,202329,Al-Farouq Aminu,6.0,3.0,5.0,2.0,0.0,0.0,5.0,3.0,2.0,2.0,2.0,1.0,-10.0,31:12,8.4,0
1,203076,Anthony Davis,22.0,10.0,18.0,2.0,2.0,7.0,5.0,3.0,1.0,2.0,3.0,5.0,-24.0,41:00,18.7,0
2,201582,Alexis Ajinca,4.0,1.0,2.0,2.0,2.0,1.0,1.0,0.0,0.0,0.0,2.0,0.0,-5.0,14:10,3.2,0
3,201569,Eric Gordon,15.0,6.0,13.0,1.0,1.0,0.0,1.0,1.0,3.0,0.0,0.0,0.0,-15.0,29:34,11.7,0
4,201950,Jrue Holiday,4.0,2.0,6.0,0.0,0.0,0.0,5.0,1.0,7.0,0.0,2.0,4.0,-17.0,30:56,3.2,0
5,201160,Jason Smith,8.0,4.0,11.0,0.0,0.0,0.0,4.0,0.0,1.0,0.0,3.0,1.0,-8.0,21:55,1.6,0
6,201936,Tyreke Evans,13.0,4.0,11.0,4.0,4.0,2.0,1.0,0.0,1.0,0.0,4.0,2.0,-17.0,20:25,5.7,0
7,201880,Greg Stiemsma,0.0,0.0,0.0,1.0,0.0,2.0,3.0,0.0,1.0,0.0,2.0,0.0,-3.0,14:34,1.8,0
8,203148,Brian Roberts,10.0,3.0,5.0,5.0,4.0,0.0,1.0,1.0,1.0,0.0,2.0,0.0,-2.0,17:04,8.5,0
9,201627,Anthony Morrow,4.0,2.0,5.0,0.0,0.0,0.0,1.0,0.0,1.0,0.0,2.0,3.0,0.0,12:30,-1.5,0
10,203121,Darius Miller,2.0,1.0,1.0,0.0,0.0,0.0,0.0,0.0,0.0,0.0,0.0,0.0,3.0,3:30,1.7,0
11,203481,Jeff Withey,0.0,0.0,0.0,0.0,0.0,0.0,2.0,0.0,0.0,0.0,0.0,0.0,3.0,3:10,0.6,0
12,203085,Austin Rivers,,,,,,,,,,,,,,,0.0,0
13,2544,LeBron James,32.0,13.0,22.0,3.0,3.0,1.0,2.0,2.0,5.0,0.0,1.0,3.0,19.0,35:15,25.2,1
14,1740,Rashard Lewis,2.0,1.0,5.0,0.0,0.0,0.0,1.0,1.0,0.0,0.0,0.0,0.0,8.0,16:36,0.2,1
15,2547,Chris Bosh,12.0,3.0,7.0,5.0,5.0,2.0,7.0,0.0,3.0,0.0,2.0,0.0,29.0,34:11,13.1,1
16,2548,Dwyane Wade,22.0,9.0,15.0,5.0,4.0,3.0,5.0,0.0,8.0,0.0,1.0,4.0,22.0,34:20,19.5,1
17,202708,Norris Cole,9.0,3.0,7.0,2.0,1.0,0.0,2.0,0.0,2.0,0.0,3.0,1.0,17.0,26:24,4.7,1
18,951,Ray Allen,11.0,3.0,7.0,3.0,3.0,0.0,3.0,1.0,2.0,0.0,1.0,2.0,9.0,28:60,8.2,1
19,201563,Michael Beasley,1.0,0.0,3.0,2.0,1.0,0.0,3.0,1.0,0.0,1.0,6.0,2.0,-10.0,13:09,-3.3,1
20,2365,Chris Andersen,15.0,7.0,7.0,3.0,1.0,2.0,5.0,1.0,2.0,1.0,2.0,0.0,15.0,23:22,17.3,1
21,2427,Roger Mason Jr.,0.0,0.0,2.0,0.0,0.0,0.0,0.0,0.0,2.0,0.0,2.0,0.0,-4.0,15:53,-0.8,1
22,2617,Udonis Haslem,0.0,0.0,1.0,0.0,0.0,1.0,1.0,0.0,0.0,0.0,0.0,0.0,-6.0,6:25,0.3,1
23,2592,James Jones,3.0,1.0,2.0,0.0,0.0,0.0,0.0,0.0,0.0,0.0,0.0,0.0,-3.0,3:10,2.0,1
24,201202,Joel Anthony,0.0,0.0,0.0,0.0,0.0,0.0,1.0,0.0,0.0,0.0,0.0,0.0,-1.0,2:16,0.3,1
25,201596,Mario Chalmers,,,,,,,,,,,,,,,0.0,1
