,id,name,PTS,FG,FGA,FTA,FT,OREB,DREB,STL,AST,BLK,PF,TO,PLUS_MINUS,MIN,GS,WIN
0,201587,Nicolas Batum,15.0,6.0,12.0,4.0,3.0,0.0,5.0,1.0,4.0,0.0,3.0,4.0,-10.0,33:59,8.7,1
1,200746,LaMarcus Aldridge,26.0,12.0,16.0,2.0,2.0,1.0,8.0,2.0,3.0,2.0,2.0,1.0,6.0,34:07,26.4,1
2,201577,Robin Lopez,7.0,1.0,6.0,7.0,5.0,3.0,8.0,0.0,1.0,4.0,4.0,0.0,-7.0,30:07,8.8,1
3,202083,Wesley Matthews,21.0,6.0,14.0,7.0,6.0,0.0,1.0,0.0,6.0,0.0,5.0,0.0,2.0,32:59,15.7,1
4,203081,Damian Lillard,14.0,3.0,10.0,7.0,7.0,1.0,4.0,1.0,4.0,1.0,5.0,3.0,8.0,30:47,9.6,1
5,2248,Earl Watson,3.0,1.0,2.0,0.0,0.0,0.0,0.0,0.0,2.0,0.0,4.0,0.0,4.0,10:42,1.8,1
6,200777,Joel Freeland,11.0,5.0,7.0,3.0,1.0,5.0,1.0,0.0,1.0,0.0,1.0,0.0,14.0,17:53,11.4,1
7,203468,CJ McCollum,19.0,6.0,12.0,6.0,4.0,0.0,3.0,2.0,3.0,0.0,3.0,4.0,9.0,28:07,12.0,1
8,2748,Dorell Wright,0.0,0.0,2.0,0.0,0.0,0.0,2.0,0.0,4.0,0.0,1.0,0.0,9.0,8:01,1.6,1
9,203080,Thomas Robinson,1.0,0.0,2.0,2.0,1.0,0.0,5.0,1.0,0.0,0.0,2.0,1.0,0.0,13:18,-0.1,1
10,203115,Will Barton,,,,,,,,,,,,,,,0.0,1
11,203459,Allen Crabbe,,,,,,,,,,,,,,,0.0,1
12,203086,Meyers Leonard,,,,,,,,,,,,,,,0.0,1
13,201147,Corey Brewer,26.0,11.0,23.0,6.0,4.0,3.0,4.0,0.0,2.0,1.0,1.0,0.0,6.0,38:49,18.5,0
14,201967,Dante Cunningham,14.0,6.0,16.0,6.0,2.0,2.0,8.0,1.0,2.0,1.0,4.0,0.0,4.0,38:51,8.9,0
15,101142,Ronny Turiaf,8.0,4.0,8.0,0.0,0.0,6.0,7.0,0.0,3.0,3.0,6.0,1.0,8.0,38:26,11.1,0
16,201978,Chase Budinger,19.0,6.0,12.0,5.0,4.0,1.0,4.0,1.0,1.0,0.0,0.0,3.0,19.0,29:00,13.2,0
17,201937,Ricky Rubio,25.0,8.0,19.0,8.0,7.0,0.0,2.0,1.0,9.0,0.0,5.0,3.0,5.0,38:50,17.4,0
18,203476,Gorgui Dieng,0.0,0.0,1.0,0.0,0.0,3.0,2.0,0.0,0.0,0.0,1.0,0.0,-16.0,9:09,1.6,0
19,200826,J.J. Barea,6.0,1.0,7.0,4.0,4.0,0.0,3.0,1.0,0.0,0.0,2.0,1.0,-18.0,14:14,1.6,0
20,203144,Alexey Shved,0.0,0.0,2.0,0.0,0.0,0.0,0.0,0.0,0.0,0.0,2.0,1.0,-14.0,6:22,-3.2,0
21,201601,Luc Mbah a Moute,0.0,0.0,1.0,0.0,0.0,1.0,0.0,1.0,0.0,0.0,0.0,1.0,-6.0,4:06,0.0,0
22,203498,Shabazz Muhammad,12.0,4.0,8.0,5.0,4.0,0.0,2.0,1.0,0.0,0.0,4.0,1.0,-19.0,16:45,6.6,0
23,203133,Robbie Hummel,0.0,0.0,0.0,0.0,0.0,1.0,1.0,0.0,0.0,0.0,0.0,1.0,-4.0,5:28,0.0,0
24,201567,Kevin Love,,,,,,,,,,,,,,,0.0,0
25,201985,AJ Price,,,,,,,,,,,,,,,0.0,0
