,id,name,PTS,FG,FGA,FTA,FT,OREB,DREB,STL,AST,BLK,PF,TO,PLUS_MINUS,MIN,GS,WIN
0,2738,Andre Iguodala,12.0,5.0,9.0,3.0,1.0,3.0,5.0,0.0,0.0,0.0,3.0,1.0,-18.0,39:18,8.3,0
1,203110,Draymond Green,5.0,2.0,6.0,2.0,1.0,2.0,4.0,0.0,4.0,1.0,4.0,4.0,-17.0,27:12,1.7,0
2,979,Jermaine O'Neal,11.0,4.0,11.0,3.0,3.0,3.0,1.0,1.0,1.0,1.0,3.0,2.0,-18.0,30:31,6.5,0
3,202691,Klay Thompson,17.0,6.0,13.0,4.0,3.0,0.0,5.0,1.0,2.0,0.0,4.0,0.0,-10.0,39:25,12.2,0
4,201939,Stephen Curry,28.0,10.0,20.0,6.0,5.0,1.0,1.0,0.0,9.0,0.0,2.0,2.0,-15.0,41:09,22.1,0
5,203084,Harrison Barnes,23.0,9.0,15.0,4.0,3.0,2.0,4.0,1.0,0.0,1.0,3.0,1.0,6.0,36:16,17.8,0
6,201578,Marreese Speights,2.0,1.0,1.0,0.0,0.0,0.0,2.0,0.0,0.0,1.0,1.0,1.0,2.0,6:53,1.6,0
7,202348,Jordan Crawford,10.0,4.0,9.0,2.0,2.0,1.0,0.0,2.0,0.0,0.0,1.0,1.0,8.0,17:14,6.6,0
8,203145,Kent Bazemore,1.0,0.0,0.0,2.0,1.0,0.0,0.0,0.0,0.0,0.0,0.0,0.0,-3.0,2:03,0.6,0
9,203136,Ognjen Kuzmic,0.0,0.0,0.0,0.0,0.0,0.0,0.0,0.0,0.0,0.0,0.0,0.0,0.0,0:00,0.0,0
10,202705,MarShon Brooks,,,,,,,,,,,,,,,0.0,0
11,203517,Nemanja Nedovic,,,,,,,,,,,,,,,0.0,0
12,200782,P.J. Tucker,16.0,5.0,10.0,5.0,4.0,3.0,12.0,4.0,0.0,0.0,4.0,1.0,14.0,41:17,17.7,1
13,101112,Channing Frye,13.0,6.0,13.0,0.0,0.0,1.0,4.0,0.0,5.0,0.0,4.0,4.0,20.0,35:56,6.1,1
14,203101,Miles Plumlee,12.0,5.0,10.0,2.0,2.0,2.0,5.0,1.0,0.0,0.0,1.0,1.0,7.0,21:54,9.5,1
15,101123,Gerald Green,25.0,10.0,15.0,5.0,3.0,2.0,3.0,1.0,0.0,0.0,3.0,2.0,0.0,31:10,17.8,1
16,201609,Goran Dragic,34.0,10.0,13.0,10.0,8.0,0.0,2.0,2.0,10.0,0.0,3.0,3.0,19.0,39:60,33.5,1
17,202694,Marcus Morris Sr.,14.0,4.0,8.0,6.0,6.0,2.0,4.0,1.0,0.0,1.0,4.0,3.0,-4.0,24:11,9.7,1
18,202693,Markieff Morris,0.0,0.0,3.0,0.0,0.0,1.0,3.0,0.0,0.0,1.0,1.0,2.0,5.0,16:59,-2.2,1
19,202397,Ish Smith,2.0,1.0,4.0,0.0,0.0,1.0,0.0,0.0,1.0,0.0,0.0,0.0,-3.0,5:47,1.0,1
20,2571,Leandro Barbosa,6.0,2.0,4.0,2.0,2.0,0.0,0.0,0.0,0.0,0.0,2.0,1.0,7.0,22:47,2.2,1
21,202091,Dionte Christmas,,,,,,,,,,,,,,,0.0,1
22,203139,Viacheslav Kravtsov,,,,,,,,,,,,,,,0.0,1
23,203458,Alex Len,,,,,,,,,,,,,,,0.0,1
