,id,name,PTS,FG,FGA,FTA,FT,OREB,DREB,STL,AST,BLK,PF,TO,PLUS_MINUS,MIN,GS,WIN
0,200752,Rudy Gay,14.0,6.0,23.0,4.0,2.0,2.0,3.0,0.0,1.0,2.0,2.0,2.0,-17.0,32:10,1.1,0
1,101161,Amir Johnson,13.0,6.0,9.0,0.0,0.0,2.0,6.0,2.0,2.0,0.0,4.0,0.0,2.0,32:59,14.1,0
2,202685,Jonas Valanciunas,4.0,2.0,5.0,0.0,0.0,1.0,3.0,1.0,0.0,2.0,3.0,1.0,-10.0,17:43,3.1,0
3,201942,DeMar DeRozan,31.0,14.0,23.0,2.0,1.0,0.0,4.0,1.0,2.0,1.0,3.0,2.0,-10.0,36:35,21.2,0
4,200768,Kyle Lowry,16.0,5.0,7.0,6.0,3.0,0.0,3.0,0.0,4.0,0.0,2.0,4.0,-19.0,33:37,10.8,0
5,201948,Austin Daye,2.0,1.0,4.0,0.0,0.0,1.0,2.0,0.0,0.0,0.0,2.0,0.0,-14.0,8:18,0.1,0
6,201946,Tyler Hansbrough,4.0,1.0,3.0,2.0,2.0,1.0,3.0,0.0,0.0,1.0,2.0,1.0,-3.0,20:28,2.8,0
7,201571,D.J. Augustin,4.0,2.0,5.0,0.0,0.0,0.0,1.0,0.0,4.0,0.0,1.0,0.0,8.0,12:25,4.0,0
8,202361,Landry Fields,4.0,2.0,5.0,0.0,0.0,3.0,6.0,1.0,2.0,0.0,3.0,0.0,12.0,23:13,6.4,0
9,203082,Terrence Ross,0.0,0.0,1.0,0.0,0.0,0.0,1.0,0.0,0.0,0.0,2.0,1.0,14.0,13:12,-2.2,0
10,202933,Julyan Stone,0.0,0.0,0.0,0.0,0.0,0.0,0.0,0.0,0.0,0.0,0.0,0.0,-2.0,3:34,0.0,0
11,202779,Dwight Buycks,3.0,1.0,3.0,0.0,0.0,0.0,0.0,0.0,0.0,0.0,1.0,1.0,4.0,5:46,-0.1,0
12,203112,Quincy Acy,,,,,,,,,,,,,,,0.0,0
13,201960,DeMarre Carroll,8.0,1.0,7.0,5.0,5.0,1.0,2.0,3.0,3.0,0.0,1.0,0.0,12.0,33:27,9.5,1
14,200794,Paul Millsap,15.0,7.0,12.0,5.0,1.0,1.0,4.0,0.0,2.0,0.0,2.0,2.0,-3.0,31:05,8.3,1
15,201143,Al Horford,22.0,9.0,14.0,8.0,4.0,3.0,13.0,0.0,1.0,1.0,2.0,2.0,16.0,35:13,18.8,1
16,2594,Kyle Korver,17.0,6.0,12.0,0.0,0.0,0.0,4.0,3.0,3.0,0.0,2.0,3.0,0.0,34:37,13.5,1
17,201952,Jeff Teague,17.0,4.0,13.0,9.0,8.0,0.0,0.0,1.0,12.0,0.0,1.0,1.0,20.0,36:17,17.1,1
18,203118,Mike Scott,4.0,2.0,4.0,0.0,0.0,1.0,1.0,0.0,1.0,0.0,0.0,0.0,-4.0,10:57,3.7,1
19,201858,Cartier Martin,8.0,2.0,4.0,4.0,2.0,0.0,2.0,0.0,0.0,1.0,1.0,1.0,0.0,23:42,5.1,1
20,203471,Dennis Schroder,4.0,2.0,5.0,0.0,0.0,0.0,0.0,0.0,1.0,0.0,0.0,2.0,-11.0,15:57,-0.0,1
21,1882,Elton Brand,2.0,1.0,2.0,0.0,0.0,1.0,3.0,0.0,0.0,1.0,2.0,0.0,-3.0,7:10,2.5,1
22,203544,Pero Antic,5.0,2.0,4.0,0.0,0.0,0.0,1.0,0.0,1.0,0.0,1.0,2.0,8.0,11:35,1.6,1
23,203099,Jared Cunningham,,,,,,,,,,,,,,,0.0,1
24,203098,John Jenkins,,,,,,,,,,,,,,,0.0,1
25,202714,Shelvin Mack,,,,,,,,,,,,,,,0.0,1
