,id,name,PTS,FG,FGA,FTA,FT,OREB,DREB,STL,AST,BLK,PF,TO,PLUS_MINUS,MIN,GS,WIN
0,202331,Paul George,32.0,9.0,19.0,13.0,10.0,0.0,6.0,2.0,5.0,0.0,2.0,2.0,9.0,39:26,25.6,1
1,2561,David West,12.0,3.0,11.0,6.0,6.0,0.0,7.0,1.0,5.0,2.0,3.0,3.0,3.0,33:21,9.3,1
2,201579,Roy Hibbert,6.0,2.0,5.0,3.0,2.0,2.0,2.0,0.0,1.0,5.0,5.0,2.0,7.0,21:37,5.1,1
3,202362,Lance Stephenson,16.0,7.0,12.0,0.0,0.0,2.0,6.0,0.0,4.0,0.0,1.0,2.0,3.0,41:20,14.0,1
4,201588,George Hill,19.0,6.0,13.0,4.0,3.0,0.0,1.0,1.0,4.0,0.0,4.0,3.0,1.0,35:43,11.4,1
5,101133,Ian Mahinmi,0.0,0.0,3.0,0.0,0.0,1.0,6.0,1.0,0.0,4.0,1.0,1.0,-4.0,24:14,2.8,1
6,203111,Orlando Johnson,2.0,0.0,2.0,2.0,2.0,0.0,0.0,0.0,0.0,0.0,0.0,0.0,1.0,12:36,0.6,1
7,201228,C.J. Watson,2.0,0.0,1.0,2.0,2.0,0.0,2.0,0.0,0.0,0.0,0.0,0.0,0.0,15:08,1.9,1
8,2449,Luis Scola,6.0,3.0,4.0,0.0,0.0,1.0,1.0,0.0,0.0,1.0,2.0,3.0,5.0,16:35,2.3,1
9,2446,Rasual Butler,,,,,,,,,,,,,,,0.0,1
10,203142,Chris Copeland,,,,,,,,,,,,,,,0.0,1
11,203524,Solomon Hill,,,,,,,,,,,,,,,0.0,1
12,202388,Donald Sloan,,,,,,,,,,,,,,,0.0,1
13,202329,Al-Farouq Aminu,1.0,0.0,2.0,2.0,1.0,0.0,4.0,2.0,2.0,0.0,5.0,1.0,-6.0,23:13,0.8,0
14,203076,Anthony Davis,20.0,8.0,20.0,4.0,4.0,7.0,5.0,1.0,0.0,3.0,4.0,4.0,-2.0,37:44,13.1,0
15,201160,Jason Smith,8.0,4.0,6.0,0.0,0.0,1.0,1.0,0.0,1.0,1.0,6.0,0.0,8.0,20:27,5.4,0
16,201569,Eric Gordon,25.0,8.0,19.0,9.0,6.0,1.0,2.0,2.0,1.0,0.0,0.0,1.0,-2.0,33:29,16.7,0
17,201950,Jrue Holiday,24.0,8.0,18.0,6.0,6.0,0.0,7.0,1.0,5.0,0.0,3.0,2.0,-6.0,36:08,18.0,0
18,201936,Tyreke Evans,4.0,2.0,8.0,0.0,0.0,0.0,2.0,0.0,3.0,0.0,2.0,3.0,-7.0,22:40,-1.9,0
19,201880,Greg Stiemsma,2.0,1.0,2.0,0.0,0.0,4.0,1.0,1.0,0.0,1.0,4.0,2.0,-5.0,14:58,2.2,0
20,201627,Anthony Morrow,2.0,1.0,3.0,0.0,0.0,0.0,1.0,0.0,0.0,0.0,0.0,0.0,1.0,14:04,0.6,0
21,203148,Brian Roberts,2.0,1.0,2.0,0.0,0.0,0.0,1.0,0.0,2.0,0.0,1.0,0.0,4.0,14:43,2.3,0
22,202498,Lance Thomas,0.0,0.0,2.0,0.0,0.0,1.0,0.0,0.0,0.0,0.0,1.0,1.0,-10.0,7:09,-2.1,0
23,202620,Arinze Onuaku,2.0,1.0,3.0,0.0,0.0,1.0,4.0,0.0,3.0,0.0,3.0,1.0,0.0,15:25,2.1,0
24,203085,Austin Rivers,,,,,,,,,,,,,,,0.0,0
25,203481,Jeff Withey,,,,,,,,,,,,,,,0.0,0
