,id,name,PTS,FG,FGA,FTA,FT,OREB,DREB,STL,AST,BLK,PF,TO,PLUS_MINUS,MIN,GS,WIN
0,2738,Andre Iguodala,7.0,3.0,5.0,0.0,0.0,1.0,2.0,1.0,5.0,0.0,0.0,0.0,14.0,26:48,10.5,1
1,101135,David Lee,23.0,9.0,16.0,7.0,5.0,3.0,5.0,2.0,3.0,0.0,1.0,2.0,11.0,39:03,19.9,1
2,101106,Andrew Bogut,6.0,3.0,5.0,0.0,0.0,3.0,6.0,1.0,3.0,3.0,2.0,2.0,3.0,17:50,10.0,1
3,202691,Klay Thompson,21.0,8.0,17.0,2.0,2.0,1.0,4.0,0.0,6.0,1.0,1.0,3.0,12.0,39:37,15.7,1
4,201939,Stephen Curry,22.0,7.0,15.0,8.0,7.0,0.0,8.0,5.0,9.0,0.0,5.0,9.0,12.0,34:39,16.6,1
5,203084,Harrison Barnes,9.0,4.0,12.0,1.0,0.0,3.0,2.0,3.0,2.0,0.0,4.0,0.0,-2.0,29:09,7.3,1
6,203110,Draymond Green,0.0,0.0,3.0,2.0,0.0,0.0,2.0,2.0,1.0,2.0,4.0,2.0,-17.0,17:30,-1.8,1
7,201962,Toney Douglas,4.0,2.0,5.0,0.0,0.0,0.0,0.0,0.0,0.0,0.0,0.0,0.0,-11.0,9:14,1.3,1
8,203145,Kent Bazemore,4.0,1.0,5.0,4.0,2.0,0.0,2.0,1.0,1.0,1.0,0.0,1.0,-9.0,14:40,2.1,1
9,201578,Marreese Speights,5.0,2.0,4.0,1.0,1.0,2.0,3.0,0.0,0.0,0.0,0.0,2.0,-8.0,11:30,3.3,1
10,203136,Ognjen Kuzmic,,,,,,,,,,,,,,,0.0,1
11,979,Jermaine O'Neal,,,,,,,,,,,,,,,0.0,1
12,201960,DeMarre Carroll,12.0,5.0,8.0,2.0,1.0,1.0,6.0,4.0,1.0,0.0,3.0,0.0,-1.0,31:48,14.0,0
13,200794,Paul Millsap,12.0,3.0,14.0,6.0,6.0,3.0,8.0,2.0,2.0,2.0,2.0,4.0,-6.0,33:39,7.9,0
14,203544,Pero Antic,16.0,6.0,9.0,0.0,0.0,1.0,6.0,1.0,0.0,0.0,4.0,1.0,-2.0,26:41,13.0,0
15,2594,Kyle Korver,5.0,2.0,7.0,0.0,0.0,0.0,3.0,1.0,4.0,1.0,1.0,0.0,-8.0,32:06,5.9,0
16,201952,Jeff Teague,14.0,5.0,13.0,5.0,4.0,0.0,3.0,2.0,7.0,0.0,4.0,5.0,-10.0,30:57,7.7,0
17,1882,Elton Brand,6.0,3.0,5.0,0.0,0.0,1.0,2.0,0.0,0.0,1.0,0.0,2.0,11.0,17:55,3.7,0
18,101150,Lou Williams,8.0,3.0,9.0,0.0,0.0,0.0,4.0,1.0,4.0,0.0,1.0,3.0,12.0,22:15,4.5,0
19,202714,Shelvin Mack,15.0,6.0,8.0,2.0,2.0,0.0,0.0,3.0,4.0,0.0,2.0,2.0,3.0,26:10,14.8,0
20,203118,Mike Scott,12.0,4.0,7.0,4.0,3.0,1.0,2.0,1.0,1.0,0.0,2.0,2.0,-4.0,18:29,8.5,0
21,202970,Gustavo Ayon,,,,,,,,,,,,,,,0.0,0
22,201858,Cartier Martin,,,,,,,,,,,,,,,0.0,0
23,203471,Dennis Schroder,,,,,,,,,,,,,,,0.0,0
