,id,name,PTS,FG,FGA,FTA,FT,OREB,DREB,STL,AST,BLK,PF,TO,PLUS_MINUS,MIN,GS,WIN
0,200752,Rudy Gay,30.0,11.0,19.0,10.0,8.0,3.0,4.0,0.0,0.0,0.0,2.0,7.0,-1.0,42:39,15.8,0
1,2501,Reggie Evans,6.0,3.0,5.0,1.0,0.0,4.0,14.0,2.0,1.0,0.0,5.0,2.0,-1.0,29:07,9.0,0
2,202326,DeMarcus Cousins,17.0,8.0,15.0,3.0,1.0,2.0,5.0,2.0,5.0,0.0,5.0,3.0,-14.0,27:31,12.3,0
3,203463,Ben McLemore,10.0,4.0,9.0,1.0,1.0,1.0,1.0,0.0,2.0,0.0,5.0,2.0,-2.0,33:24,3.7,0
4,203492,Ray McCallum,16.0,7.0,17.0,0.0,0.0,1.0,3.0,2.0,8.0,1.0,2.0,2.0,-3.0,48:00,14.0,0
5,202682,Derrick Williams,4.0,1.0,2.0,2.0,2.0,0.0,2.0,0.0,0.0,0.0,1.0,0.0,1.0,10:04,3.2,0
6,2566,Travis Outlaw,6.0,3.0,7.0,0.0,0.0,1.0,0.0,1.0,1.0,0.0,4.0,1.0,-1.0,20:31,2.1,0
7,201574,Jason Thompson,11.0,5.0,7.0,2.0,1.0,2.0,3.0,3.0,0.0,1.0,4.0,1.0,6.0,28:01,11.1,0
8,203112,Quincy Acy,0.0,0.0,0.0,0.0,0.0,0.0,1.0,0.0,0.0,0.0,1.0,0.0,0.0,0:43,-0.1,0
9,201189,Aaron Gray,,,,,,,,,,,,,,,0.0,0
10,202738,Isaiah Thomas,,,,,,,,,,,,,,,0.0,0
11,1890,Shawn Marion,14.0,5.0,7.0,3.0,3.0,1.0,4.0,1.0,2.0,0.0,3.0,0.0,3.0,32:27,14.2,1
12,1717,Dirk Nowitzki,19.0,5.0,10.0,10.0,9.0,0.0,7.0,0.0,7.0,1.0,4.0,2.0,12.0,30:14,17.7,1
13,2223,Samuel Dalembert,15.0,7.0,8.0,2.0,1.0,2.0,4.0,2.0,0.0,3.0,3.0,3.0,11.0,23:54,14.3,1
14,101145,Monta Ellis,17.0,5.0,12.0,8.0,6.0,0.0,3.0,2.0,6.0,0.0,2.0,3.0,2.0,37:42,13.1,1
15,101181,Jose Calderon,11.0,4.0,11.0,0.0,0.0,0.0,0.0,0.0,7.0,0.0,1.0,1.0,10.0,37:33,8.4,1
16,1713,Vince Carter,10.0,4.0,10.0,0.0,0.0,0.0,2.0,1.0,3.0,0.0,3.0,0.0,-5.0,25:20,7.1,1
17,201971,DeJuan Blair,2.0,0.0,2.0,2.0,2.0,0.0,1.0,0.0,0.0,0.0,1.0,0.0,-5.0,4:36,0.5,1
18,2734,Devin Harris,3.0,0.0,4.0,6.0,3.0,0.0,1.0,0.0,2.0,0.0,1.0,1.0,-6.0,16:23,-0.7,1
19,203109,Jae Crowder,6.0,2.0,4.0,2.0,2.0,1.0,3.0,0.0,0.0,0.0,0.0,2.0,-2.0,12:26,3.6,1
20,201148,Brandan Wright,6.0,2.0,2.0,2.0,2.0,2.0,4.0,0.0,1.0,3.0,0.0,0.0,-5.0,19:25,10.8,1
21,201961,Wayne Ellington,,,,,,,,,,,,,,,0.0,1
22,203108,Bernard James,,,,,,,,,,,,,,,0.0,1
23,203499,Shane Larkin,,,,,,,,,,,,,,,0.0,1
