,id,name,PTS,FG,FGA,FTA,FT,OREB,DREB,STL,AST,BLK,PF,TO,PLUS_MINUS,MIN,GS,WIN
0,203114,Khris Middleton,14.0,5.0,10.0,2.0,1.0,1.0,3.0,1.0,3.0,0.0,3.0,1.0,3.0,32:34,11.1,0
1,202327,Ekpe Udoh,8.0,4.0,7.0,0.0,0.0,0.0,1.0,0.0,1.0,3.0,2.0,2.0,-7.0,28:09,5.0,0
2,203089,John Henson,11.0,4.0,8.0,5.0,3.0,1.0,4.0,0.0,2.0,1.0,3.0,3.0,-10.0,28:39,6.0,0
3,201564,O.J. Mayo,19.0,6.0,12.0,5.0,5.0,0.0,2.0,1.0,3.0,0.0,1.0,1.0,3.0,31:59,15.3,0
4,202688,Brandon Knight,15.0,5.0,15.0,2.0,2.0,1.0,3.0,1.0,6.0,0.0,2.0,0.0,2.0,30:54,12.5,0
5,2585,Zaza Pachulia,8.0,3.0,5.0,2.0,2.0,2.0,2.0,0.0,1.0,1.0,2.0,1.0,0.0,18:03,7.3,0
6,101141,Ersan Ilyasova,7.0,3.0,5.0,1.0,1.0,1.0,6.0,0.0,0.0,0.0,1.0,1.0,1.0,21:09,5.8,0
7,202390,Gary Neal,8.0,2.0,6.0,4.0,4.0,0.0,1.0,0.0,1.0,0.0,2.0,0.0,-11.0,16:01,4.8,0
8,2557,Luke Ridnour,6.0,3.0,6.0,0.0,0.0,1.0,1.0,1.0,3.0,0.0,0.0,1.0,-10.0,17:06,6.1,0
9,203507,Giannis Antetokounmpo,4.0,2.0,4.0,0.0,0.0,1.0,2.0,0.0,1.0,1.0,1.0,2.0,-11.0,15:26,2.3,0
10,2406,Caron Butler,,,,,,,,,,,,,,,0.0,0
11,203545,Miroslav Raduljica,,,,,,,,,,,,,,,0.0,0
12,203489,Nate Wolters,,,,,,,,,,,,,,,0.0,0
13,201145,Jeff Green,18.0,6.0,9.0,5.0,3.0,1.0,4.0,0.0,3.0,0.0,3.0,3.0,2.0,32:21,13.1,1
14,101138,Brandon Bass,16.0,4.0,9.0,9.0,8.0,1.0,8.0,0.0,0.0,1.0,4.0,1.0,-1.0,34:22,12.1,1
15,203096,Jared Sullinger,12.0,5.0,15.0,2.0,2.0,5.0,3.0,2.0,2.0,1.0,3.0,3.0,7.0,34:46,7.8,1
16,202340,Avery Bradley,15.0,6.0,12.0,0.0,0.0,1.0,3.0,0.0,0.0,0.0,3.0,0.0,8.0,30:24,9.4,1
17,202348,Jordan Crawford,25.0,8.0,14.0,7.0,5.0,1.0,1.0,1.0,5.0,0.0,3.0,2.0,0.0,38:48,19.9,1
18,2222,Gerald Wallace,6.0,2.0,3.0,2.0,2.0,1.0,3.0,2.0,4.0,0.0,2.0,1.0,2.0,21:35,9.3,1
19,203543,Vitor Faverani,0.0,0.0,2.0,0.0,0.0,0.0,0.0,0.0,1.0,1.0,1.0,0.0,-2.0,6:45,-0.4,1
20,201584,Courtney Lee,11.0,5.0,7.0,0.0,0.0,0.0,0.0,0.0,1.0,0.0,1.0,1.0,6.0,15:39,7.4,1
21,2743,Kris Humphries,5.0,2.0,5.0,2.0,1.0,1.0,7.0,1.0,3.0,1.0,2.0,0.0,12.0,20:07,7.7,1
22,203515,Phil Pressey,0.0,0.0,1.0,0.0,0.0,0.0,0.0,1.0,1.0,0.0,1.0,1.0,6.0,5:13,-0.4,1
23,2586,Keith Bogans,,,,,,,,,,,,,,,0.0,1
24,202705,MarShon Brooks,,,,,,,,,,,,,,,0.0,1
25,203482,Kelly Olynyk,,,,,,,,,,,,,,,0.0,1
