,id,name,PTS,FG,FGA,FTA,FT,OREB,DREB,STL,AST,BLK,PF,TO,PLUS_MINUS,MIN,GS,WIN
0,2544,LeBron James,25.0,8.0,18.0,10.0,9.0,2.0,6.0,2.0,7.0,0.0,1.0,4.0,-15.0,41:04,20.9,0
1,2203,Shane Battier,3.0,1.0,5.0,0.0,0.0,1.0,1.0,0.0,0.0,1.0,3.0,0.0,4.0,19:19,0.4,0
2,2547,Chris Bosh,26.0,10.0,19.0,3.0,3.0,3.0,4.0,1.0,2.0,0.0,2.0,0.0,-3.0,35:54,21.6,0
3,2548,Dwyane Wade,8.0,4.0,11.0,0.0,0.0,1.0,5.0,0.0,5.0,0.0,0.0,3.0,-15.0,32:52,4.6,0
4,202708,Norris Cole,15.0,6.0,13.0,2.0,2.0,0.0,2.0,3.0,7.0,0.0,4.0,2.0,-8.0,39:35,13.2,0
5,2617,Udonis Haslem,2.0,1.0,2.0,0.0,0.0,0.0,6.0,0.0,0.0,0.0,3.0,0.0,-21.0,20:44,1.6,0
6,951,Ray Allen,0.0,0.0,5.0,0.0,0.0,0.0,1.0,0.0,1.0,0.0,3.0,2.0,-13.0,25:15,-5.7,0
7,201563,Michael Beasley,6.0,3.0,6.0,0.0,0.0,1.0,0.0,0.0,0.0,0.0,2.0,0.0,-11.0,6:54,2.9,0
8,2427,Roger Mason Jr.,0.0,0.0,0.0,0.0,0.0,0.0,0.0,0.0,0.0,0.0,0.0,1.0,-5.0,6:45,-1.0,0
9,201141,Greg Oden,6.0,2.0,3.0,2.0,2.0,1.0,1.0,0.0,0.0,0.0,1.0,0.0,3.0,8:24,5.3,0
10,2592,James Jones,6.0,2.0,2.0,0.0,0.0,0.0,0.0,0.0,0.0,0.0,0.0,0.0,-1.0,2:20,5.4,0
11,1740,Rashard Lewis,0.0,0.0,0.0,0.0,0.0,0.0,0.0,0.0,0.0,0.0,0.0,0.0,0.0,0:54,0.0,0
12,201962,Toney Douglas,,,,,,,,,,,,,,,0.0,0
13,2772,Trevor Ariza,10.0,4.0,7.0,0.0,0.0,0.0,4.0,2.0,5.0,0.0,0.0,2.0,11.0,35:27,11.4,1
14,2403,Nene,19.0,6.0,15.0,9.0,7.0,0.0,4.0,2.0,9.0,2.0,3.0,1.0,18.0,34:22,18.8,1
15,101162,Marcin Gortat,12.0,6.0,11.0,0.0,0.0,3.0,6.0,0.0,0.0,3.0,2.0,1.0,7.0,31:03,10.9,1
16,203078,Bradley Beal,19.0,7.0,13.0,3.0,3.0,0.0,5.0,0.0,4.0,0.0,3.0,0.0,16.0,28:37,15.8,1
17,202322,John Wall,25.0,7.0,14.0,8.0,8.0,0.0,5.0,0.0,9.0,2.0,4.0,4.0,11.0,36:55,21.6,1
18,202344,Trevor Booker,13.0,5.0,5.0,4.0,3.0,4.0,7.0,1.0,2.0,0.0,1.0,0.0,9.0,28:35,18.0,1
19,101110,Martell Webster,11.0,4.0,8.0,0.0,0.0,0.0,2.0,1.0,0.0,0.0,4.0,3.0,7.0,31:14,4.0,1
20,202066,Garrett Temple,3.0,1.0,1.0,2.0,1.0,0.0,1.0,1.0,1.0,0.0,2.0,1.0,6.0,11:05,2.5,1
21,202338,Kevin Seraphin,0.0,0.0,0.0,0.0,0.0,0.0,0.0,0.0,0.0,0.0,0.0,0.0,0.0,0:54,0.0,1
22,202698,Chris Singleton,2.0,1.0,1.0,0.0,0.0,0.0,0.0,0.0,0.0,0.0,0.0,0.0,0.0,0:54,1.7,1
23,203490,Otto Porter Jr.,0.0,0.0,0.0,0.0,0.0,0.0,0.0,0.0,0.0,0.0,0.0,0.0,0.0,0:54,0.0,1
24,201953,Eric Maynor,,,,,,,,,,,,,,,0.0,1
25,202686,Jan Vesely,,,,,,,,,,,,,,,0.0,1
