,id,name,PTS,FG,FGA,FTA,FT,OREB,DREB,STL,AST,BLK,PF,TO,PLUS_MINUS,MIN,GS,WIN
0,203114,Khris Middleton,11.0,5.0,13.0,0.0,0.0,2.0,5.0,1.0,1.0,1.0,2.0,3.0,-3.0,30:51,5.4,0
1,2585,Zaza Pachulia,4.0,2.0,14.0,0.0,0.0,9.0,2.0,0.0,1.0,0.0,0.0,0.0,1.0,24:42,2.6,0
2,202327,Ekpe Udoh,2.0,1.0,3.0,0.0,0.0,0.0,1.0,0.0,0.0,0.0,5.0,2.0,-5.0,14:38,-3.4,0
3,201564,O.J. Mayo,20.0,7.0,17.0,3.0,3.0,1.0,2.0,0.0,1.0,0.0,3.0,0.0,-11.0,30:06,11.7,0
4,203489,Nate Wolters,8.0,4.0,11.0,0.0,0.0,0.0,2.0,2.0,5.0,2.0,1.0,2.0,-1.0,33:36,7.0,0
5,203089,John Henson,8.0,3.0,8.0,2.0,2.0,2.0,6.0,0.0,1.0,3.0,2.0,1.0,-21.0,28:48,7.8,0
6,202390,Gary Neal,11.0,4.0,12.0,0.0,0.0,0.0,0.0,0.0,3.0,0.0,4.0,5.0,-29.0,26:20,-0.3,0
7,203545,Miroslav Raduljica,4.0,0.0,2.0,6.0,4.0,2.0,4.0,0.0,1.0,2.0,3.0,0.0,-18.0,18:13,5.3,0
8,2557,Luke Ridnour,4.0,2.0,6.0,0.0,0.0,0.0,0.0,0.0,1.0,1.0,0.0,1.0,-30.0,21:00,1.0,0
9,203507,Giannis Antetokounmpo,5.0,2.0,2.0,0.0,0.0,1.0,1.0,0.0,0.0,1.0,4.0,1.0,-18.0,11:46,3.5,0
10,2406,Caron Butler,,,,,,,,,,,,,,,0.0,0
11,101141,Ersan Ilyasova,,,,,,,,,,,,,,,0.0,0
12,202688,Brandon Knight,,,,,,,,,,,,,,,0.0,0
13,202331,Paul George,22.0,10.0,18.0,0.0,0.0,0.0,2.0,2.0,1.0,0.0,3.0,1.0,20.0,29:33,14.5,1
14,2561,David West,7.0,2.0,3.0,4.0,3.0,0.0,7.0,0.0,0.0,1.0,3.0,1.0,7.0,23:50,5.9,1
15,201579,Roy Hibbert,24.0,8.0,10.0,8.0,8.0,3.0,7.0,0.0,1.0,8.0,3.0,5.0,19.0,30:53,24.5,1
16,202362,Lance Stephenson,11.0,4.0,10.0,4.0,3.0,1.0,3.0,1.0,1.0,0.0,1.0,2.0,-4.0,24:17,6.1,1
17,201588,George Hill,9.0,4.0,13.0,0.0,0.0,1.0,1.0,0.0,5.0,2.0,2.0,1.0,19.0,32:49,5.6,1
18,203524,Solomon Hill,2.0,0.0,2.0,2.0,2.0,0.0,3.0,1.0,1.0,0.0,2.0,0.0,15.0,18:56,2.4,1
19,2449,Luis Scola,8.0,3.0,7.0,2.0,2.0,2.0,5.0,0.0,3.0,0.0,3.0,0.0,15.0,21:18,8.1,1
20,201228,C.J. Watson,6.0,3.0,3.0,0.0,0.0,0.0,4.0,0.0,1.0,0.0,0.0,0.0,14.0,25:20,7.0,1
21,101133,Ian Mahinmi,2.0,1.0,3.0,0.0,0.0,1.0,2.0,1.0,0.0,0.0,2.0,2.0,8.0,17:07,-0.2,1
22,203111,Orlando Johnson,7.0,3.0,5.0,1.0,1.0,1.0,1.0,0.0,1.0,0.0,0.0,1.0,12.0,10:14,5.4,1
23,203142,Chris Copeland,6.0,2.0,4.0,0.0,0.0,0.0,0.0,0.0,0.0,0.0,1.0,0.0,5.0,2:52,3.6,1
24,202388,Donald Sloan,0.0,0.0,1.0,0.0,0.0,0.0,0.0,0.0,0.0,0.0,0.0,0.0,5.0,2:52,-0.7,1
25,2446,Rasual Butler,,,,,,,,,,,,,,,0.0,1
