,id,name,PTS,FG,FGA,FTA,FT,OREB,DREB,STL,AST,BLK,PF,TO,PLUS_MINUS,MIN,GS,WIN
0,201145,Jeff Green,11.0,4.0,9.0,1.0,1.0,1.0,5.0,0.0,1.0,1.0,4.0,4.0,-12.0,25:33,4.3,0
1,101138,Brandon Bass,6.0,2.0,9.0,2.0,2.0,0.0,3.0,1.0,1.0,1.0,3.0,0.0,-19.0,25:14,2.6,0
2,203096,Jared Sullinger,6.0,3.0,9.0,1.0,0.0,0.0,2.0,0.0,0.0,2.0,3.0,2.0,-14.0,16:19,-0.7,0
3,202340,Avery Bradley,13.0,6.0,14.0,0.0,0.0,1.0,5.0,1.0,0.0,0.0,2.0,1.0,-19.0,31:11,7.0,0
4,202348,Jordan Crawford,9.0,4.0,11.0,0.0,0.0,0.0,0.0,1.0,2.0,0.0,2.0,0.0,-17.0,24:15,4.5,0
5,203543,Vitor Faverani,0.0,0.0,3.0,0.0,0.0,0.0,2.0,0.0,0.0,2.0,2.0,1.0,-6.0,13:05,-1.9,0
6,201584,Courtney Lee,11.0,5.0,10.0,1.0,0.0,0.0,2.0,2.0,3.0,2.0,1.0,2.0,-16.0,22:55,9.3,0
7,2222,Gerald Wallace,3.0,0.0,0.0,4.0,3.0,0.0,5.0,0.0,1.0,0.0,0.0,2.0,-11.0,14:34,2.8,0
8,2743,Kris Humphries,8.0,4.0,6.0,0.0,0.0,1.0,3.0,1.0,0.0,0.0,1.0,0.0,-7.0,18:36,7.6,0
9,203482,Kelly Olynyk,6.0,3.0,10.0,0.0,0.0,3.0,1.0,0.0,4.0,0.0,3.0,1.0,-8.0,22:46,3.2,0
10,203515,Phil Pressey,0.0,0.0,1.0,0.0,0.0,0.0,2.0,0.0,4.0,0.0,1.0,2.0,-6.0,15:14,0.3,0
11,202705,MarShon Brooks,6.0,1.0,2.0,4.0,3.0,0.0,5.0,0.0,0.0,1.0,0.0,1.0,0.0,10:18,5.8,0
12,2586,Keith Bogans,,,,,,,,,,,,,,,0.0,0
13,202331,Paul George,24.0,9.0,13.0,5.0,4.0,0.0,5.0,1.0,2.0,0.0,2.0,1.0,11.0,28:07,20.2,1
14,2561,David West,8.0,3.0,7.0,2.0,2.0,0.0,3.0,0.0,6.0,0.0,3.0,2.0,12.0,24:50,6.2,1
15,201579,Roy Hibbert,15.0,7.0,11.0,4.0,1.0,3.0,9.0,1.0,3.0,3.0,1.0,0.0,12.0,26:17,18.5,1
16,202362,Lance Stephenson,12.0,5.0,15.0,2.0,1.0,0.0,10.0,1.0,10.0,0.0,0.0,3.0,23.0,34:48,11.1,1
17,201588,George Hill,7.0,3.0,8.0,0.0,0.0,0.0,2.0,0.0,0.0,0.0,1.0,3.0,15.0,26:51,-0.2,1
18,101122,Danny Granger,12.0,4.0,8.0,0.0,0.0,0.0,5.0,0.0,0.0,1.0,2.0,0.0,17.0,25:01,9.4,1
19,2449,Luis Scola,9.0,2.0,3.0,6.0,5.0,0.0,2.0,0.0,2.0,0.0,1.0,1.0,12.0,18:51,7.9,1
20,101133,Ian Mahinmi,4.0,2.0,2.0,1.0,0.0,4.0,4.0,2.0,4.0,0.0,5.0,1.0,15.0,21:43,8.8,1
21,201228,C.J. Watson,9.0,3.0,6.0,2.0,2.0,0.0,2.0,2.0,1.0,0.0,0.0,2.0,12.0,17:24,7.3,1
22,203142,Chris Copeland,2.0,1.0,4.0,0.0,0.0,0.0,0.0,1.0,0.0,1.0,1.0,0.0,3.0,4:19,0.9,1
23,202388,Donald Sloan,0.0,0.0,1.0,0.0,0.0,0.0,0.0,0.0,0.0,0.0,0.0,0.0,3.0,4:19,-0.7,1
24,2446,Rasual Butler,2.0,1.0,2.0,0.0,0.0,1.0,1.0,0.0,0.0,0.0,1.0,0.0,0.0,3:45,1.6,1
25,203111,Orlando Johnson,2.0,1.0,3.0,0.0,0.0,1.0,1.0,0.0,0.0,0.0,1.0,0.0,0.0,3:45,0.9,1
