,id,name,PTS,FG,FGA,FTA,FT,OREB,DREB,STL,AST,BLK,PF,TO,PLUS_MINUS,MIN,GS,WIN
0,203077,Michael Kidd-Gilchrist,4.0,2.0,7.0,2.0,0.0,0.0,4.0,0.0,1.0,0.0,2.0,4.0,-12.0,25:36,-3.8,0
1,201177,Josh McRoberts,11.0,4.0,14.0,0.0,0.0,3.0,3.0,0.0,5.0,2.0,2.0,1.0,-5.0,29:04,8.9,0
2,202687,Bismack Biyombo,6.0,2.0,2.0,2.0,2.0,1.0,3.0,0.0,0.0,1.0,2.0,0.0,-13.0,20:47,6.9,0
3,201945,Gerald Henderson,16.0,5.0,15.0,4.0,4.0,2.0,6.0,1.0,6.0,0.0,4.0,2.0,-7.0,31:20,12.3,0
4,202689,Kemba Walker,8.0,3.0,14.0,2.0,2.0,0.0,3.0,2.0,3.0,0.0,2.0,0.0,-7.0,34:46,3.6,0
5,203106,Jeffery Taylor,20.0,9.0,18.0,0.0,0.0,2.0,3.0,1.0,0.0,0.0,4.0,2.0,6.0,33:05,10.7,0
6,203469,Cody Zeller,6.0,3.0,8.0,0.0,0.0,1.0,5.0,2.0,2.0,1.0,3.0,0.0,0.0,18:56,6.7,0
7,201196,Ramon Sessions,4.0,2.0,9.0,4.0,0.0,0.0,2.0,0.0,5.0,0.0,1.0,0.0,5.0,19:13,0.6,0
8,202399,Jeff Adrien,6.0,3.0,4.0,2.0,0.0,3.0,3.0,0.0,3.0,4.0,3.0,0.0,8.0,27:13,10.3,0
9,2732,Ben Gordon,,,,,,,,,,,,,,,0.0,0
10,2457,Jannero Pargo,,,,,,,,,,,,,,,0.0,0
11,203480,James Southerland,,,,,,,,,,,,,,,0.0,0
12,201229,Anthony Tolliver,,,,,,,,,,,,,,,0.0,0
13,2736,Luol Deng,21.0,5.0,10.0,12.0,10.0,1.0,7.0,0.0,1.0,2.0,2.0,2.0,13.0,39:06,17.3,1
14,2430,Carlos Boozer,12.0,5.0,17.0,2.0,2.0,3.0,14.0,0.0,1.0,0.0,4.0,4.0,5.0,33:38,3.5,1
15,201149,Joakim Noah,11.0,4.0,11.0,4.0,3.0,3.0,4.0,0.0,3.0,1.0,4.0,2.0,4.0,35:11,7.0,1
16,202710,Jimmy Butler,14.0,4.0,6.0,5.0,4.0,1.0,4.0,2.0,0.0,0.0,0.0,0.0,8.0,22:12,14.9,1
17,201565,Derrick Rose,12.0,4.0,13.0,4.0,3.0,0.0,3.0,1.0,5.0,0.0,1.0,3.0,3.0,30:36,6.1,1
18,201959,Taj Gibson,6.0,2.0,6.0,2.0,2.0,0.0,2.0,0.0,0.0,1.0,1.0,3.0,0.0,19:51,0.5,1
19,2399,Mike Dunleavy,8.0,2.0,6.0,2.0,2.0,0.0,5.0,0.0,0.0,1.0,2.0,2.0,-9.0,26:37,4.0,1
20,2550,Kirk Hinrich,2.0,1.0,5.0,0.0,0.0,0.0,3.0,0.0,7.0,2.0,0.0,0.0,0.0,25:36,6.1,1
21,1737,Nazr Mohammed,0.0,0.0,1.0,0.0,0.0,1.0,3.0,0.0,0.0,1.0,4.0,0.0,1.0,7:12,-0.0,1
22,2229,Mike James,,,,,,,,,,,,,,,0.0,1
23,203513,Erik Murphy,,,,,,,,,,,,,,,0.0,1
24,203503,Tony Snell,,,,,,,,,,,,,,,0.0,1
25,203104,Marquis Teague,,,,,,,,,,,,,,,0.0,1
