,id,name,PTS,FG,FGA,FTA,FT,OREB,DREB,STL,AST,BLK,PF,TO,PLUS_MINUS,MIN,GS,WIN
0,201167,Arron Afflalo,18.0,7.0,17.0,2.0,2.0,1.0,6.0,1.0,5.0,0.0,4.0,2.0,-6.0,40:19,12.3,0
1,203090,Maurice Harkless,5.0,2.0,8.0,2.0,0.0,2.0,4.0,1.0,0.0,1.0,5.0,2.0,-11.0,33:29,-0.3,0
2,202696,Nikola Vucevic,11.0,5.0,9.0,2.0,1.0,3.0,6.0,1.0,1.0,1.0,4.0,2.0,-8.0,31:19,9.0,0
3,203506,Victor Oladipo,17.0,4.0,8.0,9.0,8.0,1.0,6.0,0.0,4.0,0.0,2.0,1.0,-1.0,27:05,16.1,0
4,2749,Jameer Nelson,12.0,4.0,10.0,2.0,2.0,0.0,3.0,2.0,6.0,0.0,0.0,5.0,-12.0,37:40,8.7,0
5,202734,E'Twaun Moore,14.0,5.0,5.0,0.0,0.0,0.0,1.0,0.0,1.0,0.0,1.0,2.0,13.0,21:57,11.1,0
6,203094,Andrew Nicholson,2.0,0.0,3.0,4.0,2.0,1.0,2.0,1.0,1.0,1.0,3.0,0.0,9.0,18:58,1.6,0
7,201175,Glen Davis,20.0,7.0,13.0,8.0,6.0,2.0,3.0,2.0,1.0,0.0,4.0,2.0,2.0,26:14,14.3,0
8,200780,Solomon Jones,0.0,0.0,0.0,0.0,0.0,0.0,0.0,0.0,0.0,0.0,0.0,0.0,4.0,2:59,0.0,0
9,203117,Doron Lamb,,,,,,,,,,,,,,,0.0,0
10,101131,Jason Maxiell,,,,,,,,,,,,,,,0.0,0
11,203124,Kyle O'Quinn,,,,,,,,,,,,,,,0.0,0
12,101179,Ronnie Price,,,,,,,,,,,,,,,0.0,0
13,2544,LeBron James,22.0,7.0,13.0,7.0,5.0,0.0,9.0,3.0,7.0,0.0,0.0,3.0,7.0,37:35,22.5,1
14,2203,Shane Battier,0.0,0.0,2.0,0.0,0.0,0.0,0.0,0.0,0.0,1.0,2.0,0.0,11.0,21:03,-1.5,1
15,2547,Chris Bosh,15.0,6.0,13.0,3.0,3.0,0.0,6.0,1.0,0.0,2.0,4.0,2.0,14.0,31:19,8.9,1
16,2548,Dwyane Wade,27.0,9.0,16.0,10.0,9.0,1.0,3.0,1.0,4.0,0.0,2.0,1.0,6.0,34:11,22.6,1
17,201596,Mario Chalmers,8.0,3.0,7.0,2.0,1.0,0.0,1.0,0.0,2.0,0.0,4.0,1.0,3.0,21:18,3.0,1
18,951,Ray Allen,5.0,1.0,5.0,2.0,2.0,1.0,2.0,0.0,2.0,0.0,1.0,1.0,0.0,25:58,3.2,1
19,1740,Rashard Lewis,4.0,2.0,6.0,0.0,0.0,0.0,1.0,0.0,0.0,0.0,2.0,0.0,-12.0,17:30,0.1,1
20,201563,Michael Beasley,9.0,4.0,4.0,2.0,1.0,0.0,3.0,0.0,0.0,0.0,1.0,1.0,-6.0,7:43,6.9,1
21,202708,Norris Cole,5.0,2.0,8.0,0.0,0.0,0.0,2.0,1.0,4.0,0.0,0.0,2.0,-1.0,26:42,2.6,1
22,2365,Chris Andersen,6.0,3.0,4.0,0.0,0.0,2.0,2.0,0.0,0.0,0.0,3.0,1.0,-12.0,16:41,4.2,1
23,201202,Joel Anthony,,,,,,,,,,,,,,,0.0,1
24,2617,Udonis Haslem,,,,,,,,,,,,,,,0.0,1
25,2592,James Jones,,,,,,,,,,,,,,,0.0,1
