,id,name,PTS,FG,FGA,FTA,FT,OREB,DREB,STL,AST,BLK,PF,TO,PLUS_MINUS,MIN,GS,WIN
0,201587,Nicolas Batum,7.0,3.0,5.0,0.0,0.0,0.0,8.0,1.0,11.0,1.0,1.0,2.0,20.0,33:12,14.1,1
1,200746,LaMarcus Aldridge,24.0,10.0,18.0,4.0,4.0,3.0,3.0,0.0,4.0,0.0,0.0,0.0,16.0,34:13,21.2,1
2,201577,Robin Lopez,15.0,6.0,9.0,3.0,3.0,3.0,8.0,0.0,0.0,1.0,0.0,2.0,15.0,34:07,14.3,1
3,202083,Wesley Matthews,16.0,6.0,11.0,4.0,3.0,0.0,3.0,0.0,3.0,0.0,2.0,1.0,10.0,34:01,11.5,1
4,203081,Damian Lillard,18.0,5.0,14.0,7.0,7.0,0.0,5.0,1.0,3.0,0.0,4.0,0.0,-2.0,34:08,13.2,1
5,200777,Joel Freeland,2.0,0.0,2.0,2.0,2.0,1.0,3.0,1.0,0.0,1.0,4.0,0.0,-4.0,13:53,2.3,1
6,2590,Mo Williams,9.0,4.0,12.0,0.0,0.0,0.0,1.0,3.0,2.0,1.0,3.0,3.0,8.0,26:08,3.4,1
7,2748,Dorell Wright,6.0,2.0,9.0,0.0,0.0,0.0,0.0,0.0,0.0,0.0,3.0,2.0,-3.0,16:31,-2.7,1
8,203080,Thomas Robinson,8.0,4.0,5.0,0.0,0.0,4.0,2.0,0.0,0.0,2.0,2.0,1.0,-5.0,13:47,9.1,1
9,203115,Will Barton,,,,,,,,,,,,,,,0.0,1
10,203459,Allen Crabbe,,,,,,,,,,,,,,,0.0,1
11,203086,Meyers Leonard,,,,,,,,,,,,,,,0.0,1
12,2248,Earl Watson,,,,,,,,,,,,,,,0.0,1
13,2210,Richard Jefferson,13.0,4.0,10.0,6.0,5.0,2.0,4.0,1.0,1.0,0.0,2.0,3.0,1.0,32:49,7.7,0
14,202379,Jeremy Evans,6.0,3.0,9.0,0.0,0.0,4.0,4.0,1.0,2.0,2.0,4.0,0.0,-15.0,37:39,7.1,0
15,202683,Enes Kanter,19.0,9.0,18.0,1.0,1.0,2.0,3.0,2.0,2.0,1.0,4.0,1.0,-15.0,34:24,13.8,0
16,202330,Gordon Hayward,17.0,6.0,14.0,6.0,5.0,0.0,5.0,1.0,0.0,0.0,1.0,2.0,-14.0,38:51,9.3,0
17,203504,Trey Burke,15.0,5.0,12.0,4.0,4.0,1.0,5.0,1.0,5.0,1.0,0.0,2.0,-10.0,34:32,14.0,0
18,202692,Alec Burks,20.0,8.0,11.0,4.0,4.0,0.0,3.0,0.0,0.0,0.0,2.0,2.0,-9.0,24:42,13.6,0
19,2740,Andris Biedrins,0.0,0.0,0.0,0.0,0.0,1.0,6.0,0.0,0.0,0.0,1.0,0.0,4.0,13:14,2.1,0
20,203197,Diante Garrett,2.0,0.0,4.0,2.0,2.0,0.0,1.0,0.0,3.0,0.0,0.0,1.0,-1.0,13:28,0.6,0
21,200839,Mike Harris,2.0,1.0,4.0,0.0,0.0,1.0,1.0,0.0,0.0,1.0,1.0,1.0,4.0,10:21,-0.1,0
22,203546,Ian Clark,,,,,,,,,,,,,,,0.0,0
23,203497,Rudy Gobert,,,,,,,,,,,,,,,0.0,0
24,101249,John Lucas III,,,,,,,,,,,,,,,0.0,0
25,201575,Brandon Rush,,,,,,,,,,,,,,,0.0,0
