,id,name,PTS,FG,FGA,FTA,FT,OREB,DREB,STL,AST,BLK,PF,TO,PLUS_MINUS,MIN,GS,WIN
0,2544,LeBron James,37.0,12.0,22.0,14.0,11.0,1.0,8.0,5.0,3.0,0.0,2.0,4.0,8.0,40:59,30.6,1
1,2203,Shane Battier,3.0,1.0,5.0,0.0,0.0,1.0,4.0,1.0,1.0,0.0,0.0,0.0,-9.0,25:55,3.5,1
2,2547,Chris Bosh,21.0,8.0,11.0,4.0,3.0,2.0,6.0,0.0,1.0,0.0,2.0,2.0,-8.0,38:22,17.2,1
3,201962,Toney Douglas,5.0,2.0,9.0,0.0,0.0,1.0,2.0,0.0,2.0,1.0,2.0,0.0,-1.0,15:12,2.1,1
4,201596,Mario Chalmers,13.0,4.0,7.0,6.0,4.0,0.0,0.0,2.0,1.0,0.0,3.0,0.0,3.0,32:34,10.4,1
5,951,Ray Allen,7.0,3.0,6.0,0.0,0.0,0.0,7.0,1.0,3.0,0.0,1.0,2.0,12.0,28:34,6.8,1
6,202708,Norris Cole,10.0,3.0,9.0,4.0,3.0,0.0,1.0,2.0,3.0,0.0,2.0,4.0,2.0,29:46,4.1,1
7,2365,Chris Andersen,6.0,3.0,5.0,0.0,0.0,4.0,2.0,1.0,0.0,0.0,4.0,0.0,18.0,17:56,6.5,1
8,1740,Rashard Lewis,1.0,0.0,2.0,2.0,1.0,0.0,2.0,0.0,0.0,0.0,1.0,0.0,5.0,10:42,-0.6,1
9,201563,Michael Beasley,,,,,,,,,,,,,,,0.0,1
10,2617,Udonis Haslem,,,,,,,,,,,,,,,0.0,1
11,2592,James Jones,,,,,,,,,,,,,,,0.0,1
12,201141,Greg Oden,,,,,,,,,,,,,,,0.0,1
13,200782,P.J. Tucker,14.0,5.0,11.0,2.0,2.0,3.0,5.0,0.0,5.0,1.0,3.0,2.0,4.0,37:26,12.9,0
14,101112,Channing Frye,15.0,6.0,13.0,0.0,0.0,0.0,6.0,0.0,2.0,0.0,3.0,2.0,1.0,37:39,8.3,0
15,203101,Miles Plumlee,2.0,1.0,3.0,0.0,0.0,1.0,5.0,0.0,0.0,0.0,2.0,0.0,1.0,14:08,1.7,0
16,101123,Gerald Green,26.0,9.0,14.0,3.0,3.0,0.0,5.0,1.0,2.0,1.0,5.0,2.0,-3.0,34:22,20.4,0
17,201609,Goran Dragic,15.0,4.0,12.0,5.0,5.0,1.0,2.0,4.0,9.0,1.0,3.0,3.0,5.0,38:47,16.3,0
18,202693,Markieff Morris,12.0,5.0,14.0,2.0,2.0,1.0,2.0,1.0,0.0,2.0,3.0,3.0,-5.0,33:20,3.7,0
19,2571,Leandro Barbosa,5.0,2.0,3.0,1.0,1.0,0.0,1.0,0.0,1.0,0.0,0.0,2.0,-15.0,14:49,2.7,0
20,202694,Marcus Morris Sr.,0.0,0.0,3.0,0.0,0.0,0.0,0.0,0.0,0.0,0.0,1.0,1.0,-8.0,7:30,-3.5,0
21,203458,Alex Len,0.0,0.0,0.0,0.0,0.0,0.0,2.0,0.0,0.0,1.0,1.0,0.0,-4.0,6:03,0.9,0
22,202397,Ish Smith,8.0,3.0,3.0,4.0,2.0,0.0,2.0,0.0,1.0,0.0,2.0,1.0,-6.0,15:56,5.8,0
23,202091,Dionte Christmas,,,,,,,,,,,,,,,0.0,0
24,203462,Archie Goodwin,,,,,,,,,,,,,,,0.0,0
25,203139,Viacheslav Kravtsov,,,,,,,,,,,,,,,0.0,0
