,id,name,PTS,FG,FGA,FTA,FT,OREB,DREB,STL,AST,BLK,PF,TO,PLUS_MINUS,MIN,GS,WIN
0,201142,Kevin Durant,29.0,10.0,16.0,6.0,5.0,0.0,7.0,2.0,6.0,0.0,3.0,2.0,22.0,32:20,26.5,1
1,201586,Serge Ibaka,24.0,10.0,14.0,4.0,3.0,1.0,2.0,1.0,1.0,1.0,1.0,1.0,12.0,27:26,20.1,1
2,2570,Kendrick Perkins,4.0,2.0,2.0,0.0,0.0,0.0,4.0,1.0,1.0,0.0,1.0,0.0,13.0,21:10,5.9,1
3,200757,Thabo Sefolosha,3.0,1.0,3.0,0.0,0.0,0.0,4.0,0.0,3.0,0.0,1.0,0.0,14.0,21:37,4.2,1
4,201566,Russell Westbrook,14.0,5.0,15.0,4.0,3.0,1.0,12.0,1.0,10.0,1.0,2.0,2.0,17.0,29:09,15.3,1
5,2555,Nick Collison,5.0,2.0,4.0,2.0,1.0,3.0,1.0,0.0,3.0,1.0,3.0,0.0,14.0,18:39,6.6,1
6,202704,Reggie Jackson,18.0,6.0,16.0,3.0,3.0,0.0,2.0,1.0,2.0,0.0,2.0,3.0,14.0,25:24,8.4,1
7,203087,Jeremy Lamb,13.0,5.0,8.0,1.0,1.0,0.0,2.0,2.0,3.0,0.0,3.0,1.0,12.0,22:40,11.9,1
8,965,Derek Fisher,4.0,1.0,1.0,2.0,1.0,0.0,2.0,0.0,0.0,0.0,1.0,1.0,16.0,15:16,2.5,1
9,203103,Perry Jones III,0.0,0.0,2.0,0.0,0.0,1.0,0.0,0.0,0.0,0.0,1.0,0.0,1.0,8:44,-1.1,1
10,203500,Steven Adams,5.0,1.0,1.0,4.0,3.0,1.0,1.0,0.0,2.0,0.0,3.0,0.0,9.0,12:00,5.5,1
11,203460,Andre Roberson,4.0,2.0,2.0,0.0,0.0,1.0,1.0,0.0,1.0,0.0,0.0,0.0,1.0,5:35,5.1,1
12,201934,Hasheem Thabeet,,,,,,,,,,,,,,,0.0,1
13,200745,Andrea Bargnani,9.0,4.0,8.0,1.0,1.0,0.0,2.0,0.0,1.0,0.0,1.0,1.0,-13.0,16:01,4.9,0
14,2747,JR Smith,20.0,8.0,22.0,3.0,1.0,0.0,6.0,1.0,3.0,0.0,2.0,2.0,-32.0,38:12,9.1,0
15,2199,Tyson Chandler,5.0,2.0,5.0,2.0,1.0,4.0,5.0,2.0,3.0,0.0,3.0,0.0,-14.0,29:17,9.1,0
16,202697,Iman Shumpert,8.0,3.0,8.0,2.0,1.0,1.0,6.0,2.0,4.0,0.0,5.0,2.0,-7.0,26:41,6.5,0
17,2757,Beno Udrih,2.0,1.0,6.0,0.0,0.0,1.0,3.0,0.0,6.0,0.0,1.0,2.0,-12.0,29:53,1.6,0
18,203501,Tim Hardaway Jr.,21.0,8.0,19.0,3.0,3.0,1.0,4.0,0.0,2.0,0.0,1.0,0.0,-22.0,37:51,13.8,0
19,2405,Amar'e Stoudemire,22.0,10.0,16.0,4.0,2.0,2.0,0.0,0.0,1.0,1.0,4.0,2.0,-18.0,27:05,13.2,0
20,2030,Kenyon Martin,0.0,0.0,1.0,0.0,0.0,0.0,2.0,0.0,0.0,0.0,2.0,0.0,-14.0,13:08,-0.9,0
21,203315,Toure' Murry,6.0,2.0,5.0,2.0,2.0,3.0,1.0,0.0,3.0,0.0,2.0,2.0,-11.0,14:56,5.0,0
22,202332,Cole Aldrich,1.0,0.0,0.0,2.0,1.0,0.0,1.0,0.0,0.0,1.0,1.0,1.0,-1.0,5:35,0.2,0
23,203147,Chris Smith,0.0,0.0,0.0,0.0,0.0,0.0,0.0,0.0,0.0,0.0,0.0,0.0,-1.0,1:21,0.0,0
24,2546,Carmelo Anthony,,,,,,,,,,,,,,,0.0,0
25,1897,Metta World Peace,,,,,,,,,,,,,,,0.0,0
