,id,name,PTS,FG,FGA,FTA,FT,OREB,DREB,STL,AST,BLK,PF,TO,PLUS_MINUS,MIN,GS,WIN
0,2746,Josh Smith,13.0,4.0,14.0,8.0,5.0,2.0,5.0,0.0,4.0,1.0,2.0,4.0,-32.0,28:46,5.2,0
1,202328,Greg Monroe,20.0,8.0,17.0,4.0,4.0,7.0,8.0,0.0,1.0,0.0,4.0,1.0,-8.0,32:26,16.7,0
2,203083,Andre Drummond,6.0,3.0,7.0,0.0,0.0,3.0,4.0,0.0,0.0,2.0,6.0,0.0,-9.0,21:17,4.6,0
3,202713,Kyle Singler,7.0,3.0,8.0,0.0,0.0,2.0,0.0,0.0,1.0,1.0,3.0,0.0,-33.0,29:32,4.2,0
4,201943,Brandon Jennings,17.0,6.0,13.0,8.0,4.0,0.0,5.0,1.0,5.0,0.0,1.0,1.0,-23.0,30:48,13.3,0
5,201155,Rodney Stuckey,2.0,1.0,4.0,0.0,0.0,0.0,1.0,0.0,0.0,0.0,0.0,0.0,-15.0,15:38,-0.1,0
6,201973,Jonas Jerebko,10.0,4.0,7.0,4.0,2.0,1.0,6.0,1.0,1.0,0.0,1.0,2.0,4.0,17:32,7.7,0
7,101198,Will Bynum,17.0,6.0,14.0,3.0,3.0,3.0,0.0,1.0,3.0,0.0,1.0,2.0,12.0,21:21,12.4,0
8,203484,Kentavious Caldwell-Pope,7.0,2.0,5.0,3.0,3.0,0.0,4.0,3.0,1.0,0.0,3.0,2.0,13.0,20:15,6.0,0
9,203540,Gigi Datome,0.0,0.0,3.0,0.0,0.0,1.0,1.0,0.0,1.0,0.0,0.0,0.0,18.0,14:19,-0.4,0
10,101111,Charlie Villanueva,2.0,1.0,2.0,0.0,0.0,0.0,2.0,0.0,0.0,0.0,2.0,0.0,8.0,8:06,0.8,0
11,203502,Tony Mitchell,,,,,,,,,,,,,,,0.0,0
12,203491,Peyton Siva,,,,,,,,,,,,,,,0.0,0
13,201147,Corey Brewer,8.0,4.0,9.0,0.0,0.0,0.0,3.0,0.0,4.0,0.0,3.0,0.0,21.0,33:31,5.8,1
14,201567,Kevin Love,28.0,10.0,18.0,6.0,5.0,5.0,9.0,2.0,4.0,0.0,1.0,2.0,20.0,36:22,27.6,1
15,201593,Nikola Pekovic,17.0,5.0,14.0,10.0,7.0,2.0,7.0,2.0,0.0,0.0,3.0,1.0,24.0,28:51,11.3,1
16,2755,Kevin Martin,24.0,9.0,16.0,5.0,5.0,0.0,1.0,0.0,1.0,0.0,0.0,2.0,22.0,32:15,15.4,1
17,201937,Ricky Rubio,11.0,2.0,6.0,8.0,6.0,1.0,7.0,3.0,10.0,0.0,2.0,3.0,20.0,35:52,15.8,1
18,201967,Dante Cunningham,4.0,2.0,8.0,0.0,0.0,2.0,1.0,0.0,0.0,1.0,3.0,1.0,-11.0,16:58,-0.6,1
19,201978,Chase Budinger,7.0,3.0,5.0,0.0,0.0,1.0,2.0,0.0,0.0,0.0,3.0,0.0,-9.0,15:45,4.8,1
20,200826,J.J. Barea,4.0,2.0,8.0,0.0,0.0,0.0,2.0,0.0,6.0,0.0,0.0,0.0,-8.0,15:29,4.0,1
21,201601,Luc Mbah a Moute,6.0,3.0,3.0,0.0,0.0,2.0,2.0,0.0,0.0,0.0,1.0,0.0,3.0,7:50,6.7,1
22,203498,Shabazz Muhammad,3.0,0.0,2.0,4.0,3.0,0.0,0.0,0.0,0.0,0.0,0.0,0.0,-6.0,10:20,1.2,1
23,203476,Gorgui Dieng,2.0,1.0,2.0,0.0,0.0,1.0,2.0,0.0,0.0,2.0,3.0,1.0,-11.0,6:47,1.5,1
24,201985,AJ Price,,,,,,,,,,,,,,,0.0,1
25,203144,Alexey Shved,,,,,,,,,,,,,,,0.0,1
