,id,name,PTS,FG,FGA,FTA,FT,OREB,DREB,STL,AST,BLK,PF,TO,PLUS_MINUS,MIN,GS,WIN
0,201145,Jeff Green,19.0,7.0,14.0,4.0,3.0,1.0,4.0,0.0,3.0,1.0,1.0,2.0,-4.0,38:55,13.9,0
1,203096,Jared Sullinger,19.0,8.0,17.0,2.0,2.0,4.0,13.0,0.0,0.0,0.0,4.0,2.0,5.0,31:24,13.4,0
2,203482,Kelly Olynyk,8.0,2.0,9.0,4.0,4.0,3.0,5.0,0.0,3.0,0.0,5.0,2.0,-1.0,37:29,4.2,0
3,202340,Avery Bradley,19.0,9.0,18.0,0.0,0.0,0.0,3.0,0.0,2.0,0.0,4.0,2.0,0.0,35:36,8.7,0
4,202348,Jordan Crawford,12.0,5.0,9.0,2.0,2.0,0.0,4.0,1.0,4.0,0.0,0.0,2.0,0.0,27:23,10.7,0
5,201584,Courtney Lee,2.0,1.0,3.0,0.0,0.0,0.0,1.0,1.0,2.0,0.0,0.0,2.0,-4.0,18:04,1.0,0
6,101138,Brandon Bass,6.0,3.0,7.0,0.0,0.0,1.0,0.0,1.0,1.0,1.0,1.0,1.0,-21.0,20:09,4.0,0
7,2222,Gerald Wallace,2.0,1.0,3.0,0.0,0.0,0.0,1.0,0.0,0.0,0.0,1.0,2.0,-12.0,15:08,-1.8,0
8,203515,Phil Pressey,2.0,1.0,3.0,0.0,0.0,1.0,2.0,1.0,2.0,0.0,1.0,1.0,-13.0,8:54,2.6,0
9,203543,Vitor Faverani,0.0,0.0,1.0,0.0,0.0,0.0,0.0,0.0,0.0,0.0,2.0,0.0,2.0,2:05,-1.5,0
10,2743,Kris Humphries,4.0,2.0,2.0,0.0,0.0,0.0,1.0,0.0,1.0,1.0,1.0,1.0,-7.0,4:53,3.7,0
11,2586,Keith Bogans,,,,,,,,,,,,,,,0.0,0
12,202705,MarShon Brooks,,,,,,,,,,,,,,,0.0,0
13,202695,Kawhi Leonard,16.0,7.0,14.0,2.0,1.0,2.0,6.0,5.0,2.0,1.0,2.0,0.0,4.0,31:45,18.1,1
14,1495,Tim Duncan,13.0,3.0,13.0,8.0,7.0,1.0,8.0,0.0,3.0,0.0,2.0,0.0,2.0,27:34,9.1,1
15,201168,Tiago Splitter,11.0,4.0,4.0,6.0,3.0,2.0,8.0,1.0,3.0,1.0,3.0,1.0,-3.0,22:36,14.0,1
16,201980,Danny Green,11.0,4.0,6.0,0.0,0.0,0.0,1.0,1.0,2.0,1.0,1.0,0.0,8.0,22:56,11.4,1
17,2225,Tony Parker,19.0,6.0,11.0,8.0,7.0,0.0,4.0,0.0,4.0,0.0,0.0,1.0,8.0,28:04,16.3,1
18,1938,Manu Ginobili,5.0,2.0,5.0,0.0,0.0,0.0,3.0,1.0,7.0,1.0,1.0,0.0,9.0,24:00,9.4,1
19,2564,Boris Diaw,12.0,6.0,10.0,0.0,0.0,1.0,0.0,2.0,2.0,2.0,2.0,5.0,10.0,23:57,7.1,1
20,201158,Marco Belinelli,9.0,4.0,7.0,0.0,0.0,0.0,0.0,0.0,0.0,0.0,2.0,2.0,1.0,17:19,2.9,1
21,201988,Patty Mills,3.0,1.0,6.0,0.0,0.0,1.0,1.0,2.0,3.0,0.0,0.0,0.0,3.0,18:52,4.3,1
22,201965,Jeff Ayres,0.0,0.0,1.0,0.0,0.0,0.0,3.0,0.0,0.0,0.0,1.0,0.0,3.0,8:06,-0.2,1
23,2588,Matt Bonner,3.0,1.0,3.0,0.0,0.0,0.0,0.0,0.0,1.0,0.0,0.0,1.0,10.0,13:47,1.0,1
24,202709,Cory Joseph,2.0,1.0,1.0,0.0,0.0,0.0,0.0,0.0,0.0,0.0,0.0,1.0,0.0,1:04,0.7,1
25,203382,Aron Baynes,,,,,,,,,,,,,,,0.0,1
