,id,name,PTS,FG,FGA,FTA,FT,OREB,DREB,STL,AST,BLK,PF,TO,PLUS_MINUS,MIN,GS,WIN
0,201142,Kevin Durant,42.0,9.0,24.0,24.0,22.0,0.0,6.0,3.0,1.0,0.0,1.0,5.0,3.0,39:09,28.1,1
1,201586,Serge Ibaka,8.0,4.0,15.0,0.0,0.0,4.0,6.0,1.0,0.0,2.0,3.0,1.0,1.0,37:34,3.9,1
2,2570,Kendrick Perkins,4.0,2.0,4.0,0.0,0.0,2.0,6.0,1.0,1.0,0.0,4.0,1.0,9.0,26:45,4.3,1
3,200757,Thabo Sefolosha,14.0,6.0,11.0,0.0,0.0,0.0,4.0,2.0,1.0,0.0,2.0,1.0,9.0,31:25,10.8,1
4,202704,Reggie Jackson,14.0,5.0,11.0,2.0,2.0,0.0,2.0,5.0,3.0,0.0,2.0,3.0,1.0,32:14,12.2,1
5,2555,Nick Collison,6.0,2.0,4.0,2.0,2.0,1.0,3.0,1.0,0.0,1.0,5.0,1.0,3.0,12:57,4.3,1
6,965,Derek Fisher,4.0,1.0,3.0,2.0,2.0,0.0,3.0,1.0,2.0,0.0,1.0,0.0,0.0,16:54,5.2,1
7,203087,Jeremy Lamb,4.0,2.0,6.0,0.0,0.0,1.0,2.0,1.0,0.0,0.0,2.0,0.0,-6.0,17:28,2.1,1
8,203500,Steven Adams,2.0,1.0,1.0,1.0,0.0,2.0,1.0,0.0,1.0,0.0,3.0,0.0,-7.0,18:27,2.5,1
9,203103,Perry Jones III,3.0,1.0,2.0,2.0,1.0,0.0,2.0,0.0,0.0,1.0,1.0,1.0,2.0,7:08,1.5,1
10,101155,Ryan Gomes,,,,,,,,,,,,,,,0.0,1
11,203460,Andre Roberson,,,,,,,,,,,,,,,0.0,1
12,201934,Hasheem Thabeet,,,,,,,,,,,,,,,0.0,1
13,2210,Richard Jefferson,10.0,4.0,9.0,1.0,0.0,0.0,3.0,0.0,0.0,2.0,3.0,2.0,-1.0,19:36,4.0,0
14,202324,Derrick Favors,15.0,6.0,11.0,7.0,3.0,1.0,8.0,1.0,5.0,2.0,5.0,6.0,-1.0,42:51,9.1,0
15,202683,Enes Kanter,14.0,6.0,10.0,2.0,2.0,3.0,7.0,0.0,1.0,1.0,2.0,2.0,-8.0,29:01,12.2,0
16,202330,Gordon Hayward,12.0,4.0,13.0,4.0,2.0,1.0,3.0,3.0,5.0,0.0,4.0,4.0,-6.0,27:37,6.2,0
17,101249,John Lucas III,8.0,2.0,7.0,2.0,2.0,0.0,1.0,0.0,5.0,0.0,2.0,1.0,-6.0,36:34,5.9,0
18,203497,Rudy Gobert,2.0,1.0,2.0,2.0,0.0,3.0,4.0,0.0,0.0,0.0,2.0,2.0,2.0,22:54,0.7,0
19,202692,Alec Burks,24.0,8.0,16.0,9.0,8.0,1.0,5.0,0.0,6.0,0.0,3.0,3.0,-2.0,31:30,17.8,0
20,2224,Jamaal Tinsley,0.0,0.0,3.0,0.0,0.0,0.0,0.0,0.0,3.0,0.0,1.0,1.0,5.0,8:05,-1.4,0
21,200839,Mike Harris,13.0,5.0,8.0,3.0,3.0,1.0,3.0,2.0,0.0,0.0,6.0,1.0,2.0,21:53,9.6,0
22,203546,Ian Clark,,,,,,,,,,,,,,,0.0,0
23,201575,Brandon Rush,,,,,,,,,,,,,,,0.0,0
24,101107,Marvin Williams,,,,,,,,,,,,,,,0.0,0
