,id,name,PTS,FG,FGA,FTA,FT,OREB,DREB,STL,AST,BLK,PF,TO,PLUS_MINUS,MIN,GS,WIN
0,202699,Tobias Harris,13.0,6.0,12.0,0.0,0.0,2.0,3.0,0.0,1.0,0.0,3.0,0.0,-4.0,28:12,8.8,0
1,201175,Glen Davis,15.0,6.0,12.0,2.0,2.0,1.0,2.0,2.0,2.0,1.0,2.0,1.0,5.0,32:49,12.6,0
2,202696,Nikola Vucevic,14.0,7.0,14.0,0.0,0.0,5.0,6.0,0.0,1.0,0.0,1.0,2.0,-4.0,29:41,10.6,0
3,201167,Arron Afflalo,18.0,6.0,12.0,8.0,5.0,1.0,2.0,0.0,4.0,0.0,2.0,3.0,-11.0,35:18,11.1,0
4,203506,Victor Oladipo,12.0,3.0,16.0,6.0,5.0,0.0,3.0,1.0,5.0,0.0,0.0,3.0,-9.0,37:52,4.0,0
5,203124,Kyle O'Quinn,4.0,1.0,3.0,2.0,2.0,0.0,2.0,2.0,3.0,0.0,2.0,1.0,-5.0,21:57,5.2,0
6,203094,Andrew Nicholson,0.0,0.0,1.0,0.0,0.0,2.0,1.0,1.0,0.0,3.0,2.0,1.0,-7.0,9:09,2.3,0
7,203090,Maurice Harkless,9.0,2.0,5.0,4.0,4.0,2.0,5.0,2.0,2.0,0.0,0.0,0.0,-4.0,21:10,12.6,0
8,202734,E'Twaun Moore,2.0,1.0,3.0,0.0,0.0,0.0,0.0,1.0,0.0,0.0,0.0,2.0,2.0,10:08,-0.7,0
9,203117,Doron Lamb,2.0,1.0,2.0,0.0,0.0,0.0,2.0,0.0,0.0,0.0,1.0,1.0,2.0,13:44,0.2,0
10,101131,Jason Maxiell,,,,,,,,,,,,,,,0.0,0
11,2749,Jameer Nelson,,,,,,,,,,,,,,,0.0,0
12,101179,Ronnie Price,,,,,,,,,,,,,,,0.0,0
13,201145,Jeff Green,8.0,2.0,13.0,3.0,3.0,0.0,2.0,2.0,5.0,1.0,2.0,4.0,1.0,36:25,1.7,1
14,101138,Brandon Bass,19.0,9.0,15.0,1.0,1.0,3.0,6.0,0.0,1.0,1.0,3.0,0.0,6.0,36:29,16.2,1
15,203096,Jared Sullinger,21.0,10.0,15.0,0.0,0.0,3.0,9.0,0.0,1.0,1.0,3.0,2.0,0.0,38:30,17.5,1
16,202340,Avery Bradley,17.0,6.0,12.0,6.0,5.0,0.0,2.0,1.0,2.0,0.0,2.0,1.0,6.0,32:30,11.8,1
17,200765,Rajon Rondo,19.0,9.0,11.0,0.0,0.0,0.0,6.0,3.0,10.0,0.0,4.0,4.0,3.0,26:37,21.1,1
18,2743,Kris Humphries,2.0,1.0,4.0,0.0,0.0,1.0,2.0,0.0,0.0,0.0,1.0,2.0,7.0,13:16,-1.5,1
19,201573,Jerryd Bayless,6.0,3.0,7.0,0.0,0.0,1.0,2.0,1.0,3.0,0.0,0.0,1.0,7.0,21:20,5.7,1
20,203187,Chris Johnson,3.0,1.0,3.0,0.0,0.0,2.0,1.0,0.0,0.0,0.0,1.0,1.0,6.0,18:57,1.6,1
21,203482,Kelly Olynyk,1.0,0.0,0.0,2.0,1.0,0.0,2.0,0.0,0.0,0.0,2.0,0.0,1.0,7:45,0.4,1
22,203515,Phil Pressey,0.0,0.0,2.0,0.0,0.0,0.0,2.0,0.0,2.0,0.0,0.0,1.0,-2.0,8:11,-0.4,1
23,201202,Joel Anthony,,,,,,,,,,,,,,,0.0,1
24,203543,Vitor Faverani,,,,,,,,,,,,,,,0.0,1
25,2222,Gerald Wallace,,,,,,,,,,,,,,,0.0,1
