,id,name,PTS,FG,FGA,FTA,FT,OREB,DREB,STL,AST,BLK,PF,TO,PLUS_MINUS,MIN,GS,WIN
0,203124,Kyle O'Quinn,20.0,9.0,11.0,2.0,2.0,1.0,6.0,0.0,1.0,1.0,3.0,2.0,9.0,28:05,16.6,0
1,203090,Maurice Harkless,3.0,1.0,3.0,0.0,0.0,0.0,3.0,0.0,4.0,1.0,2.0,2.0,4.0,27:20,2.9,0
2,203473,Dewayne Dedmon,6.0,1.0,4.0,4.0,4.0,2.0,7.0,0.0,0.0,2.0,6.0,0.0,-8.0,28:30,6.1,0
3,201167,Arron Afflalo,13.0,5.0,7.0,2.0,2.0,0.0,1.0,0.0,1.0,0.0,2.0,2.0,3.0,22:28,8.3,0
4,203506,Victor Oladipo,10.0,3.0,8.0,4.0,3.0,0.0,3.0,1.0,4.0,0.0,1.0,3.0,3.0,23:24,6.5,0
5,203117,Doron Lamb,9.0,3.0,6.0,3.0,2.0,0.0,0.0,1.0,2.0,1.0,2.0,1.0,-16.0,25:32,6.9,0
6,203094,Andrew Nicholson,19.0,8.0,9.0,0.0,0.0,0.0,4.0,0.0,0.0,1.0,4.0,0.0,-9.0,21:22,16.2,0
7,202699,Tobias Harris,4.0,2.0,12.0,1.0,0.0,0.0,3.0,1.0,1.0,0.0,4.0,2.0,-18.0,18:03,-5.0,0
8,101179,Ronnie Price,6.0,2.0,6.0,2.0,2.0,0.0,0.0,0.0,11.0,0.0,2.0,3.0,-16.0,24:36,6.5,0
9,202734,E'Twaun Moore,5.0,2.0,6.0,1.0,1.0,1.0,1.0,1.0,2.0,0.0,1.0,1.0,-17.0,20:40,3.6,0
10,101131,Jason Maxiell,,,,,,,,,,,,,,,0.0,0
11,2749,Jameer Nelson,,,,,,,,,,,,,,,0.0,0
12,202696,Nikola Vucevic,,,,,,,,,,,,,,,0.0,0
13,2399,Mike Dunleavy,22.0,8.0,11.0,4.0,3.0,0.0,0.0,0.0,5.0,0.0,2.0,1.0,14.0,39:22,18.8,1
14,2430,Carlos Boozer,13.0,6.0,11.0,2.0,1.0,1.0,11.0,1.0,5.0,0.0,5.0,1.0,4.0,31:45,12.8,1
15,201149,Joakim Noah,18.0,7.0,16.0,5.0,4.0,4.0,6.0,2.0,8.0,1.0,0.0,0.0,10.0,37:02,22.1,1
16,202710,Jimmy Butler,12.0,3.0,5.0,7.0,6.0,0.0,2.0,2.0,1.0,0.0,0.0,1.0,9.0,31:42,11.6,1
17,2550,Kirk Hinrich,3.0,1.0,5.0,2.0,1.0,0.0,0.0,3.0,4.0,0.0,2.0,0.0,-3.0,21:36,4.5,1
18,202690,Jimmer Fredette,17.0,7.0,14.0,2.0,2.0,0.0,3.0,0.0,2.0,0.0,5.0,3.0,18.0,30:35,7.3,1
19,201959,Taj Gibson,8.0,1.0,5.0,8.0,6.0,2.0,4.0,0.0,2.0,2.0,4.0,2.0,18.0,19:37,5.9,1
20,1737,Nazr Mohammed,2.0,1.0,2.0,0.0,0.0,0.0,1.0,0.0,0.0,0.0,0.0,0.0,-1.0,6:32,1.3,1
21,203503,Tony Snell,13.0,5.0,8.0,2.0,2.0,1.0,1.0,0.0,0.0,0.0,1.0,0.0,6.0,18:39,10.0,1
22,200758,Ronnie Brewer,0.0,0.0,0.0,0.0,0.0,0.0,0.0,0.0,0.0,0.0,0.0,0.0,-5.0,2:06,0.0,1
23,200811,Lou Amundson,0.0,0.0,0.0,0.0,0.0,0.0,0.0,0.0,0.0,0.0,0.0,0.0,-5.0,1:04,0.0,1
24,201571,D.J. Augustin,,,,,,,,,,,,,,,0.0,1
25,2229,Mike James,,,,,,,,,,,,,,,0.0,1
