,id,name,PTS,FG,FGA,FTA,FT,OREB,DREB,STL,AST,BLK,PF,TO,PLUS_MINUS,MIN,GS,WIN
0,201142,Kevin Durant,34.0,12.0,24.0,7.0,7.0,0.0,7.0,0.0,5.0,0.0,2.0,4.0,-4.0,43:55,22.8,0
1,201586,Serge Ibaka,18.0,7.0,11.0,4.0,4.0,1.0,4.0,1.0,2.0,3.0,4.0,1.0,3.0,37:27,16.9,0
2,203500,Steven Adams,0.0,0.0,0.0,0.0,0.0,0.0,1.0,0.0,0.0,0.0,2.0,0.0,12.0,11:21,-0.5,0
3,203103,Perry Jones III,0.0,0.0,2.0,0.0,0.0,0.0,0.0,0.0,0.0,0.0,3.0,0.0,13.0,10:30,-2.6,0
4,201566,Russell Westbrook,36.0,13.0,22.0,6.0,6.0,2.0,7.0,4.0,9.0,0.0,1.0,3.0,16.0,30:28,36.2,0
5,203460,Andre Roberson,0.0,0.0,0.0,0.0,0.0,1.0,1.0,0.0,1.0,1.0,3.0,0.0,-11.0,13:25,1.2,0
6,2406,Caron Butler,14.0,4.0,11.0,2.0,2.0,0.0,1.0,0.0,1.0,0.0,4.0,0.0,-23.0,29:16,7.3,0
7,202704,Reggie Jackson,4.0,2.0,8.0,0.0,0.0,1.0,2.0,0.0,3.0,0.0,2.0,1.0,-22.0,17:32,0.8,0
8,2555,Nick Collison,4.0,2.0,2.0,0.0,0.0,2.0,2.0,0.0,0.0,0.0,3.0,0.0,-9.0,10:33,4.2,0
9,965,Derek Fisher,5.0,2.0,4.0,0.0,0.0,0.0,1.0,1.0,0.0,0.0,0.0,0.0,-3.0,22:23,4.3,0
10,203087,Jeremy Lamb,7.0,3.0,6.0,0.0,0.0,0.0,0.0,1.0,0.0,0.0,3.0,0.0,-2.0,13:10,3.8,0
11,201934,Hasheem Thabeet,,,,,,,,,,,,,,,0.0,0
12,202130,Reggie Williams,,,,,,,,,,,,,,,0.0,0
13,200782,P.J. Tucker,7.0,2.0,3.0,2.0,2.0,2.0,7.0,2.0,4.0,0.0,4.0,1.0,5.0,42:37,11.4,1
14,101112,Channing Frye,11.0,4.0,8.0,2.0,2.0,3.0,2.0,0.0,2.0,1.0,0.0,2.0,-11.0,23:10,9.8,1
15,203458,Alex Len,6.0,2.0,3.0,3.0,2.0,3.0,0.0,0.0,0.0,0.0,5.0,0.0,-12.0,11:11,4.4,1
16,101123,Gerald Green,41.0,12.0,22.0,11.0,9.0,0.0,5.0,3.0,2.0,1.0,3.0,3.0,11.0,40:44,32.0,1
17,201609,Goran Dragic,22.0,8.0,18.0,7.0,4.0,0.0,2.0,0.0,4.0,0.0,3.0,2.0,-14.0,34:59,11.6,1
18,202693,Markieff Morris,24.0,8.0,13.0,10.0,8.0,1.0,5.0,1.0,3.0,0.0,5.0,3.0,13.0,29:54,17.6,1
19,202694,Marcus Morris Sr.,15.0,5.0,7.0,2.0,2.0,0.0,3.0,0.0,2.0,0.0,2.0,0.0,29.0,28:43,13.6,1
20,203462,Archie Goodwin,0.0,0.0,0.0,0.0,0.0,0.0,0.0,0.0,0.0,0.0,0.0,0.0,-3.0,3:28,0.0,1
21,202397,Ish Smith,2.0,1.0,5.0,0.0,0.0,1.0,7.0,0.0,4.0,0.0,1.0,1.0,11.0,19:51,3.1,1
22,101183,Shavlik Randolph,0.0,0.0,1.0,2.0,0.0,1.0,2.0,0.0,0.0,0.0,1.0,2.0,1.0,5:23,-2.6,1
23,202091,Dionte Christmas,,,,,,,,,,,,,,,0.0,1
24,203101,Miles Plumlee,,,,,,,,,,,,,,,0.0,1
