,id,name,PTS,FG,FGA,FTA,FT,OREB,DREB,STL,AST,BLK,PF,TO,PLUS_MINUS,MIN,GS,WIN
0,2736,Luol Deng,18.0,7.0,15.0,5.0,3.0,0.0,5.0,1.0,4.0,0.0,2.0,2.0,-14.0,35:08,12.0,0
1,2430,Carlos Boozer,17.0,7.0,15.0,4.0,3.0,3.0,3.0,2.0,2.0,0.0,3.0,5.0,-14.0,29:27,9.1,0
2,201149,Joakim Noah,6.0,3.0,8.0,2.0,0.0,3.0,7.0,0.0,3.0,1.0,4.0,2.0,-7.0,31:48,4.2,0
3,202710,Jimmy Butler,20.0,8.0,15.0,5.0,3.0,1.0,0.0,2.0,0.0,0.0,1.0,1.0,-11.0,35:11,13.2,0
4,201571,D.J. Augustin,8.0,2.0,6.0,2.0,2.0,0.0,2.0,2.0,9.0,0.0,3.0,1.0,-20.0,30:57,11.3,0
5,201959,Taj Gibson,14.0,6.0,9.0,4.0,2.0,2.0,2.0,0.0,1.0,0.0,2.0,3.0,-9.0,30:16,8.2,0
6,2399,Mike Dunleavy,9.0,4.0,8.0,1.0,0.0,0.0,3.0,1.0,1.0,0.0,1.0,2.0,-9.0,19:33,4.8,0
7,203104,Marquis Teague,2.0,1.0,3.0,0.0,0.0,0.0,2.0,0.0,4.0,1.0,2.0,0.0,5.0,17:03,3.6,0
8,203503,Tony Snell,0.0,0.0,0.0,0.0,0.0,0.0,0.0,0.0,1.0,0.0,0.0,0.0,2.0,5:44,0.7,0
9,1737,Nazr Mohammed,0.0,0.0,0.0,0.0,0.0,0.0,0.0,0.0,1.0,0.0,1.0,1.0,0.0,4:29,-0.7,0
10,203513,Erik Murphy,0.0,0.0,0.0,0.0,0.0,0.0,0.0,0.0,0.0,0.0,0.0,0.0,2.0,0:25,0.0,0
11,2550,Kirk Hinrich,,,,,,,,,,,,,,,0.0,0
12,202718,Chandler Parsons,19.0,8.0,14.0,1.0,0.0,2.0,7.0,0.0,3.0,1.0,2.0,2.0,7.0,35:41,15.5,1
13,203093,Terrence Jones,5.0,2.0,8.0,1.0,1.0,1.0,4.0,1.0,6.0,1.0,2.0,0.0,8.0,26:45,7.2,1
14,2730,Dwight Howard,23.0,11.0,14.0,1.0,1.0,1.0,8.0,1.0,0.0,1.0,2.0,2.0,19.0,34:29,19.6,1
15,201935,James Harden,19.0,7.0,13.0,4.0,4.0,0.0,4.0,3.0,6.0,0.0,3.0,7.0,22.0,35:39,12.9,1
16,201976,Patrick Beverley,15.0,5.0,9.0,5.0,3.0,0.0,1.0,0.0,3.0,0.0,1.0,0.0,4.0,33:38,11.9,1
17,201956,Omri Casspi,11.0,3.0,7.0,4.0,4.0,2.0,1.0,1.0,0.0,0.0,2.0,1.0,7.0,21:15,8.2,1
18,201166,Aaron Brooks,2.0,1.0,6.0,0.0,0.0,1.0,2.0,1.0,4.0,0.0,3.0,0.0,6.0,17:38,2.1,1
19,101128,Francisco Garcia,9.0,4.0,6.0,0.0,0.0,1.0,0.0,0.0,0.0,2.0,4.0,0.0,5.0,18:49,6.9,1
20,202962,Greg Smith,4.0,2.0,3.0,0.0,0.0,1.0,1.0,0.0,0.0,0.0,3.0,1.0,-4.0,13:31,1.5,1
21,200758,Ronnie Brewer,2.0,1.0,2.0,0.0,0.0,0.0,0.0,1.0,1.0,0.0,0.0,0.0,1.0,2:35,2.7,1
22,201600,Omer Asik,,,,,,,,,,,,,,,0.0,1
23,202391,Jeremy Lin,,,,,,,,,,,,,,,0.0,1
24,202700,Donatas Motiejunas,,,,,,,,,,,,,,,0.0,1
