,id,name,PTS,FG,FGA,FTA,FT,OREB,DREB,STL,AST,BLK,PF,TO,PLUS_MINUS,MIN,GS,WIN
0,202329,Al-Farouq Aminu,18.0,8.0,13.0,2.0,2.0,4.0,8.0,1.0,1.0,1.0,3.0,2.0,-7.0,36:29,16.5,0
1,201880,Greg Stiemsma,3.0,0.0,1.0,4.0,3.0,2.0,10.0,2.0,1.0,1.0,4.0,2.0,-8.0,32:47,6.1,0
2,201582,Alexis Ajinca,4.0,2.0,5.0,0.0,0.0,2.0,3.0,0.0,0.0,0.0,2.0,3.0,0.0,16:17,-0.2,0
3,201569,Eric Gordon,14.0,5.0,17.0,5.0,3.0,1.0,3.0,1.0,1.0,1.0,3.0,0.0,-3.0,35:15,6.1,0
4,203148,Brian Roberts,9.0,3.0,10.0,3.0,3.0,0.0,3.0,0.0,3.0,0.0,1.0,2.0,-5.0,26:09,3.8,0
5,201936,Tyreke Evans,11.0,4.0,15.0,5.0,3.0,3.0,3.0,0.0,3.0,0.0,1.0,2.0,-24.0,23:40,4.0,0
6,203121,Darius Miller,0.0,0.0,3.0,0.0,0.0,0.0,1.0,0.0,0.0,0.0,3.0,0.0,0.0,6:54,-3.0,0
7,203085,Austin Rivers,8.0,3.0,9.0,2.0,2.0,1.0,1.0,0.0,2.0,0.0,5.0,1.0,-6.0,21:51,2.3,0
8,203481,Jeff Withey,3.0,1.0,1.0,2.0,1.0,0.0,2.0,0.0,1.0,3.0,2.0,1.0,-1.0,22:30,3.9,0
9,201627,Anthony Morrow,7.0,3.0,8.0,0.0,0.0,0.0,1.0,0.0,0.0,0.0,2.0,0.0,-1.0,18:08,2.1,0
10,203076,Anthony Davis,,,,,,,,,,,,,,,0.0,0
11,201950,Jrue Holiday,,,,,,,,,,,,,,,0.0,0
12,201160,Jason Smith,,,,,,,,,,,,,,,0.0,0
13,201147,Corey Brewer,3.0,1.0,4.0,2.0,1.0,0.0,2.0,1.0,2.0,0.0,2.0,1.0,8.0,25:20,1.4,1
14,201567,Kevin Love,30.0,11.0,26.0,9.0,7.0,5.0,9.0,0.0,5.0,0.0,1.0,3.0,8.0,43:26,21.7,1
15,101142,Ronny Turiaf,4.0,2.0,5.0,0.0,0.0,3.0,5.0,0.0,1.0,0.0,4.0,1.0,9.0,26:13,3.0,1
16,2755,Kevin Martin,18.0,7.0,18.0,5.0,3.0,1.0,5.0,0.0,1.0,2.0,1.0,2.0,1.0,33:22,9.3,1
17,201937,Ricky Rubio,5.0,1.0,4.0,3.0,3.0,1.0,2.0,1.0,6.0,0.0,4.0,2.0,11.0,24:19,5.5,1
18,201978,Chase Budinger,3.0,1.0,5.0,0.0,0.0,0.0,2.0,0.0,1.0,0.0,2.0,0.0,10.0,14:38,0.4,1
19,200826,J.J. Barea,10.0,4.0,9.0,2.0,1.0,0.0,2.0,0.0,6.0,0.0,0.0,3.0,0.0,23:41,6.7,1
20,201601,Luc Mbah a Moute,3.0,0.0,2.0,4.0,3.0,2.0,1.0,1.0,0.0,1.0,3.0,0.0,3.0,22:40,3.4,1
21,203476,Gorgui Dieng,0.0,0.0,2.0,0.0,0.0,0.0,4.0,0.0,0.0,0.0,2.0,0.0,1.0,6:26,-1.0,1
22,201967,Dante Cunningham,12.0,6.0,7.0,0.0,0.0,0.0,6.0,0.0,1.0,0.0,2.0,1.0,4.0,19:55,10.2,1
23,203498,Shabazz Muhammad,,,,,,,,,,,,,,,0.0,1
24,201985,AJ Price,,,,,,,,,,,,,,,0.0,1
25,203144,Alexey Shved,,,,,,,,,,,,,,,0.0,1
