,id,name,PTS,FG,FGA,FTA,FT,OREB,DREB,STL,AST,BLK,PF,TO,PLUS_MINUS,MIN,GS,WIN
0,2772,Trevor Ariza,10.0,4.0,7.0,2.0,1.0,2.0,4.0,1.0,1.0,0.0,1.0,1.0,1.0,32:55,9.2,0
1,202344,Trevor Booker,24.0,12.0,19.0,1.0,0.0,2.0,12.0,1.0,2.0,1.0,3.0,1.0,2.0,44:09,21.0,0
2,101162,Marcin Gortat,12.0,6.0,10.0,0.0,0.0,3.0,7.0,0.0,6.0,0.0,4.0,4.0,2.0,37:12,10.2,0
3,101110,Martell Webster,15.0,4.0,12.0,7.0,7.0,2.0,6.0,1.0,0.0,0.0,1.0,2.0,-5.0,38:35,10.0,0
4,202322,John Wall,13.0,6.0,22.0,0.0,0.0,0.0,4.0,0.0,11.0,0.0,4.0,4.0,-1.0,37:16,3.3,0
5,203318,Glen Rice,8.0,2.0,8.0,3.0,2.0,1.0,4.0,0.0,1.0,0.0,2.0,2.0,-3.0,19:12,2.6,0
6,202686,Jan Vesely,8.0,4.0,9.0,2.0,0.0,4.0,1.0,1.0,1.0,1.0,1.0,0.0,-1.0,17:56,7.6,0
7,202066,Garrett Temple,3.0,1.0,4.0,3.0,1.0,0.0,1.0,0.0,4.0,0.0,1.0,1.0,-5.0,16:02,1.5,0
8,203490,Otto Porter Jr.,4.0,2.0,6.0,0.0,0.0,2.0,2.0,0.0,0.0,0.0,0.0,0.0,3.0,15:44,2.6,0
9,202338,Kevin Seraphin,2.0,1.0,3.0,0.0,0.0,2.0,1.0,0.0,0.0,1.0,3.0,2.0,-3.0,6:00,-0.5,0
10,201953,Eric Maynor,,,,,,,,,,,,,,,0.0,0
11,2403,Nene,,,,,,,,,,,,,,,0.0,0
12,202698,Chris Singleton,,,,,,,,,,,,,,,0.0,0
13,201960,DeMarre Carroll,3.0,1.0,3.0,0.0,0.0,0.0,6.0,1.0,0.0,0.0,4.0,3.0,-11.0,27:48,-0.5,1
14,200794,Paul Millsap,16.0,6.0,17.0,7.0,4.0,4.0,7.0,1.0,4.0,1.0,5.0,1.0,6.0,40:14,11.7,1
15,201143,Al Horford,34.0,15.0,23.0,5.0,4.0,6.0,9.0,2.0,2.0,0.0,0.0,2.0,-3.0,41:00,31.8,1
16,2594,Kyle Korver,16.0,6.0,13.0,0.0,0.0,1.0,3.0,2.0,3.0,0.0,2.0,2.0,6.0,38:55,12.2,1
17,201952,Jeff Teague,12.0,4.0,11.0,4.0,3.0,0.0,2.0,1.0,7.0,0.0,1.0,3.0,7.0,40:11,8.6,1
18,101150,Lou Williams,5.0,2.0,7.0,0.0,0.0,0.0,0.0,3.0,2.0,0.0,2.0,3.0,3.0,22:36,1.5,1
19,1882,Elton Brand,7.0,2.0,4.0,4.0,3.0,0.0,4.0,0.0,0.0,0.0,0.0,0.0,9.0,11:23,5.8,1
20,202714,Shelvin Mack,4.0,1.0,9.0,2.0,2.0,0.0,3.0,0.0,5.0,0.0,0.0,1.0,-3.0,29:46,1.5,1
21,201858,Cartier Martin,0.0,0.0,0.0,0.0,0.0,0.0,0.0,0.0,0.0,0.0,0.0,0.0,-2.0,0:19,0.0,1
22,203544,Pero Antic,4.0,1.0,2.0,2.0,2.0,0.0,1.0,0.0,4.0,0.0,0.0,0.0,-2.0,12:48,6.1,1
23,203099,Jared Cunningham,,,,,,,,,,,,,,,0.0,1
24,203098,John Jenkins,,,,,,,,,,,,,,,0.0,1
25,203118,Mike Scott,,,,,,,,,,,,,,,0.0,1
