,id,name,PTS,FG,FGA,FTA,FT,OREB,DREB,STL,AST,BLK,PF,TO,PLUS_MINUS,MIN,GS,WIN
0,202713,Kyle Singler,2.0,1.0,6.0,0.0,0.0,1.0,3.0,2.0,0.0,0.0,0.0,1.0,-4.0,33:54,0.8,1
1,202328,Greg Monroe,21.0,10.0,24.0,1.0,1.0,6.0,7.0,2.0,2.0,0.0,3.0,2.0,7.0,39:00,14.7,1
2,203083,Andre Drummond,19.0,7.0,9.0,11.0,5.0,5.0,12.0,2.0,0.0,2.0,5.0,2.0,1.0,31:01,19.6,1
3,201155,Rodney Stuckey,29.0,8.0,17.0,14.0,12.0,1.0,3.0,1.0,4.0,0.0,2.0,8.0,13.0,39:04,16.1,1
4,201943,Brandon Jennings,7.0,3.0,10.0,0.0,0.0,1.0,1.0,0.0,6.0,0.0,2.0,1.0,9.0,33:33,4.6,1
5,203484,Kentavious Caldwell-Pope,6.0,3.0,10.0,0.0,0.0,2.0,1.0,3.0,0.0,1.0,3.0,0.0,5.0,23:02,4.4,1
6,201973,Jonas Jerebko,8.0,2.0,4.0,4.0,3.0,0.0,8.0,2.0,0.0,1.0,2.0,1.0,4.0,25:31,8.9,1
7,203491,Peyton Siva,10.0,3.0,6.0,2.0,1.0,0.0,2.0,1.0,2.0,0.0,3.0,0.0,0.0,14:55,8.4,1
8,203540,Gigi Datome,,,,,,,,,,,,,,,0.0,1
9,203502,Tony Mitchell,,,,,,,,,,,,,,,0.0,1
10,2746,Josh Smith,,,,,,,,,,,,,,,0.0,1
11,101111,Charlie Villanueva,,,,,,,,,,,,,,,0.0,1
12,201960,DeMarre Carroll,8.0,2.0,10.0,4.0,4.0,4.0,5.0,1.0,3.0,1.0,4.0,1.0,-5.0,35:09,7.3,0
13,200794,Paul Millsap,24.0,10.0,19.0,8.0,4.0,6.0,6.0,2.0,4.0,1.0,5.0,2.0,6.0,36:31,20.6,0
14,203544,Pero Antic,13.0,4.0,13.0,4.0,3.0,6.0,3.0,1.0,0.0,1.0,3.0,3.0,9.0,27:42,7.7,0
15,2594,Kyle Korver,12.0,4.0,16.0,0.0,0.0,0.0,5.0,2.0,5.0,0.0,3.0,3.0,0.0,37:43,5.2,0
16,201952,Jeff Teague,15.0,5.0,9.0,4.0,4.0,0.0,1.0,0.0,9.0,0.0,0.0,2.0,-8.0,33:50,15.3,0
17,201858,Cartier Martin,3.0,1.0,4.0,0.0,0.0,0.0,0.0,1.0,0.0,0.0,1.0,1.0,-2.0,12:53,0.2,0
18,1882,Elton Brand,4.0,2.0,3.0,0.0,0.0,1.0,6.0,1.0,0.0,2.0,3.0,1.0,-12.0,20:11,5.4,0
19,202714,Shelvin Mack,10.0,3.0,7.0,4.0,3.0,0.0,2.0,0.0,3.0,0.0,2.0,2.0,-12.0,17:40,5.8,0
20,203118,Mike Scott,4.0,2.0,5.0,0.0,0.0,0.0,3.0,1.0,1.0,0.0,2.0,1.0,-11.0,11:28,2.1,0
21,203471,Dennis Schroder,2.0,1.0,3.0,0.0,0.0,0.0,0.0,0.0,1.0,0.0,0.0,0.0,0.0,6:54,1.0,0
22,203488,Mike Muscala,,,,,,,,,,,,,,,0.0,0
23,101150,Lou Williams,,,,,,,,,,,,,,,0.0,0
