,id,name,PTS,FG,FGA,FTA,FT,OREB,DREB,STL,AST,BLK,PF,TO,PLUS_MINUS,MIN,GS,WIN
0,2772,Trevor Ariza,12.0,5.0,13.0,0.0,0.0,2.0,1.0,3.0,4.0,0.0,5.0,1.0,-17.0,37:46,9.4,0
1,202344,Trevor Booker,10.0,4.0,6.0,2.0,2.0,2.0,6.0,2.0,1.0,1.0,3.0,1.0,3.0,26:28,11.8,0
2,101162,Marcin Gortat,19.0,7.0,12.0,6.0,5.0,3.0,11.0,0.0,2.0,0.0,5.0,2.0,0.0,37:18,15.8,0
3,203078,Bradley Beal,19.0,7.0,23.0,6.0,3.0,1.0,1.0,1.0,6.0,0.0,5.0,1.0,-8.0,42:29,7.7,0
4,202322,John Wall,14.0,5.0,12.0,6.0,2.0,0.0,3.0,3.0,8.0,1.0,6.0,5.0,1.0,33:58,8.8,0
5,101110,Martell Webster,9.0,3.0,6.0,1.0,1.0,0.0,2.0,0.0,1.0,0.0,1.0,0.0,1.0,23:30,6.9,0
6,1733,Al Harrington,6.0,1.0,3.0,4.0,3.0,1.0,0.0,0.0,0.0,0.0,2.0,1.0,-3.0,14:12,2.8,0
7,1889,Andre Miller,4.0,1.0,6.0,3.0,2.0,0.0,2.0,0.0,4.0,0.0,3.0,2.0,-7.0,19:02,0.0,0
8,2400,Drew Gooden,18.0,7.0,10.0,2.0,2.0,2.0,4.0,2.0,2.0,0.0,2.0,2.0,-8.0,27:37,17.0,0
9,202066,Garrett Temple,0.0,0.0,0.0,0.0,0.0,0.0,0.0,0.0,0.0,0.0,0.0,0.0,3.0,1:26,0.0,0
10,202698,Chris Singleton,0.0,0.0,0.0,0.0,0.0,0.0,0.0,0.0,0.0,0.0,0.0,0.0,5.0,1:14,0.0,0
11,203490,Otto Porter Jr.,,,,,,,,,,,,,,,0.0,0
12,202338,Kevin Seraphin,,,,,,,,,,,,,,,0.0,0
13,200752,Rudy Gay,24.0,10.0,17.0,5.0,4.0,1.0,5.0,3.0,1.0,0.0,4.0,5.0,20.0,37:33,15.0,1
14,2501,Reggie Evans,7.0,2.0,5.0,4.0,3.0,1.0,9.0,2.0,0.0,0.0,2.0,0.0,-6.0,24:56,8.5,1
15,202326,DeMarcus Cousins,24.0,9.0,17.0,11.0,6.0,7.0,7.0,1.0,3.0,0.0,5.0,4.0,13.0,30:22,17.8,1
16,203463,Ben McLemore,11.0,5.0,17.0,0.0,0.0,3.0,2.0,0.0,2.0,0.0,5.0,3.0,5.0,50:07,0.2,1
17,202738,Isaiah Thomas,24.0,6.0,16.0,10.0,10.0,2.0,9.0,0.0,10.0,1.0,5.0,4.0,14.0,43:10,21.0,1
18,202682,Derrick Williams,8.0,2.0,5.0,4.0,3.0,0.0,1.0,2.0,2.0,0.0,2.0,2.0,6.0,31:49,5.8,1
19,201574,Jason Thompson,10.0,4.0,6.0,2.0,2.0,0.0,5.0,0.0,0.0,1.0,3.0,1.0,-7.0,22:38,7.4,1
20,203112,Quincy Acy,2.0,0.0,2.0,2.0,2.0,2.0,2.0,0.0,0.0,0.0,3.0,0.0,-8.0,11:42,1.4,1
21,203492,Ray McCallum,7.0,2.0,2.0,2.0,1.0,0.0,1.0,0.0,0.0,0.0,0.0,1.0,-7.0,12:43,5.3,1
22,201189,Aaron Gray,,,,,,,,,,,,,,,0.0,1
23,2566,Travis Outlaw,,,,,,,,,,,,,,,0.0,1
