,id,name,PTS,FG,FGA,FTA,FT,OREB,DREB,STL,AST,BLK,PF,TO,PLUS_MINUS,MIN,GS,WIN
0,201587,Nicolas Batum,15.0,6.0,15.0,2.0,2.0,2.0,1.0,2.0,3.0,0.0,4.0,3.0,12.0,38:06,8.1,1
1,200746,LaMarcus Aldridge,25.0,10.0,23.0,6.0,5.0,2.0,12.0,0.0,2.0,2.0,3.0,0.0,6.0,39:43,19.1,1
2,201577,Robin Lopez,12.0,5.0,8.0,2.0,2.0,2.0,3.0,0.0,0.0,0.0,2.0,0.0,11.0,39:07,9.9,1
3,202083,Wesley Matthews,16.0,5.0,16.0,4.0,4.0,1.0,6.0,1.0,7.0,0.0,4.0,0.0,5.0,38:06,13.6,1
4,203081,Damian Lillard,21.0,6.0,15.0,5.0,5.0,1.0,5.0,1.0,11.0,0.0,3.0,2.0,11.0,40:35,20.6,1
5,2748,Dorell Wright,0.0,0.0,2.0,0.0,0.0,1.0,0.0,1.0,0.0,0.0,0.0,0.0,-11.0,7:53,0.3,1
6,2590,Mo Williams,5.0,2.0,7.0,2.0,0.0,0.0,1.0,0.0,3.0,0.0,4.0,0.0,-2.0,18:32,0.9,1
7,200777,Joel Freeland,2.0,1.0,3.0,0.0,0.0,0.0,3.0,0.0,0.0,1.0,2.0,1.0,-4.0,11:31,0.1,1
8,203086,Meyers Leonard,2.0,1.0,2.0,0.0,0.0,0.0,2.0,0.0,0.0,0.0,0.0,0.0,-2.0,4:35,1.6,1
9,2248,Earl Watson,0.0,0.0,0.0,0.0,0.0,1.0,0.0,0.0,0.0,0.0,0.0,0.0,-6.0,1:52,0.7,1
10,203115,Will Barton,,,,,,,,,,,,,,,0.0,1
11,203459,Allen Crabbe,,,,,,,,,,,,,,,0.0,1
12,203080,Thomas Robinson,,,,,,,,,,,,,,,0.0,1
13,201142,Kevin Durant,37.0,12.0,26.0,12.0,10.0,3.0,11.0,1.0,3.0,0.0,3.0,1.0,-8.0,40:12,29.1,0
14,201586,Serge Ibaka,17.0,8.0,14.0,2.0,1.0,2.0,2.0,0.0,0.0,3.0,3.0,1.0,-4.0,31:09,11.9,0
15,2570,Kendrick Perkins,2.0,1.0,4.0,0.0,0.0,0.0,4.0,0.0,1.0,1.0,3.0,1.0,3.0,27:55,0.0,0
16,200757,Thabo Sefolosha,4.0,1.0,2.0,2.0,2.0,0.0,5.0,1.0,0.0,0.0,1.0,0.0,0.0,27:33,5.1,0
17,202704,Reggie Jackson,12.0,5.0,13.0,4.0,2.0,2.0,5.0,1.0,6.0,0.0,2.0,1.0,2.0,28:41,10.4,0
18,2555,Nick Collison,4.0,2.0,4.0,0.0,0.0,2.0,5.0,0.0,0.0,0.0,3.0,1.0,0.0,16:51,2.7,0
19,965,Derek Fisher,4.0,1.0,4.0,2.0,2.0,0.0,2.0,0.0,3.0,0.0,1.0,1.0,-6.0,19:19,2.9,0
20,203500,Steven Adams,4.0,1.0,4.0,2.0,2.0,1.0,2.0,0.0,1.0,0.0,3.0,3.0,-6.0,19:48,-0.6,0
21,203087,Jeremy Lamb,10.0,5.0,11.0,0.0,0.0,0.0,6.0,0.0,1.0,0.0,0.0,1.0,-5.0,20:36,5.8,0
22,203103,Perry Jones III,0.0,0.0,0.0,2.0,0.0,0.0,0.0,0.0,0.0,0.0,1.0,0.0,4.0,7:56,-1.2,0
23,101155,Ryan Gomes,,,,,,,,,,,,,,,0.0,0
24,203460,Andre Roberson,,,,,,,,,,,,,,,0.0,0
25,201934,Hasheem Thabeet,,,,,,,,,,,,,,,0.0,0
