,id,name,PTS,FG,FGA,FTA,FT,OREB,DREB,STL,AST,BLK,PF,TO,PLUS_MINUS,MIN,GS,WIN
0,2419,Tayshaun Prince,4.0,2.0,6.0,0.0,0.0,0.0,6.0,0.0,3.0,0.0,0.0,1.0,7.0,31:10,3.5,1
1,2216,Zach Randolph,23.0,11.0,22.0,1.0,1.0,5.0,5.0,1.0,3.0,0.0,5.0,0.0,10.0,36:08,18.1,1
2,201188,Marc Gasol,15.0,7.0,13.0,1.0,1.0,0.0,8.0,3.0,4.0,1.0,3.0,5.0,11.0,34:45,11.4,1
3,201584,Courtney Lee,12.0,5.0,9.0,2.0,1.0,0.0,1.0,3.0,1.0,0.0,1.0,1.0,16.0,31:09,9.9,1
4,201144,Mike Conley,19.0,8.0,14.0,2.0,1.0,0.0,3.0,1.0,7.0,0.0,1.0,2.0,7.0,34:36,16.4,1
5,201979,Nick Calathes,2.0,1.0,5.0,0.0,0.0,0.0,4.0,0.0,4.0,0.0,0.0,0.0,10.0,13:24,2.9,1
6,201949,James Johnson,4.0,1.0,2.0,2.0,2.0,3.0,3.0,0.0,1.0,0.0,4.0,3.0,10.0,16:58,2.1,1
7,202334,Ed Davis,0.0,0.0,1.0,0.0,0.0,0.0,2.0,0.0,0.0,0.0,2.0,0.0,7.0,12:29,-0.9,1
8,201585,Kosta Koufos,6.0,3.0,5.0,2.0,0.0,1.0,2.0,1.0,0.0,1.0,3.0,0.0,4.0,11:03,4.7,1
9,2034,Mike Miller,11.0,4.0,5.0,0.0,0.0,0.0,2.0,0.0,1.0,0.0,1.0,1.0,-1.0,15:48,9.0,1
10,203479,Jamaal Franklin,2.0,1.0,1.0,0.0,0.0,0.0,0.0,0.0,0.0,0.0,0.0,0.0,2.0,1:15,1.7,1
11,202720,Jon Leuer,0.0,0.0,0.0,0.0,0.0,0.0,1.0,0.0,0.0,0.0,0.0,0.0,2.0,1:15,0.3,1
12,2754,Tony Allen,,,,,,,,,,,,,,,0.0,1
13,201587,Nicolas Batum,10.0,4.0,11.0,3.0,2.0,0.0,6.0,1.0,4.0,0.0,0.0,2.0,-11.0,38:49,7.1,0
14,200746,LaMarcus Aldridge,27.0,11.0,23.0,7.0,5.0,4.0,12.0,0.0,2.0,2.0,3.0,3.0,-6.0,38:47,19.5,0
15,201577,Robin Lopez,14.0,4.0,10.0,8.0,6.0,2.0,3.0,0.0,0.0,0.0,0.0,0.0,-13.0,34:56,10.1,0
16,202083,Wesley Matthews,8.0,2.0,9.0,2.0,2.0,0.0,3.0,0.0,5.0,0.0,1.0,1.0,-14.0,34:58,5.5,0
17,203081,Damian Lillard,16.0,7.0,16.0,0.0,0.0,1.0,0.0,0.0,3.0,0.0,2.0,3.0,-4.0,37:25,6.6,0
18,2590,Mo Williams,2.0,1.0,7.0,0.0,0.0,0.0,0.0,2.0,3.0,0.0,0.0,2.0,-5.0,19:21,-0.4,0
19,200777,Joel Freeland,3.0,1.0,2.0,1.0,1.0,3.0,0.0,0.0,0.0,0.0,1.0,0.0,-7.0,5:52,3.7,0
20,203468,CJ McCollum,0.0,0.0,4.0,0.0,0.0,0.0,0.0,0.0,0.0,0.0,3.0,1.0,-13.0,10:43,-5.0,0
21,203080,Thomas Robinson,0.0,0.0,0.0,0.0,0.0,0.0,3.0,0.0,0.0,0.0,0.0,0.0,-9.0,6:59,0.9,0
22,203086,Meyers Leonard,1.0,0.0,1.0,1.0,1.0,1.0,1.0,1.0,1.0,0.0,2.0,0.0,1.0,9:06,2.2,0
23,2748,Dorell Wright,0.0,0.0,2.0,0.0,0.0,0.0,0.0,0.0,0.0,0.0,0.0,0.0,-2.0,1:32,-1.4,0
24,203115,Will Barton,0.0,0.0,2.0,0.0,0.0,1.0,0.0,0.0,0.0,0.0,0.0,0.0,-2.0,1:32,-0.7,0
25,2248,Earl Watson,,,,,,,,,,,,,,,0.0,0
