,id,name,PTS,FG,FGA,FTA,FT,OREB,DREB,STL,AST,BLK,PF,TO,PLUS_MINUS,MIN,GS,WIN
0,2419,Tayshaun Prince,4.0,2.0,8.0,0.0,0.0,0.0,1.0,0.0,2.0,0.0,1.0,2.0,-10.0,35:13,-1.5,0
1,2216,Zach Randolph,16.0,7.0,13.0,4.0,2.0,2.0,6.0,1.0,1.0,1.0,0.0,2.0,-10.0,32:37,12.5,0
2,201188,Marc Gasol,8.0,3.0,8.0,2.0,2.0,1.0,2.0,1.0,5.0,4.0,1.0,1.0,-14.0,32:31,10.8,0
3,201584,Courtney Lee,12.0,5.0,9.0,1.0,1.0,1.0,2.0,0.0,0.0,1.0,3.0,1.0,0.0,26:30,7.5,0
4,201144,Mike Conley,10.0,4.0,12.0,2.0,2.0,2.0,4.0,1.0,6.0,0.0,3.0,2.0,-14.0,30:06,7.8,0
5,201585,Kosta Koufos,6.0,2.0,5.0,3.0,2.0,2.0,0.0,0.0,0.0,0.0,0.0,0.0,2.0,14:38,4.3,0
6,201979,Nick Calathes,11.0,3.0,3.0,8.0,5.0,3.0,5.0,2.0,2.0,0.0,3.0,1.0,1.0,17:54,13.7,0
7,2034,Mike Miller,4.0,1.0,4.0,2.0,1.0,0.0,0.0,0.0,0.0,0.0,2.0,2.0,-7.0,18:15,-1.6,0
8,2754,Tony Allen,10.0,5.0,7.0,0.0,0.0,1.0,2.0,1.0,0.0,0.0,4.0,5.0,-14.0,20:47,2.8,0
9,202720,Jon Leuer,3.0,1.0,5.0,3.0,1.0,0.0,1.0,1.0,0.0,0.0,0.0,0.0,3.0,9:48,0.4,0
10,2757,Beno Udrih,2.0,0.0,0.0,2.0,2.0,0.0,0.0,0.0,0.0,0.0,0.0,0.0,-1.0,0:51,2.0,0
11,201949,James Johnson,0.0,0.0,0.0,0.0,0.0,0.0,0.0,0.0,0.0,0.0,0.0,0.0,-1.0,0:51,0.0,0
12,202334,Ed Davis,,,,,,,,,,,,,,,0.0,0
13,203082,Terrence Ross,7.0,2.0,5.0,2.0,2.0,0.0,1.0,1.0,1.0,0.0,3.0,3.0,-1.0,20:08,2.1,1
14,101161,Amir Johnson,12.0,6.0,10.0,0.0,0.0,4.0,4.0,2.0,2.0,0.0,3.0,2.0,12.0,35:02,11.6,1
15,202685,Jonas Valanciunas,23.0,11.0,15.0,2.0,1.0,2.0,7.0,1.0,0.0,0.0,1.0,2.0,16.0,35:51,18.6,1
16,201942,DeMar DeRozan,16.0,4.0,12.0,8.0,7.0,0.0,0.0,1.0,2.0,0.0,4.0,4.0,16.0,43:00,5.6,1
17,200768,Kyle Lowry,22.0,6.0,14.0,7.0,6.0,1.0,6.0,1.0,12.0,1.0,3.0,0.0,18.0,38:48,25.6,1
18,2422,John Salmons,0.0,0.0,3.0,0.0,0.0,0.0,0.0,0.0,0.0,0.0,1.0,1.0,-6.0,13:59,-3.5,1
19,201946,Tyler Hansbrough,0.0,0.0,0.0,0.0,0.0,1.0,0.0,0.0,0.0,0.0,2.0,0.0,-5.0,5:22,-0.1,1
20,202349,Greivis Vasquez,17.0,6.0,11.0,3.0,2.0,0.0,5.0,3.0,6.0,0.0,3.0,2.0,17.0,28:10,16.8,1
21,200779,Steve Novak,0.0,0.0,0.0,0.0,0.0,0.0,3.0,0.0,0.0,0.0,0.0,1.0,1.0,12:44,-0.1,1
22,101236,Chuck Hayes,2.0,1.0,1.0,0.0,0.0,0.0,2.0,0.0,0.0,0.0,2.0,1.0,-3.0,6:36,0.5,1
23,202933,Julyan Stone,0.0,0.0,0.0,0.0,0.0,0.0,0.0,0.0,0.0,0.0,0.0,0.0,0.0,0:10,0.0,1
24,201986,Nando De Colo,0.0,0.0,0.0,0.0,0.0,0.0,0.0,0.0,0.0,0.0,0.0,0.0,0.0,0:10,0.0,1
25,202361,Landry Fields,,,,,,,,,,,,,,,0.0,1
