,id,name,PTS,FG,FGA,FTA,FT,OREB,DREB,STL,AST,BLK,PF,TO,PLUS_MINUS,MIN,GS,WIN
0,201960,DeMarre Carroll,14.0,3.0,7.0,8.0,6.0,1.0,6.0,3.0,1.0,0.0,1.0,2.0,-19.0,34:30,13.3,0
1,200794,Paul Millsap,20.0,9.0,15.0,4.0,2.0,2.0,3.0,1.0,3.0,1.0,4.0,2.0,-7.0,35:45,14.8,0
2,201143,Al Horford,11.0,5.0,12.0,2.0,1.0,1.0,4.0,5.0,3.0,4.0,1.0,3.0,-14.0,31:59,12.6,0
3,2594,Kyle Korver,8.0,3.0,9.0,1.0,1.0,0.0,5.0,2.0,3.0,0.0,1.0,0.0,-12.0,35:42,8.1,0
4,201952,Jeff Teague,24.0,7.0,13.0,12.0,9.0,0.0,2.0,4.0,9.0,0.0,3.0,6.0,-24.0,34:19,20.2,0
5,203118,Mike Scott,0.0,0.0,1.0,0.0,0.0,0.0,1.0,0.0,0.0,0.0,4.0,2.0,-3.0,7:22,-4.0,0
6,203471,Dennis Schroder,5.0,2.0,5.0,0.0,0.0,0.0,4.0,0.0,5.0,0.0,3.0,2.0,10.0,18:29,3.8,0
7,1882,Elton Brand,8.0,4.0,5.0,0.0,0.0,0.0,0.0,0.0,0.0,0.0,0.0,0.0,1.0,13:04,6.1,0
8,201858,Cartier Martin,17.0,4.0,8.0,6.0,6.0,1.0,1.0,1.0,1.0,0.0,3.0,0.0,7.0,16:45,14.5,0
9,203544,Pero Antic,0.0,0.0,1.0,0.0,0.0,0.0,2.0,0.0,0.0,0.0,0.0,0.0,5.0,7:50,-0.1,0
10,202714,Shelvin Mack,2.0,0.0,0.0,2.0,2.0,0.0,0.0,0.0,2.0,0.0,0.0,0.0,11.0,4:15,3.4,0
11,203099,Jared Cunningham,,,,,,,,,,,,,,,0.0,0
12,203098,John Jenkins,,,,,,,,,,,,,,,0.0,0
13,1890,Shawn Marion,12.0,6.0,9.0,2.0,0.0,0.0,8.0,2.0,1.0,1.0,2.0,2.0,11.0,30:38,10.3,1
14,1717,Dirk Nowitzki,24.0,8.0,14.0,4.0,4.0,0.0,4.0,0.0,5.0,0.0,4.0,1.0,18.0,33:00,19.5,1
15,2223,Samuel Dalembert,4.0,2.0,4.0,0.0,0.0,1.0,8.0,0.0,0.0,1.0,1.0,1.0,3.0,26:54,4.4,1
16,101145,Monta Ellis,32.0,11.0,17.0,8.0,8.0,0.0,4.0,2.0,8.0,0.0,3.0,7.0,14.0,36:48,25.1,1
17,101181,Jose Calderon,5.0,1.0,7.0,2.0,2.0,0.0,2.0,1.0,11.0,0.0,3.0,4.0,4.0,34:39,4.6,1
18,1713,Vince Carter,21.0,9.0,16.0,2.0,1.0,0.0,4.0,1.0,2.0,0.0,3.0,2.0,-6.0,25:22,13.4,1
19,201971,DeJuan Blair,9.0,4.0,5.0,2.0,1.0,5.0,0.0,0.0,0.0,0.0,3.0,1.0,6.0,21:06,8.0,1
20,201961,Wayne Ellington,6.0,2.0,4.0,2.0,1.0,1.0,2.0,1.0,0.0,0.0,1.0,0.0,3.0,13:42,5.5,1
21,203539,Gal Mekel,2.0,0.0,0.0,2.0,2.0,0.0,2.0,0.0,3.0,0.0,1.0,2.0,-2.0,8:51,2.3,1
22,203109,Jae Crowder,3.0,1.0,1.0,0.0,0.0,0.0,1.0,0.0,1.0,0.0,1.0,0.0,-6.0,9:00,3.3,1
23,203108,Bernard James,,,,,,,,,,,,,,,0.0,1
24,203495,Ricky Ledo,,,,,,,,,,,,,,,0.0,1
