,id,name,PTS,FG,FGA,FTA,FT,OREB,DREB,STL,AST,BLK,PF,TO,PLUS_MINUS,MIN,GS,WIN
0,200752,Rudy Gay,12.0,6.0,14.0,0.0,0.0,0.0,0.0,3.0,2.0,0.0,1.0,2.0,-23.0,29:34,6.6,0
1,201574,Jason Thompson,1.0,0.0,4.0,2.0,1.0,1.0,1.0,0.0,0.0,0.0,3.0,0.0,-15.0,19:08,-2.4,0
2,202326,DeMarcus Cousins,31.0,12.0,21.0,7.0,7.0,6.0,7.0,2.0,2.0,1.0,3.0,4.0,-11.0,30:02,26.3,0
3,201977,Marcus Thornton,7.0,3.0,7.0,0.0,0.0,2.0,2.0,0.0,0.0,0.0,2.0,0.0,-8.0,27:50,4.5,0
4,202738,Isaiah Thomas,7.0,3.0,9.0,0.0,0.0,0.0,1.0,1.0,1.0,0.0,3.0,3.0,-10.0,27:11,-0.3,0
5,203112,Quincy Acy,6.0,3.0,4.0,0.0,0.0,1.0,3.0,0.0,1.0,1.0,1.0,2.0,-9.0,23:22,5.0,0
6,202690,Jimmer Fredette,9.0,4.0,10.0,0.0,0.0,0.0,4.0,1.0,4.0,0.0,0.0,1.0,-14.0,20:49,7.6,0
7,202682,Derrick Williams,9.0,4.0,11.0,4.0,1.0,4.0,2.0,0.0,2.0,1.0,2.0,1.0,-17.0,25:13,5.4,0
8,203463,Ben McLemore,7.0,3.0,9.0,0.0,0.0,1.0,2.0,0.0,0.0,0.0,3.0,0.0,-14.0,18:51,2.0,0
9,201189,Aaron Gray,3.0,1.0,2.0,4.0,1.0,0.0,3.0,1.0,0.0,0.0,3.0,1.0,2.0,10:24,0.5,0
10,2566,Travis Outlaw,0.0,0.0,1.0,0.0,0.0,0.0,0.0,0.0,1.0,2.0,0.0,1.0,-1.0,7:36,0.4,0
11,201171,Carl Landry,,,,,,,,,,,,,,,0.0,0
12,202331,Paul George,31.0,10.0,18.0,8.0,7.0,0.0,3.0,1.0,2.0,0.0,2.0,5.0,19.0,34:11,19.5,1
13,2561,David West,16.0,7.0,11.0,2.0,2.0,2.0,6.0,1.0,3.0,0.0,1.0,3.0,8.0,27:36,14.0,1
14,201579,Roy Hibbert,10.0,4.0,8.0,3.0,2.0,1.0,3.0,1.0,2.0,2.0,3.0,1.0,11.0,27:56,8.8,1
15,202362,Lance Stephenson,13.0,5.0,7.0,4.0,3.0,1.0,4.0,1.0,5.0,0.0,0.0,2.0,11.0,29:54,14.1,1
16,201588,George Hill,9.0,4.0,9.0,0.0,0.0,4.0,1.0,0.0,3.0,0.0,0.0,0.0,11.0,26:43,9.5,1
17,101122,Danny Granger,9.0,3.0,8.0,2.0,2.0,0.0,3.0,0.0,2.0,1.0,3.0,0.0,20.0,21:21,6.4,1
18,2449,Luis Scola,9.0,4.0,6.0,2.0,1.0,2.0,5.0,0.0,2.0,0.0,2.0,0.0,19.0,15:33,9.5,1
19,201228,C.J. Watson,10.0,5.0,6.0,0.0,0.0,0.0,3.0,1.0,3.0,0.0,0.0,0.0,16.0,16:26,11.8,1
20,101133,Ian Mahinmi,2.0,0.0,1.0,2.0,2.0,1.0,3.0,2.0,1.0,1.0,4.0,2.0,13.0,20:04,2.7,1
21,2446,Rasual Butler,2.0,1.0,3.0,0.0,0.0,0.0,0.0,0.0,0.0,1.0,0.0,0.0,1.0,6:42,1.0,1
22,203142,Chris Copeland,4.0,2.0,3.0,0.0,0.0,0.0,1.0,0.0,1.0,0.0,2.0,0.0,-3.0,4:51,2.9,1
23,202388,Donald Sloan,0.0,0.0,2.0,0.0,0.0,0.0,1.0,0.0,0.0,0.0,0.0,0.0,-3.0,4:51,-1.1,1
24,203111,Orlando Johnson,1.0,0.0,0.0,2.0,1.0,0.0,2.0,0.0,0.0,0.0,0.0,0.0,-3.0,3:52,1.2,1
