,id,name,PTS,FG,FGA,FTA,FT,OREB,DREB,STL,AST,BLK,PF,TO,PLUS_MINUS,MIN,GS,WIN
0,201145,Jeff Green,17.0,5.0,12.0,6.0,6.0,0.0,5.0,1.0,0.0,0.0,0.0,0.0,-11.0,35:08,13.1,0
1,101138,Brandon Bass,18.0,7.0,12.0,4.0,4.0,1.0,7.0,1.0,0.0,2.0,2.0,3.0,4.0,32:46,13.8,0
2,203096,Jared Sullinger,11.0,5.0,13.0,1.0,0.0,4.0,4.0,0.0,1.0,2.0,4.0,1.0,5.0,26:22,7.0,0
3,2222,Gerald Wallace,9.0,3.0,5.0,4.0,3.0,1.0,2.0,4.0,2.0,1.0,4.0,2.0,8.0,34:21,10.1,0
4,200765,Rajon Rondo,18.0,7.0,22.0,5.0,4.0,2.0,5.0,0.0,10.0,0.0,2.0,3.0,16.0,35:33,11.1,0
5,203515,Phil Pressey,0.0,0.0,2.0,0.0,0.0,0.0,1.0,1.0,0.0,0.0,0.0,1.0,-7.0,7:04,-1.1,0
6,203482,Kelly Olynyk,7.0,3.0,10.0,0.0,0.0,3.0,3.0,1.0,3.0,1.0,5.0,1.0,0.0,24:22,5.0,0
7,201573,Jerryd Bayless,2.0,0.0,2.0,2.0,2.0,0.0,4.0,0.0,2.0,0.0,3.0,1.0,-15.0,15:30,1.0,0
8,2743,Kris Humphries,5.0,2.0,6.0,4.0,1.0,2.0,1.0,0.0,0.0,0.0,3.0,2.0,-20.0,11:39,-1.1,0
9,203187,Chris Johnson,7.0,2.0,3.0,2.0,1.0,0.0,1.0,0.0,0.0,0.0,1.0,0.0,-10.0,17:15,5.2,0
10,201202,Joel Anthony,,,,,,,,,,,,,,,0.0,0
11,200782,P.J. Tucker,10.0,4.0,11.0,4.0,2.0,3.0,8.0,3.0,6.0,0.0,6.0,0.0,12.0,36:18,12.4,1
12,101112,Channing Frye,15.0,4.0,7.0,4.0,3.0,0.0,7.0,0.0,2.0,1.0,3.0,2.0,-2.0,34:41,12.3,1
13,203101,Miles Plumlee,4.0,2.0,6.0,0.0,0.0,2.0,6.0,1.0,0.0,3.0,4.0,4.0,-10.0,19:50,1.3,1
14,101123,Gerald Green,17.0,6.0,14.0,4.0,3.0,1.0,4.0,0.0,1.0,0.0,3.0,5.0,-3.0,34:01,5.6,1
15,201609,Goran Dragic,17.0,6.0,13.0,6.0,3.0,2.0,2.0,0.0,6.0,2.0,1.0,3.0,-3.0,32:55,13.3,1
16,202693,Markieff Morris,18.0,7.0,12.0,4.0,4.0,0.0,4.0,0.0,1.0,0.0,2.0,1.0,12.0,29:29,12.5,1
17,202397,Ish Smith,2.0,1.0,6.0,0.0,0.0,2.0,1.0,1.0,5.0,0.0,1.0,1.0,15.0,17:05,3.0,1
18,203458,Alex Len,2.0,1.0,2.0,0.0,0.0,0.0,1.0,0.0,0.0,0.0,0.0,0.0,6.0,6:47,1.3,1
19,2571,Leandro Barbosa,4.0,1.0,3.0,2.0,1.0,0.0,1.0,0.0,1.0,0.0,1.0,1.0,-3.0,7:23,1.5,1
20,202694,Marcus Morris Sr.,11.0,4.0,8.0,2.0,1.0,0.0,2.0,0.0,1.0,0.0,2.0,1.0,6.0,21:31,6.1,1
21,202091,Dionte Christmas,,,,,,,,,,,,,,,0.0,1
22,203462,Archie Goodwin,,,,,,,,,,,,,,,0.0,1
23,203139,Viacheslav Kravtsov,,,,,,,,,,,,,,,0.0,1
