,id,name,PTS,FG,FGA,FTA,FT,OREB,DREB,STL,AST,BLK,PF,TO,PLUS_MINUS,MIN,GS,WIN
0,2546,Carmelo Anthony,36.0,12.0,21.0,7.0,7.0,0.0,5.0,0.0,3.0,1.0,5.0,5.0,4.0,42:06,23.4,1
1,2405,Amar'e Stoudemire,12.0,6.0,10.0,0.0,0.0,1.0,5.0,1.0,1.0,0.0,5.0,3.0,17.0,32:40,6.3,1
2,2199,Tyson Chandler,10.0,4.0,5.0,2.0,2.0,2.0,6.0,0.0,0.0,1.0,5.0,1.0,10.0,28:31,9.0,1
3,2747,JR Smith,29.0,10.0,19.0,0.0,0.0,1.0,3.0,0.0,4.0,1.0,2.0,2.0,4.0,41:39,22.0,1
4,101109,Raymond Felton,5.0,2.0,7.0,2.0,1.0,1.0,6.0,0.0,9.0,0.0,3.0,0.0,-1.0,32:20,8.1,1
5,202697,Iman Shumpert,4.0,2.0,3.0,0.0,0.0,1.0,1.0,0.0,1.0,0.0,4.0,1.0,-5.0,24:33,1.8,1
6,203143,Pablo Prigioni,3.0,1.0,4.0,0.0,0.0,0.0,0.0,0.0,7.0,0.0,1.0,2.0,9.0,15:40,3.1,1
7,203501,Tim Hardaway Jr.,6.0,2.0,3.0,2.0,2.0,0.0,1.0,2.0,0.0,0.0,2.0,0.0,9.0,16:35,6.2,1
8,202332,Cole Aldrich,2.0,1.0,1.0,0.0,0.0,1.0,0.0,0.0,0.0,1.0,3.0,0.0,-7.0,5:58,1.9,1
9,200769,Shannon Brown,,,,,,,,,,,,,,,0.0,1
10,203315,Toure' Murry,,,,,,,,,,,,,,,0.0,1
11,202719,Jeremy Tyler,,,,,,,,,,,,,,,0.0,1
12,200752,Rudy Gay,14.0,4.0,10.0,9.0,6.0,0.0,3.0,1.0,3.0,0.0,2.0,4.0,-8.0,37:12,6.6,0
13,2501,Reggie Evans,2.0,1.0,2.0,0.0,0.0,0.0,1.0,0.0,1.0,0.0,1.0,0.0,-9.0,16:02,1.6,0
14,202326,DeMarcus Cousins,32.0,10.0,15.0,12.0,12.0,4.0,11.0,2.0,8.0,2.0,4.0,4.0,-4.0,42:57,35.0,0
15,203463,Ben McLemore,16.0,6.0,12.0,0.0,0.0,0.0,1.0,1.0,1.0,0.0,3.0,0.0,5.0,31:00,10.8,0
16,203492,Ray McCallum,10.0,3.0,14.0,5.0,4.0,1.0,5.0,1.0,5.0,0.0,1.0,2.0,-4.0,42:42,5.3,0
17,2566,Travis Outlaw,15.0,6.0,11.0,2.0,1.0,0.0,0.0,0.0,0.0,0.0,4.0,0.0,-9.0,27:06,7.7,0
18,202682,Derrick Williams,6.0,1.0,3.0,7.0,4.0,3.0,2.0,2.0,1.0,0.0,1.0,0.0,-1.0,30:48,8.1,0
19,203091,Royce White,0.0,0.0,0.0,0.0,0.0,0.0,0.0,0.0,0.0,0.0,2.0,0.0,-6.0,7:10,-0.8,0
20,201574,Jason Thompson,4.0,2.0,2.0,0.0,0.0,0.0,1.0,0.0,0.0,0.0,0.0,0.0,-4.0,5:03,3.7,0
21,203112,Quincy Acy,,,,,,,,,,,,,,,0.0,0
22,201189,Aaron Gray,,,,,,,,,,,,,,,0.0,0
