,id,name,PTS,FG,FGA,FTA,FT,OREB,DREB,STL,AST,BLK,PF,TO,PLUS_MINUS,MIN,GS,WIN
0,201142,Kevin Durant,25.0,9.0,23.0,6.0,4.0,1.0,6.0,1.0,6.0,1.0,1.0,7.0,-15.0,42:53,12.7,0
1,201586,Serge Ibaka,22.0,7.0,13.0,10.0,8.0,6.0,10.0,1.0,5.0,1.0,2.0,0.0,-11.0,40:27,26.5,0
2,2570,Kendrick Perkins,4.0,2.0,5.0,0.0,0.0,1.0,5.0,0.0,1.0,1.0,2.0,3.0,-7.0,22:08,1.1,0
3,200757,Thabo Sefolosha,0.0,0.0,5.0,0.0,0.0,2.0,2.0,0.0,2.0,0.0,1.0,1.0,-5.0,24:18,-1.5,0
4,202704,Reggie Jackson,4.0,1.0,7.0,2.0,2.0,0.0,2.0,0.0,3.0,0.0,4.0,1.0,-8.0,26:26,-0.4,0
5,2555,Nick Collison,0.0,0.0,2.0,0.0,0.0,0.0,1.0,0.0,2.0,0.0,1.0,0.0,1.0,7:44,-0.1,0
6,965,Derek Fisher,6.0,2.0,8.0,0.0,0.0,0.0,1.0,1.0,1.0,0.0,5.0,0.0,-10.0,29:03,1.2,0
7,2406,Caron Butler,19.0,6.0,9.0,4.0,4.0,0.0,3.0,2.0,1.0,0.0,4.0,2.0,-5.0,27:08,15.1,0
8,203087,Jeremy Lamb,3.0,1.0,2.0,0.0,0.0,0.0,1.0,0.0,0.0,0.0,1.0,2.0,4.0,11:45,-0.1,0
9,203460,Andre Roberson,6.0,3.0,3.0,0.0,0.0,1.0,1.0,1.0,0.0,1.0,0.0,0.0,-4.0,6:23,7.8,0
10,203500,Steven Adams,0.0,0.0,0.0,0.0,0.0,0.0,0.0,0.0,0.0,0.0,1.0,0.0,0.0,1:45,-0.4,0
11,203103,Perry Jones III,,,,,,,,,,,,,,,0.0,0
12,201934,Hasheem Thabeet,,,,,,,,,,,,,,,0.0,0
13,203121,Darius Miller,10.0,4.0,12.0,0.0,0.0,0.0,3.0,4.0,5.0,0.0,3.0,3.0,17.0,36:52,7.4,1
14,203481,Jeff Withey,8.0,2.0,6.0,6.0,4.0,1.0,5.0,0.0,0.0,4.0,2.0,1.0,13.0,32:36,7.0,1
15,201582,Alexis Ajinca,10.0,4.0,5.0,2.0,2.0,2.0,2.0,0.0,0.0,0.0,5.0,1.0,2.0,19:10,7.1,1
16,201936,Tyreke Evans,41.0,14.0,26.0,16.0,12.0,1.0,8.0,3.0,8.0,0.0,0.0,1.0,11.0,42:12,37.5,1
17,203085,Austin Rivers,8.0,2.0,4.0,2.0,2.0,0.0,0.0,0.0,2.0,0.0,0.0,0.0,3.0,14:08,7.4,1
18,201627,Anthony Morrow,7.0,3.0,10.0,0.0,0.0,1.0,3.0,0.0,1.0,1.0,0.0,2.0,6.0,31:33,2.2,1
19,2408,Melvin Ely,2.0,1.0,3.0,0.0,0.0,0.0,1.0,0.0,0.0,0.0,1.0,0.0,-4.0,9:49,0.2,1
20,202337,Luke Babbitt,12.0,4.0,7.0,2.0,1.0,0.0,3.0,1.0,2.0,0.0,4.0,0.0,13.0,25:44,10.0,1
21,202329,Al-Farouq Aminu,2.0,1.0,4.0,0.0,0.0,5.0,3.0,0.0,1.0,0.0,2.0,2.0,-1.0,20:42,1.9,1
22,203480,James Southerland,1.0,0.0,2.0,2.0,1.0,0.0,1.0,0.0,0.0,0.0,1.0,0.0,0.0,7:15,-0.9,1
23,203076,Anthony Davis,,,,,,,,,,,,,,,0.0,1
24,201569,Eric Gordon,,,,,,,,,,,,,,,0.0,1
25,203148,Brian Roberts,,,,,,,,,,,,,,,0.0,1
