,id,name,PTS,FG,FGA,FTA,FT,OREB,DREB,STL,AST,BLK,PF,TO,PLUS_MINUS,MIN,GS,WIN
0,201587,Nicolas Batum,12.0,5.0,10.0,0.0,0.0,2.0,5.0,1.0,3.0,2.0,1.0,1.0,16.0,36:56,13.0,1
1,200746,LaMarcus Aldridge,25.0,9.0,21.0,7.0,7.0,5.0,11.0,1.0,2.0,1.0,2.0,1.0,10.0,32:14,22.0,1
2,201577,Robin Lopez,11.0,4.0,7.0,3.0,3.0,3.0,4.0,0.0,0.0,2.0,1.0,0.0,3.0,34:42,12.0,1
3,202083,Wesley Matthews,11.0,4.0,10.0,0.0,0.0,1.0,2.0,1.0,2.0,0.0,2.0,4.0,13.0,31:45,4.5,1
4,203081,Damian Lillard,21.0,7.0,15.0,4.0,3.0,0.0,6.0,0.0,4.0,0.0,4.0,2.0,9.0,34:11,13.9,1
5,203080,Thomas Robinson,10.0,4.0,4.0,4.0,2.0,0.0,2.0,1.0,1.0,0.0,4.0,1.0,13.0,18:47,7.7,1
6,2590,Mo Williams,8.0,3.0,6.0,2.0,1.0,2.0,2.0,0.0,11.0,0.0,2.0,4.0,9.0,25:08,9.5,1
7,203115,Will Barton,2.0,1.0,5.0,1.0,0.0,0.0,2.0,0.0,1.0,0.0,2.0,0.0,1.0,16:07,-1.0,1
8,2748,Dorell Wright,0.0,0.0,2.0,0.0,0.0,0.0,0.0,0.0,0.0,0.0,2.0,0.0,1.0,10:10,-2.2,1
9,201964,Victor Claver,,,,,,,,,,,,,,,0.0,1
10,203086,Meyers Leonard,,,,,,,,,,,,,,,0.0,1
11,203468,CJ McCollum,,,,,,,,,,,,,,,0.0,1
12,2248,Earl Watson,,,,,,,,,,,,,,,0.0,1
13,201960,DeMarre Carroll,11.0,5.0,6.0,1.0,0.0,0.0,4.0,0.0,1.0,0.0,1.0,1.0,-12.0,31:54,8.9,0
14,200794,Paul Millsap,10.0,3.0,15.0,5.0,4.0,2.0,4.0,2.0,3.0,0.0,3.0,1.0,5.0,34:58,4.8,0
15,1882,Elton Brand,11.0,5.0,10.0,1.0,1.0,4.0,8.0,1.0,2.0,1.0,5.0,2.0,-9.0,29:48,10.3,0
16,202714,Shelvin Mack,9.0,3.0,9.0,2.0,2.0,0.0,3.0,1.0,4.0,0.0,2.0,1.0,-6.0,34:32,6.8,0
17,201952,Jeff Teague,22.0,10.0,18.0,1.0,1.0,0.0,3.0,1.0,2.0,0.0,2.0,2.0,-10.0,37:08,13.9,0
18,203488,Mike Muscala,6.0,3.0,9.0,0.0,0.0,3.0,1.0,0.0,0.0,0.0,2.0,0.0,-6.0,18:12,2.5,0
19,101150,Lou Williams,16.0,5.0,12.0,7.0,5.0,0.0,4.0,1.0,4.0,0.0,0.0,0.0,-15.0,29:41,13.8,0
20,203118,Mike Scott,0.0,0.0,3.0,0.0,0.0,1.0,2.0,0.0,1.0,0.0,2.0,2.0,-17.0,12:55,-2.9,0
21,203471,Dennis Schroder,0.0,0.0,2.0,0.0,0.0,0.0,0.0,0.0,0.0,0.0,2.0,1.0,-5.0,10:52,-3.2,0
22,203544,Pero Antic,,,,,,,,,,,,,,,0.0,0
23,2594,Kyle Korver,,,,,,,,,,,,,,,0.0,0
24,201858,Cartier Martin,,,,,,,,,,,,,,,0.0,0
