,id,name,PTS,FG,FGA,FTA,FT,OREB,DREB,STL,AST,BLK,PF,TO,PLUS_MINUS,MIN,GS,WIN
0,201587,Nicolas Batum,21.0,8.0,14.0,0.0,0.0,0.0,5.0,0.0,3.0,1.0,2.0,2.0,15.0,35:17,15.9,1
1,200746,LaMarcus Aldridge,25.0,12.0,26.0,4.0,1.0,2.0,7.0,1.0,4.0,1.0,2.0,1.0,22.0,36:11,16.6,1
2,201577,Robin Lopez,2.0,1.0,5.0,0.0,0.0,3.0,2.0,0.0,0.0,2.0,5.0,0.0,5.0,22:39,1.0,1
3,202083,Wesley Matthews,21.0,7.0,13.0,3.0,3.0,1.0,11.0,1.0,3.0,0.0,2.0,1.0,19.0,35:41,20.0,1
4,203081,Damian Lillard,18.0,6.0,13.0,3.0,3.0,0.0,4.0,0.0,7.0,0.0,4.0,1.0,18.0,34:09,14.8,1
5,200777,Joel Freeland,5.0,1.0,7.0,4.0,3.0,4.0,3.0,0.0,3.0,1.0,3.0,1.0,12.0,22:24,4.4,1
6,2590,Mo Williams,11.0,5.0,13.0,1.0,1.0,1.0,0.0,0.0,3.0,0.0,2.0,1.0,0.0,25:38,4.9,1
7,2748,Dorell Wright,8.0,3.0,4.0,0.0,0.0,2.0,3.0,1.0,1.0,0.0,1.0,0.0,-7.0,10:41,10.0,1
8,203080,Thomas Robinson,2.0,1.0,6.0,0.0,0.0,3.0,2.0,0.0,1.0,0.0,4.0,0.0,-9.0,11:52,0.0,1
9,203086,Meyers Leonard,0.0,0.0,0.0,0.0,0.0,0.0,2.0,0.0,0.0,0.0,0.0,0.0,0.0,1:22,0.6,1
10,203115,Will Barton,0.0,0.0,1.0,0.0,0.0,0.0,0.0,0.0,0.0,0.0,0.0,0.0,0.0,1:22,-0.7,1
11,201964,Victor Claver,0.0,0.0,0.0,0.0,0.0,0.0,0.0,0.0,0.0,0.0,0.0,0.0,0.0,1:22,0.0,1
12,203459,Allen Crabbe,0.0,0.0,1.0,0.0,0.0,0.0,0.0,0.0,0.0,0.0,0.0,0.0,0.0,1:22,-0.7,1
13,201576,Anthony Randolph,5.0,2.0,6.0,2.0,1.0,2.0,1.0,0.0,0.0,0.0,2.0,0.0,-5.0,14:40,2.1,0
14,201581,JJ Hickson,5.0,2.0,13.0,2.0,1.0,4.0,5.0,0.0,2.0,0.0,2.0,0.0,-11.0,21:46,1.2,0
15,201580,JaVale McGee,6.0,3.0,6.0,0.0,0.0,2.0,1.0,0.0,1.0,1.0,1.0,0.0,-11.0,12:47,5.7,0
16,200751,Randy Foye,6.0,2.0,10.0,3.0,2.0,0.0,4.0,3.0,3.0,0.0,1.0,1.0,-17.0,32:31,4.3,0
17,201951,Ty Lawson,21.0,7.0,16.0,8.0,5.0,1.0,4.0,1.0,6.0,0.0,3.0,0.0,-15.0,35:57,17.3,0
18,202389,Timofey Mozgov,8.0,4.0,8.0,2.0,0.0,1.0,2.0,0.0,1.0,1.0,3.0,0.0,12.0,21:15,4.7,0
19,202702,Kenneth Faried,11.0,3.0,7.0,8.0,5.0,6.0,5.0,0.0,0.0,1.0,1.0,0.0,-7.0,24:23,12.1,0
20,101126,Nate Robinson,24.0,8.0,17.0,4.0,4.0,1.0,6.0,0.0,1.0,0.0,3.0,3.0,0.0,28:53,14.3,0
21,1889,Andre Miller,10.0,4.0,4.0,5.0,2.0,0.0,4.0,1.0,0.0,0.0,0.0,0.0,-4.0,16:52,9.8,0
22,203095,Evan Fournier,0.0,0.0,6.0,0.0,0.0,0.0,1.0,1.0,0.0,0.0,2.0,0.0,-4.0,15:20,-3.7,0
23,201589,Darrell Arthur,2.0,1.0,6.0,0.0,0.0,3.0,2.0,0.0,0.0,2.0,1.0,0.0,-13.0,15:36,1.9,0
24,202706,Jordan Hamilton,,,,,,,,,,,,,,,0.0,0
25,203113,Quincy Miller,,,,,,,,,,,,,,,0.0,0
