,id,name,PTS,FG,FGA,FTA,FT,OREB,DREB,STL,AST,BLK,PF,TO,PLUS_MINUS,MIN,GS,WIN
0,2399,Mike Dunleavy,13.0,5.0,12.0,2.0,1.0,2.0,2.0,1.0,0.0,0.0,0.0,3.0,-19.0,35:46,6.2,0
1,2430,Carlos Boozer,8.0,3.0,8.0,2.0,2.0,1.0,6.0,1.0,4.0,0.0,1.0,0.0,-9.0,24:00,9.5,0
2,201149,Joakim Noah,20.0,7.0,11.0,7.0,6.0,5.0,10.0,0.0,3.0,4.0,4.0,2.0,-5.0,39:57,22.5,0
3,203503,Tony Snell,6.0,2.0,10.0,0.0,0.0,0.0,3.0,0.0,3.0,0.0,4.0,0.0,-9.0,37:33,1.2,0
4,2550,Kirk Hinrich,10.0,4.0,10.0,0.0,0.0,1.0,5.0,0.0,3.0,0.0,1.0,3.0,0.0,34:25,5.5,0
5,201571,D.J. Augustin,2.0,0.0,10.0,2.0,2.0,0.0,2.0,0.0,5.0,0.0,1.0,0.0,-14.0,36:16,-1.3,0
6,201959,Taj Gibson,20.0,8.0,18.0,4.0,4.0,5.0,5.0,0.0,0.0,0.0,3.0,3.0,-11.0,27:36,11.4,0
7,1737,Nazr Mohammed,0.0,0.0,2.0,0.0,0.0,1.0,3.0,0.0,0.0,0.0,1.0,1.0,-3.0,4:27,-1.2,0
8,202710,Jimmy Butler,,,,,,,,,,,,,,,0.0,0
9,203513,Erik Murphy,,,,,,,,,,,,,,,0.0,0
10,203129,Tornike Shengelia,,,,,,,,,,,,,,,0.0,0
11,202363,Jarvis Varnado,,,,,,,,,,,,,,,0.0,0
12,2203,Shane Battier,3.0,1.0,5.0,0.0,0.0,0.0,1.0,2.0,1.0,1.0,3.0,0.0,9.0,26:07,2.4,1
13,2547,Chris Bosh,28.0,10.0,23.0,4.0,4.0,3.0,7.0,0.0,0.0,1.0,0.0,0.0,11.0,34:45,20.8,1
14,201141,Greg Oden,5.0,2.0,4.0,1.0,1.0,2.0,3.0,0.0,0.0,0.0,2.0,0.0,1.0,12:49,4.5,1
15,2548,Dwyane Wade,23.0,10.0,22.0,3.0,3.0,7.0,3.0,2.0,7.0,1.0,0.0,3.0,1.0,35:10,22.0,1
16,201596,Mario Chalmers,12.0,5.0,10.0,2.0,1.0,0.0,1.0,2.0,9.0,1.0,5.0,2.0,15.0,39:35,11.9,1
17,2365,Chris Andersen,7.0,3.0,8.0,4.0,1.0,3.0,0.0,1.0,1.0,2.0,3.0,2.0,12.0,25:36,3.4,1
18,951,Ray Allen,10.0,4.0,8.0,0.0,0.0,0.0,5.0,0.0,0.0,0.0,1.0,0.0,18.0,31:22,7.1,1
19,201563,Michael Beasley,5.0,2.0,4.0,0.0,0.0,0.0,5.0,0.0,2.0,1.0,5.0,0.0,6.0,20:24,4.6,1
20,202708,Norris Cole,0.0,0.0,4.0,0.0,0.0,0.0,1.0,1.0,2.0,0.0,0.0,0.0,-4.0,13:20,-0.1,1
21,201962,Toney Douglas,0.0,0.0,0.0,0.0,0.0,0.0,0.0,0.0,0.0,0.0,0.0,0.0,1.0,0:53,0.0,1
22,2617,Udonis Haslem,,,,,,,,,,,,,,,0.0,1
23,2592,James Jones,,,,,,,,,,,,,,,0.0,1
24,1740,Rashard Lewis,,,,,,,,,,,,,,,0.0,1
