,id,name,PTS,FG,FGA,FTA,FT,OREB,DREB,STL,AST,BLK,PF,TO,PLUS_MINUS,MIN,GS,WIN
0,202323,Evan Turner,34.0,13.0,22.0,5.0,5.0,1.0,10.0,0.0,2.0,0.0,1.0,3.0,5.0,39:54,25.5,1
1,201152,Thaddeus Young,19.0,8.0,21.0,3.0,2.0,4.0,3.0,4.0,4.0,1.0,5.0,2.0,18.0,38:42,14.3,1
2,201150,Spencer Hawes,4.0,1.0,3.0,2.0,1.0,0.0,1.0,1.0,7.0,0.0,5.0,2.0,10.0,24:49,4.1,1
3,202341,James Anderson,18.0,8.0,11.0,2.0,1.0,2.0,5.0,0.0,3.0,0.0,3.0,0.0,9.0,37:13,16.9,1
4,203487,Michael Carter-Williams,19.0,5.0,18.0,10.0,7.0,6.0,6.0,2.0,7.0,0.0,4.0,3.0,17.0,36:35,15.5,1
5,203138,Hollis Thompson,5.0,2.0,3.0,0.0,0.0,1.0,5.0,0.0,1.0,0.0,3.0,0.0,-3.0,12:58,5.4,1
6,202730,Lavoy Allen,6.0,3.0,3.0,0.0,0.0,0.0,4.0,0.0,3.0,3.0,1.0,2.0,-6.0,23:11,8.1,1
7,202343,Elliot Williams,2.0,1.0,3.0,0.0,0.0,1.0,0.0,1.0,1.0,0.0,0.0,1.0,-15.0,14:27,1.7,1
8,203473,Dewayne Dedmon,3.0,1.0,3.0,2.0,1.0,1.0,2.0,0.0,0.0,0.0,2.0,1.0,-14.0,9:10,0.4,1
9,203485,Lorenzo Brown,0.0,0.0,1.0,0.0,0.0,1.0,1.0,0.0,0.0,0.0,0.0,0.0,-1.0,3:01,0.3,1
10,203102,Arnett Moultrie,,,,,,,,,,,,,,,0.0,1
11,203100,Tony Wroten,,,,,,,,,,,,,,,0.0,1
12,2546,Carmelo Anthony,28.0,10.0,23.0,3.0,2.0,1.0,3.0,2.0,7.0,1.0,4.0,3.0,-8.0,40:35,20.1,0
13,200745,Andrea Bargnani,20.0,7.0,12.0,6.0,5.0,0.0,4.0,0.0,0.0,4.0,4.0,5.0,5.0,28:29,11.4,0
14,2199,Tyson Chandler,10.0,4.0,7.0,2.0,2.0,2.0,12.0,0.0,1.0,3.0,1.0,1.0,-8.0,35:11,13.1,0
15,101109,Raymond Felton,9.0,4.0,10.0,0.0,0.0,1.0,1.0,1.0,7.0,1.0,4.0,1.0,-9.0,30:44,8.6,0
16,202697,Iman Shumpert,19.0,5.0,9.0,8.0,6.0,3.0,5.0,0.0,2.0,0.0,4.0,1.0,-19.0,33:59,16.3,0
17,2747,JR Smith,14.0,5.0,16.0,4.0,1.0,0.0,3.0,1.0,3.0,2.0,5.0,1.0,5.0,33:31,6.0,0
18,203143,Pablo Prigioni,0.0,0.0,0.0,0.0,0.0,1.0,2.0,2.0,4.0,0.0,2.0,0.0,5.0,17:16,5.3,0
19,203501,Tim Hardaway Jr.,6.0,2.0,5.0,1.0,1.0,0.0,1.0,1.0,0.0,0.0,0.0,1.0,13.0,15:52,3.6,0
20,202719,Jeremy Tyler,0.0,0.0,0.0,0.0,0.0,0.0,0.0,0.0,0.0,1.0,0.0,0.0,-4.0,4:23,0.7,0
21,202332,Cole Aldrich,,,,,,,,,,,,,,,0.0,0
22,203315,Toure' Murry,,,,,,,,,,,,,,,0.0,0
23,2405,Amar'e Stoudemire,,,,,,,,,,,,,,,0.0,0
24,2757,Beno Udrih,,,,,,,,,,,,,,,0.0,0
