,id,name,PTS,FG,FGA,FTA,FT,OREB,DREB,STL,AST,BLK,PF,TO,PLUS_MINUS,MIN,GS,WIN
0,202718,Chandler Parsons,20.0,8.0,16.0,3.0,3.0,1.0,6.0,2.0,3.0,0.0,4.0,4.0,-10.0,35:38,13.0,0
1,203093,Terrence Jones,0.0,0.0,4.0,0.0,0.0,1.0,2.0,0.0,0.0,0.0,2.0,1.0,-7.0,9:48,-3.3,0
2,201600,Omer Asik,9.0,3.0,5.0,6.0,3.0,2.0,13.0,1.0,0.0,0.0,3.0,3.0,-1.0,31:53,7.6,0
3,201935,James Harden,26.0,7.0,17.0,12.0,10.0,0.0,6.0,2.0,4.0,0.0,4.0,1.0,-14.0,39:37,20.1,0
4,202391,Jeremy Lin,16.0,6.0,18.0,2.0,1.0,1.0,0.0,2.0,7.0,1.0,4.0,2.0,15.0,38:52,10.1,0
5,202700,Donatas Motiejunas,13.0,6.0,11.0,1.0,1.0,3.0,2.0,0.0,1.0,0.0,5.0,3.0,2.0,22:41,6.1,0
6,203477,Isaiah Canaan,7.0,2.0,8.0,2.0,1.0,1.0,3.0,1.0,1.0,0.0,2.0,0.0,-2.0,17:38,4.3,0
7,101128,Francisco Garcia,4.0,2.0,3.0,0.0,0.0,0.0,1.0,0.0,2.0,0.0,3.0,0.0,-3.0,17:25,3.2,0
8,201956,Omri Casspi,8.0,2.0,4.0,4.0,3.0,1.0,4.0,0.0,1.0,0.0,2.0,0.0,8.0,23:17,7.4,0
9,202706,Jordan Hamilton,0.0,0.0,1.0,0.0,0.0,0.0,0.0,0.0,0.0,0.0,1.0,1.0,-8.0,3:11,-2.1,0
10,201976,Patrick Beverley,,,,,,,,,,,,,,,0.0,0
11,2730,Dwight Howard,,,,,,,,,,,,,,,0.0,0
12,202962,Greg Smith,,,,,,,,,,,,,,,0.0,0
13,203082,Terrence Ross,14.0,6.0,12.0,2.0,1.0,0.0,9.0,0.0,0.0,0.0,3.0,4.0,8.0,34:39,5.1,1
14,101161,Amir Johnson,0.0,0.0,0.0,0.0,0.0,0.0,2.0,0.0,0.0,0.0,0.0,0.0,-4.0,2:58,0.6,1
15,202685,Jonas Valanciunas,15.0,4.0,7.0,9.0,7.0,1.0,5.0,1.0,1.0,1.0,3.0,1.0,12.0,29:59,13.3,1
16,201942,DeMar DeRozan,29.0,10.0,19.0,10.0,8.0,0.0,6.0,2.0,4.0,0.0,5.0,2.0,0.0,40:07,21.5,1
17,202349,Greivis Vasquez,15.0,4.0,12.0,4.0,3.0,0.0,4.0,1.0,8.0,0.0,4.0,0.0,6.0,39:54,14.0,1
18,202335,Patrick Patterson,8.0,3.0,7.0,3.0,1.0,0.0,2.0,1.0,1.0,1.0,1.0,1.0,2.0,25:40,5.1,1
19,2422,John Salmons,12.0,3.0,8.0,4.0,4.0,0.0,3.0,0.0,2.0,0.0,0.0,1.0,-6.0,22:05,8.9,1
20,201986,Nando De Colo,4.0,1.0,4.0,2.0,2.0,1.0,0.0,0.0,2.0,0.0,2.0,1.0,2.0,12:35,1.9,1
21,201946,Tyler Hansbrough,7.0,2.0,2.0,5.0,3.0,1.0,2.0,1.0,2.0,1.0,3.0,2.0,-6.0,17:48,6.8,1
22,200779,Steve Novak,3.0,1.0,4.0,0.0,0.0,0.0,0.0,1.0,0.0,0.0,4.0,1.0,6.0,14:15,-1.0,1
23,202361,Landry Fields,,,,,,,,,,,,,,,0.0,1
24,101236,Chuck Hayes,,,,,,,,,,,,,,,0.0,1
25,202933,Julyan Stone,,,,,,,,,,,,,,,0.0,1
