,id,name,PTS,FG,FGA,FTA,FT,OREB,DREB,STL,AST,BLK,PF,TO,PLUS_MINUS,MIN,GS,WIN
0,203077,Michael Kidd-Gilchrist,7.0,3.0,6.0,2.0,1.0,3.0,3.0,1.0,1.0,0.0,3.0,1.0,-4.0,18:51,6.1,0
1,201177,Josh McRoberts,8.0,3.0,5.0,1.0,1.0,2.0,3.0,0.0,6.0,1.0,4.0,1.0,4.0,30:57,10.3,0
2,2744,Al Jefferson,18.0,8.0,19.0,3.0,2.0,2.0,10.0,0.0,3.0,0.0,2.0,5.0,-8.0,37:02,8.2,0
3,201945,Gerald Henderson,13.0,6.0,13.0,0.0,0.0,1.0,5.0,1.0,3.0,0.0,2.0,1.0,-1.0,28:14,9.8,0
4,202689,Kemba Walker,7.0,2.0,8.0,2.0,2.0,1.0,3.0,0.0,7.0,0.0,3.0,4.0,-8.0,33:52,3.5,0
5,202390,Gary Neal,17.0,5.0,9.0,4.0,4.0,0.0,1.0,0.0,1.0,0.0,3.0,0.0,-9.0,26:39,12.5,0
6,201604,Chris Douglas-Roberts,13.0,5.0,9.0,0.0,0.0,0.0,3.0,0.0,3.0,1.0,3.0,1.0,4.0,22:16,10.2,0
7,203469,Cody Zeller,10.0,5.0,9.0,0.0,0.0,4.0,2.0,0.0,1.0,2.0,1.0,2.0,-9.0,17:03,8.8,0
8,2557,Luke Ridnour,4.0,2.0,5.0,0.0,0.0,0.0,2.0,0.0,2.0,0.0,2.0,0.0,3.0,14:08,2.5,0
9,202687,Bismack Biyombo,2.0,1.0,2.0,0.0,0.0,2.0,4.0,0.0,0.0,1.0,3.0,0.0,3.0,10:58,3.1,0
10,2457,Jannero Pargo,,,,,,,,,,,,,,,0.0,0
11,201229,Anthony Tolliver,,,,,,,,,,,,,,,0.0,0
12,2207,Joe Johnson,20.0,8.0,18.0,2.0,1.0,1.0,7.0,1.0,3.0,0.0,0.0,1.0,21.0,33:27,15.1,1
13,1718,Paul Pierce,7.0,2.0,4.0,4.0,2.0,0.0,5.0,1.0,0.0,1.0,3.0,1.0,13.0,27:54,5.2,1
14,203486,Mason Plumlee,11.0,4.0,6.0,5.0,3.0,2.0,5.0,1.0,2.0,1.0,3.0,2.0,-10.0,18:53,10.4,1
15,2733,Shaun Livingston,17.0,5.0,9.0,9.0,7.0,1.0,2.0,1.0,2.0,0.0,2.0,1.0,-3.0,31:44,13.8,1
16,101114,Deron Williams,25.0,8.0,15.0,6.0,6.0,1.0,2.0,1.0,8.0,0.0,3.0,1.0,4.0,36:40,23.4,1
17,203141,Mirza Teletovic,0.0,0.0,5.0,0.0,0.0,1.0,0.0,0.0,2.0,0.0,0.0,0.0,-4.0,14:36,-1.4,1
18,201977,Marcus Thornton,11.0,4.0,7.0,2.0,1.0,0.0,3.0,0.0,0.0,0.0,3.0,0.0,-5.0,20:31,7.0,1
19,101154,Andray Blatche,13.0,6.0,10.0,3.0,1.0,1.0,4.0,1.0,1.0,0.0,1.0,1.0,6.0,25:37,9.8,1
20,101187,Alan Anderson,0.0,0.0,1.0,0.0,0.0,1.0,1.0,0.0,1.0,0.0,2.0,0.0,-3.0,15:17,0.2,1
21,1905,Andrei Kirilenko,0.0,0.0,0.0,4.0,0.0,0.0,1.0,1.0,0.0,0.0,0.0,0.0,-3.0,11:51,-0.3,1
22,2215,Jason Collins,0.0,0.0,0.0,0.0,0.0,0.0,1.0,0.0,0.0,0.0,0.0,0.0,9.0,3:30,0.3,1
23,203268,Jorge Gutierrez,,,,,,,,,,,,,,,0.0,1
24,203104,Marquis Teague,,,,,,,,,,,,,,,0.0,1
