,id,name,PTS,FG,FGA,FTA,FT,OREB,DREB,STL,AST,BLK,PF,TO,PLUS_MINUS,MIN,GS,WIN
0,201147,Corey Brewer,16.0,6.0,10.0,4.0,3.0,0.0,4.0,2.0,0.0,0.0,0.0,2.0,-4.0,41:11,12.2,0
1,201567,Kevin Love,26.0,6.0,20.0,17.0,14.0,4.0,15.0,1.0,3.0,0.0,3.0,2.0,-2.0,35:31,20.4,0
2,101142,Ronny Turiaf,8.0,4.0,5.0,0.0,0.0,1.0,2.0,0.0,2.0,3.0,3.0,1.0,-1.0,21:07,8.7,0
3,2755,Kevin Martin,15.0,3.0,11.0,10.0,8.0,0.0,3.0,2.0,1.0,0.0,1.0,3.0,6.0,34:19,7.9,0
4,201937,Ricky Rubio,11.0,3.0,10.0,4.0,4.0,1.0,4.0,1.0,6.0,1.0,2.0,3.0,8.0,32:40,9.2,0
5,201967,Dante Cunningham,2.0,1.0,3.0,0.0,0.0,1.0,5.0,1.0,1.0,1.0,3.0,0.0,-1.0,29:27,3.7,0
6,203476,Gorgui Dieng,2.0,1.0,3.0,0.0,0.0,0.0,2.0,0.0,0.0,0.0,0.0,0.0,-2.0,6:38,0.9,0
7,201978,Chase Budinger,2.0,1.0,4.0,0.0,0.0,0.0,1.0,0.0,0.0,0.0,0.0,0.0,-13.0,13:41,-0.1,0
8,200826,J.J. Barea,9.0,3.0,8.0,2.0,2.0,0.0,0.0,1.0,0.0,0.0,2.0,4.0,-13.0,15:07,0.8,0
9,201601,Luc Mbah a Moute,0.0,0.0,1.0,0.0,0.0,1.0,0.0,0.0,1.0,0.0,0.0,0.0,-13.0,10:19,0.7,0
10,203498,Shabazz Muhammad,,,,,,,,,,,,,,,0.0,0
11,201985,AJ Price,,,,,,,,,,,,,,,0.0,0
12,203144,Alexey Shved,,,,,,,,,,,,,,,0.0,0
13,202329,Al-Farouq Aminu,2.0,1.0,5.0,0.0,0.0,0.0,5.0,2.0,2.0,0.0,6.0,1.0,-10.0,23:14,0.4,1
14,203076,Anthony Davis,26.0,10.0,16.0,8.0,6.0,2.0,8.0,1.0,1.0,1.0,5.0,2.0,1.0,40:49,20.2,1
15,201582,Alexis Ajinca,4.0,2.0,2.0,0.0,0.0,1.0,5.0,0.0,0.0,1.0,4.0,2.0,4.0,13:03,2.7,1
16,201569,Eric Gordon,20.0,8.0,15.0,3.0,2.0,0.0,1.0,3.0,4.0,1.0,0.0,2.0,8.0,37:12,17.1,1
17,203148,Brian Roberts,16.0,7.0,13.0,1.0,1.0,0.0,4.0,0.0,6.0,0.0,3.0,1.0,-8.0,29:20,12.9,1
18,201936,Tyreke Evans,7.0,3.0,10.0,2.0,1.0,1.0,2.0,0.0,2.0,0.0,1.0,3.0,-4.0,20:22,0.1,1
19,201880,Greg Stiemsma,2.0,1.0,1.0,0.0,0.0,0.0,1.0,0.0,0.0,3.0,2.0,1.0,0.0,19:11,2.3,1
20,203085,Austin Rivers,7.0,2.0,6.0,2.0,2.0,0.0,1.0,2.0,1.0,1.0,2.0,0.0,12.0,15:34,6.5,1
21,201627,Anthony Morrow,9.0,3.0,6.0,0.0,0.0,0.0,1.0,0.0,2.0,0.0,1.0,0.0,17.0,21:46,7.3,1
22,202337,Luke Babbitt,5.0,2.0,7.0,0.0,0.0,3.0,3.0,0.0,2.0,2.0,4.0,0.0,15.0,19:29,5.1,1
23,203121,Darius Miller,,,,,,,,,,,,,,,0.0,1
24,201160,Jason Smith,,,,,,,,,,,,,,,0.0,1
25,203481,Jeff Withey,,,,,,,,,,,,,,,0.0,1
