,id,name,PTS,FG,FGA,FTA,FT,OREB,DREB,STL,AST,BLK,PF,TO,PLUS_MINUS,MIN,GS,WIN
0,2736,Luol Deng,27.0,12.0,20.0,1.0,1.0,0.0,4.0,0.0,11.0,0.0,1.0,3.0,-1.0,38:56,23.3,0
1,2430,Carlos Boozer,12.0,5.0,13.0,2.0,2.0,2.0,5.0,1.0,1.0,1.0,4.0,1.0,-11.0,29:41,7.6,0
2,201149,Joakim Noah,4.0,2.0,10.0,2.0,0.0,3.0,5.0,1.0,7.0,1.0,3.0,0.0,-10.0,37:24,6.0,0
3,203503,Tony Snell,18.0,7.0,12.0,4.0,1.0,1.0,3.0,1.0,2.0,0.0,0.0,2.0,-13.0,35:05,13.2,0
4,2550,Kirk Hinrich,12.0,5.0,10.0,2.0,1.0,0.0,5.0,0.0,2.0,1.0,5.0,1.0,-9.0,34:57,7.2,0
5,201959,Taj Gibson,18.0,7.0,10.0,4.0,4.0,2.0,2.0,0.0,2.0,1.0,3.0,1.0,10.0,24:00,15.7,0
6,2399,Mike Dunleavy,2.0,1.0,6.0,0.0,0.0,0.0,1.0,1.0,3.0,0.0,2.0,1.0,6.0,22:08,-0.2,0
7,2229,Mike James,0.0,0.0,1.0,0.0,0.0,0.0,2.0,1.0,2.0,0.0,4.0,0.0,5.0,13:03,0.7,0
8,1737,Nazr Mohammed,0.0,0.0,0.0,0.0,0.0,1.0,0.0,0.0,1.0,0.0,0.0,0.0,3.0,4:46,1.4,0
9,203513,Erik Murphy,,,,,,,,,,,,,,,0.0,0
10,203104,Marquis Teague,,,,,,,,,,,,,,,0.0,0
11,202087,Alonzo Gee,5.0,2.0,4.0,0.0,0.0,1.0,3.0,0.0,3.0,0.0,3.0,1.0,20.0,35:43,4.5,1
12,202684,Tristan Thompson,14.0,4.0,7.0,8.0,6.0,2.0,12.0,0.0,2.0,0.0,2.0,2.0,18.0,36:27,13.5,1
13,101115,Andrew Bynum,20.0,8.0,14.0,4.0,4.0,3.0,7.0,0.0,3.0,5.0,1.0,1.0,9.0,30:04,21.8,1
14,101139,CJ Miles,6.0,2.0,5.0,0.0,0.0,0.0,2.0,1.0,2.0,2.0,1.0,1.0,10.0,15:37,6.3,1
15,202681,Kyrie Irving,19.0,7.0,21.0,5.0,4.0,2.0,1.0,2.0,6.0,0.0,3.0,0.0,7.0,38:38,13.4,1
16,203079,Dion Waiters,20.0,8.0,10.0,2.0,2.0,0.0,2.0,1.0,0.0,0.0,1.0,4.0,-9.0,27:02,13.4,1
17,101127,Jarrett Jack,5.0,2.0,6.0,0.0,0.0,0.0,1.0,0.0,3.0,0.0,2.0,1.0,-12.0,23:50,2.2,1
18,2760,Anderson Varejao,6.0,3.0,7.0,0.0,0.0,2.0,3.0,1.0,0.0,0.0,3.0,0.0,-15.0,23:37,4.4,1
19,203521,Matthew Dellavedova,0.0,0.0,1.0,0.0,0.0,0.0,0.0,0.0,1.0,0.0,0.0,0.0,-4.0,3:19,0.0,1
20,203461,Anthony Bennett,2.0,1.0,3.0,0.0,0.0,0.0,0.0,0.0,0.0,0.0,2.0,0.0,-4.0,5:43,-0.5,1
21,203508,Sergey Karasev,,,,,,,,,,,,,,,0.0,1
22,203156,Henry Sims,,,,,,,,,,,,,,,0.0,1
23,203092,Tyler Zeller,,,,,,,,,,,,,,,0.0,1
