,id,name,PTS,FG,FGA,FTA,FT,OREB,DREB,STL,AST,BLK,PF,TO,PLUS_MINUS,MIN,GS,WIN
0,1890,Shawn Marion,19.0,8.0,12.0,2.0,1.0,2.0,4.0,2.0,0.0,0.0,0.0,2.0,18.0,30:14,16.0,1
1,1717,Dirk Nowitzki,17.0,6.0,12.0,3.0,3.0,1.0,3.0,1.0,2.0,0.0,1.0,2.0,11.0,29:50,12.6,1
2,2223,Samuel Dalembert,10.0,4.0,4.0,2.0,2.0,0.0,3.0,2.0,0.0,1.0,3.0,2.0,9.0,20:32,9.2,1
3,101145,Monta Ellis,9.0,2.0,7.0,6.0,5.0,0.0,1.0,0.0,7.0,0.0,2.0,2.0,6.0,30:54,6.9,1
4,101181,Jose Calderon,16.0,6.0,11.0,0.0,0.0,0.0,5.0,2.0,7.0,1.0,1.0,1.0,18.0,29:30,18.4,1
5,201971,DeJuan Blair,0.0,0.0,1.0,2.0,0.0,0.0,4.0,1.0,1.0,0.0,4.0,2.0,-1.0,8:54,-2.2,1
6,1713,Vince Carter,18.0,5.0,12.0,4.0,4.0,0.0,2.0,0.0,2.0,0.0,1.0,0.0,23.0,20:37,13.2,1
7,2734,Devin Harris,8.0,3.0,6.0,1.0,1.0,1.0,3.0,0.0,6.0,0.0,1.0,1.0,17.0,20:54,9.4,1
8,201148,Brandan Wright,8.0,4.0,6.0,0.0,0.0,3.0,5.0,1.0,0.0,2.0,2.0,1.0,17.0,19:15,9.6,1
9,203109,Jae Crowder,0.0,0.0,2.0,0.0,0.0,1.0,2.0,0.0,1.0,0.0,1.0,0.0,4.0,16:18,0.2,1
10,201961,Wayne Ellington,2.0,1.0,1.0,0.0,0.0,0.0,1.0,0.0,0.0,0.0,1.0,3.0,-1.0,4:48,-1.4,1
11,203499,Shane Larkin,2.0,1.0,1.0,0.0,0.0,0.0,1.0,0.0,0.0,0.0,0.0,2.0,-3.0,4:07,0.0,1
12,203108,Bernard James,0.0,0.0,0.0,0.0,0.0,0.0,0.0,0.0,0.0,0.0,0.0,0.0,-3.0,4:07,0.0,1
13,201142,Kevin Durant,30.0,8.0,20.0,11.0,10.0,1.0,3.0,0.0,4.0,1.0,0.0,4.0,-16.0,33:32,19.9,0
14,201586,Serge Ibaka,19.0,8.0,19.0,4.0,3.0,3.0,3.0,0.0,2.0,2.0,1.0,0.0,-9.0,32:19,13.9,0
15,203500,Steven Adams,0.0,0.0,0.0,0.0,0.0,1.0,1.0,0.0,0.0,0.0,3.0,1.0,-10.0,11:59,-1.2,0
16,203460,Andre Roberson,2.0,1.0,3.0,0.0,0.0,1.0,3.0,2.0,0.0,0.0,5.0,1.0,-6.0,23:39,0.9,0
17,202704,Reggie Jackson,13.0,4.0,8.0,4.0,3.0,1.0,3.0,0.0,3.0,0.0,2.0,3.0,-11.0,31:15,8.5,0
18,2555,Nick Collison,1.0,0.0,1.0,2.0,1.0,3.0,4.0,0.0,1.0,0.0,3.0,2.0,-9.0,19:10,0.7,0
19,2406,Caron Butler,7.0,3.0,10.0,0.0,0.0,0.0,2.0,0.0,1.0,1.0,1.0,0.0,-16.0,22:20,2.8,0
20,965,Derek Fisher,3.0,1.0,5.0,2.0,1.0,0.0,1.0,1.0,3.0,0.0,1.0,0.0,-22.0,23:33,2.5,0
21,203087,Jeremy Lamb,4.0,2.0,5.0,0.0,0.0,0.0,1.0,2.0,0.0,0.0,0.0,0.0,-8.0,10:48,3.6,0
22,203103,Perry Jones III,6.0,2.0,5.0,2.0,0.0,0.0,0.0,0.0,1.0,0.0,3.0,2.0,-8.0,18:53,0.0,0
23,201203,Mustafa Shakur,1.0,0.0,2.0,2.0,1.0,0.0,0.0,0.0,2.0,0.0,2.0,1.0,0.0,6:16,-1.2,0
24,201934,Hasheem Thabeet,0.0,0.0,1.0,0.0,0.0,0.0,2.0,0.0,0.0,0.0,0.0,0.0,0.0,6:16,-0.1,0
25,201566,Russell Westbrook,,,,,,,,,,,,,,,0.0,0
