,id,name,PTS,FG,FGA,FTA,FT,OREB,DREB,STL,AST,BLK,PF,TO,PLUS_MINUS,MIN,GS,WIN
0,201142,Kevin Durant,35.0,11.0,21.0,12.0,10.0,1.0,11.0,0.0,5.0,0.0,2.0,0.0,22.0,42:10,30.6,1
1,201586,Serge Ibaka,15.0,6.0,11.0,4.0,2.0,0.0,4.0,0.0,2.0,2.0,2.0,1.0,23.0,33:55,11.1,1
2,203500,Steven Adams,0.0,0.0,0.0,0.0,0.0,1.0,5.0,0.0,0.0,2.0,3.0,1.0,-2.0,20:43,1.4,1
3,203460,Andre Roberson,2.0,1.0,3.0,0.0,0.0,1.0,1.0,0.0,0.0,0.0,3.0,2.0,-1.0,14:16,-1.9,1
4,201566,Russell Westbrook,17.0,5.0,14.0,6.0,4.0,0.0,9.0,0.0,9.0,0.0,4.0,2.0,22.0,28:16,13.8,1
5,201934,Hasheem Thabeet,0.0,0.0,0.0,0.0,0.0,0.0,0.0,0.0,0.0,0.0,2.0,0.0,-3.0,9:35,-0.8,1
6,2406,Caron Butler,12.0,3.0,8.0,3.0,3.0,2.0,3.0,0.0,0.0,0.0,2.0,1.0,5.0,29:17,8.1,1
7,202704,Reggie Jackson,11.0,3.0,9.0,3.0,3.0,0.0,5.0,1.0,3.0,1.0,3.0,1.0,6.0,32:23,9.0,1
8,2555,Nick Collison,2.0,1.0,3.0,0.0,0.0,1.0,1.0,2.0,1.0,0.0,4.0,1.0,-7.0,13:33,1.4,1
9,965,Derek Fisher,3.0,1.0,6.0,0.0,0.0,0.0,1.0,0.0,0.0,1.0,2.0,1.0,-1.0,14:01,-1.6,1
10,203087,Jeremy Lamb,0.0,0.0,0.0,0.0,0.0,0.0,0.0,0.0,0.0,0.0,0.0,1.0,-4.0,1:51,-1.0,1
11,203103,Perry Jones III,,,,,,,,,,,,,,,0.0,1
12,201203,Mustafa Shakur,,,,,,,,,,,,,,,0.0,1
13,2399,Mike Dunleavy,11.0,4.0,10.0,2.0,1.0,1.0,1.0,1.0,2.0,0.0,1.0,0.0,-4.0,30:15,8.2,0
14,2430,Carlos Boozer,12.0,5.0,13.0,2.0,2.0,2.0,9.0,0.0,0.0,0.0,2.0,0.0,-7.0,24:00,8.2,0
15,201149,Joakim Noah,9.0,2.0,8.0,7.0,5.0,4.0,8.0,2.0,9.0,1.0,2.0,0.0,-13.0,35:59,16.8,0
16,202710,Jimmy Butler,13.0,4.0,12.0,6.0,4.0,0.0,2.0,2.0,2.0,0.0,1.0,1.0,-14.0,45:51,8.0,0
17,2550,Kirk Hinrich,8.0,3.0,12.0,0.0,0.0,0.0,3.0,2.0,3.0,0.0,5.0,1.0,-14.0,31:53,2.8,0
18,201959,Taj Gibson,16.0,6.0,14.0,6.0,4.0,3.0,4.0,0.0,1.0,2.0,1.0,1.0,-7.0,29:38,11.8,0
19,201571,D.J. Augustin,10.0,3.0,11.0,5.0,4.0,0.0,1.0,0.0,3.0,0.0,1.0,0.0,-7.0,29:38,5.1,0
20,1737,Nazr Mohammed,4.0,1.0,3.0,3.0,2.0,3.0,5.0,0.0,0.0,1.0,0.0,1.0,3.0,6:23,5.2,0
21,203503,Tony Snell,2.0,1.0,1.0,0.0,0.0,0.0,0.0,0.0,1.0,0.0,2.0,1.0,3.0,6:23,0.6,0
22,202690,Jimmer Fredette,,,,,,,,,,,,,,,0.0,0
23,203513,Erik Murphy,,,,,,,,,,,,,,,0.0,0
