,id,name,PTS,FG,FGA,FTA,FT,OREB,DREB,STL,AST,BLK,PF,TO,PLUS_MINUS,MIN,GS,WIN
0,201142,Kevin Durant,37.0,9.0,15.0,19.0,17.0,2.0,6.0,3.0,7.0,1.0,3.0,3.0,6.0,44:00,36.9,1
1,201586,Serge Ibaka,11.0,5.0,9.0,2.0,1.0,4.0,5.0,0.0,2.0,3.0,1.0,0.0,-11.0,27:20,13.7,1
2,2570,Kendrick Perkins,0.0,0.0,2.0,0.0,0.0,1.0,2.0,0.0,0.0,2.0,4.0,1.0,-15.0,16:53,-1.3,1
3,200757,Thabo Sefolosha,9.0,3.0,9.0,2.0,2.0,3.0,4.0,0.0,2.0,0.0,1.0,4.0,-8.0,29:28,4.2,1
4,201566,Russell Westbrook,20.0,5.0,19.0,10.0,9.0,2.0,3.0,3.0,0.0,0.0,3.0,4.0,-10.0,30:05,8.4,1
5,202704,Reggie Jackson,6.0,2.0,7.0,2.0,2.0,0.0,6.0,0.0,6.0,0.0,1.0,1.0,23.0,18:15,6.5,1
6,203500,Steven Adams,17.0,7.0,10.0,4.0,3.0,5.0,5.0,1.0,3.0,3.0,5.0,0.0,20.0,30:31,20.6,1
7,2555,Nick Collison,9.0,3.0,3.0,3.0,3.0,0.0,4.0,1.0,1.0,0.0,0.0,0.0,20.0,20:40,11.0,1
8,203087,Jeremy Lamb,10.0,3.0,6.0,2.0,2.0,0.0,0.0,0.0,0.0,0.0,3.0,0.0,17.0,16:08,5.8,1
9,965,Derek Fisher,0.0,0.0,2.0,0.0,0.0,0.0,0.0,1.0,1.0,0.0,1.0,0.0,3.0,6:40,-0.1,1
10,203103,Perry Jones III,,,,,,,,,,,,,,,0.0,1
11,203460,Andre Roberson,,,,,,,,,,,,,,,0.0,1
12,201934,Hasheem Thabeet,,,,,,,,,,,,,,,0.0,1
13,2746,Josh Smith,25.0,10.0,20.0,3.0,2.0,1.0,7.0,1.0,2.0,1.0,6.0,2.0,0.0,33:10,16.1,0
14,202328,Greg Monroe,20.0,8.0,13.0,5.0,4.0,10.0,5.0,2.0,3.0,3.0,1.0,2.0,6.0,38:53,26.0,0
15,203083,Andre Drummond,4.0,2.0,3.0,0.0,0.0,2.0,1.0,1.0,0.0,2.0,4.0,1.0,-9.0,22:41,4.2,0
16,1497,Chauncey Billups,3.0,1.0,6.0,0.0,0.0,0.0,5.0,2.0,2.0,0.0,1.0,3.0,13.0,28:22,0.7,0
17,201943,Brandon Jennings,22.0,7.0,17.0,6.0,4.0,0.0,5.0,4.0,11.0,0.0,4.0,3.0,4.0,35:25,20.7,0
18,202713,Kyle Singler,5.0,2.0,9.0,0.0,0.0,1.0,1.0,0.0,1.0,0.0,6.0,0.0,4.0,22:56,-1.2,0
19,201155,Rodney Stuckey,17.0,5.0,7.0,7.0,5.0,2.0,0.0,0.0,3.0,0.0,1.0,2.0,-18.0,23:06,14.4,0
20,203540,Gigi Datome,6.0,2.0,5.0,2.0,2.0,0.0,1.0,0.0,0.0,0.0,2.0,0.0,-18.0,12:22,2.8,0
21,101198,Will Bynum,8.0,2.0,7.0,4.0,4.0,0.0,1.0,0.0,0.0,0.0,1.0,0.0,-13.0,12:35,3.8,0
22,201973,Jonas Jerebko,0.0,0.0,2.0,0.0,0.0,0.0,0.0,0.0,0.0,0.0,0.0,0.0,-10.0,3:53,-1.4,0
23,203484,Kentavious Caldwell-Pope,0.0,0.0,2.0,0.0,0.0,0.0,0.0,0.0,0.0,0.0,1.0,0.0,-4.0,6:37,-1.8,0
24,202725,Josh Harrellson,,,,,,,,,,,,,,,0.0,0
25,203502,Tony Mitchell,,,,,,,,,,,,,,,0.0,0
