,id,name,PTS,FG,FGA,FTA,FT,OREB,DREB,STL,AST,BLK,PF,TO,PLUS_MINUS,MIN,GS,WIN
0,203077,Michael Kidd-Gilchrist,7.0,3.0,7.0,5.0,1.0,1.0,7.0,1.0,2.0,1.0,4.0,0.0,-7.0,30:36,6.0,0
1,201177,Josh McRoberts,15.0,5.0,9.0,2.0,2.0,1.0,3.0,1.0,3.0,1.0,3.0,1.0,-14.0,29:47,13.9,0
2,2744,Al Jefferson,13.0,6.0,19.0,2.0,1.0,4.0,4.0,0.0,1.0,2.0,2.0,0.0,-4.0,30:23,7.0,0
3,201945,Gerald Henderson,11.0,5.0,16.0,1.0,1.0,0.0,2.0,0.0,2.0,0.0,2.0,0.0,-8.0,31:35,3.0,0
4,202689,Kemba Walker,12.0,5.0,10.0,2.0,2.0,1.0,1.0,4.0,5.0,0.0,3.0,3.0,-1.0,34:43,11.3,0
5,203469,Cody Zeller,2.0,1.0,6.0,0.0,0.0,3.0,1.0,0.0,0.0,1.0,2.0,1.0,3.0,15:31,-0.5,0
6,202687,Bismack Biyombo,4.0,2.0,4.0,0.0,0.0,1.0,4.0,0.0,0.0,0.0,2.0,0.0,-6.0,16:35,3.1,0
7,203106,Jeffery Taylor,5.0,1.0,6.0,4.0,3.0,0.0,2.0,1.0,0.0,1.0,0.0,0.0,-8.0,27:46,3.1,0
8,201196,Ramon Sessions,14.0,5.0,11.0,4.0,3.0,1.0,1.0,1.0,1.0,0.0,2.0,2.0,-15.0,19:20,7.8,0
9,202399,Jeff Adrien,0.0,0.0,1.0,0.0,0.0,0.0,0.0,0.0,0.0,0.0,0.0,0.0,-3.0,1:02,-0.7,0
10,201229,Anthony Tolliver,0.0,0.0,1.0,0.0,0.0,0.0,0.0,0.0,0.0,0.0,1.0,0.0,-2.0,2:42,-1.1,0
11,2732,Ben Gordon,,,,,,,,,,,,,,,0.0,0
12,2457,Jannero Pargo,,,,,,,,,,,,,,,0.0,0
13,202718,Chandler Parsons,10.0,4.0,11.0,4.0,2.0,0.0,5.0,1.0,3.0,1.0,2.0,0.0,5.0,39:28,7.6,1
14,2730,Dwight Howard,17.0,8.0,14.0,4.0,1.0,6.0,20.0,0.0,2.0,2.0,3.0,4.0,10.0,34:41,17.0,1
15,201600,Omer Asik,4.0,1.0,5.0,4.0,2.0,5.0,9.0,1.0,0.0,2.0,1.0,1.0,-1.0,26:09,7.3,1
16,201935,James Harden,21.0,7.0,16.0,6.0,6.0,1.0,2.0,1.0,5.0,0.0,1.0,5.0,9.0,36:51,13.0,1
17,201976,Patrick Beverley,5.0,2.0,4.0,0.0,0.0,1.0,0.0,0.0,1.0,0.0,0.0,2.0,4.0,10:23,2.4,1
18,201956,Omri Casspi,4.0,2.0,6.0,0.0,0.0,1.0,3.0,0.0,2.0,1.0,2.0,1.0,8.0,20:24,2.5,1
19,202391,Jeremy Lin,16.0,5.0,7.0,6.0,4.0,0.0,0.0,0.0,2.0,0.0,2.0,2.0,2.0,30:56,10.9,1
20,101128,Francisco Garcia,19.0,7.0,13.0,0.0,0.0,0.0,1.0,0.0,1.0,0.0,2.0,1.0,18.0,30:03,11.9,1
21,201166,Aaron Brooks,0.0,0.0,0.0,0.0,0.0,0.0,0.0,1.0,1.0,0.0,3.0,2.0,10.0,11:05,-1.5,1
22,200758,Ronnie Brewer,,,,,,,,,,,,,,,0.0,1
23,203093,Terrence Jones,,,,,,,,,,,,,,,0.0,1
24,202700,Donatas Motiejunas,,,,,,,,,,,,,,,0.0,1
25,202962,Greg Smith,,,,,,,,,,,,,,,0.0,1
