,id,name,PTS,FG,FGA,FTA,FT,OREB,DREB,STL,AST,BLK,PF,TO,PLUS_MINUS,MIN,GS,WIN
0,101161,Amir Johnson,2.0,1.0,3.0,2.0,0.0,0.0,4.0,1.0,0.0,0.0,2.0,2.0,-10.0,14:56,-1.1,0
1,203082,Terrence Ross,4.0,2.0,5.0,0.0,0.0,1.0,0.0,1.0,0.0,0.0,1.0,2.0,-9.0,20:54,0.6,0
2,202685,Jonas Valanciunas,8.0,4.0,6.0,0.0,0.0,1.0,5.0,0.0,1.0,1.0,2.0,1.0,-7.0,15:42,7.2,0
3,201942,DeMar DeRozan,9.0,2.0,5.0,6.0,5.0,2.0,3.0,1.0,1.0,0.0,1.0,3.0,-11.0,21:49,6.5,0
4,200768,Kyle Lowry,22.0,8.0,15.0,5.0,3.0,0.0,3.0,1.0,5.0,0.0,4.0,4.0,-10.0,26:24,13.7,0
5,201946,Tyler Hansbrough,11.0,4.0,8.0,5.0,3.0,3.0,6.0,2.0,0.0,0.0,3.0,1.0,5.0,28:06,9.9,0
6,202349,Greivis Vasquez,13.0,5.0,9.0,0.0,0.0,0.0,4.0,0.0,5.0,0.0,2.0,2.0,16.0,21:54,10.6,0
7,202335,Patrick Patterson,7.0,3.0,7.0,0.0,0.0,2.0,3.0,1.0,3.0,1.0,1.0,1.0,14.0,20:12,8.0,0
8,202779,Dwight Buycks,2.0,1.0,7.0,0.0,0.0,1.0,2.0,2.0,0.0,0.0,1.0,4.0,-1.0,22:20,-3.6,0
9,201986,Nando De Colo,12.0,5.0,12.0,0.0,0.0,1.0,2.0,0.0,4.0,0.0,3.0,2.0,6.0,25:41,6.5,0
10,101236,Chuck Hayes,0.0,0.0,0.0,0.0,0.0,0.0,1.0,0.0,0.0,0.0,0.0,2.0,-6.0,13:09,-1.7,0
11,200779,Steve Novak,2.0,1.0,3.0,0.0,0.0,1.0,3.0,0.0,1.0,0.0,0.0,0.0,-2.0,8:53,2.6,0
12,2422,John Salmons,,,,,,,,,,,,,,,0.0,0
13,2747,JR Smith,30.0,13.0,19.0,4.0,2.0,0.0,4.0,5.0,1.0,0.0,1.0,2.0,21.0,27:27,25.6,1
14,2405,Amar'e Stoudemire,8.0,3.0,7.0,2.0,2.0,2.0,3.0,0.0,1.0,0.0,1.0,1.0,2.0,19:39,5.9,1
15,202332,Cole Aldrich,13.0,5.0,8.0,4.0,3.0,7.0,9.0,2.0,1.0,5.0,3.0,1.0,12.0,39:36,20.6,1
16,203143,Pablo Prigioni,2.0,1.0,1.0,0.0,0.0,0.0,0.0,2.0,3.0,0.0,2.0,2.0,11.0,13:46,3.0,1
17,202697,Iman Shumpert,3.0,1.0,10.0,2.0,0.0,2.0,2.0,2.0,2.0,1.0,3.0,0.0,12.0,30:12,0.5,1
18,203501,Tim Hardaway Jr.,18.0,6.0,15.0,4.0,3.0,0.0,2.0,0.0,2.0,0.0,1.0,1.0,-11.0,35:12,10.1,1
19,202719,Jeremy Tyler,6.0,2.0,6.0,2.0,2.0,0.0,1.0,0.0,0.0,0.0,4.0,1.0,-14.0,24:05,0.3,1
20,203315,Toure' Murry,15.0,6.0,12.0,1.0,1.0,0.0,2.0,0.0,2.0,0.0,4.0,3.0,-8.0,28:50,6.4,1
21,200769,Shannon Brown,0.0,0.0,3.0,0.0,0.0,0.0,2.0,1.0,1.0,0.0,4.0,5.0,-10.0,21:14,-6.4,1
22,2546,Carmelo Anthony,,,,,,,,,,,,,,,0.0,1
23,2199,Tyson Chandler,,,,,,,,,,,,,,,0.0,1
24,101109,Raymond Felton,,,,,,,,,,,,,,,0.0,1
