,id,name,PTS,FG,FGA,FTA,FT,OREB,DREB,STL,AST,BLK,PF,TO,PLUS_MINUS,MIN,GS,WIN
0,201145,Jeff Green,12.0,3.0,16.0,6.0,6.0,1.0,3.0,0.0,2.0,0.0,3.0,0.0,-15.0,36:46,3.8,0
1,101138,Brandon Bass,11.0,3.0,8.0,6.0,5.0,1.0,2.0,0.0,1.0,0.0,3.0,1.0,-7.0,22:50,6.0,0
2,2743,Kris Humphries,15.0,6.0,10.0,4.0,3.0,4.0,5.0,1.0,0.0,0.0,2.0,1.0,-9.0,25:50,13.5,0
3,201573,Jerryd Bayless,3.0,1.0,6.0,1.0,1.0,0.0,2.0,0.0,3.0,0.0,0.0,2.0,-5.0,21:29,-0.1,0
4,200765,Rajon Rondo,8.0,4.0,15.0,0.0,0.0,1.0,2.0,2.0,8.0,0.0,4.0,2.0,-8.0,40:45,4.4,0
5,203187,Chris Johnson,14.0,6.0,8.0,0.0,0.0,1.0,2.0,2.0,0.0,0.0,2.0,0.0,1.0,28:06,13.3,0
6,203096,Jared Sullinger,17.0,8.0,17.0,0.0,0.0,7.0,2.0,0.0,0.0,0.0,3.0,1.0,-9.0,26:00,11.6,0
7,203482,Kelly Olynyk,3.0,1.0,9.0,2.0,1.0,5.0,2.0,1.0,0.0,1.0,4.0,1.0,5.0,21:08,-0.1,0
8,203569,Chris Babb,0.0,0.0,1.0,0.0,0.0,0.0,1.0,0.0,0.0,0.0,2.0,1.0,-3.0,9:39,-2.2,0
9,203515,Phil Pressey,0.0,0.0,1.0,0.0,0.0,0.0,0.0,0.0,2.0,0.0,0.0,1.0,-3.0,7:15,-0.3,0
10,201202,Joel Anthony,0.0,0.0,0.0,0.0,0.0,0.0,0.0,0.0,0.0,0.0,0.0,0.0,-2.0,0:12,0.0,0
11,202340,Avery Bradley,,,,,,,,,,,,,,,0.0,0
12,202331,Paul George,12.0,5.0,10.0,2.0,2.0,0.0,3.0,2.0,4.0,0.0,4.0,5.0,7.0,29:34,6.1,1
13,2561,David West,24.0,11.0,13.0,3.0,2.0,2.0,3.0,1.0,3.0,1.0,3.0,1.0,13.0,34:59,22.8,1
14,201579,Roy Hibbert,6.0,3.0,7.0,0.0,0.0,2.0,7.0,0.0,2.0,2.0,3.0,0.0,14.0,32:20,7.4,1
15,202362,Lance Stephenson,9.0,4.0,12.0,0.0,0.0,0.0,5.0,0.0,1.0,0.0,5.0,2.0,19.0,36:03,0.4,1
16,201588,George Hill,12.0,4.0,11.0,2.0,2.0,1.0,2.0,1.0,4.0,1.0,1.0,1.0,11.0,35:39,10.3,1
17,202323,Evan Turner,9.0,4.0,4.0,0.0,0.0,0.0,0.0,0.0,3.0,0.0,1.0,1.0,-3.0,22:33,8.5,1
18,101115,Andrew Bynum,8.0,3.0,4.0,3.0,2.0,3.0,7.0,0.0,1.0,0.0,3.0,3.0,-3.0,15:37,6.7,1
19,2446,Rasual Butler,0.0,0.0,2.0,0.0,0.0,0.0,2.0,0.0,0.0,0.0,0.0,0.0,-1.0,7:51,-0.8,1
20,2449,Luis Scola,11.0,5.0,7.0,1.0,1.0,0.0,5.0,0.0,0.0,0.0,2.0,3.0,-2.0,13:01,5.8,1
21,202388,Donald Sloan,3.0,1.0,3.0,2.0,1.0,0.0,1.0,1.0,4.0,0.0,0.0,0.0,0.0,12:21,5.0,1
22,203142,Chris Copeland,0.0,0.0,0.0,0.0,0.0,0.0,0.0,0.0,0.0,0.0,0.0,0.0,0.0,0:03,0.0,1
23,202730,Lavoy Allen,,,,,,,,,,,,,,,0.0,1
24,203524,Solomon Hill,,,,,,,,,,,,,,,0.0,1
