,id,name,PTS,FG,FGA,FTA,FT,OREB,DREB,STL,AST,BLK,PF,TO,PLUS_MINUS,MIN,GS,WIN
0,202323,Evan Turner,16.0,6.0,17.0,6.0,4.0,0.0,6.0,2.0,8.0,0.0,2.0,0.0,21.0,37:56,14.3,1
1,201152,Thaddeus Young,16.0,7.0,14.0,4.0,0.0,1.0,3.0,1.0,5.0,0.0,1.0,0.0,-6.0,31:59,13.1,1
2,201150,Spencer Hawes,20.0,7.0,14.0,2.0,2.0,0.0,8.0,1.0,2.0,0.0,5.0,1.0,13.0,35:19,14.8,1
3,202341,James Anderson,13.0,6.0,8.0,0.0,0.0,1.0,5.0,0.0,4.0,0.0,1.0,1.0,7.0,28:56,13.4,1
4,203487,Michael Carter-Williams,10.0,4.0,14.0,5.0,2.0,0.0,5.0,1.0,7.0,2.0,3.0,3.0,10.0,35:27,5.2,1
5,203138,Hollis Thompson,4.0,0.0,0.0,6.0,4.0,0.0,1.0,0.0,0.0,0.0,3.0,0.0,-15.0,16:32,2.3,1
6,202730,Lavoy Allen,2.0,1.0,8.0,0.0,0.0,5.0,0.0,0.0,0.0,0.0,4.0,1.0,1.0,13:52,-2.3,1
7,203100,Tony Wroten,8.0,3.0,6.0,2.0,2.0,0.0,1.0,3.0,0.0,0.0,0.0,2.0,-16.0,14:18,6.3,1
8,203473,Dewayne Dedmon,4.0,2.0,3.0,0.0,0.0,0.0,4.0,0.0,0.0,1.0,3.0,1.0,-6.0,14:50,2.4,1
9,202343,Elliot Williams,2.0,1.0,2.0,0.0,0.0,0.0,0.0,0.0,0.0,0.0,2.0,1.0,-4.0,10:53,-0.8,1
10,203561,Brandon Davies,,,,,,,,,,,,,,,0.0,1
11,203102,Arnett Moultrie,,,,,,,,,,,,,,,0.0,1
12,201145,Jeff Green,18.0,5.0,13.0,8.0,6.0,2.0,4.0,0.0,5.0,0.0,1.0,3.0,5.0,37:33,12.8,0
13,101138,Brandon Bass,11.0,4.0,8.0,4.0,3.0,2.0,3.0,1.0,0.0,2.0,4.0,1.0,-16.0,20:38,8.7,0
14,203096,Jared Sullinger,24.0,9.0,25.0,6.0,6.0,8.0,9.0,1.0,2.0,0.0,5.0,3.0,0.0,35:09,15.8,0
15,2222,Gerald Wallace,1.0,0.0,1.0,2.0,1.0,2.0,6.0,0.0,3.0,2.0,1.0,0.0,-13.0,33:39,6.2,0
16,203515,Phil Pressey,2.0,1.0,7.0,0.0,0.0,0.0,1.0,2.0,2.0,0.0,2.0,5.0,3.0,21:08,-4.6,0
17,2743,Kris Humphries,13.0,3.0,5.0,8.0,7.0,3.0,6.0,0.0,0.0,1.0,1.0,1.0,6.0,21:34,13.5,0
18,201573,Jerryd Bayless,10.0,4.0,13.0,2.0,0.0,0.0,4.0,3.0,1.0,0.0,4.0,2.0,-1.0,30:08,3.0,0
19,203187,Chris Johnson,6.0,2.0,7.0,0.0,0.0,0.0,5.0,1.0,4.0,0.0,1.0,1.0,3.0,21:32,5.8,0
20,203482,Kelly Olynyk,9.0,4.0,8.0,0.0,0.0,1.0,3.0,0.0,3.0,2.0,2.0,1.0,8.0,18:39,8.3,0
21,201202,Joel Anthony,,,,,,,,,,,,,,,0.0,0
22,203505,Vander Blue,,,,,,,,,,,,,,,0.0,0
23,203543,Vitor Faverani,,,,,,,,,,,,,,,0.0,0
24,200765,Rajon Rondo,,,,,,,,,,,,,,,0.0,0
