,id,name,PTS,FG,FGA,FTA,FT,OREB,DREB,STL,AST,BLK,PF,TO,PLUS_MINUS,MIN,GS,WIN
0,200752,Rudy Gay,17.0,6.0,15.0,4.0,4.0,1.0,9.0,2.0,3.0,1.0,3.0,1.0,-6.0,32:15,14.9,0
1,201946,Tyler Hansbrough,0.0,0.0,1.0,0.0,0.0,0.0,0.0,0.0,0.0,0.0,0.0,1.0,-6.0,2:34,-1.7,0
2,202685,Jonas Valanciunas,11.0,4.0,10.0,4.0,3.0,4.0,6.0,0.0,3.0,0.0,2.0,0.0,-15.0,28:53,11.1,0
3,201942,DeMar DeRozan,13.0,5.0,15.0,4.0,3.0,0.0,3.0,2.0,2.0,0.0,5.0,2.0,-17.0,38:53,4.4,0
4,200768,Kyle Lowry,21.0,7.0,16.0,6.0,5.0,1.0,0.0,0.0,7.0,0.0,4.0,2.0,-11.0,39:25,14.2,0
5,101161,Amir Johnson,22.0,9.0,15.0,4.0,4.0,3.0,4.0,0.0,0.0,3.0,5.0,1.0,9.0,33:14,17.5,0
6,202361,Landry Fields,5.0,2.0,4.0,1.0,1.0,0.0,0.0,2.0,0.0,1.0,0.0,0.0,-3.0,18:05,5.7,0
7,200779,Steve Novak,6.0,2.0,5.0,0.0,0.0,0.0,2.0,1.0,0.0,0.0,4.0,0.0,6.0,19:46,3.3,0
8,202933,Julyan Stone,0.0,0.0,3.0,0.0,0.0,1.0,0.0,0.0,0.0,0.0,2.0,1.0,-10.0,17:48,-3.2,0
9,203082,Terrence Ross,2.0,0.0,3.0,2.0,2.0,1.0,1.0,0.0,0.0,0.0,1.0,0.0,8.0,8:54,0.5,0
10,203112,Quincy Acy,0.0,0.0,0.0,0.0,0.0,0.0,0.0,0.0,0.0,0.0,0.0,0.0,0.0,0:13,0.0,0
11,201571,D.J. Augustin,,,,,,,,,,,,,,,0.0,0
12,201948,Austin Daye,,,,,,,,,,,,,,,0.0,0
13,200782,P.J. Tucker,18.0,4.0,12.0,10.0,8.0,6.0,7.0,1.0,3.0,0.0,3.0,3.0,6.0,38:09,15.6,1
14,101112,Channing Frye,2.0,1.0,4.0,0.0,0.0,1.0,3.0,1.0,1.0,0.0,4.0,1.0,12.0,17:37,0.3,1
15,203101,Miles Plumlee,9.0,3.0,6.0,4.0,3.0,2.0,5.0,0.0,0.0,2.0,4.0,1.0,9.0,19:24,7.3,1
16,201609,Goran Dragic,14.0,5.0,13.0,4.0,3.0,0.0,5.0,1.0,2.0,0.0,1.0,2.0,9.0,38:08,8.0,1
17,202339,Eric Bledsoe,16.0,5.0,11.0,5.0,4.0,0.0,1.0,0.0,7.0,1.0,3.0,3.0,13.0,33:49,11.6,1
18,202693,Markieff Morris,25.0,11.0,14.0,6.0,3.0,6.0,5.0,0.0,1.0,0.0,4.0,5.0,-3.0,32:20,18.2,1
19,101123,Gerald Green,10.0,4.0,9.0,0.0,0.0,0.0,4.0,0.0,2.0,0.0,2.0,0.0,1.0,21:53,7.1,1
20,202694,Marcus Morris Sr.,10.0,3.0,10.0,3.0,2.0,1.0,2.0,1.0,0.0,0.0,5.0,1.0,-6.0,22:35,3.1,1
21,203139,Viacheslav Kravtsov,0.0,0.0,1.0,0.0,0.0,1.0,0.0,0.0,0.0,0.0,1.0,0.0,1.0,2:55,-0.4,1
22,203462,Archie Goodwin,2.0,1.0,2.0,0.0,0.0,1.0,3.0,0.0,0.0,1.0,0.0,0.0,3.0,13:10,3.3,1
23,202091,Dionte Christmas,,,,,,,,,,,,,,,0.0,1
24,203458,Alex Len,,,,,,,,,,,,,,,0.0,1
25,202397,Ish Smith,,,,,,,,,,,,,,,0.0,1
