,id,name,PTS,FG,FGA,FTA,FT,OREB,DREB,STL,AST,BLK,PF,TO,PLUS_MINUS,MIN,GS,WIN
0,200752,Rudy Gay,23.0,8.0,18.0,4.0,3.0,1.0,5.0,5.0,4.0,2.0,2.0,4.0,12.0,41:47,19.8,1
1,101161,Amir Johnson,14.0,4.0,8.0,6.0,6.0,1.0,1.0,0.0,0.0,1.0,5.0,2.0,15.0,30:07,7.7,1
2,202685,Jonas Valanciunas,4.0,1.0,6.0,2.0,2.0,0.0,7.0,0.0,0.0,1.0,4.0,0.0,-3.0,29:41,1.4,1
3,201942,DeMar DeRozan,18.0,7.0,13.0,3.0,3.0,2.0,1.0,2.0,4.0,1.0,0.0,1.0,14.0,32:52,17.9,1
4,200768,Kyle Lowry,21.0,6.0,10.0,8.0,6.0,0.0,3.0,2.0,6.0,0.0,2.0,2.0,7.0,34:52,19.9,1
5,201946,Tyler Hansbrough,4.0,1.0,5.0,2.0,2.0,3.0,1.0,1.0,0.0,1.0,5.0,2.0,16.0,23:08,1.0,1
6,203082,Terrence Ross,8.0,3.0,5.0,2.0,2.0,0.0,4.0,1.0,0.0,0.0,0.0,0.0,5.0,20:12,7.9,1
7,201948,Austin Daye,0.0,0.0,0.0,0.0,0.0,0.0,0.0,0.0,0.0,0.0,0.0,0.0,2.0,0:09,0.0,1
8,202779,Dwight Buycks,4.0,0.0,1.0,4.0,4.0,1.0,2.0,1.0,0.0,0.0,0.0,1.0,8.0,11:48,4.6,1
9,201189,Aaron Gray,1.0,0.0,0.0,2.0,1.0,1.0,3.0,0.0,0.0,0.0,3.0,1.0,2.0,7:28,-0.0,1
10,203112,Quincy Acy,4.0,0.0,0.0,6.0,4.0,0.0,1.0,0.0,0.0,0.0,0.0,0.0,0.0,5:16,3.5,1
11,202361,Landry Fields,0.0,0.0,0.0,0.0,0.0,0.0,0.0,0.0,0.0,0.0,0.0,0.0,1.0,1:20,0.0,1
12,201571,D.J. Augustin,2.0,1.0,1.0,0.0,0.0,0.0,0.0,0.0,0.0,0.0,0.0,0.0,1.0,1:20,1.7,1
13,2419,Tayshaun Prince,6.0,3.0,8.0,0.0,0.0,0.0,3.0,0.0,4.0,1.0,2.0,0.0,-6.0,34:19,5.2,0
14,2216,Zach Randolph,10.0,4.0,9.0,2.0,2.0,1.0,9.0,1.0,2.0,0.0,2.0,3.0,-2.0,30:15,7.3,0
15,201188,Marc Gasol,18.0,6.0,14.0,8.0,6.0,5.0,5.0,0.0,4.0,0.0,4.0,0.0,-4.0,33:08,16.0,0
16,2754,Tony Allen,10.0,5.0,11.0,0.0,0.0,2.0,2.0,2.0,2.0,1.0,1.0,2.0,-2.0,30:19,8.0,0
17,201144,Mike Conley,29.0,12.0,19.0,3.0,1.0,0.0,0.0,3.0,5.0,0.0,2.0,3.0,-12.0,35:15,22.4,0
18,201585,Kosta Koufos,0.0,0.0,2.0,0.0,0.0,1.0,3.0,0.0,0.0,0.0,1.0,1.0,-6.0,8:03,-1.2,0
19,203479,Jamaal Franklin,0.0,0.0,0.0,0.0,0.0,0.0,1.0,0.0,0.0,0.0,1.0,1.0,-2.0,4:15,-1.1,0
20,2034,Mike Miller,8.0,3.0,10.0,0.0,0.0,0.0,0.0,0.0,2.0,0.0,4.0,2.0,-15.0,20:46,-0.0,0
21,201573,Jerryd Bayless,0.0,0.0,3.0,0.0,0.0,0.0,1.0,0.0,2.0,0.0,2.0,3.0,-7.0,12:10,-4.2,0
22,202334,Ed Davis,5.0,2.0,5.0,2.0,1.0,1.0,4.0,0.0,2.0,3.0,5.0,0.0,-20.0,23:53,5.3,0
23,201979,Nick Calathes,1.0,0.0,0.0,2.0,1.0,0.0,1.0,0.0,1.0,0.0,0.0,2.0,-4.0,4:55,-0.4,0
24,202720,Jon Leuer,0.0,0.0,1.0,0.0,0.0,1.0,0.0,0.0,0.0,0.0,0.0,0.0,0.0,2:43,0.0,0
25,202347,Quincy Pondexter,,,,,,,,,,,,,,,0.0,0
