,id,name,PTS,FG,FGA,FTA,FT,OREB,DREB,STL,AST,BLK,PF,TO,PLUS_MINUS,MIN,GS,WIN
0,203113,Quincy Miller,19.0,8.0,14.0,0.0,0.0,1.0,5.0,1.0,3.0,4.0,1.0,2.0,14.0,33:40,18.1,0
1,202702,Kenneth Faried,16.0,7.0,17.0,2.0,2.0,3.0,10.0,1.0,1.0,2.0,4.0,2.0,-15.0,38:18,11.5,0
2,202389,Timofey Mozgov,15.0,6.0,9.0,4.0,2.0,4.0,3.0,2.0,0.0,1.0,1.0,4.0,0.0,27:28,12.3,0
3,200751,Randy Foye,11.0,4.0,11.0,2.0,1.0,0.0,1.0,0.0,2.0,0.0,3.0,3.0,-12.0,34:51,2.0,0
4,201166,Aaron Brooks,24.0,11.0,24.0,0.0,0.0,2.0,6.0,3.0,15.0,0.0,5.0,7.0,-1.0,47:03,19.3,0
5,203095,Evan Fournier,26.0,9.0,16.0,2.0,2.0,1.0,3.0,0.0,4.0,0.0,3.0,2.0,-5.0,38:59,19.6,0
6,201589,Darrell Arthur,7.0,3.0,9.0,2.0,1.0,2.0,7.0,1.0,1.0,0.0,4.0,1.0,-3.0,19:16,4.1,0
7,202686,Jan Vesely,5.0,2.0,4.0,1.0,1.0,1.0,4.0,0.0,1.0,1.0,1.0,0.0,5.0,19:04,5.9,0
8,201576,Anthony Randolph,2.0,1.0,3.0,0.0,0.0,1.0,0.0,0.0,1.0,0.0,2.0,0.0,-8.0,6:21,0.9,0
9,201163,Wilson Chandler,,,,,,,,,,,,,,,0.0,0
10,201581,JJ Hickson,,,,,,,,,,,,,,,0.0,0
11,201951,Ty Lawson,,,,,,,,,,,,,,,0.0,0
12,101126,Nate Robinson,,,,,,,,,,,,,,,0.0,0
13,202718,Chandler Parsons,15.0,5.0,11.0,5.0,3.0,2.0,1.0,2.0,3.0,1.0,3.0,3.0,22.0,42:14,10.8,1
14,203093,Terrence Jones,14.0,6.0,16.0,2.0,2.0,1.0,4.0,2.0,0.0,3.0,1.0,1.0,-17.0,23:46,9.8,1
15,201600,Omer Asik,18.0,6.0,11.0,11.0,6.0,7.0,16.0,3.0,1.0,3.0,1.0,2.0,11.0,43:09,23.8,1
16,201935,James Harden,32.0,9.0,23.0,12.0,11.0,0.0,4.0,4.0,10.0,0.0,3.0,5.0,1.0,43:13,25.1,1
17,202391,Jeremy Lin,19.0,7.0,12.0,4.0,4.0,2.0,0.0,3.0,5.0,0.0,2.0,3.0,9.0,34:24,17.5,1
18,202700,Donatas Motiejunas,0.0,0.0,3.0,2.0,0.0,1.0,2.0,1.0,1.0,1.0,2.0,0.0,-9.0,16:29,0.0,1
19,101128,Francisco Garcia,11.0,5.0,11.0,2.0,0.0,1.0,5.0,0.0,1.0,1.0,4.0,0.0,3.0,31:57,6.5,1
20,203477,Isaiah Canaan,15.0,5.0,8.0,2.0,1.0,1.0,0.0,0.0,2.0,1.0,2.0,0.0,-4.0,18:36,13.0,1
21,201956,Omri Casspi,6.0,2.0,3.0,0.0,0.0,0.0,3.0,0.0,1.0,0.0,1.0,1.0,9.0,11:12,4.9,1
22,201976,Patrick Beverley,,,,,,,,,,,,,,,0.0,1
23,202706,Jordan Hamilton,,,,,,,,,,,,,,,0.0,1
24,2730,Dwight Howard,,,,,,,,,,,,,,,0.0,1
25,202962,Greg Smith,,,,,,,,,,,,,,,0.0,1
