,id,name,PTS,FG,FGA,FTA,FT,OREB,DREB,STL,AST,BLK,PF,TO,PLUS_MINUS,MIN,GS,WIN
0,200752,Rudy Gay,20.0,9.0,18.0,2.0,1.0,2.0,2.0,0.0,0.0,0.0,2.0,1.0,-15.0,32:17,10.8,0
1,201574,Jason Thompson,4.0,2.0,4.0,0.0,0.0,2.0,2.0,0.0,1.0,0.0,0.0,0.0,-7.0,23:52,4.7,0
2,202326,DeMarcus Cousins,28.0,13.0,19.0,4.0,2.0,10.0,10.0,1.0,3.0,1.0,4.0,6.0,-9.0,31:36,25.3,0
3,203463,Ben McLemore,8.0,3.0,4.0,3.0,1.0,0.0,4.0,0.0,0.0,1.0,2.0,1.0,-6.0,29:42,5.7,0
4,202738,Isaiah Thomas,10.0,3.0,14.0,4.0,3.0,1.0,2.0,0.0,4.0,0.0,3.0,7.0,-12.0,36:18,-3.1,0
5,203112,Quincy Acy,0.0,0.0,1.0,0.0,0.0,0.0,1.0,0.0,0.0,0.0,1.0,0.0,0.0,5:12,-0.8,0
6,203492,Ray McCallum,5.0,2.0,8.0,0.0,0.0,1.0,1.0,0.0,2.0,0.0,1.0,3.0,-6.0,29:34,-0.8,0
7,202682,Derrick Williams,8.0,3.0,5.0,2.0,1.0,1.0,3.0,0.0,1.0,0.0,1.0,1.0,-10.0,19:11,6.2,0
8,2566,Travis Outlaw,3.0,1.0,5.0,2.0,1.0,1.0,1.0,0.0,0.0,2.0,1.0,0.0,0.0,12:57,1.5,0
9,2501,Reggie Evans,3.0,0.0,2.0,4.0,3.0,2.0,7.0,2.0,0.0,0.0,3.0,5.0,-10.0,16:59,0.5,0
10,203111,Orlando Johnson,0.0,0.0,1.0,0.0,0.0,0.0,0.0,0.0,0.0,0.0,0.0,0.0,0.0,2:22,-0.7,0
11,201189,Aaron Gray,,,,,,,,,,,,,,,0.0,0
12,2207,Joe Johnson,18.0,7.0,12.0,2.0,2.0,0.0,2.0,2.0,5.0,0.0,1.0,1.0,5.0,27:25,17.1,1
13,1718,Paul Pierce,2.0,1.0,1.0,0.0,0.0,0.0,0.0,0.0,0.0,0.0,0.0,0.0,2.0,1:13,1.7,1
14,203486,Mason Plumlee,5.0,2.0,4.0,2.0,1.0,1.0,1.0,2.0,0.0,0.0,5.0,1.0,-10.0,12:08,2.6,1
15,2733,Shaun Livingston,10.0,3.0,6.0,4.0,4.0,0.0,3.0,1.0,4.0,0.0,1.0,0.0,13.0,25:30,11.3,1
16,101114,Deron Williams,10.0,4.0,8.0,2.0,1.0,0.0,4.0,1.0,7.0,0.0,4.0,0.0,10.0,32:18,11.1,1
17,1905,Andrei Kirilenko,5.0,2.0,3.0,2.0,1.0,0.0,1.0,1.0,3.0,1.0,4.0,2.0,-1.0,18:22,3.8,1
18,101154,Andray Blatche,4.0,2.0,7.0,0.0,0.0,0.0,3.0,0.0,2.0,0.0,2.0,2.0,17.0,26:08,-0.6,1
19,201977,Marcus Thornton,27.0,11.0,15.0,2.0,0.0,0.0,3.0,2.0,1.0,0.0,1.0,1.0,22.0,27:32,22.3,1
20,203141,Mirza Teletovic,9.0,4.0,7.0,0.0,0.0,0.0,4.0,2.0,3.0,0.0,2.0,2.0,6.0,18:01,8.2,1
21,2215,Jason Collins,2.0,1.0,2.0,0.0,0.0,0.0,0.0,1.0,0.0,0.0,2.0,0.0,16.0,20:08,1.2,1
22,101187,Alan Anderson,11.0,4.0,10.0,0.0,0.0,0.0,4.0,1.0,0.0,0.0,1.0,0.0,9.0,24:04,7.4,1
23,203268,Jorge Gutierrez,1.0,0.0,1.0,2.0,1.0,0.0,0.0,1.0,0.0,0.0,0.0,0.0,-10.0,4:48,0.9,1
24,203104,Marquis Teague,0.0,0.0,1.0,0.0,0.0,0.0,1.0,0.0,0.0,0.0,1.0,1.0,-4.0,2:23,-1.8,1
