,id,name,PTS,FG,FGA,FTA,FT,OREB,DREB,STL,AST,BLK,PF,TO,PLUS_MINUS,MIN,GS,WIN
0,2546,Carmelo Anthony,21.0,5.0,16.0,12.0,9.0,0.0,8.0,1.0,5.0,1.0,2.0,1.0,11.0,35:01,16.4,1
1,2405,Amar'e Stoudemire,22.0,10.0,15.0,2.0,2.0,2.0,8.0,0.0,1.0,0.0,3.0,0.0,8.0,27:57,18.8,1
2,2199,Tyson Chandler,17.0,7.0,10.0,4.0,3.0,4.0,6.0,1.0,2.0,1.0,1.0,1.0,7.0,30:53,18.7,1
3,2747,JR Smith,6.0,2.0,10.0,0.0,0.0,1.0,2.0,1.0,2.0,0.0,2.0,3.0,7.0,25:05,-0.3,1
4,101109,Raymond Felton,7.0,2.0,8.0,4.0,3.0,0.0,3.0,0.0,6.0,0.0,0.0,1.0,1.0,26:39,5.9,1
5,202697,Iman Shumpert,11.0,4.0,7.0,0.0,0.0,0.0,0.0,1.0,2.0,0.0,3.0,0.0,8.0,26:41,8.9,1
6,203501,Tim Hardaway Jr.,6.0,3.0,11.0,1.0,0.0,0.0,1.0,2.0,2.0,0.0,3.0,0.0,-1.0,27:21,1.6,1
7,202332,Cole Aldrich,2.0,1.0,2.0,0.0,0.0,1.0,5.0,0.0,0.0,0.0,1.0,1.0,-10.0,11:31,1.8,1
8,203143,Pablo Prigioni,0.0,0.0,1.0,0.0,0.0,1.0,3.0,0.0,9.0,0.0,1.0,1.0,13.0,17:50,5.8,1
9,202719,Jeremy Tyler,0.0,0.0,2.0,0.0,0.0,0.0,0.0,0.0,0.0,0.0,1.0,0.0,-13.0,3:47,-1.8,1
10,200769,Shannon Brown,0.0,0.0,0.0,0.0,0.0,0.0,1.0,0.0,0.0,0.0,0.0,2.0,-13.0,3:47,-1.7,1
11,203315,Toure' Murry,1.0,0.0,0.0,2.0,1.0,0.0,1.0,0.0,0.0,0.0,0.0,1.0,-13.0,3:32,-0.1,1
12,202341,James Anderson,8.0,3.0,14.0,3.0,1.0,2.0,4.0,2.0,1.0,0.0,2.0,2.0,3.0,34:44,1.1,0
13,201152,Thaddeus Young,21.0,6.0,21.0,6.0,6.0,3.0,4.0,4.0,2.0,0.0,4.0,0.0,4.0,40:16,15.8,0
14,203156,Henry Sims,16.0,6.0,10.0,4.0,4.0,8.0,5.0,0.0,2.0,0.0,4.0,1.0,6.0,29:12,17.3,0
15,203100,Tony Wroten,12.0,4.0,9.0,6.0,2.0,1.0,2.0,0.0,4.0,0.0,1.0,1.0,-8.0,32:46,8.4,0
16,203487,Michael Carter-Williams,22.0,10.0,21.0,0.0,0.0,4.0,9.0,2.0,9.0,1.0,4.0,2.0,7.0,39:25,22.2,0
17,202363,Jarvis Varnado,3.0,1.0,1.0,2.0,1.0,0.0,3.0,0.0,0.0,0.0,3.0,0.0,-11.0,16:48,2.0,0
18,202343,Elliot Williams,2.0,1.0,2.0,0.0,0.0,1.0,1.0,0.0,1.0,0.0,2.0,2.0,-14.0,14:03,-0.1,0
19,203138,Hollis Thompson,2.0,1.0,4.0,0.0,0.0,0.0,1.0,0.0,0.0,0.0,0.0,1.0,-4.0,11:37,-1.1,0
20,201957,Byron Mullens,3.0,1.0,5.0,0.0,0.0,0.0,3.0,0.0,0.0,0.0,1.0,1.0,-4.0,10:11,-0.6,0
21,203263,James Nunnally,3.0,1.0,4.0,0.0,0.0,0.0,2.0,0.0,1.0,0.0,1.0,0.0,16.0,10:38,1.5,0
22,203130,Darius Johnson-Odom,0.0,0.0,0.0,0.0,0.0,0.0,0.0,0.0,0.0,0.0,0.0,0.0,0.0,0:20,0.0,0
23,203561,Brandon Davies,,,,,,,,,,,,,,,0.0,0
