,id,name,PTS,FG,FGA,FTA,FT,OREB,DREB,STL,AST,BLK,PF,TO,PLUS_MINUS,MIN,GS,WIN
0,2736,Luol Deng,27.0,9.0,15.0,4.0,4.0,1.0,4.0,1.0,4.0,0.0,3.0,2.0,9.0,38:00,22.6,1
1,202684,Tristan Thompson,15.0,6.0,15.0,6.0,3.0,4.0,9.0,1.0,0.0,1.0,3.0,1.0,7.0,37:18,10.7,1
2,2760,Anderson Varejao,18.0,7.0,11.0,4.0,4.0,7.0,11.0,0.0,6.0,0.0,3.0,2.0,9.0,36:46,22.3,1
3,101139,CJ Miles,5.0,2.0,6.0,0.0,0.0,0.0,1.0,1.0,3.0,0.0,2.0,1.0,11.0,14:42,3.2,1
4,202681,Kyrie Irving,13.0,5.0,12.0,2.0,1.0,0.0,1.0,2.0,4.0,0.0,5.0,1.0,-3.0,30:08,8.3,1
5,203079,Dion Waiters,17.0,4.0,11.0,8.0,7.0,1.0,1.0,2.0,4.0,1.0,3.0,0.0,-2.0,23:03,15.8,1
6,203092,Tyler Zeller,8.0,2.0,5.0,6.0,4.0,2.0,2.0,0.0,1.0,0.0,2.0,0.0,-3.0,16:30,6.4,1
7,101127,Jarrett Jack,4.0,1.0,5.0,2.0,2.0,0.0,2.0,1.0,5.0,0.0,1.0,1.0,-8.0,18:28,4.6,1
8,203521,Matthew Dellavedova,11.0,4.0,6.0,0.0,0.0,0.0,1.0,0.0,0.0,0.0,0.0,0.0,-1.0,19:39,8.7,1
9,201947,Earl Clark,2.0,1.0,2.0,0.0,0.0,1.0,0.0,0.0,0.0,0.0,0.0,0.0,-9.0,5:26,1.7,1
10,203461,Anthony Bennett,,,,,,,,,,,,,,,0.0,1
11,202087,Alonzo Gee,,,,,,,,,,,,,,,0.0,1
12,203508,Sergey Karasev,,,,,,,,,,,,,,,0.0,1
13,202325,Wesley Johnson,17.0,7.0,13.0,2.0,2.0,1.0,4.0,2.0,4.0,1.0,3.0,1.0,-4.0,37:38,15.9,0
14,2200,Pau Gasol,20.0,9.0,13.0,6.0,2.0,2.0,10.0,1.0,3.0,2.0,2.0,4.0,-4.0,36:17,17.0,0
15,203135,Robert Sacre,4.0,2.0,2.0,0.0,0.0,0.0,0.0,0.0,0.0,0.0,2.0,0.0,-18.0,10:37,2.6,0
16,201975,Jodie Meeks,26.0,9.0,14.0,4.0,2.0,0.0,3.0,0.0,4.0,0.0,1.0,0.0,-7.0,41:20,22.3,0
17,203088,Kendall Marshall,10.0,4.0,11.0,0.0,0.0,0.0,2.0,1.0,16.0,0.0,1.0,3.0,-2.0,37:36,13.3,0
18,201941,Jordan Hill,4.0,2.0,4.0,0.0,0.0,1.0,5.0,0.0,1.0,3.0,5.0,1.0,6.0,20:17,4.0,0
19,201156,Nick Young,28.0,7.0,16.0,10.0,10.0,0.0,1.0,0.0,6.0,0.0,3.0,1.0,16.0,32:32,21.9,0
20,203527,Ryan Kelly,3.0,1.0,5.0,1.0,1.0,1.0,2.0,0.0,0.0,0.0,2.0,1.0,1.0,12:01,-0.6,0
21,2549,Chris Kaman,6.0,3.0,6.0,0.0,0.0,1.0,2.0,0.0,1.0,0.0,2.0,1.0,2.0,11:43,3.2,0
22,2581,Steve Blake,,,,,,,,,,,,,,,0.0,0
23,200770,Jordan Farmar,,,,,,,,,,,,,,,0.0,0
24,202333,Xavier Henry,,,,,,,,,,,,,,,0.0,0
