,id,name,PTS,FG,FGA,FTA,FT,OREB,DREB,STL,AST,BLK,PF,TO,PLUS_MINUS,MIN,GS,WIN
0,203114,Khris Middleton,14.0,5.0,15.0,0.0,0.0,0.0,7.0,0.0,1.0,0.0,4.0,1.0,8.0,49:38,5.7,0
1,203089,John Henson,18.0,7.0,12.0,4.0,4.0,4.0,6.0,0.0,3.0,2.0,1.0,0.0,-17.0,36:45,20.1,0
2,203545,Miroslav Raduljica,7.0,2.0,6.0,5.0,3.0,3.0,1.0,0.0,0.0,2.0,4.0,1.0,-4.0,17:15,4.0,0
3,203507,Giannis Antetokounmpo,6.0,2.0,4.0,2.0,1.0,0.0,0.0,0.0,1.0,0.0,4.0,1.0,1.0,22:59,1.7,0
4,202688,Brandon Knight,17.0,6.0,20.0,4.0,4.0,1.0,13.0,3.0,8.0,1.0,1.0,0.0,-5.0,34:40,18.9,0
5,201564,O.J. Mayo,20.0,6.0,21.0,6.0,5.0,1.0,6.0,1.0,4.0,2.0,3.0,4.0,-4.0,35:57,9.8,0
6,203489,Nate Wolters,8.0,3.0,7.0,2.0,2.0,0.0,0.0,2.0,3.0,0.0,0.0,1.0,2.0,18:20,7.4,0
7,202327,Ekpe Udoh,10.0,4.0,7.0,2.0,2.0,4.0,2.0,0.0,0.0,0.0,5.0,3.0,3.0,28:05,5.1,0
8,2557,Luke Ridnour,11.0,5.0,8.0,0.0,0.0,1.0,3.0,1.0,2.0,0.0,1.0,0.0,1.0,21:21,11.0,0
9,2406,Caron Butler,,,,,,,,,,,,,,,0.0,0
10,101141,Ersan Ilyasova,,,,,,,,,,,,,,,0.0,0
11,202390,Gary Neal,,,,,,,,,,,,,,,0.0,0
12,2585,Zaza Pachulia,,,,,,,,,,,,,,,0.0,0
13,202087,Alonzo Gee,4.0,1.0,7.0,2.0,2.0,1.0,7.0,2.0,0.0,0.0,2.0,2.0,11.0,33:51,1.5,1
14,202684,Tristan Thompson,10.0,4.0,12.0,3.0,2.0,9.0,6.0,0.0,0.0,0.0,5.0,1.0,-5.0,28:47,7.9,1
15,101115,Andrew Bynum,8.0,3.0,14.0,2.0,2.0,1.0,6.0,0.0,1.0,3.0,0.0,0.0,4.0,24:12,4.7,1
16,101139,CJ Miles,15.0,4.0,8.0,4.0,4.0,0.0,2.0,0.0,3.0,1.0,3.0,2.0,-2.0,29:39,11.2,1
17,202681,Kyrie Irving,39.0,13.0,25.0,12.0,11.0,0.0,3.0,0.0,6.0,4.0,2.0,4.0,1.0,42:13,29.4,1
18,2760,Anderson Varejao,5.0,2.0,6.0,1.0,1.0,6.0,7.0,1.0,1.0,3.0,5.0,2.0,9.0,34:06,7.7,1
19,101127,Jarrett Jack,17.0,6.0,17.0,3.0,3.0,1.0,3.0,0.0,5.0,0.0,1.0,0.0,1.0,37:38,12.2,1
20,203521,Matthew Dellavedova,2.0,1.0,3.0,0.0,0.0,0.0,1.0,1.0,2.0,1.0,2.0,0.0,-2.0,15:39,2.9,1
21,201947,Earl Clark,14.0,5.0,8.0,0.0,0.0,0.0,3.0,1.0,0.0,0.0,2.0,1.0,-2.0,18:55,10.5,1
22,203467,Carrick Felix,,,,,,,,,,,,,,,0.0,1
23,203508,Sergey Karasev,,,,,,,,,,,,,,,0.0,1
24,203156,Henry Sims,,,,,,,,,,,,,,,0.0,1
25,203092,Tyler Zeller,,,,,,,,,,,,,,,0.0,1
