,id,name,PTS,FG,FGA,FTA,FT,OREB,DREB,STL,AST,BLK,PF,TO,PLUS_MINUS,MIN,GS,WIN
0,203082,Terrence Ross,11.0,4.0,9.0,0.0,0.0,0.0,3.0,0.0,1.0,2.0,1.0,3.0,3.0,39:58,5.9,0
1,101161,Amir Johnson,11.0,5.0,8.0,2.0,1.0,4.0,7.0,0.0,3.0,0.0,5.0,3.0,6.0,33:27,9.0,0
2,202685,Jonas Valanciunas,16.0,5.0,7.0,7.0,6.0,2.0,3.0,0.0,1.0,0.0,3.0,0.0,11.0,20:25,14.5,0
3,201942,DeMar DeRozan,29.0,8.0,18.0,14.0,13.0,0.0,10.0,1.0,6.0,0.0,4.0,3.0,2.0,45:02,22.8,0
4,200768,Kyle Lowry,20.0,8.0,16.0,4.0,4.0,0.0,7.0,1.0,9.0,0.0,5.0,2.0,4.0,40:57,17.4,0
5,201946,Tyler Hansbrough,0.0,0.0,1.0,0.0,0.0,0.0,3.0,0.0,0.0,0.0,1.0,0.0,-9.0,11:50,-0.2,0
6,200779,Steve Novak,9.0,3.0,5.0,0.0,0.0,1.0,2.0,0.0,0.0,0.0,3.0,0.0,-12.0,19:30,6.8,0
7,202349,Greivis Vasquez,10.0,5.0,14.0,0.0,0.0,0.0,2.0,0.0,0.0,0.0,2.0,2.0,-13.0,17:49,0.0,0
8,2422,John Salmons,3.0,1.0,2.0,0.0,0.0,0.0,2.0,0.0,1.0,1.0,3.0,0.0,-13.0,13:27,2.8,0
9,101236,Chuck Hayes,2.0,1.0,1.0,0.0,0.0,0.0,2.0,0.0,0.0,0.0,4.0,1.0,-4.0,17:02,-0.3,0
10,201986,Nando De Colo,2.0,0.0,0.0,2.0,2.0,1.0,1.0,0.0,0.0,0.0,0.0,1.0,0.0,5:33,2.0,0
11,202361,Landry Fields,,,,,,,,,,,,,,,0.0,0
12,202933,Julyan Stone,,,,,,,,,,,,,,,0.0,0
13,201960,DeMarre Carroll,8.0,4.0,10.0,0.0,0.0,2.0,2.0,1.0,1.0,0.0,5.0,0.0,3.0,37:42,4.3,1
14,200794,Paul Millsap,19.0,6.0,16.0,7.0,6.0,3.0,10.0,1.0,10.0,0.0,3.0,2.0,7.0,38:27,19.7,1
15,203544,Pero Antic,8.0,2.0,6.0,3.0,3.0,1.0,3.0,0.0,0.0,0.0,3.0,0.0,2.0,29:01,5.0,1
16,2594,Kyle Korver,16.0,5.0,14.0,3.0,3.0,0.0,1.0,0.0,2.0,0.0,2.0,0.0,5.0,35:51,9.1,1
17,201952,Jeff Teague,34.0,11.0,18.0,11.0,11.0,0.0,3.0,4.0,5.0,0.0,2.0,3.0,1.0,40:12,30.4,1
18,1882,Elton Brand,6.0,2.0,2.0,4.0,2.0,3.0,1.0,1.0,1.0,0.0,3.0,0.0,-1.0,17:53,7.5,1
19,202714,Shelvin Mack,8.0,3.0,6.0,0.0,0.0,0.0,4.0,0.0,2.0,0.0,3.0,1.0,0.0,17:12,5.4,1
20,201858,Cartier Martin,8.0,3.0,8.0,1.0,0.0,0.0,1.0,0.0,0.0,0.0,1.0,0.0,3.0,15:51,3.1,1
21,203118,Mike Scott,6.0,2.0,6.0,2.0,2.0,1.0,3.0,1.0,0.0,0.0,1.0,1.0,0.0,15:39,3.8,1
22,203471,Dennis Schroder,5.0,2.0,6.0,0.0,0.0,0.0,1.0,1.0,3.0,0.0,1.0,0.0,4.0,12:48,4.6,1
23,203488,Mike Muscala,0.0,0.0,2.0,0.0,0.0,0.0,1.0,0.0,0.0,0.0,0.0,0.0,1.0,4:25,-1.1,1
24,101150,Lou Williams,,,,,,,,,,,,,,,0.0,1
