,id,name,PTS,FG,FGA,FTA,FT,OREB,DREB,STL,AST,BLK,PF,TO,PLUS_MINUS,MIN,GS,WIN
0,203145,Kent Bazemore,14.0,6.0,18.0,0.0,0.0,1.0,6.0,2.0,6.0,0.0,2.0,3.0,-4.0,30:52,8.7,0
1,203527,Ryan Kelly,6.0,2.0,6.0,4.0,2.0,1.0,4.0,0.0,2.0,2.0,3.0,0.0,11.0,28:02,5.3,0
2,201941,Jordan Hill,18.0,5.0,15.0,10.0,8.0,6.0,9.0,0.0,0.0,4.0,6.0,1.0,1.0,28:46,15.0,0
3,201975,Jodie Meeks,21.0,8.0,15.0,3.0,3.0,1.0,2.0,0.0,1.0,0.0,1.0,1.0,0.0,36:10,14.3,0
4,203088,Kendall Marshall,7.0,3.0,9.0,0.0,0.0,0.0,7.0,2.0,10.0,0.0,4.0,3.0,1.0,32:31,8.4,0
5,201156,Nick Young,17.0,6.0,17.0,1.0,1.0,2.0,0.0,1.0,1.0,0.0,3.0,1.0,-14.0,29:57,8.4,0
6,202325,Wesley Johnson,8.0,3.0,6.0,0.0,0.0,2.0,10.0,1.0,3.0,0.0,1.0,1.0,-9.0,27:54,11.1,0
7,203135,Robert Sacre,8.0,3.0,7.0,2.0,2.0,1.0,0.0,0.0,3.0,0.0,1.0,0.0,-6.0,19:14,6.7,0
8,202705,MarShon Brooks,3.0,1.0,3.0,0.0,0.0,0.0,0.0,1.0,0.0,0.0,0.0,0.0,-5.0,6:34,2.3,0
9,2200,Pau Gasol,,,,,,,,,,,,,,,0.0,0
10,202333,Xavier Henry,,,,,,,,,,,,,,,0.0,0
11,2549,Chris Kaman,,,,,,,,,,,,,,,0.0,0
12,959,Steve Nash,,,,,,,,,,,,,,,0.0,0
13,200752,Rudy Gay,31.0,12.0,24.0,7.0,6.0,0.0,5.0,2.0,4.0,0.0,2.0,2.0,-1.0,42:42,22.1,1
14,2501,Reggie Evans,3.0,1.0,3.0,2.0,1.0,1.0,1.0,1.0,0.0,0.0,2.0,0.0,-1.0,17:06,2.1,1
15,202326,DeMarcus Cousins,20.0,8.0,14.0,5.0,4.0,3.0,7.0,1.0,2.0,0.0,4.0,1.0,-7.0,21:27,17.0,1
16,203463,Ben McLemore,12.0,5.0,11.0,1.0,1.0,2.0,2.0,1.0,0.0,0.0,2.0,1.0,7.0,45:07,7.5,1
17,203492,Ray McCallum,27.0,12.0,22.0,4.0,2.0,1.0,3.0,0.0,5.0,0.0,3.0,3.0,3.0,46:03,16.5,1
18,202682,Derrick Williams,1.0,0.0,2.0,2.0,1.0,0.0,3.0,0.0,0.0,1.0,0.0,1.0,4.0,10:03,-0.2,1
19,201574,Jason Thompson,2.0,1.0,2.0,2.0,0.0,1.0,11.0,3.0,3.0,3.0,3.0,0.0,9.0,23:28,10.2,1
20,2566,Travis Outlaw,11.0,3.0,8.0,4.0,3.0,0.0,7.0,0.0,2.0,0.0,2.0,0.0,9.0,32:07,8.9,1
21,203099,Jared Cunningham,0.0,0.0,0.0,0.0,0.0,0.0,0.0,0.0,0.0,0.0,0.0,0.0,2.0,1:57,0.0,1
22,203112,Quincy Acy,,,,,,,,,,,,,,,0.0,1
23,201189,Aaron Gray,,,,,,,,,,,,,,,0.0,1
24,202738,Isaiah Thomas,,,,,,,,,,,,,,,0.0,1
