,id,name,PTS,FG,FGA,FTA,FT,OREB,DREB,STL,AST,BLK,PF,TO,PLUS_MINUS,MIN,GS,WIN
0,203114,Khris Middleton,25.0,10.0,21.0,0.0,0.0,2.0,4.0,2.0,3.0,0.0,5.0,4.0,5.0,43:42,15.0,0
1,101141,Ersan Ilyasova,8.0,4.0,16.0,0.0,0.0,3.0,8.0,0.0,2.0,1.0,1.0,0.0,2.0,20:33,4.6,0
2,202336,Larry Sanders,25.0,12.0,19.0,5.0,1.0,8.0,7.0,1.0,2.0,1.0,1.0,2.0,3.0,33:40,23.3,0
3,203489,Nate Wolters,4.0,2.0,7.0,0.0,0.0,1.0,1.0,1.0,4.0,1.0,0.0,0.0,-6.0,27:58,5.4,0
4,202688,Brandon Knight,16.0,4.0,17.0,8.0,6.0,0.0,2.0,2.0,8.0,0.0,2.0,1.0,-17.0,37:45,11.3,0
5,203089,John Henson,2.0,1.0,5.0,0.0,0.0,2.0,3.0,0.0,0.0,1.0,4.0,1.0,-18.0,16:43,-0.7,0
6,203507,Giannis Antetokounmpo,5.0,1.0,4.0,6.0,3.0,0.0,4.0,1.0,1.0,1.0,4.0,4.0,-1.0,33:08,-0.6,0
7,2585,Zaza Pachulia,15.0,2.0,6.0,12.0,11.0,3.0,1.0,2.0,2.0,0.0,3.0,2.0,-10.0,22:28,13.8,0
8,2557,Luke Ridnour,0.0,0.0,0.0,0.0,0.0,0.0,0.0,0.0,0.0,0.0,1.0,1.0,-8.0,4:03,-1.4,0
9,201564,O.J. Mayo,,,,,,,,,,,,,,,0.0,0
10,202390,Gary Neal,,,,,,,,,,,,,,,0.0,0
11,203545,Miroslav Raduljica,,,,,,,,,,,,,,,0.0,0
12,202327,Ekpe Udoh,,,,,,,,,,,,,,,0.0,0
13,201163,Wilson Chandler,24.0,11.0,19.0,2.0,1.0,1.0,2.0,0.0,1.0,1.0,2.0,4.0,15.0,35:26,12.6,1
14,202702,Kenneth Faried,10.0,4.0,11.0,2.0,2.0,1.0,8.0,2.0,1.0,1.0,4.0,0.0,9.0,31:55,8.8,1
15,201581,JJ Hickson,19.0,7.0,11.0,6.0,5.0,5.0,5.0,2.0,0.0,2.0,3.0,1.0,9.0,34:39,19.9,1
16,200751,Randy Foye,20.0,5.0,14.0,5.0,5.0,1.0,2.0,1.0,6.0,4.0,2.0,3.0,13.0,43:32,17.7,1
17,201951,Ty Lawson,18.0,6.0,14.0,6.0,5.0,1.0,6.0,0.0,13.0,0.0,3.0,4.0,14.0,37:08,16.6,1
18,202389,Timofey Mozgov,0.0,0.0,0.0,0.0,0.0,0.0,2.0,0.0,0.0,1.0,4.0,3.0,4.0,11:50,-3.3,1
19,203095,Evan Fournier,6.0,2.0,5.0,0.0,0.0,1.0,3.0,0.0,0.0,0.0,1.0,3.0,-5.0,15:29,1.5,1
20,201589,Darrell Arthur,0.0,0.0,1.0,0.0,0.0,0.0,1.0,0.0,0.0,0.0,2.0,0.0,-3.0,7:10,-1.2,1
21,203113,Quincy Miller,10.0,4.0,8.0,1.0,1.0,2.0,1.0,0.0,1.0,1.0,3.0,0.0,-5.0,12:34,7.9,1
22,201576,Anthony Randolph,3.0,0.0,1.0,4.0,3.0,3.0,3.0,0.0,0.0,2.0,1.0,1.0,-1.0,10:17,4.9,1
23,202706,Jordan Hamilton,,,,,,,,,,,,,,,0.0,1
24,1889,Andre Miller,,,,,,,,,,,,,,,0.0,1
25,101126,Nate Robinson,,,,,,,,,,,,,,,0.0,1
