,id,name,PTS,FG,FGA,FTA,FT,OREB,DREB,STL,AST,BLK,PF,TO,PLUS_MINUS,MIN,GS,WIN
0,2419,Tayshaun Prince,0.0,0.0,3.0,0.0,0.0,0.0,3.0,0.0,1.0,0.0,0.0,0.0,-9.0,10:10,-0.5,1
1,2216,Zach Randolph,20.0,10.0,16.0,0.0,0.0,2.0,4.0,2.0,1.0,3.0,2.0,5.0,0.0,38:09,14.4,1
2,201188,Marc Gasol,8.0,4.0,14.0,0.0,0.0,0.0,8.0,0.0,7.0,1.0,3.0,1.0,2.0,38:37,5.6,1
3,201584,Courtney Lee,14.0,6.0,12.0,1.0,1.0,0.0,3.0,3.0,2.0,0.0,1.0,0.0,10.0,37:42,12.9,1
4,201979,Nick Calathes,10.0,5.0,15.0,0.0,0.0,1.0,2.0,3.0,5.0,0.0,3.0,4.0,-16.0,29:48,4.1,1
5,201949,James Johnson,8.0,4.0,9.0,0.0,0.0,2.0,2.0,2.0,3.0,0.0,1.0,2.0,6.0,20:08,7.0,1
6,202721,Darius Morris,5.0,2.0,5.0,0.0,0.0,1.0,1.0,3.0,2.0,0.0,1.0,2.0,20.0,20:32,5.3,1
7,202334,Ed Davis,2.0,1.0,3.0,0.0,0.0,2.0,5.0,0.0,0.0,1.0,1.0,0.0,4.0,14:06,3.5,1
8,2034,Mike Miller,8.0,3.0,7.0,0.0,0.0,1.0,1.0,1.0,1.0,0.0,0.0,1.0,-2.0,25:40,6.0,1
9,201585,Kosta Koufos,4.0,2.0,6.0,0.0,0.0,2.0,1.0,0.0,0.0,0.0,0.0,0.0,0.0,5:08,2.3,1
10,2754,Tony Allen,,,,,,,,,,,,,,,0.0,1
11,203479,Jamaal Franklin,,,,,,,,,,,,,,,0.0,1
12,202720,Jon Leuer,,,,,,,,,,,,,,,0.0,1
13,201960,DeMarre Carroll,13.0,6.0,11.0,2.0,0.0,1.0,5.0,1.0,3.0,0.0,2.0,1.0,-8.0,38:56,10.4,0
14,200794,Paul Millsap,20.0,8.0,16.0,4.0,2.0,1.0,10.0,5.0,6.0,0.0,1.0,5.0,10.0,36:02,18.7,0
15,202970,Gustavo Ayon,6.0,2.0,2.0,2.0,2.0,1.0,7.0,0.0,0.0,0.0,1.0,1.0,4.0,21:18,6.8,0
16,2594,Kyle Korver,9.0,3.0,9.0,0.0,0.0,2.0,2.0,0.0,4.0,1.0,1.0,5.0,14.0,38:34,4.0,0
17,201952,Jeff Teague,8.0,3.0,10.0,2.0,2.0,0.0,0.0,1.0,4.0,0.0,0.0,4.0,-11.0,31:07,2.0,0
18,101150,Lou Williams,6.0,2.0,8.0,3.0,1.0,1.0,4.0,2.0,3.0,0.0,1.0,2.0,-9.0,26:19,4.0,0
19,1882,Elton Brand,9.0,4.0,6.0,2.0,1.0,1.0,6.0,0.0,0.0,2.0,1.0,2.0,-8.0,22:53,7.5,0
20,203118,Mike Scott,0.0,0.0,5.0,0.0,0.0,0.0,1.0,0.0,1.0,0.0,3.0,1.0,-12.0,15:47,-4.7,0
21,201858,Cartier Martin,5.0,2.0,3.0,0.0,0.0,0.0,0.0,1.0,0.0,0.0,0.0,0.0,5.0,9:04,4.7,0
22,203544,Pero Antic,,,,,,,,,,,,,,,0.0,0
23,202714,Shelvin Mack,,,,,,,,,,,,,,,0.0,0
24,203471,Dennis Schroder,,,,,,,,,,,,,,,0.0,0
