,id,name,PTS,FG,FGA,FTA,FT,OREB,DREB,STL,AST,BLK,PF,TO,PLUS_MINUS,MIN,GS,WIN
0,201960,DeMarre Carroll,11.0,4.0,7.0,0.0,0.0,1.0,5.0,1.0,4.0,1.0,3.0,1.0,-3.0,31:55,12.2,1
1,200794,Paul Millsap,23.0,7.0,14.0,8.0,7.0,2.0,6.0,1.0,3.0,1.0,2.0,4.0,8.0,31:32,17.8,1
2,203544,Pero Antic,12.0,4.0,8.0,2.0,2.0,2.0,1.0,0.0,3.0,1.0,3.0,0.0,-1.0,23:23,11.3,1
3,2594,Kyle Korver,26.0,8.0,12.0,6.0,6.0,0.0,2.0,2.0,1.0,0.0,3.0,1.0,-2.0,32:30,21.9,1
4,201952,Jeff Teague,14.0,3.0,10.0,9.0,7.0,0.0,3.0,0.0,6.0,0.0,1.0,1.0,13.0,33:34,11.1,1
5,1882,Elton Brand,8.0,4.0,5.0,1.0,0.0,1.0,3.0,1.0,4.0,3.0,1.0,1.0,0.0,19:14,11.8,1
6,202714,Shelvin Mack,0.0,0.0,4.0,0.0,0.0,0.0,1.0,0.0,6.0,0.0,2.0,3.0,-7.0,17:07,-2.1,1
7,203471,Dennis Schroder,4.0,2.0,5.0,0.0,0.0,0.0,1.0,0.0,3.0,0.0,0.0,0.0,-7.0,13:44,3.7,1
8,203118,Mike Scott,7.0,3.0,5.0,1.0,1.0,0.0,3.0,0.0,0.0,0.0,2.0,0.0,-6.0,15:35,4.8,1
9,201858,Cartier Martin,3.0,1.0,4.0,0.0,0.0,0.0,1.0,0.0,0.0,0.0,0.0,0.0,7.0,15:51,0.9,1
10,203488,Mike Muscala,4.0,2.0,4.0,0.0,0.0,1.0,1.0,0.0,0.0,0.0,1.0,1.0,8.0,5:35,1.6,1
11,101150,Lou Williams,,,,,,,,,,,,,,,0.0,1
12,2210,Richard Jefferson,15.0,6.0,9.0,0.0,0.0,0.0,2.0,0.0,2.0,0.0,2.0,1.0,-3.0,31:25,11.3,0
13,101107,Marvin Williams,18.0,6.0,12.0,6.0,5.0,0.0,6.0,3.0,1.0,0.0,4.0,0.0,13.0,30:55,15.5,0
14,202324,Derrick Favors,14.0,4.0,10.0,6.0,6.0,4.0,5.0,2.0,1.0,1.0,5.0,3.0,-3.0,25:18,11.3,0
15,202330,Gordon Hayward,13.0,4.0,10.0,4.0,4.0,2.0,6.0,2.0,7.0,0.0,4.0,5.0,4.0,38:12,11.1,0
16,203504,Trey Burke,23.0,9.0,15.0,0.0,0.0,1.0,1.0,0.0,4.0,0.0,1.0,1.0,6.0,38:15,18.5,0
17,202683,Enes Kanter,11.0,5.0,10.0,1.0,1.0,1.0,8.0,0.0,0.0,1.0,3.0,0.0,0.0,28:45,8.6,0
18,202692,Alec Burks,12.0,5.0,11.0,3.0,2.0,3.0,4.0,1.0,4.0,0.0,3.0,3.0,-5.0,26:23,8.8,0
19,202379,Jeremy Evans,3.0,1.0,2.0,2.0,1.0,0.0,0.0,0.0,0.0,0.0,3.0,0.0,-14.0,11:02,0.4,0
20,203197,Diante Garrett,1.0,0.0,3.0,2.0,1.0,0.0,2.0,1.0,0.0,0.0,1.0,2.0,-8.0,9:45,-2.3,0
21,203546,Ian Clark,,,,,,,,,,,,,,,0.0,0
22,203497,Rudy Gobert,,,,,,,,,,,,,,,0.0,0
23,101249,John Lucas III,,,,,,,,,,,,,,,0.0,0
24,201575,Brandon Rush,,,,,,,,,,,,,,,0.0,0
