,id,name,PTS,FG,FGA,FTA,FT,OREB,DREB,STL,AST,BLK,PF,TO,PLUS_MINUS,MIN,GS,WIN
0,202329,Al-Farouq Aminu,9.0,4.0,6.0,0.0,0.0,1.0,3.0,1.0,1.0,0.0,5.0,0.0,10.0,29:24,7.7,0
1,203076,Anthony Davis,18.0,8.0,17.0,3.0,2.0,4.0,9.0,0.0,4.0,4.0,6.0,1.0,6.0,34:29,16.6,0
2,201582,Alexis Ajinca,2.0,1.0,1.0,0.0,0.0,0.0,4.0,0.0,0.0,0.0,3.0,2.0,3.0,13:56,-0.3,0
3,201569,Eric Gordon,14.0,5.0,11.0,4.0,2.0,0.0,0.0,0.0,2.0,0.0,1.0,1.0,6.0,31:01,7.5,0
4,203148,Brian Roberts,20.0,7.0,15.0,4.0,4.0,0.0,4.0,1.0,3.0,0.0,1.0,1.0,5.0,33:11,15.2,0
5,201880,Greg Stiemsma,2.0,1.0,1.0,0.0,0.0,0.0,5.0,0.0,0.0,2.0,4.0,1.0,-17.0,19:20,2.0,0
6,201936,Tyreke Evans,4.0,2.0,13.0,0.0,0.0,0.0,5.0,0.0,7.0,1.0,1.0,1.0,-1.0,24:45,1.4,0
7,203085,Austin Rivers,3.0,1.0,5.0,0.0,0.0,0.0,0.0,0.0,1.0,0.0,0.0,0.0,-9.0,10:03,0.6,0
8,201627,Anthony Morrow,9.0,4.0,8.0,0.0,0.0,1.0,0.0,0.0,0.0,0.0,1.0,2.0,-11.0,18:08,3.3,0
9,203481,Jeff Withey,0.0,0.0,1.0,0.0,0.0,0.0,0.0,0.0,1.0,0.0,0.0,0.0,-7.0,7:45,0.0,0
10,202337,Luke Babbitt,6.0,2.0,5.0,0.0,0.0,0.0,2.0,0.0,1.0,0.0,5.0,1.0,0.0,17:59,1.6,0
11,201950,Jrue Holiday,,,,,,,,,,,,,,,0.0,0
12,203121,Darius Miller,,,,,,,,,,,,,,,0.0,0
13,203077,Michael Kidd-Gilchrist,7.0,1.0,3.0,8.0,5.0,4.0,5.0,2.0,1.0,0.0,2.0,0.0,-9.0,30:58,10.3,1
14,201177,Josh McRoberts,6.0,3.0,8.0,0.0,0.0,1.0,4.0,0.0,1.0,3.0,2.0,0.0,-7.0,31:56,5.5,1
15,2744,Al Jefferson,33.0,14.0,30.0,6.0,5.0,3.0,7.0,0.0,1.0,2.0,3.0,4.0,-5.0,34:04,18.3,1
16,201945,Gerald Henderson,7.0,3.0,8.0,4.0,1.0,0.0,1.0,1.0,0.0,0.0,2.0,0.0,-6.0,30:11,1.9,1
17,202689,Kemba Walker,13.0,3.0,11.0,10.0,7.0,1.0,4.0,0.0,8.0,0.0,2.0,1.0,10.0,36:19,11.0,1
18,203469,Cody Zeller,13.0,3.0,7.0,8.0,7.0,2.0,3.0,0.0,2.0,0.0,3.0,2.0,10.0,16:04,9.4,1
19,201604,Chris Douglas-Roberts,0.0,0.0,4.0,0.0,0.0,0.0,2.0,1.0,1.0,1.0,1.0,1.0,9.0,17:49,-1.2,1
20,201229,Anthony Tolliver,9.0,3.0,3.0,0.0,0.0,1.0,0.0,0.0,0.0,1.0,1.0,0.0,12.0,17:02,9.1,1
21,202687,Bismack Biyombo,0.0,0.0,2.0,0.0,0.0,2.0,6.0,0.0,0.0,1.0,0.0,2.0,8.0,13:56,0.5,1
22,2457,Jannero Pargo,2.0,1.0,4.0,0.0,0.0,0.0,1.0,1.0,3.0,1.0,0.0,1.0,-7.0,11:41,2.7,1
23,2732,Ben Gordon,,,,,,,,,,,,,,,0.0,1
24,202390,Gary Neal,,,,,,,,,,,,,,,0.0,1
25,2557,Luke Ridnour,,,,,,,,,,,,,,,0.0,1
