,id,name,PTS,FG,FGA,FTA,FT,OREB,DREB,STL,AST,BLK,PF,TO,PLUS_MINUS,MIN,GS,WIN
0,2736,Luol Deng,13.0,5.0,16.0,2.0,2.0,0.0,3.0,1.0,2.0,0.0,0.0,2.0,3.0,37:14,5.1,1
1,202684,Tristan Thompson,11.0,4.0,6.0,3.0,3.0,3.0,8.0,1.0,5.0,1.0,2.0,1.0,3.0,36:23,16.3,1
2,201150,Spencer Hawes,19.0,8.0,18.0,0.0,0.0,3.0,4.0,0.0,1.0,0.0,2.0,2.0,-1.0,31:35,10.8,1
3,101127,Jarrett Jack,21.0,6.0,14.0,6.0,6.0,2.0,1.0,1.0,4.0,0.0,2.0,1.0,11.0,38:44,17.3,1
4,202681,Kyrie Irving,31.0,10.0,19.0,7.0,7.0,0.0,5.0,4.0,9.0,0.0,2.0,3.0,4.0,42:52,29.7,1
5,203092,Tyler Zeller,8.0,2.0,3.0,4.0,4.0,1.0,2.0,2.0,0.0,0.0,2.0,4.0,11.0,16:30,5.2,1
6,202087,Alonzo Gee,3.0,1.0,3.0,2.0,1.0,1.0,3.0,1.0,1.0,0.0,1.0,0.0,7.0,10:46,3.8,1
7,203461,Anthony Bennett,4.0,2.0,4.0,0.0,0.0,2.0,0.0,1.0,0.0,0.0,2.0,1.0,7.0,11:32,2.6,1
8,203521,Matthew Dellavedova,4.0,2.0,3.0,0.0,0.0,1.0,2.0,1.0,2.0,0.0,1.0,2.0,5.0,14:24,4.0,1
9,203508,Sergey Karasev,,,,,,,,,,,,,,,0.0,1
10,101139,CJ Miles,,,,,,,,,,,,,,,0.0,1
11,202620,Arinze Onuaku,,,,,,,,,,,,,,,0.0,1
12,203079,Dion Waiters,,,,,,,,,,,,,,,0.0,1
13,201142,Kevin Durant,28.0,10.0,16.0,6.0,4.0,0.0,10.0,1.0,9.0,0.0,3.0,2.0,-6.0,41:16,27.1,0
14,201586,Serge Ibaka,16.0,8.0,12.0,0.0,0.0,5.0,8.0,0.0,2.0,4.0,3.0,3.0,-1.0,38:15,16.7,0
15,203500,Steven Adams,4.0,2.0,5.0,0.0,0.0,1.0,3.0,1.0,0.0,1.0,1.0,1.0,1.0,25:28,3.2,0
16,200757,Thabo Sefolosha,8.0,3.0,8.0,0.0,0.0,0.0,1.0,1.0,2.0,0.0,1.0,2.0,-15.0,30:17,3.9,0
17,201566,Russell Westbrook,24.0,8.0,17.0,5.0,5.0,1.0,2.0,0.0,9.0,0.0,1.0,3.0,1.0,29:59,19.5,0
18,202704,Reggie Jackson,8.0,3.0,10.0,0.0,0.0,0.0,1.0,0.0,3.0,0.0,2.0,2.0,-7.0,23:46,1.8,0
19,2555,Nick Collison,5.0,2.0,3.0,2.0,1.0,3.0,1.0,1.0,0.0,1.0,2.0,3.0,-13.0,16:53,3.6,0
20,203103,Perry Jones III,4.0,1.0,2.0,2.0,2.0,1.0,1.0,1.0,0.0,0.0,1.0,0.0,-3.0,6:35,4.6,0
21,965,Derek Fisher,3.0,1.0,3.0,0.0,0.0,0.0,0.0,2.0,1.0,0.0,2.0,2.0,-4.0,16:49,1.2,0
22,203087,Jeremy Lamb,4.0,1.0,4.0,2.0,1.0,0.0,2.0,1.0,0.0,0.0,1.0,1.0,-3.0,10:42,1.4,0
23,203460,Andre Roberson,,,,,,,,,,,,,,,0.0,0
24,201934,Hasheem Thabeet,,,,,,,,,,,,,,,0.0,0
