,id,name,PTS,FG,FGA,FTA,FT,OREB,DREB,STL,AST,BLK,PF,TO,PLUS_MINUS,MIN,GS,WIN
0,201576,Anthony Randolph,2.0,1.0,2.0,0.0,0.0,0.0,2.0,0.0,0.0,1.0,1.0,2.0,-6.0,15:11,-0.1,0
1,201581,JJ Hickson,12.0,6.0,10.0,0.0,0.0,2.0,7.0,0.0,0.0,4.0,3.0,3.0,1.0,33:02,9.5,0
2,201580,JaVale McGee,4.0,2.0,5.0,0.0,0.0,1.0,0.0,0.0,0.0,2.0,4.0,1.0,2.0,10:06,0.8,0
3,200751,Randy Foye,12.0,4.0,8.0,3.0,2.0,0.0,5.0,1.0,1.0,0.0,2.0,3.0,7.0,32:38,7.0,0
4,201951,Ty Lawson,20.0,5.0,15.0,8.0,8.0,0.0,5.0,2.0,8.0,0.0,1.0,4.0,12.0,35:47,16.2,0
5,202389,Timofey Mozgov,10.0,4.0,6.0,2.0,2.0,0.0,2.0,0.0,0.0,3.0,2.0,1.0,4.0,19:31,8.3,0
6,203095,Evan Fournier,5.0,2.0,8.0,0.0,0.0,2.0,3.0,0.0,2.0,0.0,2.0,2.0,0.0,21:13,1.1,0
7,202702,Kenneth Faried,5.0,1.0,4.0,4.0,3.0,2.0,3.0,0.0,0.0,0.0,1.0,0.0,-3.0,14:58,4.1,0
8,1889,Andre Miller,12.0,6.0,9.0,0.0,0.0,0.0,3.0,0.0,3.0,0.0,0.0,1.0,-13.0,21:17,10.1,0
9,201589,Darrell Arthur,6.0,3.0,7.0,0.0,0.0,1.0,1.0,0.0,1.0,1.0,4.0,1.0,-8.0,18:23,2.1,0
10,101126,Nate Robinson,0.0,0.0,5.0,0.0,0.0,0.0,2.0,0.0,4.0,0.0,1.0,0.0,-6.0,17:54,-0.5,0
11,202706,Jordan Hamilton,,,,,,,,,,,,,,,0.0,0
12,203113,Quincy Miller,,,,,,,,,,,,,,,0.0,0
13,2422,John Salmons,9.0,3.0,9.0,2.0,2.0,0.0,4.0,2.0,2.0,0.0,1.0,0.0,9.0,26:37,8.1,1
14,202335,Patrick Patterson,3.0,1.0,6.0,0.0,0.0,1.0,5.0,3.0,0.0,0.0,5.0,0.0,3.0,26:44,2.4,1
15,202326,DeMarcus Cousins,30.0,13.0,26.0,7.0,4.0,5.0,9.0,2.0,1.0,2.0,4.0,4.0,4.0,39:10,20.5,1
16,201977,Marcus Thornton,4.0,1.0,6.0,3.0,2.0,0.0,2.0,0.0,1.0,0.0,3.0,0.0,-9.0,31:04,-0.1,1
17,202349,Greivis Vasquez,17.0,6.0,9.0,5.0,4.0,0.0,2.0,0.0,4.0,0.0,2.0,2.0,2.0,36:18,13.3,1
18,203463,Ben McLemore,4.0,1.0,7.0,2.0,1.0,0.0,1.0,0.0,0.0,1.0,1.0,1.0,11.0,16:56,-1.3,1
19,201574,Jason Thompson,2.0,1.0,5.0,0.0,0.0,1.0,2.0,0.0,0.0,2.0,5.0,2.0,-7.0,16:32,-2.4,1
20,202738,Isaiah Thomas,16.0,5.0,9.0,4.0,3.0,1.0,3.0,0.0,5.0,0.0,3.0,2.0,1.0,29:16,13.2,1
21,2566,Travis Outlaw,5.0,2.0,4.0,0.0,0.0,1.0,0.0,0.0,0.0,1.0,2.0,1.0,-8.0,6:27,2.6,1
22,101236,Chuck Hayes,0.0,0.0,0.0,0.0,0.0,2.0,2.0,1.0,0.0,1.0,0.0,2.0,4.0,10:56,1.7,1
23,202690,Jimmer Fredette,,,,,,,,,,,,,,,0.0,1
24,201601,Luc Mbah a Moute,,,,,,,,,,,,,,,0.0,1
25,202380,Hamady Ndiaye,,,,,,,,,,,,,,,0.0,1
