,id,name,PTS,FG,FGA,FTA,FT,OREB,DREB,STL,AST,BLK,PF,TO,PLUS_MINUS,MIN,GS,WIN
0,200782,P.J. Tucker,8.0,3.0,6.0,2.0,1.0,1.0,10.0,3.0,4.0,0.0,6.0,2.0,15.0,36:20,9.7,1
1,101112,Channing Frye,18.0,7.0,12.0,0.0,0.0,0.0,7.0,0.0,0.0,1.0,4.0,1.0,7.0,39:54,12.6,1
2,203101,Miles Plumlee,0.0,0.0,3.0,0.0,0.0,2.0,4.0,1.0,0.0,0.0,1.0,1.0,6.0,19:47,0.1,1
3,202339,Eric Bledsoe,20.0,7.0,15.0,4.0,3.0,3.0,3.0,2.0,4.0,0.0,2.0,4.0,14.0,37:25,14.9,1
4,201609,Goran Dragic,19.0,8.0,15.0,2.0,2.0,0.0,1.0,2.0,6.0,0.0,4.0,4.0,10.0,35:59,12.6,1
5,202693,Markieff Morris,17.0,6.0,9.0,4.0,4.0,0.0,3.0,1.0,3.0,0.0,2.0,3.0,0.0,25:33,13.3,1
6,101123,Gerald Green,13.0,4.0,6.0,4.0,4.0,0.0,0.0,0.0,1.0,0.0,4.0,1.0,-7.0,18:01,8.5,1
7,202694,Marcus Morris Sr.,7.0,3.0,8.0,0.0,0.0,1.0,4.0,1.0,0.0,0.0,1.0,1.0,-3.0,18:33,4.1,1
8,202397,Ish Smith,0.0,0.0,0.0,0.0,0.0,0.0,0.0,0.0,3.0,0.0,0.0,0.0,-3.0,5:41,2.1,1
9,203458,Alex Len,0.0,0.0,0.0,0.0,0.0,0.0,0.0,0.0,0.0,0.0,1.0,1.0,-4.0,2:47,-1.4,1
10,202091,Dionte Christmas,,,,,,,,,,,,,,,0.0,1
11,203462,Archie Goodwin,,,,,,,,,,,,,,,0.0,1
12,101183,Shavlik Randolph,,,,,,,,,,,,,,,0.0,1
13,201960,DeMarre Carroll,19.0,5.0,8.0,7.0,7.0,2.0,2.0,1.0,1.0,0.0,3.0,0.0,-8.0,36:52,17.9,0
14,200794,Paul Millsap,19.0,6.0,14.0,10.0,7.0,0.0,5.0,2.0,0.0,2.0,2.0,3.0,-3.0,37:37,11.5,0
15,203544,Pero Antic,5.0,2.0,6.0,0.0,0.0,2.0,6.0,2.0,2.0,0.0,3.0,3.0,-5.0,25:34,4.0,0
16,202714,Shelvin Mack,5.0,2.0,9.0,0.0,0.0,1.0,1.0,1.0,6.0,0.0,1.0,1.0,-10.0,27:50,4.3,0
17,201952,Jeff Teague,17.0,4.0,10.0,7.0,7.0,0.0,4.0,1.0,5.0,0.0,2.0,2.0,-9.0,31:08,14.5,0
18,1882,Elton Brand,4.0,2.0,5.0,0.0,0.0,2.0,1.0,1.0,2.0,0.0,3.0,0.0,2.0,16:56,4.2,0
19,101150,Lou Williams,17.0,5.0,8.0,7.0,5.0,0.0,4.0,0.0,0.0,0.0,2.0,2.0,1.0,27:31,11.0,0
20,203471,Dennis Schroder,0.0,0.0,0.0,0.0,0.0,0.0,0.0,0.0,1.0,0.0,0.0,2.0,5.0,10:03,-1.3,0
21,203118,Mike Scott,9.0,4.0,10.0,2.0,1.0,0.0,1.0,0.0,1.0,0.0,0.0,3.0,-6.0,21:06,1.2,0
22,203488,Mike Muscala,0.0,0.0,2.0,0.0,0.0,0.0,1.0,0.0,0.0,1.0,3.0,1.0,-2.0,5:23,-2.6,0
23,2594,Kyle Korver,,,,,,,,,,,,,,,0.0,0
24,201858,Cartier Martin,,,,,,,,,,,,,,,0.0,0
