,id,name,PTS,FG,FGA,FTA,FT,OREB,DREB,STL,AST,BLK,PF,TO,PLUS_MINUS,MIN,GS,WIN
0,203077,Michael Kidd-Gilchrist,16.0,6.0,9.0,5.0,4.0,4.0,4.0,0.0,0.0,1.0,0.0,2.0,4.0,29:12,14.4,1
1,201177,Josh McRoberts,13.0,4.0,12.0,3.0,2.0,1.0,4.0,0.0,4.0,0.0,2.0,2.0,-2.0,31:00,7.7,1
2,202687,Bismack Biyombo,0.0,0.0,1.0,0.0,0.0,4.0,8.0,0.0,0.0,3.0,2.0,2.0,-6.0,31:39,3.8,1
3,201945,Gerald Henderson,8.0,4.0,13.0,0.0,0.0,1.0,4.0,0.0,1.0,1.0,0.0,1.0,-13.0,31:10,2.8,1
4,202689,Kemba Walker,12.0,4.0,19.0,5.0,3.0,0.0,5.0,5.0,7.0,2.0,3.0,4.0,-6.0,36:03,7.1,1
5,203106,Jeffery Taylor,11.0,5.0,11.0,0.0,0.0,2.0,3.0,0.0,1.0,0.0,1.0,0.0,12.0,28:34,7.9,1
6,203469,Cody Zeller,8.0,3.0,6.0,3.0,2.0,0.0,4.0,0.0,0.0,0.0,1.0,0.0,17.0,21:56,5.4,1
7,201196,Ramon Sessions,12.0,4.0,7.0,4.0,3.0,0.0,2.0,3.0,7.0,0.0,1.0,4.0,21.0,19:12,12.4,1
8,201229,Anthony Tolliver,6.0,2.0,2.0,0.0,0.0,0.0,1.0,0.0,3.0,1.0,3.0,1.0,3.0,11:15,6.3,1
9,202399,Jeff Adrien,,,,,,,,,,,,,,,0.0,1
10,2732,Ben Gordon,,,,,,,,,,,,,,,0.0,1
11,2457,Jannero Pargo,,,,,,,,,,,,,,,0.0,1
12,203480,James Southerland,,,,,,,,,,,,,,,0.0,1
13,201947,Earl Clark,15.0,6.0,7.0,0.0,0.0,1.0,4.0,0.0,0.0,1.0,3.0,1.0,1.0,24:44,12.9,0
14,202684,Tristan Thompson,15.0,6.0,15.0,6.0,3.0,4.0,6.0,2.0,1.0,0.0,2.0,1.0,1.0,40:13,11.2,0
15,2760,Anderson Varejao,4.0,2.0,5.0,0.0,0.0,3.0,10.0,0.0,1.0,1.0,1.0,1.0,3.0,32:42,6.4,0
16,101139,CJ Miles,8.0,4.0,13.0,0.0,0.0,1.0,1.0,2.0,1.0,0.0,2.0,0.0,1.0,33:01,3.4,0
17,202681,Kyrie Irving,18.0,5.0,16.0,7.0,7.0,0.0,2.0,2.0,10.0,0.0,4.0,6.0,3.0,38:09,10.8,0
18,202087,Alonzo Gee,2.0,1.0,2.0,0.0,0.0,0.0,2.0,1.0,0.0,1.0,3.0,1.0,-9.0,15:48,1.1,0
19,101127,Jarrett Jack,11.0,5.0,9.0,2.0,1.0,0.0,4.0,2.0,3.0,1.0,0.0,2.0,-10.0,23:49,10.3,0
20,203461,Anthony Bennett,2.0,1.0,3.0,0.0,0.0,0.0,1.0,1.0,2.0,0.0,0.0,0.0,2.0,7:47,3.0,0
21,203092,Tyler Zeller,5.0,2.0,6.0,2.0,1.0,1.0,3.0,0.0,1.0,2.0,2.0,1.0,-13.0,13:57,3.1,0
22,203508,Sergey Karasev,0.0,0.0,3.0,0.0,0.0,0.0,0.0,0.0,0.0,0.0,0.0,1.0,-4.0,8:40,-3.1,0
23,203156,Henry Sims,0.0,0.0,0.0,0.0,0.0,0.0,0.0,0.0,0.0,0.0,0.0,1.0,-5.0,1:11,-1.0,0
24,203521,Matthew Dellavedova,,,,,,,,,,,,,,,0.0,0
25,203467,Carrick Felix,,,,,,,,,,,,,,,0.0,0
