,id,name,PTS,FG,FGA,FTA,FT,OREB,DREB,STL,AST,BLK,PF,TO,PLUS_MINUS,MIN,GS,WIN
0,2207,Joe Johnson,21.0,9.0,21.0,3.0,2.0,3.0,4.0,1.0,2.0,0.0,0.0,1.0,-1.0,37:49,14.2,0
1,1718,Paul Pierce,10.0,4.0,11.0,2.0,2.0,0.0,3.0,3.0,1.0,0.0,2.0,3.0,-4.0,33:04,4.7,0
2,203486,Mason Plumlee,10.0,4.0,5.0,3.0,2.0,2.0,3.0,1.0,1.0,0.0,4.0,5.0,-9.0,24:23,5.1,0
3,2733,Shaun Livingston,3.0,0.0,6.0,4.0,3.0,2.0,1.0,3.0,3.0,0.0,6.0,0.0,-11.0,26:54,2.8,0
4,101114,Deron Williams,20.0,7.0,15.0,4.0,4.0,0.0,0.0,1.0,4.0,1.0,4.0,4.0,-3.0,36:18,11.2,0
5,101154,Andray Blatche,11.0,3.0,7.0,5.0,4.0,1.0,2.0,0.0,0.0,0.0,0.0,0.0,2.0,23:37,8.2,0
6,101187,Alan Anderson,0.0,0.0,1.0,0.0,0.0,0.0,0.0,0.0,0.0,0.0,1.0,1.0,3.0,3:32,-2.1,0
7,1905,Andrei Kirilenko,3.0,1.0,3.0,1.0,1.0,0.0,2.0,1.0,1.0,3.0,0.0,0.0,2.0,17:55,5.7,0
8,203141,Mirza Teletovic,2.0,0.0,2.0,2.0,2.0,0.0,1.0,0.0,0.0,1.0,0.0,0.0,-11.0,7:12,1.6,0
9,201977,Marcus Thornton,4.0,1.0,9.0,2.0,2.0,1.0,3.0,2.0,2.0,0.0,3.0,0.0,-3.0,29:16,1.9,0
10,2215,Jason Collins,,,,,,,,,,,,,,,0.0,0
11,203268,Jorge Gutierrez,,,,,,,,,,,,,,,0.0,0
12,203104,Marquis Teague,,,,,,,,,,,,,,,0.0,0
13,201145,Jeff Green,15.0,6.0,11.0,4.0,3.0,0.0,3.0,1.0,1.0,0.0,2.0,2.0,-1.0,35:03,9.1,1
14,101138,Brandon Bass,9.0,4.0,6.0,1.0,1.0,3.0,3.0,0.0,0.0,0.0,5.0,2.0,10.0,26:43,5.4,1
15,2743,Kris Humphries,7.0,2.0,6.0,4.0,3.0,1.0,6.0,1.0,1.0,2.0,2.0,3.0,-1.0,26:15,5.0,1
16,201573,Jerryd Bayless,14.0,5.0,12.0,3.0,3.0,0.0,6.0,2.0,3.0,0.0,1.0,2.0,16.0,38:49,11.1,1
17,200765,Rajon Rondo,20.0,6.0,14.0,8.0,5.0,1.0,6.0,4.0,9.0,0.0,2.0,7.0,-8.0,35:04,16.4,1
18,203096,Jared Sullinger,5.0,2.0,8.0,0.0,0.0,4.0,8.0,1.0,3.0,1.0,6.0,2.0,7.0,25:53,4.8,1
19,203187,Chris Johnson,2.0,0.0,1.0,2.0,2.0,0.0,1.0,0.0,1.0,0.0,1.0,0.0,-8.0,7:34,1.9,1
20,203482,Kelly Olynyk,13.0,4.0,7.0,4.0,4.0,3.0,4.0,0.0,0.0,0.0,6.0,6.0,-2.0,17:09,4.6,1
21,203569,Chris Babb,6.0,2.0,4.0,0.0,0.0,0.0,1.0,0.0,0.0,0.0,2.0,0.0,7.0,14:34,3.5,1
22,203515,Phil Pressey,0.0,0.0,1.0,0.0,0.0,0.0,1.0,2.0,2.0,0.0,1.0,1.0,15.0,12:56,1.6,1
23,201202,Joel Anthony,,,,,,,,,,,,,,,0.0,1
24,202340,Avery Bradley,,,,,,,,,,,,,,,0.0,1
