,id,name,PTS,FG,FGA,FTA,FT,OREB,DREB,STL,AST,BLK,PF,TO,PLUS_MINUS,MIN,GS,WIN
0,201961,Wayne Ellington,5.0,2.0,4.0,0.0,0.0,0.0,0.0,0.0,0.0,0.0,1.0,0.0,-15.0,11:30,2.6,0
1,1717,Dirk Nowitzki,8.0,3.0,14.0,2.0,2.0,0.0,5.0,1.0,2.0,1.0,2.0,1.0,-23.0,27:20,2.2,0
2,201971,DeJuan Blair,6.0,3.0,7.0,0.0,0.0,3.0,3.0,2.0,1.0,1.0,3.0,0.0,-11.0,22:40,7.5,0
3,101145,Monta Ellis,21.0,10.0,18.0,2.0,1.0,2.0,1.0,1.0,4.0,1.0,1.0,1.0,-21.0,34:34,16.8,0
4,101181,Jose Calderon,5.0,2.0,11.0,0.0,0.0,0.0,2.0,2.0,2.0,0.0,2.0,0.0,-15.0,26:05,1.3,0
5,201148,Brandan Wright,9.0,4.0,6.0,2.0,1.0,0.0,2.0,1.0,0.0,0.0,3.0,1.0,-15.0,19:58,5.4,0
6,1713,Vince Carter,14.0,6.0,14.0,0.0,0.0,1.0,0.0,1.0,3.0,0.0,2.0,0.0,-10.0,22:57,9.6,0
7,2223,Samuel Dalembert,3.0,1.0,1.0,2.0,1.0,2.0,3.0,0.0,0.0,0.0,2.0,0.0,-5.0,11:09,3.8,0
8,203109,Jae Crowder,5.0,2.0,5.0,0.0,0.0,1.0,0.0,2.0,1.0,0.0,2.0,0.0,-5.0,27:49,4.9,0
9,203499,Shane Larkin,7.0,3.0,7.0,0.0,0.0,0.0,4.0,0.0,2.0,0.0,0.0,3.0,-4.0,17:12,2.9,0
10,203539,Gal Mekel,2.0,1.0,4.0,0.0,0.0,0.0,3.0,0.0,5.0,0.0,1.0,1.0,2.0,9:56,2.6,0
11,203108,Bernard James,0.0,0.0,0.0,0.0,0.0,0.0,0.0,0.0,0.0,0.0,0.0,0.0,6.0,4:25,0.0,0
12,203495,Ricky Ledo,5.0,2.0,2.0,0.0,0.0,0.0,0.0,0.0,0.0,0.0,0.0,0.0,6.0,4:25,4.4,0
13,202695,Kawhi Leonard,12.0,5.0,9.0,1.0,1.0,1.0,7.0,1.0,0.0,0.0,1.0,0.0,15.0,26:21,11.1,1
14,1495,Tim Duncan,16.0,5.0,8.0,6.0,6.0,3.0,10.0,0.0,1.0,2.0,0.0,4.0,17.0,29:23,15.6,1
15,2564,Boris Diaw,6.0,2.0,5.0,2.0,2.0,2.0,3.0,1.0,6.0,1.0,2.0,1.0,24.0,28:34,9.7,1
16,201980,Danny Green,7.0,2.0,4.0,2.0,2.0,1.0,8.0,0.0,0.0,0.0,1.0,0.0,13.0,29:50,7.7,1
17,2225,Tony Parker,25.0,10.0,15.0,6.0,5.0,0.0,2.0,0.0,7.0,0.0,0.0,6.0,18.0,28:42,17.6,1
18,2588,Matt Bonner,3.0,1.0,6.0,0.0,0.0,2.0,3.0,1.0,0.0,0.0,2.0,0.0,-5.0,16:36,1.7,1
19,201158,Marco Belinelli,17.0,6.0,9.0,5.0,3.0,0.0,1.0,0.0,3.0,0.0,1.0,2.0,8.0,25:25,12.3,1
20,201965,Jeff Ayres,4.0,2.0,2.0,0.0,0.0,3.0,6.0,0.0,0.0,0.0,3.0,0.0,13.0,11:17,6.1,1
21,201988,Patty Mills,11.0,4.0,10.0,0.0,0.0,0.0,3.0,0.0,2.0,0.0,0.0,1.0,4.0,19:18,6.9,1
22,203382,Aron Baynes,2.0,1.0,3.0,0.0,0.0,0.0,0.0,0.0,1.0,0.0,0.0,1.0,-8.0,7:20,0.0,1
23,202709,Cory Joseph,9.0,2.0,5.0,4.0,4.0,0.0,0.0,3.0,5.0,0.0,0.0,1.0,11.0,17:14,11.8,1
24,1938,Manu Ginobili,,,,,,,,,,,,,,,0.0,1
25,201168,Tiago Splitter,,,,,,,,,,,,,,,0.0,1
