,id,name,PTS,FG,FGA,FTA,FT,OREB,DREB,STL,AST,BLK,PF,TO,PLUS_MINUS,MIN,GS,WIN
0,201936,Tyreke Evans,27.0,8.0,14.0,10.0,9.0,2.0,8.0,1.0,8.0,0.0,3.0,3.0,-6.0,40:41,26.2,0
1,203076,Anthony Davis,13.0,4.0,14.0,8.0,4.0,0.0,4.0,0.0,2.0,0.0,3.0,1.0,-13.0,37:37,3.6,0
2,201582,Alexis Ajinca,4.0,2.0,4.0,0.0,0.0,3.0,2.0,1.0,1.0,0.0,5.0,0.0,-5.0,20:16,4.4,0
3,201569,Eric Gordon,10.0,4.0,9.0,0.0,0.0,0.0,1.0,2.0,2.0,0.0,6.0,1.0,1.0,24:40,5.6,0
4,203148,Brian Roberts,15.0,6.0,13.0,2.0,2.0,0.0,2.0,1.0,2.0,0.0,2.0,1.0,-3.0,35:27,9.5,0
5,203085,Austin Rivers,6.0,2.0,9.0,6.0,2.0,0.0,0.0,0.0,1.0,0.0,2.0,1.0,-7.0,17:46,-2.2,0
6,201880,Greg Stiemsma,2.0,1.0,1.0,0.0,0.0,1.0,2.0,2.0,0.0,2.0,6.0,1.0,9.0,19:41,3.0,0
7,203481,Jeff Withey,2.0,1.0,2.0,0.0,0.0,0.0,2.0,0.0,0.0,3.0,1.0,0.0,-5.0,18:26,3.3,0
8,202329,Al-Farouq Aminu,2.0,0.0,0.0,2.0,2.0,0.0,2.0,1.0,0.0,0.0,3.0,1.0,1.0,11:02,1.4,0
9,201627,Anthony Morrow,8.0,4.0,9.0,0.0,0.0,1.0,0.0,0.0,0.0,0.0,4.0,0.0,-7.0,14:24,2.4,0
10,202337,Luke Babbitt,,,,,,,,,,,,,,,0.0,0
11,203121,Darius Miller,,,,,,,,,,,,,,,0.0,0
12,201160,Jason Smith,,,,,,,,,,,,,,,0.0,0
13,200752,Rudy Gay,14.0,5.0,10.0,4.0,4.0,0.0,2.0,0.0,2.0,0.0,5.0,4.0,16.0,30:09,5.0,1
14,201574,Jason Thompson,6.0,2.0,4.0,6.0,2.0,1.0,4.0,1.0,1.0,1.0,3.0,1.0,8.0,24:57,4.5,1
15,202326,DeMarcus Cousins,23.0,5.0,13.0,16.0,13.0,5.0,7.0,0.0,1.0,0.0,4.0,6.0,2.0,27:30,13.4,1
16,203463,Ben McLemore,10.0,3.0,4.0,4.0,4.0,0.0,4.0,0.0,0.0,0.0,4.0,0.0,-5.0,28:54,8.0,1
17,202738,Isaiah Thomas,22.0,8.0,16.0,6.0,6.0,1.0,2.0,2.0,5.0,0.0,3.0,5.0,12.0,42:35,14.6,1
18,202682,Derrick Williams,0.0,0.0,3.0,0.0,0.0,1.0,0.0,0.0,0.0,1.0,1.0,1.0,-6.0,14:05,-2.1,1
19,203112,Quincy Acy,0.0,0.0,1.0,0.0,0.0,1.0,1.0,0.0,0.0,0.0,0.0,0.0,1.0,13:04,0.3,1
20,203111,Orlando Johnson,3.0,1.0,3.0,2.0,1.0,1.0,1.0,0.0,0.0,0.0,1.0,0.0,-3.0,6:03,1.5,1
21,203492,Ray McCallum,8.0,3.0,7.0,1.0,1.0,1.0,2.0,1.0,2.0,0.0,1.0,0.0,7.0,22:14,7.6,1
22,2501,Reggie Evans,10.0,5.0,7.0,2.0,0.0,5.0,8.0,0.0,0.0,1.0,3.0,1.0,3.0,30:29,10.7,1
23,201189,Aaron Gray,,,,,,,,,,,,,,,0.0,1
24,2566,Travis Outlaw,,,,,,,,,,,,,,,0.0,1
