,id,name,PTS,FG,FGA,FTA,FT,OREB,DREB,STL,AST,BLK,PF,TO,PLUS_MINUS,MIN,GS,WIN
0,203118,Mike Scott,15.0,6.0,11.0,2.0,1.0,2.0,5.0,0.0,0.0,0.0,1.0,3.0,-19.0,30:59,8.8,0
1,200794,Paul Millsap,12.0,4.0,13.0,4.0,3.0,2.0,8.0,0.0,2.0,1.0,2.0,2.0,-8.0,27:16,7.2,0
2,203544,Pero Antic,3.0,1.0,5.0,0.0,0.0,0.0,4.0,1.0,0.0,0.0,2.0,3.0,2.0,15:36,-1.7,0
3,201960,DeMarre Carroll,11.0,4.0,9.0,2.0,2.0,1.0,5.0,3.0,1.0,0.0,1.0,3.0,-9.0,28:41,8.8,0
4,201952,Jeff Teague,0.0,0.0,5.0,0.0,0.0,0.0,1.0,1.0,6.0,0.0,1.0,2.0,4.0,19:07,-0.4,0
5,1882,Elton Brand,6.0,3.0,5.0,0.0,0.0,1.0,2.0,2.0,0.0,0.0,2.0,3.0,-14.0,17:06,3.2,0
6,101150,Lou Williams,10.0,3.0,10.0,3.0,3.0,0.0,2.0,0.0,6.0,0.0,4.0,2.0,-24.0,31:42,5.4,0
7,202714,Shelvin Mack,9.0,3.0,8.0,2.0,2.0,0.0,2.0,1.0,4.0,0.0,1.0,4.0,-16.0,21:25,4.6,0
8,203488,Mike Muscala,8.0,3.0,8.0,2.0,2.0,0.0,4.0,1.0,0.0,1.0,1.0,0.0,-21.0,23:55,6.1,0
9,201858,Cartier Martin,7.0,3.0,6.0,1.0,1.0,0.0,1.0,0.0,1.0,0.0,1.0,0.0,-7.0,13:30,4.6,0
10,203471,Dennis Schroder,2.0,1.0,2.0,0.0,0.0,0.0,0.0,0.0,1.0,0.0,0.0,3.0,-8.0,10:42,-1.3,0
11,2594,Kyle Korver,,,,,,,,,,,,,,,0.0,0
12,201147,Corey Brewer,18.0,8.0,16.0,2.0,2.0,0.0,3.0,3.0,3.0,0.0,0.0,3.0,15.0,30:02,13.0,1
13,201567,Kevin Love,14.0,5.0,9.0,2.0,2.0,0.0,12.0,0.0,4.0,0.0,0.0,5.0,6.0,29:28,11.1,1
14,203476,Gorgui Dieng,15.0,6.0,8.0,4.0,3.0,5.0,10.0,1.0,2.0,1.0,3.0,1.0,25.0,41:13,18.8,1
15,2755,Kevin Martin,18.0,8.0,17.0,1.0,1.0,1.0,1.0,3.0,0.0,0.0,1.0,1.0,12.0,30:42,11.9,1
16,201937,Ricky Rubio,4.0,1.0,6.0,4.0,2.0,0.0,1.0,6.0,10.0,0.0,3.0,2.0,19.0,31:01,9.5,1
17,200826,J.J. Barea,8.0,3.0,8.0,1.0,1.0,0.0,1.0,0.0,8.0,0.0,2.0,3.0,16.0,22:37,5.7,1
18,201967,Dante Cunningham,4.0,2.0,3.0,0.0,0.0,1.0,1.0,1.0,0.0,0.0,0.0,2.0,9.0,9:23,2.7,1
19,201978,Chase Budinger,12.0,5.0,8.0,0.0,0.0,0.0,7.0,2.0,0.0,0.0,2.0,0.0,14.0,21:46,11.7,1
20,203133,Robbie Hummel,9.0,3.0,6.0,2.0,1.0,0.0,0.0,1.0,1.0,0.0,3.0,0.0,10.0,12:00,6.1,1
21,203144,Alexey Shved,0.0,0.0,2.0,0.0,0.0,0.0,0.0,0.0,2.0,0.0,0.0,1.0,-2.0,3:56,-1.0,1
22,201601,Luc Mbah a Moute,2.0,1.0,2.0,0.0,0.0,0.0,2.0,0.0,0.0,0.0,0.0,1.0,-2.0,3:56,0.6,1
23,203498,Shabazz Muhammad,3.0,1.0,1.0,0.0,0.0,0.0,0.0,0.0,1.0,0.0,0.0,0.0,-2.0,3:56,3.4,1
24,201593,Nikola Pekovic,,,,,,,,,,,,,,,0.0,1
