,id,name,PTS,FG,FGA,FTA,FT,OREB,DREB,STL,AST,BLK,PF,TO,PLUS_MINUS,MIN,GS,WIN
0,2544,LeBron James,17.0,7.0,13.0,2.0,2.0,2.0,8.0,1.0,12.0,0.0,0.0,1.0,32.0,29:46,22.9,1
1,2547,Chris Bosh,15.0,6.0,10.0,1.0,1.0,1.0,8.0,0.0,3.0,2.0,4.0,0.0,29.0,26:04,15.4,1
2,2617,Udonis Haslem,17.0,8.0,11.0,2.0,1.0,0.0,5.0,0.0,0.0,1.0,0.0,0.0,23.0,21:17,14.3,1
3,2592,James Jones,10.0,3.0,8.0,2.0,1.0,0.0,1.0,0.0,3.0,1.0,1.0,0.0,24.0,27:16,7.9,1
4,201962,Toney Douglas,9.0,3.0,7.0,4.0,3.0,3.0,2.0,1.0,5.0,0.0,3.0,0.0,16.0,29:47,10.9,1
5,202708,Norris Cole,12.0,4.0,9.0,5.0,3.0,1.0,4.0,1.0,7.0,0.0,3.0,2.0,16.0,31:43,11.1,1
6,1740,Rashard Lewis,9.0,4.0,6.0,0.0,0.0,0.0,1.0,1.0,1.0,0.0,0.0,1.0,1.0,18:40,7.4,1
7,2365,Chris Andersen,13.0,4.0,6.0,6.0,5.0,1.0,5.0,1.0,0.0,0.0,1.0,1.0,9.0,21:59,11.8,1
8,2203,Shane Battier,6.0,3.0,6.0,0.0,0.0,0.0,2.0,0.0,0.0,0.0,2.0,0.0,10.0,24:00,2.8,1
9,203120,Justin Hamilton,0.0,0.0,1.0,0.0,0.0,1.0,0.0,1.0,0.0,0.0,0.0,1.0,0.0,4:44,0.0,1
10,201563,Michael Beasley,2.0,1.0,2.0,0.0,0.0,1.0,1.0,0.0,0.0,0.0,0.0,2.0,0.0,4:44,0.0,1
11,201596,Mario Chalmers,,,,,,,,,,,,,,,0.0,1
12,2548,Dwyane Wade,,,,,,,,,,,,,,,0.0,1
13,2746,Josh Smith,9.0,4.0,14.0,0.0,0.0,0.0,2.0,1.0,3.0,1.0,4.0,3.0,-32.0,26:58,0.6,0
14,202328,Greg Monroe,12.0,5.0,14.0,4.0,2.0,4.0,4.0,0.0,1.0,2.0,3.0,1.0,-31.0,29:14,7.3,0
15,203083,Andre Drummond,9.0,4.0,7.0,2.0,1.0,6.0,8.0,1.0,0.0,0.0,3.0,1.0,-27.0,34:58,10.7,0
16,202713,Kyle Singler,11.0,4.0,9.0,3.0,3.0,1.0,0.0,0.0,2.0,0.0,2.0,1.0,-24.0,25:24,6.6,0
17,201943,Brandon Jennings,8.0,2.0,8.0,6.0,4.0,0.0,0.0,1.0,7.0,0.0,1.0,1.0,-29.0,28:16,6.9,0
18,201155,Rodney Stuckey,8.0,4.0,7.0,0.0,0.0,0.0,1.0,0.0,1.0,0.0,0.0,1.0,-8.0,23:07,4.7,0
19,201973,Jonas Jerebko,6.0,3.0,7.0,0.0,0.0,0.0,6.0,0.0,2.0,0.0,3.0,0.0,-3.0,23:50,4.3,0
20,101198,Will Bynum,12.0,3.0,5.0,6.0,5.0,0.0,1.0,1.0,2.0,0.0,0.0,1.0,-3.0,15:00,11.0,0
21,203484,Kentavious Caldwell-Pope,3.0,1.0,4.0,0.0,0.0,0.0,1.0,0.0,1.0,1.0,5.0,1.0,-3.0,19:01,-0.7,0
22,203491,Peyton Siva,0.0,0.0,2.0,0.0,0.0,0.0,1.0,1.0,1.0,0.0,0.0,1.0,0.0,4:44,-0.4,0
23,203540,Gigi Datome,0.0,0.0,2.0,0.0,0.0,1.0,0.0,0.0,0.0,0.0,0.0,0.0,0.0,4:44,-0.7,0
24,203502,Tony Mitchell,0.0,0.0,0.0,0.0,0.0,0.0,0.0,1.0,0.0,0.0,1.0,0.0,0.0,4:44,0.6,0
25,101111,Charlie Villanueva,,,,,,,,,,,,,,,0.0,0
