,id,name,PTS,FG,FGA,FTA,FT,OREB,DREB,STL,AST,BLK,PF,TO,PLUS_MINUS,MIN,GS,WIN
0,201587,Nicolas Batum,8.0,3.0,9.0,2.0,1.0,1.0,6.0,0.0,6.0,0.0,0.0,3.0,-6.0,39:20,6.2,0
1,200746,LaMarcus Aldridge,28.0,13.0,25.0,3.0,2.0,2.0,6.0,0.0,3.0,2.0,1.0,0.0,-1.0,39:14,21.6,0
2,201577,Robin Lopez,7.0,1.0,3.0,6.0,5.0,3.0,3.0,0.0,1.0,6.0,3.0,1.0,-3.0,23:54,10.6,0
3,202083,Wesley Matthews,18.0,6.0,13.0,4.0,3.0,0.0,5.0,2.0,3.0,1.0,1.0,1.0,1.0,38:28,15.8,0
4,203081,Damian Lillard,29.0,10.0,18.0,5.0,4.0,0.0,3.0,1.0,5.0,0.0,2.0,0.0,8.0,41:01,24.6,0
5,2590,Mo Williams,8.0,3.0,9.0,0.0,0.0,2.0,2.0,0.0,5.0,0.0,2.0,0.0,-5.0,29:57,7.6,0
6,200777,Joel Freeland,4.0,2.0,5.0,0.0,0.0,2.0,3.0,1.0,1.0,0.0,2.0,1.0,-4.0,12:22,3.5,0
7,2748,Dorell Wright,6.0,1.0,5.0,4.0,3.0,0.0,0.0,1.0,1.0,0.0,1.0,2.0,4.0,11:02,1.8,0
8,203086,Meyers Leonard,0.0,0.0,1.0,0.0,0.0,0.0,0.0,0.0,0.0,0.0,1.0,1.0,-4.0,4:42,-2.1,0
9,203115,Will Barton,,,,,,,,,,,,,,,0.0,0
10,203459,Allen Crabbe,,,,,,,,,,,,,,,0.0,0
11,203080,Thomas Robinson,,,,,,,,,,,,,,,0.0,0
12,2248,Earl Watson,,,,,,,,,,,,,,,0.0,0
13,202329,Al-Farouq Aminu,9.0,4.0,8.0,1.0,1.0,2.0,13.0,2.0,0.0,1.0,3.0,0.0,-3.0,39:31,11.8,1
14,201583,Ryan Anderson,13.0,5.0,11.0,2.0,2.0,0.0,3.0,0.0,0.0,1.0,1.0,0.0,6.0,40:04,8.5,1
15,203076,Anthony Davis,27.0,13.0,19.0,4.0,1.0,5.0,7.0,0.0,1.0,5.0,4.0,1.0,8.0,38:52,24.9,1
16,201627,Anthony Morrow,2.0,1.0,3.0,0.0,0.0,0.0,3.0,0.0,0.0,0.0,2.0,1.0,1.0,19:28,-0.6,1
17,201950,Jrue Holiday,31.0,14.0,28.0,2.0,2.0,0.0,7.0,1.0,13.0,1.0,1.0,2.0,6.0,37:51,27.5,1
18,201936,Tyreke Evans,20.0,9.0,15.0,2.0,2.0,1.0,4.0,2.0,4.0,2.0,3.0,1.0,5.0,28:42,19.0,1
19,203148,Brian Roberts,4.0,1.0,4.0,2.0,2.0,0.0,1.0,0.0,1.0,0.0,0.0,2.0,-3.0,13:30,0.6,1
20,201582,Alexis Ajinca,0.0,0.0,0.0,0.0,0.0,0.0,0.0,0.0,0.0,0.0,2.0,1.0,-3.0,1:53,-1.8,1
21,203085,Austin Rivers,4.0,1.0,1.0,2.0,2.0,0.0,0.0,0.0,0.0,0.0,1.0,0.0,-8.0,13:55,3.3,1
22,201880,Greg Stiemsma,0.0,0.0,0.0,0.0,0.0,1.0,0.0,0.0,0.0,0.0,2.0,1.0,1.0,6:15,-1.1,1
23,200811,Lou Amundson,,,,,,,,,,,,,,,0.0,1
24,203121,Darius Miller,,,,,,,,,,,,,,,0.0,1
25,203481,Jeff Withey,,,,,,,,,,,,,,,0.0,1
