,id,name,PTS,FG,FGA,FTA,FT,OREB,DREB,STL,AST,BLK,PF,TO,PLUS_MINUS,MIN,GS,WIN
0,2746,Josh Smith,21.0,6.0,13.0,10.0,7.0,0.0,8.0,5.0,7.0,4.0,3.0,4.0,11.0,44:13,23.0,1
1,202328,Greg Monroe,8.0,4.0,9.0,1.0,0.0,0.0,4.0,2.0,0.0,0.0,5.0,1.0,7.0,29:46,3.1,1
2,203083,Andre Drummond,15.0,7.0,13.0,3.0,1.0,8.0,10.0,2.0,1.0,0.0,2.0,4.0,7.0,36:28,14.4,1
3,203484,Kentavious Caldwell-Pope,7.0,2.0,5.0,3.0,3.0,0.0,2.0,0.0,2.0,0.0,1.0,0.0,1.0,21:19,5.9,1
4,201943,Brandon Jennings,11.0,5.0,14.0,2.0,0.0,2.0,4.0,1.0,9.0,0.0,3.0,1.0,11.0,39:29,10.1,1
5,202713,Kyle Singler,11.0,5.0,11.0,0.0,0.0,1.0,2.0,0.0,1.0,1.0,3.0,0.0,3.0,22:31,6.8,1
6,201155,Rodney Stuckey,16.0,6.0,13.0,3.0,3.0,1.0,3.0,0.0,4.0,1.0,2.0,1.0,5.0,30:25,12.6,1
7,101198,Will Bynum,0.0,0.0,2.0,0.0,0.0,1.0,0.0,0.0,1.0,0.0,0.0,1.0,-7.0,7:36,-1.0,1
8,203540,Gigi Datome,2.0,1.0,3.0,0.0,0.0,0.0,0.0,0.0,0.0,0.0,0.0,0.0,2.0,1:10,0.3,1
9,201973,Jonas Jerebko,6.0,2.0,2.0,2.0,1.0,0.0,0.0,0.0,1.0,0.0,1.0,0.0,-5.0,7:03,5.3,1
10,203502,Tony Mitchell,,,,,,,,,,,,,,,0.0,1
11,203491,Peyton Siva,,,,,,,,,,,,,,,0.0,1
12,101111,Charlie Villanueva,,,,,,,,,,,,,,,0.0,1
13,2422,John Salmons,3.0,1.0,4.0,0.0,0.0,1.0,3.0,0.0,1.0,0.0,3.0,0.0,-8.0,16:02,1.7,0
14,201574,Jason Thompson,4.0,2.0,8.0,0.0,0.0,3.0,6.0,0.0,1.0,0.0,3.0,1.0,-2.0,27:31,1.6,0
15,202326,DeMarcus Cousins,26.0,12.0,23.0,3.0,2.0,3.0,10.0,0.0,2.0,3.0,4.0,4.0,-3.0,35:55,17.3,0
16,203463,Ben McLemore,7.0,2.0,6.0,2.0,2.0,1.0,5.0,1.0,2.0,1.0,2.0,0.0,-14.0,31:41,8.1,0
17,202349,Greivis Vasquez,13.0,5.0,10.0,0.0,0.0,0.0,0.0,0.0,6.0,0.0,3.0,8.0,-3.0,28:37,3.0,0
18,2566,Travis Outlaw,2.0,0.0,1.0,2.0,2.0,0.0,0.0,0.0,0.0,0.0,0.0,0.0,-2.0,4:53,1.3,0
19,202738,Isaiah Thomas,18.0,6.0,11.0,6.0,3.0,0.0,2.0,0.0,7.0,0.0,1.0,4.0,2.0,31:29,12.6,0
20,201977,Marcus Thornton,5.0,1.0,6.0,2.0,2.0,1.0,3.0,0.0,2.0,0.0,0.0,0.0,3.0,23:06,4.2,0
21,202335,Patrick Patterson,0.0,0.0,1.0,0.0,0.0,0.0,0.0,1.0,0.0,0.0,0.0,0.0,1.0,3:32,0.3,0
22,101236,Chuck Hayes,3.0,1.0,3.0,2.0,1.0,2.0,1.0,1.0,0.0,0.0,2.0,0.0,-3.0,8:08,2.8,0
23,201601,Luc Mbah a Moute,9.0,4.0,7.0,0.0,0.0,0.0,2.0,1.0,1.0,1.0,1.0,0.0,-6.0,29:05,8.3,0
24,202690,Jimmer Fredette,,,,,,,,,,,,,,,0.0,0
25,203492,Ray McCallum,,,,,,,,,,,,,,,0.0,0
