,id,name,PTS,FG,FGA,FTA,FT,OREB,DREB,STL,AST,BLK,PF,TO,PLUS_MINUS,MIN,GS,WIN
0,202331,Paul George,26.0,7.0,17.0,10.0,9.0,1.0,5.0,0.0,3.0,0.0,3.0,3.0,-4.0,40:16,16.6,0
1,2561,David West,21.0,9.0,16.0,3.0,3.0,1.0,6.0,2.0,4.0,0.0,1.0,0.0,-5.0,34:21,20.3,0
2,201579,Roy Hibbert,12.0,5.0,13.0,3.0,2.0,1.0,1.0,1.0,0.0,1.0,4.0,1.0,-2.0,31:51,4.6,0
3,202362,Lance Stephenson,6.0,2.0,5.0,2.0,1.0,0.0,3.0,1.0,1.0,0.0,4.0,2.0,-13.0,28:13,1.9,0
4,201588,George Hill,8.0,2.0,5.0,4.0,3.0,0.0,4.0,1.0,5.0,0.0,1.0,1.0,-3.0,35:06,9.2,0
5,101133,Ian Mahinmi,4.0,1.0,2.0,2.0,2.0,1.0,2.0,0.0,0.0,1.0,3.0,2.0,-4.0,16:08,1.8,0
6,202323,Evan Turner,2.0,1.0,8.0,0.0,0.0,3.0,2.0,1.0,1.0,0.0,2.0,1.0,3.0,19:48,-0.6,0
7,202388,Donald Sloan,9.0,3.0,4.0,2.0,2.0,0.0,1.0,0.0,3.0,0.0,0.0,0.0,-5.0,12:54,9.8,0
8,2446,Rasual Butler,0.0,0.0,1.0,0.0,0.0,0.0,3.0,0.0,1.0,1.0,0.0,0.0,-4.0,7:44,1.6,0
9,2449,Luis Scola,6.0,3.0,7.0,2.0,0.0,1.0,4.0,0.0,1.0,0.0,1.0,0.0,-3.0,13:39,3.7,0
10,202730,Lavoy Allen,,,,,,,,,,,,,,,0.0,0
11,203142,Chris Copeland,,,,,,,,,,,,,,,0.0,0
12,203524,Solomon Hill,,,,,,,,,,,,,,,0.0,0
13,203082,Terrence Ross,24.0,8.0,17.0,4.0,3.0,2.0,3.0,1.0,1.0,0.0,2.0,0.0,-2.0,33:09,18.1,1
14,202335,Patrick Patterson,5.0,2.0,5.0,0.0,0.0,1.0,6.0,2.0,2.0,0.0,3.0,0.0,7.0,25:26,7.0,1
15,202685,Jonas Valanciunas,22.0,10.0,14.0,3.0,2.0,3.0,6.0,0.0,0.0,1.0,3.0,3.0,11.0,33:42,16.2,1
16,201942,DeMar DeRozan,20.0,8.0,19.0,5.0,4.0,0.0,4.0,0.0,9.0,1.0,3.0,3.0,9.0,39:35,13.5,1
17,202349,Greivis Vasquez,10.0,4.0,12.0,0.0,0.0,0.0,5.0,1.0,3.0,0.0,3.0,2.0,7.0,32:43,4.6,1
18,201946,Tyler Hansbrough,5.0,2.0,4.0,2.0,1.0,3.0,2.0,0.0,0.0,0.0,3.0,0.0,-5.0,19:40,4.1,1
19,2422,John Salmons,0.0,0.0,1.0,0.0,0.0,0.0,2.0,0.0,1.0,1.0,2.0,1.0,2.0,15:41,-0.5,1
20,101236,Chuck Hayes,6.0,3.0,4.0,0.0,0.0,0.0,3.0,0.0,2.0,2.0,0.0,0.0,1.0,17:11,8.1,1
21,201986,Nando De Colo,10.0,3.0,8.0,2.0,2.0,0.0,2.0,2.0,5.0,0.0,1.0,2.0,10.0,22:53,9.3,1
22,202779,Dwight Buycks,,,,,,,,,,,,,,,0.0,1
23,202361,Landry Fields,,,,,,,,,,,,,,,0.0,1
24,200779,Steve Novak,,,,,,,,,,,,,,,0.0,1
25,202933,Julyan Stone,,,,,,,,,,,,,,,0.0,1
