,id,name,PTS,FG,FGA,FTA,FT,OREB,DREB,STL,AST,BLK,PF,TO,PLUS_MINUS,MIN,GS,WIN
0,2207,Joe Johnson,7.0,2.0,9.0,2.0,2.0,0.0,0.0,2.0,3.0,0.0,0.0,1.0,3.0,26:31,4.6,1
1,1718,Paul Pierce,12.0,3.0,7.0,7.0,5.0,0.0,8.0,3.0,5.0,0.0,2.0,1.0,7.0,27:45,14.6,1
2,203486,Mason Plumlee,5.0,2.0,3.0,2.0,1.0,4.0,3.0,0.0,1.0,0.0,3.0,0.0,2.0,10:30,6.5,1
3,2733,Shaun Livingston,14.0,7.0,11.0,0.0,0.0,2.0,1.0,2.0,0.0,0.0,1.0,1.0,6.0,32:26,11.4,1
4,101114,Deron Williams,15.0,6.0,16.0,0.0,0.0,0.0,1.0,1.0,4.0,0.0,3.0,3.0,7.0,37:24,6.1,1
5,101154,Andray Blatche,19.0,5.0,12.0,9.0,9.0,6.0,7.0,3.0,2.0,1.0,3.0,0.0,5.0,29:41,22.8,1
6,1905,Andrei Kirilenko,7.0,3.0,5.0,5.0,1.0,1.0,1.0,1.0,5.0,1.0,1.0,2.0,5.0,26:10,6.9,1
7,203141,Mirza Teletovic,3.0,1.0,4.0,0.0,0.0,0.0,3.0,0.0,0.0,0.0,3.0,1.0,1.0,10:33,-0.7,1
8,201977,Marcus Thornton,25.0,8.0,13.0,6.0,5.0,1.0,1.0,0.0,0.0,0.0,0.0,1.0,4.0,23:47,18.7,1
9,101187,Alan Anderson,0.0,0.0,2.0,0.0,0.0,0.0,0.0,0.0,2.0,0.0,2.0,0.0,3.0,7:24,-0.8,1
10,2215,Jason Collins,0.0,0.0,1.0,0.0,0.0,1.0,1.0,2.0,1.0,0.0,1.0,1.0,2.0,7:49,1.6,1
11,708,Kevin Garnett,,,,,,,,,,,,,,,0.0,1
12,203104,Marquis Teague,,,,,,,,,,,,,,,0.0,1
13,203114,Khris Middleton,16.0,8.0,12.0,0.0,0.0,0.0,4.0,2.0,3.0,0.0,3.0,1.0,-7.0,36:09,13.9,0
14,101141,Ersan Ilyasova,11.0,3.0,9.0,5.0,4.0,3.0,8.0,0.0,1.0,0.0,4.0,1.0,-13.0,22:17,8.1,0
15,2585,Zaza Pachulia,2.0,1.0,5.0,0.0,0.0,3.0,2.0,0.0,0.0,1.0,1.0,3.0,-5.0,14:53,-1.1,0
16,203489,Nate Wolters,7.0,3.0,6.0,0.0,0.0,0.0,1.0,0.0,1.0,0.0,2.0,1.0,-6.0,19:14,3.2,0
17,202688,Brandon Knight,14.0,6.0,13.0,1.0,1.0,0.0,1.0,0.0,5.0,0.0,1.0,4.0,-10.0,31:33,6.7,0
18,203089,John Henson,6.0,2.0,5.0,2.0,2.0,1.0,3.0,0.0,3.0,1.0,1.0,2.0,-3.0,26:20,5.3,0
19,203507,Giannis Antetokounmpo,12.0,3.0,7.0,9.0,5.0,1.0,2.0,3.0,3.0,1.0,1.0,2.0,-1.0,27:30,11.4,0
20,201564,O.J. Mayo,9.0,4.0,7.0,1.0,1.0,0.0,1.0,0.0,0.0,0.0,1.0,0.0,2.0,23:08,5.6,0
21,201196,Ramon Sessions,16.0,2.0,5.0,11.0,11.0,1.0,2.0,0.0,1.0,0.0,3.0,2.0,-5.0,22:47,12.1,0
22,202399,Jeff Adrien,5.0,2.0,5.0,2.0,1.0,3.0,7.0,1.0,0.0,1.0,2.0,2.0,3.0,16:09,5.0,0
23,203545,Miroslav Raduljica,,,,,,,,,,,,,,,0.0,0
24,202327,Ekpe Udoh,,,,,,,,,,,,,,,0.0,0
