,id,name,PTS,FG,FGA,FTA,FT,OREB,DREB,STL,AST,BLK,PF,TO,PLUS_MINUS,MIN,GS,WIN
0,202331,Paul George,12.0,5.0,14.0,2.0,2.0,0.0,8.0,1.0,3.0,1.0,5.0,6.0,-21.0,36:30,2.4,0
1,2561,David West,9.0,3.0,9.0,4.0,3.0,1.0,6.0,1.0,2.0,0.0,2.0,2.0,-19.0,31:25,5.6,0
2,201579,Roy Hibbert,16.0,6.0,10.0,5.0,4.0,2.0,1.0,0.0,0.0,1.0,6.0,4.0,-4.0,21:18,7.0,0
3,202362,Lance Stephenson,8.0,4.0,9.0,1.0,0.0,1.0,5.0,0.0,4.0,0.0,3.0,3.0,-10.0,34:20,3.7,0
4,201588,George Hill,6.0,2.0,6.0,0.0,0.0,0.0,1.0,0.0,2.0,0.0,4.0,2.0,-14.0,31:06,0.7,0
5,101122,Danny Granger,11.0,4.0,7.0,2.0,2.0,0.0,2.0,1.0,3.0,0.0,1.0,1.0,3.0,22:38,10.0,0
6,2449,Luis Scola,7.0,3.0,10.0,2.0,1.0,1.0,3.0,1.0,1.0,0.0,2.0,2.0,-5.0,20:24,1.3,0
7,101133,Ian Mahinmi,5.0,2.0,2.0,4.0,1.0,2.0,1.0,3.0,0.0,1.0,4.0,1.0,1.0,21:37,6.0,0
8,201228,C.J. Watson,8.0,3.0,7.0,0.0,0.0,0.0,1.0,1.0,1.0,0.0,0.0,1.0,1.0,16:54,5.3,0
9,203111,Orlando Johnson,0.0,0.0,0.0,0.0,0.0,0.0,0.0,0.0,0.0,0.0,0.0,0.0,1.0,1:16,0.0,0
10,2446,Rasual Butler,0.0,0.0,0.0,0.0,0.0,0.0,1.0,0.0,0.0,0.0,0.0,0.0,1.0,1:16,0.3,0
11,202388,Donald Sloan,0.0,0.0,0.0,0.0,0.0,0.0,0.0,0.0,0.0,0.0,0.0,0.0,1.0,1:16,0.0,0
12,203142,Chris Copeland,,,,,,,,,,,,,,,0.0,0
13,203082,Terrence Ross,18.0,6.0,12.0,4.0,4.0,1.0,3.0,3.0,2.0,0.0,4.0,3.0,8.0,38:13,13.4,1
14,101161,Amir Johnson,6.0,3.0,5.0,0.0,0.0,1.0,4.0,0.0,1.0,2.0,1.0,2.0,4.0,32:15,5.3,1
15,202685,Jonas Valanciunas,13.0,5.0,10.0,4.0,3.0,4.0,5.0,1.0,2.0,1.0,4.0,1.0,12.0,31:23,12.4,1
16,201942,DeMar DeRozan,26.0,9.0,24.0,9.0,8.0,2.0,7.0,3.0,3.0,0.0,1.0,3.0,11.0,39:04,17.6,1
17,200768,Kyle Lowry,13.0,4.0,9.0,4.0,4.0,0.0,4.0,2.0,14.0,1.0,3.0,1.0,19.0,33:33,19.8,1
18,2422,John Salmons,5.0,2.0,6.0,0.0,0.0,0.0,0.0,0.0,2.0,0.0,2.0,2.0,7.0,18:43,0.2,1
19,202335,Patrick Patterson,3.0,1.0,4.0,0.0,0.0,0.0,2.0,2.0,1.0,0.0,1.0,2.0,7.0,16:27,1.5,1
20,201946,Tyler Hansbrough,5.0,2.0,2.0,2.0,1.0,1.0,5.0,1.0,0.0,0.0,2.0,2.0,3.0,15:55,4.4,1
21,202349,Greivis Vasquez,6.0,2.0,6.0,0.0,0.0,0.0,0.0,0.0,2.0,0.0,0.0,1.0,-6.0,14:27,3.0,1
22,201948,Austin Daye,,,,,,,,,,,,,,,0.0,1
23,202361,Landry Fields,,,,,,,,,,,,,,,0.0,1
24,101236,Chuck Hayes,,,,,,,,,,,,,,,0.0,1
25,200779,Steve Novak,,,,,,,,,,,,,,,0.0,1
