,id,name,PTS,FG,FGA,FTA,FT,OREB,DREB,STL,AST,BLK,PF,TO,PLUS_MINUS,MIN,GS,WIN
0,2207,Joe Johnson,22.0,8.0,16.0,5.0,4.0,1.0,4.0,0.0,2.0,1.0,0.0,2.0,-4.0,37:07,15.6,1
1,1718,Paul Pierce,15.0,3.0,10.0,12.0,9.0,0.0,4.0,1.0,3.0,0.0,5.0,2.0,-4.0,30:46,8.3,1
2,203486,Mason Plumlee,5.0,2.0,8.0,2.0,1.0,4.0,2.0,1.0,3.0,0.0,5.0,2.0,-7.0,21:44,2.3,1
3,2733,Shaun Livingston,12.0,4.0,7.0,4.0,4.0,4.0,3.0,3.0,1.0,0.0,5.0,0.0,-9.0,33:51,14.1,1
4,101114,Deron Williams,15.0,3.0,9.0,8.0,8.0,1.0,3.0,2.0,3.0,0.0,0.0,2.0,4.0,41:41,13.6,1
5,101154,Andray Blatche,5.0,2.0,6.0,0.0,0.0,1.0,2.0,0.0,3.0,0.0,5.0,2.0,7.0,25:32,1.0,1
6,1905,Andrei Kirilenko,0.0,0.0,3.0,0.0,0.0,0.0,0.0,0.0,0.0,0.0,0.0,2.0,0.0,6:52,-4.1,1
7,201977,Marcus Thornton,20.0,7.0,11.0,2.0,2.0,1.0,6.0,0.0,1.0,0.0,1.0,1.0,9.0,24:24,16.9,1
8,203141,Mirza Teletovic,9.0,3.0,9.0,0.0,0.0,0.0,7.0,1.0,0.0,0.0,3.0,0.0,10.0,19:48,5.8,1
9,101187,Alan Anderson,4.0,2.0,4.0,0.0,0.0,2.0,2.0,0.0,1.0,0.0,4.0,0.0,8.0,18:14,3.1,1
10,2215,Jason Collins,0.0,0.0,1.0,0.0,0.0,0.0,0.0,0.0,0.0,1.0,1.0,0.0,1.0,5:02,-0.4,1
11,203268,Jorge Gutierrez,,,,,,,,,,,,,,,0.0,1
12,203104,Marquis Teague,,,,,,,,,,,,,,,0.0,1
13,1890,Shawn Marion,12.0,5.0,10.0,0.0,0.0,2.0,4.0,0.0,1.0,0.0,3.0,1.0,7.0,34:27,8.1,0
14,1717,Dirk Nowitzki,10.0,2.0,12.0,6.0,6.0,0.0,8.0,0.0,2.0,0.0,4.0,2.0,-10.0,38:28,2.6,0
15,2223,Samuel Dalembert,12.0,4.0,5.0,6.0,4.0,5.0,10.0,0.0,1.0,7.0,2.0,0.0,13.0,34:57,20.6,0
16,101145,Monta Ellis,32.0,11.0,24.0,11.0,8.0,0.0,1.0,1.0,4.0,1.0,5.0,4.0,-3.0,41:01,17.2,0
17,101181,Jose Calderon,0.0,0.0,0.0,0.0,0.0,0.0,0.0,0.0,0.0,0.0,0.0,0.0,0.0,0:45,0.0,0
18,2734,Devin Harris,11.0,4.0,15.0,0.0,0.0,3.0,4.0,0.0,6.0,0.0,5.0,4.0,7.0,40:28,3.6,0
19,203109,Jae Crowder,5.0,1.0,6.0,2.0,2.0,1.0,2.0,1.0,2.0,0.0,1.0,0.0,-7.0,16:08,4.5,0
20,1713,Vince Carter,12.0,4.0,13.0,2.0,2.0,6.0,4.0,0.0,4.0,0.0,3.0,2.0,6.0,28:13,9.5,0
21,201148,Brandan Wright,5.0,2.0,2.0,2.0,1.0,1.0,1.0,0.0,0.0,1.0,0.0,0.0,-16.0,17:48,5.7,0
22,203499,Shane Larkin,5.0,2.0,4.0,2.0,1.0,0.0,0.0,0.0,1.0,0.0,2.0,0.0,-12.0,12:46,2.5,0
23,201971,DeJuan Blair,,,,,,,,,,,,,,,0.0,0
24,201961,Wayne Ellington,,,,,,,,,,,,,,,0.0,0
25,203108,Bernard James,,,,,,,,,,,,,,,0.0,0
