,id,name,PTS,FG,FGA,FTA,FT,OREB,DREB,STL,AST,BLK,PF,TO,PLUS_MINUS,MIN,GS,WIN
0,2210,Richard Jefferson,8.0,2.0,7.0,3.0,3.0,1.0,1.0,0.0,1.0,0.0,3.0,0.0,-19.0,23:02,4.4,0
1,101107,Marvin Williams,5.0,1.0,6.0,2.0,2.0,1.0,1.0,1.0,3.0,0.0,0.0,1.0,-9.0,19:48,4.3,0
2,202324,Derrick Favors,15.0,6.0,11.0,3.0,3.0,0.0,4.0,1.0,1.0,1.0,1.0,0.0,-16.0,24:58,12.9,0
3,202330,Gordon Hayward,11.0,5.0,8.0,2.0,1.0,0.0,4.0,3.0,3.0,0.0,2.0,3.0,-12.0,28:37,9.5,0
4,203504,Trey Burke,10.0,4.0,13.0,1.0,1.0,0.0,3.0,1.0,5.0,0.0,2.0,2.0,-19.0,36:04,5.1,0
5,202692,Alec Burks,15.0,6.0,9.0,4.0,3.0,0.0,1.0,1.0,2.0,1.0,5.0,4.0,-16.0,17:49,8.1,0
6,202683,Enes Kanter,9.0,4.0,8.0,2.0,1.0,3.0,6.0,0.0,2.0,0.0,4.0,6.0,-25.0,24:40,2.3,0
7,203546,Ian Clark,2.0,1.0,2.0,0.0,0.0,0.0,0.0,0.0,0.0,0.0,5.0,1.0,-12.0,9:58,-2.0,0
8,202379,Jeremy Evans,2.0,1.0,4.0,0.0,0.0,1.0,1.0,1.0,0.0,1.0,2.0,0.0,-24.0,22:29,1.5,0
9,203197,Diante Garrett,3.0,1.0,4.0,0.0,0.0,0.0,1.0,0.0,2.0,0.0,0.0,0.0,-6.0,7:32,2.3,0
10,101249,John Lucas III,2.0,1.0,7.0,0.0,0.0,1.0,0.0,1.0,2.0,0.0,0.0,0.0,-15.0,12:16,0.6,0
11,201575,Brandon Rush,2.0,1.0,2.0,1.0,0.0,1.0,1.0,0.0,0.0,1.0,1.0,2.0,-14.0,7:37,-0.1,0
12,203497,Rudy Gobert,2.0,1.0,2.0,0.0,0.0,1.0,2.0,0.0,0.0,0.0,0.0,0.0,-3.0,5:11,2.3,0
13,202718,Chandler Parsons,6.0,3.0,5.0,0.0,0.0,0.0,2.0,1.0,7.0,2.0,3.0,1.0,15.0,28:51,9.4,1
14,203093,Terrence Jones,30.0,11.0,15.0,7.0,5.0,1.0,4.0,1.0,1.0,4.0,1.0,0.0,29.0,38:12,29.1,1
15,201600,Omer Asik,12.0,5.0,12.0,4.0,2.0,4.0,7.0,0.0,0.0,1.0,3.0,1.0,24.0,28:17,8.2,1
16,201935,James Harden,15.0,5.0,10.0,3.0,3.0,0.0,1.0,0.0,5.0,0.0,3.0,1.0,11.0,26:38,11.6,1
17,201976,Patrick Beverley,19.0,6.0,9.0,5.0,5.0,1.0,6.0,1.0,3.0,1.0,1.0,3.0,19.0,32:04,18.0,1
18,202700,Donatas Motiejunas,7.0,3.0,7.0,2.0,0.0,1.0,10.0,2.0,3.0,1.0,6.0,5.0,23.0,27:39,3.6,1
19,202391,Jeremy Lin,17.0,7.0,10.0,3.0,2.0,1.0,3.0,0.0,9.0,2.0,2.0,5.0,31.0,28:59,15.9,1
20,202706,Jordan Hamilton,15.0,5.0,7.0,2.0,2.0,0.0,4.0,0.0,1.0,1.0,3.0,2.0,23.0,19:09,11.5,1
21,203477,Isaiah Canaan,3.0,1.0,4.0,0.0,0.0,0.0,1.0,2.0,2.0,0.0,0.0,1.0,15.0,8:19,3.3,1
22,101128,Francisco Garcia,0.0,0.0,0.0,0.0,0.0,0.0,0.0,0.0,0.0,0.0,0.0,0.0,0.0,1:53,0.0,1
23,201956,Omri Casspi,,,,,,,,,,,,,,,0.0,1
24,2730,Dwight Howard,,,,,,,,,,,,,,,0.0,1
25,202962,Greg Smith,,,,,,,,,,,,,,,0.0,1
