,id,name,PTS,FG,FGA,FTA,FT,OREB,DREB,STL,AST,BLK,PF,TO,PLUS_MINUS,MIN,GS,WIN
0,201145,Jeff Green,4.0,2.0,7.0,0.0,0.0,0.0,2.0,0.0,1.0,0.0,3.0,0.0,-31.0,22:15,0.0,0
1,101138,Brandon Bass,9.0,4.0,8.0,2.0,1.0,2.0,0.0,0.0,0.0,0.0,2.0,0.0,-20.0,20:12,5.2,0
2,203543,Vitor Faverani,5.0,2.0,6.0,2.0,1.0,4.0,1.0,0.0,1.0,0.0,5.0,1.0,-19.0,14:28,2.0,0
3,202340,Avery Bradley,11.0,5.0,22.0,0.0,0.0,3.0,2.0,2.0,0.0,0.0,1.0,3.0,-36.0,27:19,-1.1,0
4,202348,Jordan Crawford,6.0,1.0,8.0,3.0,3.0,0.0,1.0,2.0,4.0,0.0,0.0,3.0,-32.0,23:05,2.9,0
5,203096,Jared Sullinger,10.0,4.0,10.0,2.0,1.0,4.0,5.0,0.0,2.0,0.0,2.0,2.0,-6.0,21:49,7.1,0
6,203482,Kelly Olynyk,9.0,4.0,11.0,0.0,0.0,4.0,4.0,3.0,1.0,1.0,3.0,1.0,-1.0,22:24,9.1,0
7,2222,Gerald Wallace,2.0,1.0,1.0,0.0,0.0,0.0,1.0,0.0,1.0,0.0,0.0,1.0,-13.0,10:41,1.7,0
8,201584,Courtney Lee,17.0,7.0,16.0,0.0,0.0,0.0,2.0,0.0,1.0,0.0,2.0,0.0,4.0,23:25,9.1,0
9,2586,Keith Bogans,0.0,0.0,0.0,0.0,0.0,0.0,0.0,1.0,0.0,0.0,0.0,0.0,12.0,12:25,1.0,0
10,203515,Phil Pressey,5.0,0.0,3.0,7.0,5.0,0.0,0.0,2.0,5.0,0.0,0.0,1.0,16.0,21:00,6.6,0
11,2743,Kris Humphries,6.0,2.0,4.0,2.0,2.0,1.0,5.0,0.0,0.0,2.0,1.0,0.0,3.0,14:08,7.2,0
12,202705,MarShon Brooks,1.0,0.0,3.0,2.0,1.0,0.0,2.0,0.0,0.0,0.0,0.0,0.0,3.0,6:49,-0.9,0
13,202718,Chandler Parsons,11.0,4.0,8.0,3.0,2.0,0.0,1.0,0.0,6.0,1.0,1.0,0.0,27.0,29:52,11.4,1
14,203093,Terrence Jones,24.0,10.0,12.0,4.0,3.0,3.0,6.0,0.0,1.0,2.0,0.0,1.0,20.0,27:09,24.2,1
15,2730,Dwight Howard,10.0,3.0,4.0,8.0,4.0,1.0,11.0,2.0,2.0,3.0,3.0,3.0,21.0,27:52,12.1,1
16,201935,James Harden,15.0,5.0,8.0,2.0,2.0,0.0,4.0,1.0,5.0,1.0,2.0,7.0,32.0,31:24,10.0,1
17,201976,Patrick Beverley,16.0,6.0,9.0,2.0,2.0,0.0,4.0,0.0,1.0,0.0,3.0,1.0,30.0,23:03,11.8,1
18,202391,Jeremy Lin,11.0,4.0,7.0,2.0,2.0,0.0,0.0,1.0,5.0,1.0,2.0,1.0,0.0,23:37,11.1,1
19,201956,Omri Casspi,5.0,2.0,6.0,0.0,0.0,0.0,4.0,3.0,1.0,1.0,2.0,2.0,6.0,24:47,4.4,1
20,202700,Donatas Motiejunas,5.0,2.0,8.0,1.0,1.0,0.0,5.0,0.0,0.0,1.0,1.0,2.0,-3.0,18:08,0.0,1
21,101128,Francisco Garcia,4.0,2.0,3.0,0.0,0.0,0.0,5.0,0.0,1.0,0.0,2.0,0.0,-3.0,18:08,4.1,1
22,201166,Aaron Brooks,4.0,2.0,4.0,0.0,0.0,0.0,0.0,0.0,0.0,0.0,3.0,1.0,-7.0,9:11,-0.2,1
23,201600,Omer Asik,4.0,1.0,3.0,2.0,2.0,2.0,2.0,0.0,0.0,0.0,1.0,1.0,-3.0,6:49,2.9,1
24,200758,Ronnie Brewer,,,,,,,,,,,,,,,0.0,1
25,202962,Greg Smith,,,,,,,,,,,,,,,0.0,1
