,id,name,PTS,FG,FGA,FTA,FT,OREB,DREB,STL,AST,BLK,PF,TO,PLUS_MINUS,MIN,GS,WIN
0,2772,Trevor Ariza,8.0,3.0,10.0,2.0,2.0,1.0,2.0,1.0,2.0,0.0,2.0,0.0,-10.0,27:29,5.1,1
1,202344,Trevor Booker,14.0,7.0,10.0,0.0,0.0,1.0,2.0,0.0,0.0,1.0,0.0,1.0,-6.0,28:04,10.8,1
2,101162,Marcin Gortat,12.0,4.0,12.0,4.0,4.0,2.0,4.0,0.0,3.0,1.0,3.0,3.0,1.0,30:56,6.4,1
3,203078,Bradley Beal,16.0,4.0,10.0,10.0,6.0,2.0,2.0,3.0,1.0,0.0,4.0,1.0,26.0,35:21,12.1,1
4,202322,John Wall,10.0,3.0,10.0,4.0,4.0,1.0,4.0,0.0,12.0,1.0,3.0,1.0,-9.0,37:07,13.0,1
5,2403,Nene,17.0,7.0,11.0,6.0,3.0,1.0,2.0,1.0,2.0,1.0,0.0,2.0,6.0,19:55,13.3,1
6,101110,Martell Webster,1.0,0.0,2.0,2.0,1.0,0.0,0.0,1.0,0.0,0.0,0.0,1.0,-4.0,7:31,-0.8,1
7,203490,Otto Porter Jr.,9.0,4.0,10.0,1.0,1.0,3.0,6.0,0.0,0.0,0.0,1.0,0.0,10.0,25:45,7.1,1
8,1733,Al Harrington,9.0,3.0,7.0,4.0,3.0,2.0,7.0,1.0,0.0,0.0,0.0,1.0,17.0,16:59,8.4,1
9,202066,Garrett Temple,0.0,0.0,0.0,0.0,0.0,0.0,0.0,0.0,0.0,0.0,0.0,0.0,0.0,0:01,0.0,1
10,1889,Andre Miller,0.0,0.0,0.0,0.0,0.0,0.0,2.0,0.0,4.0,0.0,6.0,2.0,19.0,10:52,-1.0,1
11,2400,Drew Gooden,,,,,,,,,,,,,,,0.0,1
12,202338,Kevin Seraphin,,,,,,,,,,,,,,,0.0,1
13,203090,Maurice Harkless,2.0,1.0,4.0,0.0,0.0,0.0,2.0,0.0,0.0,0.0,3.0,1.0,-3.0,30:26,-2.0,0
14,203124,Kyle O'Quinn,13.0,6.0,9.0,4.0,1.0,2.0,7.0,0.0,1.0,3.0,2.0,1.0,6.0,24:32,12.4,0
15,203473,Dewayne Dedmon,4.0,1.0,7.0,2.0,2.0,4.0,6.0,1.0,1.0,1.0,3.0,1.0,-8.0,24:55,4.3,0
16,201167,Arron Afflalo,19.0,6.0,14.0,6.0,6.0,0.0,2.0,1.0,1.0,0.0,0.0,2.0,-1.0,31:14,11.9,0
17,2749,Jameer Nelson,12.0,5.0,16.0,4.0,2.0,2.0,5.0,2.0,11.0,0.0,4.0,4.0,1.0,33:58,9.0,0
18,203094,Andrew Nicholson,4.0,2.0,8.0,0.0,0.0,2.0,3.0,1.0,1.0,0.0,6.0,0.0,-1.0,22:09,0.8,0
19,203117,Doron Lamb,11.0,4.0,5.0,0.0,0.0,0.0,1.0,1.0,1.0,0.0,2.0,0.0,-6.0,19:07,10.3,0
20,203506,Victor Oladipo,6.0,3.0,5.0,0.0,0.0,0.0,2.0,2.0,1.0,0.0,5.0,3.0,-9.0,16:00,2.0,0
21,202699,Tobias Harris,10.0,4.0,7.0,2.0,2.0,0.0,3.0,1.0,2.0,1.0,5.0,2.0,-17.0,24:24,6.7,0
22,202734,E'Twaun Moore,5.0,0.0,2.0,6.0,5.0,0.0,1.0,0.0,2.0,0.0,1.0,2.0,-12.0,13:15,2.5,0
23,101131,Jason Maxiell,,,,,,,,,,,,,,,0.0,0
24,101179,Ronnie Price,,,,,,,,,,,,,,,0.0,0
25,202696,Nikola Vucevic,,,,,,,,,,,,,,,0.0,0
