,id,name,PTS,FG,FGA,FTA,FT,OREB,DREB,STL,AST,BLK,PF,TO,PLUS_MINUS,MIN,GS,WIN
0,2207,Joe Johnson,27.0,10.0,16.0,4.0,3.0,0.0,2.0,3.0,6.0,0.0,1.0,0.0,7.0,38:09,26.8,1
1,1718,Paul Pierce,7.0,3.0,8.0,0.0,0.0,1.0,5.0,0.0,1.0,0.0,1.0,1.0,9.0,27:04,4.1,1
2,708,Kevin Garnett,6.0,3.0,5.0,0.0,0.0,1.0,3.0,0.0,2.0,1.0,0.0,1.0,-2.0,16:55,6.4,1
3,2733,Shaun Livingston,9.0,3.0,7.0,4.0,3.0,0.0,5.0,0.0,7.0,1.0,4.0,2.0,11.0,39:30,8.4,1
4,101114,Deron Williams,19.0,6.0,15.0,6.0,5.0,0.0,4.0,1.0,7.0,0.0,1.0,1.0,-1.0,35:38,16.2,1
5,101154,Andray Blatche,25.0,11.0,20.0,4.0,3.0,2.0,4.0,1.0,1.0,1.0,4.0,1.0,8.0,31:05,17.4,1
6,1905,Andrei Kirilenko,4.0,2.0,2.0,2.0,0.0,1.0,2.0,3.0,1.0,1.0,2.0,0.0,5.0,23:34,7.5,1
7,203141,Mirza Teletovic,8.0,3.0,7.0,0.0,0.0,0.0,3.0,1.0,0.0,0.0,1.0,0.0,-6.0,18:14,5.8,1
8,101187,Alan Anderson,0.0,0.0,2.0,0.0,0.0,0.0,0.0,0.0,0.0,0.0,2.0,0.0,-1.0,9:51,-2.2,1
9,203486,Mason Plumlee,,,,,,,,,,,,,,,0.0,1
10,203104,Marquis Teague,,,,,,,,,,,,,,,0.0,1
11,2210,Richard Jefferson,8.0,3.0,7.0,0.0,0.0,0.0,2.0,0.0,1.0,0.0,3.0,1.0,-3.0,27:50,3.4,0
12,101107,Marvin Williams,12.0,4.0,9.0,3.0,3.0,0.0,3.0,0.0,2.0,0.0,2.0,0.0,-4.0,27:35,8.8,0
13,202683,Enes Kanter,18.0,8.0,14.0,2.0,2.0,6.0,4.0,0.0,1.0,0.0,3.0,2.0,1.0,33:11,14.3,0
14,202330,Gordon Hayward,9.0,3.0,11.0,2.0,2.0,0.0,5.0,0.0,3.0,0.0,0.0,3.0,2.0,33:19,3.1,0
15,203504,Trey Burke,14.0,6.0,12.0,0.0,0.0,0.0,3.0,0.0,10.0,0.0,1.0,1.0,-8.0,30:40,14.5,0
16,202692,Alec Burks,23.0,7.0,14.0,9.0,8.0,2.0,4.0,0.0,3.0,0.0,2.0,4.0,-7.0,28:48,15.5,0
17,203197,Diante Garrett,7.0,3.0,6.0,0.0,0.0,0.0,0.0,0.0,0.0,0.0,3.0,4.0,1.0,17:15,-1.2,0
18,202379,Jeremy Evans,3.0,1.0,3.0,1.0,1.0,4.0,9.0,1.0,0.0,0.0,1.0,0.0,-2.0,20:25,7.4,0
19,203497,Rudy Gobert,2.0,1.0,3.0,0.0,0.0,1.0,3.0,1.0,0.0,1.0,1.0,2.0,-7.0,14:49,1.2,0
20,201575,Brandon Rush,3.0,1.0,3.0,0.0,0.0,0.0,0.0,0.0,0.0,0.0,0.0,1.0,-3.0,6:08,0.3,0
21,2740,Andris Biedrins,,,,,,,,,,,,,,,0.0,0
22,101249,John Lucas III,,,,,,,,,,,,,,,0.0,0
23,202952,Malcolm Thomas,,,,,,,,,,,,,,,0.0,0
