,id,name,PTS,FG,FGA,FTA,FT,OREB,DREB,STL,AST,BLK,PF,TO,PLUS_MINUS,MIN,GS,WIN
0,202718,Chandler Parsons,19.0,8.0,13.0,2.0,1.0,1.0,2.0,2.0,8.0,1.0,2.0,1.0,24.0,31:34,20.5,1
1,203093,Terrence Jones,33.0,13.0,18.0,8.0,6.0,2.0,5.0,1.0,2.0,1.0,3.0,0.0,21.0,32:35,29.6,1
2,201600,Omer Asik,10.0,4.0,7.0,2.0,2.0,0.0,15.0,1.0,0.0,2.0,2.0,3.0,24.0,24:25,9.8,1
3,201935,James Harden,33.0,10.0,15.0,11.0,10.0,1.0,2.0,0.0,12.0,1.0,3.0,1.0,26.0,31:46,34.3,1
4,202391,Jeremy Lin,9.0,4.0,8.0,0.0,0.0,2.0,2.0,3.0,6.0,1.0,4.0,3.0,10.0,26:15,10.3,1
5,202700,Donatas Motiejunas,13.0,5.0,11.0,5.0,3.0,4.0,11.0,0.0,0.0,1.0,1.0,1.0,-11.0,23:30,11.9,1
6,203477,Isaiah Canaan,15.0,6.0,8.0,0.0,0.0,0.0,1.0,0.0,1.0,0.0,1.0,2.0,0.0,26:52,10.4,1
7,101128,Francisco Garcia,5.0,2.0,9.0,0.0,0.0,1.0,2.0,0.0,3.0,2.0,5.0,2.0,-5.0,22:59,0.3,1
8,201956,Omri Casspi,6.0,3.0,4.0,0.0,0.0,1.0,4.0,1.0,1.0,0.0,0.0,1.0,-9.0,13:11,7.0,1
9,202706,Jordan Hamilton,2.0,1.0,4.0,0.0,0.0,0.0,2.0,0.0,0.0,0.0,1.0,0.0,-5.0,6:53,-0.2,1
10,201976,Patrick Beverley,,,,,,,,,,,,,,,0.0,1
11,2730,Dwight Howard,,,,,,,,,,,,,,,0.0,1
12,202962,Greg Smith,,,,,,,,,,,,,,,0.0,1
13,202325,Wesley Johnson,11.0,3.0,11.0,2.0,2.0,1.0,3.0,1.0,5.0,0.0,1.0,2.0,-26.0,38:42,8.2,0
14,203527,Ryan Kelly,18.0,5.0,11.0,11.0,8.0,0.0,3.0,1.0,2.0,1.0,4.0,0.0,-25.0,31:53,13.5,0
15,201941,Jordan Hill,12.0,5.0,9.0,2.0,2.0,1.0,4.0,1.0,3.0,3.0,4.0,1.0,-15.0,23:41,12.2,0
16,201975,Jodie Meeks,30.0,12.0,21.0,5.0,4.0,1.0,3.0,1.0,6.0,0.0,0.0,1.0,-8.0,38:09,25.5,0
17,203088,Kendall Marshall,0.0,0.0,4.0,0.0,0.0,0.0,0.0,1.0,4.0,0.0,1.0,1.0,-15.0,19:02,-0.4,0
18,200770,Jordan Farmar,15.0,5.0,10.0,3.0,3.0,0.0,5.0,3.0,8.0,2.0,0.0,4.0,6.0,26:33,17.5,0
19,201156,Nick Young,32.0,11.0,19.0,6.0,4.0,0.0,1.0,0.0,3.0,0.0,4.0,0.0,-3.0,22:56,23.1,0
20,203135,Robert Sacre,6.0,2.0,6.0,2.0,2.0,1.0,5.0,0.0,0.0,1.0,6.0,1.0,3.0,19:34,2.1,0
21,959,Steve Nash,3.0,1.0,2.0,0.0,0.0,1.0,2.0,0.0,5.0,0.0,0.0,1.0,2.0,13:10,5.8,0
22,202705,MarShon Brooks,3.0,0.0,2.0,4.0,3.0,0.0,2.0,0.0,2.0,0.0,0.0,0.0,6.0,6:20,3.2,0
23,203145,Kent Bazemore,,,,,,,,,,,,,,,0.0,0
24,2200,Pau Gasol,,,,,,,,,,,,,,,0.0,0
25,2549,Chris Kaman,,,,,,,,,,,,,,,0.0,0
