,id,name,PTS,FG,FGA,FTA,FT,OREB,DREB,STL,AST,BLK,PF,TO,PLUS_MINUS,MIN,GS,WIN
0,2399,Mike Dunleavy,7.0,3.0,9.0,0.0,0.0,0.0,2.0,1.0,1.0,0.0,2.0,4.0,-2.0,31:44,-0.6,0
1,2430,Carlos Boozer,12.0,5.0,9.0,2.0,2.0,1.0,5.0,0.0,1.0,0.0,2.0,3.0,0.0,30:10,6.8,0
2,201149,Joakim Noah,9.0,2.0,5.0,6.0,5.0,4.0,8.0,1.0,6.0,0.0,4.0,2.0,1.0,33:29,12.7,0
3,202710,Jimmy Butler,9.0,2.0,9.0,4.0,4.0,0.0,3.0,4.0,4.0,0.0,0.0,2.0,5.0,38:49,9.2,0
4,2550,Kirk Hinrich,18.0,8.0,15.0,0.0,0.0,0.0,5.0,0.0,5.0,3.0,2.0,2.0,3.0,28:29,15.0,0
5,203503,Tony Snell,8.0,3.0,8.0,2.0,1.0,0.0,1.0,1.0,5.0,1.0,0.0,0.0,-9.0,25:37,8.7,0
6,201959,Taj Gibson,12.0,6.0,10.0,0.0,0.0,2.0,2.0,0.0,0.0,1.0,2.0,2.0,-9.0,26:23,7.3,0
7,201571,D.J. Augustin,16.0,5.0,10.0,2.0,2.0,0.0,1.0,1.0,2.0,0.0,1.0,0.0,-6.0,19:31,13.3,0
8,1737,Nazr Mohammed,2.0,1.0,1.0,0.0,0.0,0.0,0.0,0.0,0.0,0.0,2.0,0.0,2.0,5:48,0.9,0
9,201858,Cartier Martin,,,,,,,,,,,,,,,0.0,0
10,203513,Erik Murphy,,,,,,,,,,,,,,,0.0,0
11,203104,Marquis Teague,,,,,,,,,,,,,,,0.0,0
12,2772,Trevor Ariza,4.0,2.0,5.0,0.0,0.0,0.0,8.0,2.0,3.0,1.0,0.0,2.0,6.0,32:36,6.5,1
13,2403,Nene,10.0,3.0,15.0,6.0,4.0,1.0,6.0,1.0,4.0,2.0,3.0,4.0,-10.0,34:37,2.4,1
14,101162,Marcin Gortat,13.0,6.0,12.0,1.0,1.0,1.0,5.0,0.0,1.0,3.0,3.0,2.0,4.0,34:36,8.8,1
15,203078,Bradley Beal,14.0,6.0,10.0,0.0,0.0,0.0,2.0,2.0,0.0,0.0,4.0,1.0,1.0,22:36,9.4,1
16,202322,John Wall,23.0,9.0,15.0,6.0,5.0,2.0,2.0,1.0,11.0,0.0,3.0,4.0,7.0,33:47,21.2,1
17,101110,Martell Webster,14.0,5.0,8.0,0.0,0.0,0.0,1.0,2.0,3.0,0.0,0.0,1.0,0.0,36:00,13.8,1
18,202344,Trevor Booker,12.0,6.0,9.0,0.0,0.0,3.0,4.0,1.0,0.0,0.0,1.0,1.0,10.0,26:08,11.0,1
19,202066,Garrett Temple,6.0,3.0,5.0,0.0,0.0,1.0,0.0,0.0,5.0,1.0,3.0,0.0,-4.0,14:23,7.4,1
20,203490,Otto Porter Jr.,0.0,0.0,0.0,0.0,0.0,0.0,0.0,0.0,0.0,0.0,0.0,1.0,-1.0,4:48,-1.0,1
21,202338,Kevin Seraphin,0.0,0.0,0.0,0.0,0.0,0.0,0.0,0.0,0.0,1.0,0.0,0.0,2.0,0:28,0.7,1
22,201953,Eric Maynor,,,,,,,,,,,,,,,0.0,1
23,202698,Chris Singleton,,,,,,,,,,,,,,,0.0,1
24,202686,Jan Vesely,,,,,,,,,,,,,,,0.0,1
