,id,name,PTS,FG,FGA,FTA,FT,OREB,DREB,STL,AST,BLK,PF,TO,PLUS_MINUS,MIN,GS,WIN
0,2544,LeBron James,17.0,8.0,23.0,0.0,0.0,1.0,8.0,3.0,8.0,1.0,1.0,4.0,6.0,45:19,12.1,0
1,2203,Shane Battier,0.0,0.0,2.0,0.0,0.0,0.0,1.0,0.0,0.0,1.0,4.0,1.0,1.0,9:26,-3.0,0
2,2547,Chris Bosh,15.0,6.0,10.0,0.0,0.0,0.0,5.0,1.0,1.0,0.0,5.0,0.0,3.0,37:53,11.6,0
3,2548,Dwyane Wade,25.0,7.0,16.0,12.0,11.0,1.0,4.0,2.0,4.0,0.0,3.0,4.0,-11.0,39:31,17.7,0
4,201596,Mario Chalmers,9.0,1.0,4.0,7.0,7.0,1.0,5.0,1.0,5.0,0.0,5.0,5.0,5.0,37:15,6.3,0
5,2365,Chris Andersen,2.0,1.0,2.0,0.0,0.0,2.0,11.0,0.0,0.0,6.0,0.0,0.0,2.0,33:04,9.9,0
6,951,Ray Allen,7.0,2.0,5.0,1.0,1.0,0.0,1.0,0.0,0.0,0.0,0.0,1.0,-12.0,20:44,3.6,0
7,201563,Michael Beasley,2.0,1.0,5.0,0.0,0.0,0.0,1.0,1.0,1.0,0.0,0.0,1.0,-10.0,15:07,-0.1,0
8,202708,Norris Cole,11.0,4.0,7.0,2.0,2.0,0.0,0.0,0.0,1.0,0.0,2.0,1.0,-7.0,18:04,6.6,0
9,201141,Greg Oden,0.0,0.0,0.0,0.0,0.0,1.0,0.0,0.0,0.0,1.0,1.0,0.0,-12.0,8:37,1.0,0
10,201962,Toney Douglas,,,,,,,,,,,,,,,0.0,0
11,2617,Udonis Haslem,,,,,,,,,,,,,,,0.0,0
12,1740,Rashard Lewis,,,,,,,,,,,,,,,0.0,0
13,2399,Mike Dunleavy,8.0,4.0,8.0,0.0,0.0,0.0,3.0,2.0,2.0,0.0,2.0,1.0,-6.0,24:53,6.5,1
14,2430,Carlos Boozer,9.0,4.0,14.0,2.0,1.0,1.0,3.0,1.0,2.0,0.0,2.0,1.0,-7.0,28:27,2.6,1
15,201149,Joakim Noah,20.0,9.0,16.0,4.0,2.0,6.0,6.0,0.0,7.0,4.0,3.0,1.0,8.0,42:02,23.1,1
16,202710,Jimmy Butler,16.0,4.0,15.0,6.0,6.0,2.0,9.0,4.0,0.0,2.0,1.0,2.0,3.0,47:50,14.2,1
17,2550,Kirk Hinrich,11.0,5.0,11.0,0.0,0.0,0.0,3.0,2.0,4.0,0.0,5.0,5.0,6.0,34:20,4.0,1
18,203503,Tony Snell,0.0,0.0,1.0,0.0,0.0,0.0,2.0,0.0,4.0,1.0,2.0,0.0,9.0,14:45,2.6,1
19,201959,Taj Gibson,7.0,3.0,11.0,3.0,1.0,3.0,7.0,2.0,4.0,0.0,0.0,1.0,14.0,31:16,7.7,1
20,201571,D.J. Augustin,22.0,8.0,13.0,2.0,2.0,0.0,1.0,0.0,2.0,0.0,1.0,1.0,9.0,37:12,16.4,1
21,1737,Nazr Mohammed,2.0,1.0,1.0,0.0,0.0,1.0,0.0,0.0,0.0,0.0,2.0,0.0,-1.0,4:15,1.6,1
22,202690,Jimmer Fredette,,,,,,,,,,,,,,,0.0,1
23,203513,Erik Murphy,,,,,,,,,,,,,,,0.0,1
24,203129,Tornike Shengelia,,,,,,,,,,,,,,,0.0,1
