,id,name,PTS,FG,FGA,FTA,FT,OREB,DREB,STL,AST,BLK,PF,TO,PLUS_MINUS,MIN,GS,WIN
0,200752,Rudy Gay,5.0,2.0,11.0,2.0,1.0,2.0,2.0,0.0,4.0,1.0,2.0,4.0,-13.0,32:17,-1.6,0
1,201574,Jason Thompson,6.0,3.0,4.0,2.0,0.0,2.0,7.0,0.0,1.0,0.0,5.0,1.0,-9.0,29:58,4.8,0
2,202326,DeMarcus Cousins,14.0,3.0,16.0,9.0,8.0,6.0,6.0,2.0,2.0,2.0,3.0,4.0,-6.0,38:35,9.2,0
3,201977,Marcus Thornton,6.0,2.0,7.0,0.0,0.0,0.0,1.0,0.0,0.0,0.0,2.0,1.0,-8.0,22:44,0.4,0
4,202738,Isaiah Thomas,30.0,11.0,24.0,8.0,8.0,2.0,1.0,3.0,8.0,0.0,2.0,4.0,-4.0,43:12,23.1,0
5,203112,Quincy Acy,2.0,1.0,2.0,0.0,0.0,1.0,6.0,3.0,1.0,0.0,1.0,1.0,1.0,15:15,5.8,0
6,202682,Derrick Williams,6.0,2.0,2.0,2.0,2.0,0.0,2.0,0.0,0.0,0.0,0.0,1.0,-5.0,19:46,5.0,0
7,203463,Ben McLemore,11.0,5.0,12.0,1.0,1.0,2.0,4.0,1.0,1.0,0.0,1.0,1.0,-1.0,25:16,7.5,0
8,202690,Jimmer Fredette,2.0,0.0,1.0,2.0,2.0,0.0,0.0,0.0,0.0,0.0,1.0,1.0,-5.0,4:48,-0.1,0
9,201171,Carl Landry,0.0,0.0,0.0,0.0,0.0,0.0,2.0,0.0,0.0,0.0,2.0,0.0,-1.0,2:53,-0.2,0
10,201189,Aaron Gray,2.0,0.0,3.0,2.0,2.0,2.0,1.0,0.0,0.0,0.0,0.0,0.0,6.0,5:17,1.6,0
11,203492,Ray McCallum,,,,,,,,,,,,,,,0.0,0
12,2566,Travis Outlaw,,,,,,,,,,,,,,,0.0,0
13,2772,Trevor Ariza,8.0,2.0,11.0,5.0,3.0,2.0,3.0,4.0,2.0,1.0,2.0,1.0,10.0,37:41,6.9,1
14,2403,Nene,18.0,6.0,13.0,7.0,6.0,2.0,3.0,2.0,5.0,3.0,3.0,1.0,10.0,34:55,18.6,1
15,101162,Marcin Gortat,17.0,6.0,10.0,5.0,5.0,2.0,6.0,0.0,1.0,0.0,3.0,2.0,-3.0,33:07,13.1,1
16,203078,Bradley Beal,16.0,6.0,10.0,0.0,0.0,0.0,6.0,1.0,5.0,0.0,2.0,2.0,11.0,34:01,14.9,1
17,202322,John Wall,12.0,5.0,13.0,2.0,1.0,0.0,2.0,1.0,4.0,1.0,2.0,5.0,9.0,36:17,3.8,1
18,101110,Martell Webster,8.0,3.0,10.0,0.0,0.0,0.0,2.0,0.0,0.0,2.0,1.0,0.0,-3.0,24:18,3.8,1
19,202338,Kevin Seraphin,10.0,5.0,9.0,0.0,0.0,4.0,4.0,0.0,0.0,0.0,3.0,2.0,6.0,22:50,6.5,1
20,202344,Trevor Booker,0.0,0.0,0.0,0.0,0.0,0.0,0.0,0.0,0.0,0.0,1.0,0.0,5.0,4:48,-0.4,1
21,202066,Garrett Temple,4.0,1.0,3.0,3.0,2.0,0.0,2.0,1.0,3.0,1.0,1.0,1.0,0.0,12:03,4.9,1
22,201953,Eric Maynor,,,,,,,,,,,,,,,0.0,1
23,203490,Otto Porter Jr.,,,,,,,,,,,,,,,0.0,1
24,202698,Chris Singleton,,,,,,,,,,,,,,,0.0,1
25,202686,Jan Vesely,,,,,,,,,,,,,,,0.0,1
