,id,name,PTS,FG,FGA,FTA,FT,OREB,DREB,STL,AST,BLK,PF,TO,PLUS_MINUS,MIN,GS,WIN
0,2203,Shane Battier,0,0,1,0,0,0,1,1,0,1,1,0,-7.0,16:06,0.9,0
1,2544,LeBron James,19,6,18,9,7,3,5,2,7,0,5,5,-10.0,38:04,11.5,0
2,2547,Chris Bosh,24,10,16,3,3,2,5,2,1,0,0,3,-14.0,34:30,19.4,0
3,2548,Dwyane Wade,16,7,15,3,2,0,3,1,7,0,2,2,-8.0,36:09,11.9,0
4,201596,Mario Chalmers,5,2,7,0,0,0,2,2,3,1,5,4,-21.0,26:51,0.3,0
5,951,Ray Allen,6,2,5,1,1,0,1,0,5,1,1,3,-11.0,21:42,4.4,0
6,2365,Chris Andersen,6,2,3,2,2,2,4,1,0,0,4,1,-13.0,17:01,5.7,0
7,201563,Michael Beasley,11,5,10,0,0,1,5,1,0,1,1,1,-4.0,20:59,8.5,0
8,202708,Norris Cole,0,0,4,0,0,0,1,0,2,0,1,1,-6.0,17:47,-2.5,0
9,201141,Greg Oden,0,0,0,0,0,0,1,0,0,0,2,0,-2.0,5:40,-0.5,0
10,2617,Udonis Haslem,0,0,0,0,0,0,0,0,0,0,0,0,-8.0,1:44,0.0,0
11,1740,Rashard Lewis,0,0,0,0,0,0,0,0,0,0,0,0,-8.0,1:44,0.0,0
12,201962,Toney Douglas,0,0,0,0,0,0,0,0,0,0,0,0,-8.0,1:44,0.0,0
13,202695,Kawhi Leonard,11,4,13,2,2,0,5,5,0,0,4,1,6.0,30:22,7.4,1
14,1495,Tim Duncan,23,9,13,5,5,2,9,0,2,1,4,3,7.0,33:20,19.1,1
15,2564,Boris Diaw,16,5,5,5,4,2,6,1,5,0,1,4,23.0,36:55,17.4,1
16,201980,Danny Green,6,2,8,0,0,0,3,1,3,3,2,3,10.0,20:49,3.5,1
17,2225,Tony Parker,17,6,14,6,5,0,1,2,4,0,0,2,11.0,31:18,12.3,1
18,1938,Manu Ginobili,6,3,6,0,0,0,0,0,4,0,4,1,10.0,19:57,3.2,1
19,201158,Marco Belinelli,8,3,5,2,2,0,2,0,3,0,2,1,-4.0,22:17,6.6,1
20,201168,Tiago Splitter,7,2,4,4,3,0,2,0,4,1,0,1,12.0,18:47,7.7,1
21,201988,Patty Mills,9,3,6,2,1,2,8,0,4,0,0,1,15.0,17:25,11.2,1
22,202709,Cory Joseph,0,0,2,0,0,0,0,0,0,0,0,0,6.0,3:38,-1.4,1
23,201948,Austin Daye,6,2,2,0,0,0,1,0,1,0,0,0,8.0,1:44,6.4,1
24,2588,Matt Bonner,2,1,1,0,0,1,0,0,0,0,0,0,8.0,1:44,2.4,1
25,203382,Aron Baynes,0,0,0,0,0,1,0,0,0,0,0,0,8.0,1:44,0.7,1
