,id,name,PTS,FG,FGA,FTA,FT,OREB,DREB,STL,AST,BLK,PF,TO,PLUS_MINUS,MIN,GS,WIN
0,201147,Corey Brewer,19.0,7.0,11.0,4.0,4.0,0.0,4.0,1.0,2.0,2.0,3.0,0.0,25.0,32:60,17.9,1
1,201567,Kevin Love,19.0,7.0,15.0,5.0,4.0,3.0,10.0,0.0,7.0,0.0,1.0,2.0,26.0,37:54,18.5,1
2,201593,Nikola Pekovic,18.0,7.0,14.0,4.0,4.0,2.0,7.0,0.0,2.0,0.0,4.0,2.0,26.0,32:09,12.3,1
3,2755,Kevin Martin,18.0,5.0,16.0,6.0,6.0,0.0,4.0,1.0,2.0,0.0,2.0,1.0,24.0,27:18,10.6,1
4,201937,Ricky Rubio,11.0,3.0,5.0,4.0,4.0,2.0,3.0,5.0,13.0,0.0,3.0,1.0,20.0,39:05,22.9,1
5,101142,Ronny Turiaf,2.0,1.0,1.0,1.0,0.0,0.0,1.0,0.0,0.0,0.0,3.0,0.0,-7.0,13:30,0.4,1
6,203144,Alexey Shved,0.0,0.0,1.0,0.0,0.0,0.0,0.0,0.0,0.0,0.0,0.0,0.0,4.0,1:51,-0.7,1
7,200826,J.J. Barea,15.0,6.0,11.0,0.0,0.0,0.0,1.0,1.0,3.0,0.0,1.0,1.0,-9.0,21:21,11.7,1
8,201978,Chase Budinger,0.0,0.0,4.0,0.0,0.0,0.0,1.0,0.0,2.0,0.0,1.0,1.0,-6.0,12:39,-2.5,1
9,201967,Dante Cunningham,6.0,3.0,8.0,0.0,0.0,1.0,3.0,0.0,0.0,0.0,1.0,0.0,-11.0,10:06,2.8,1
10,201601,Luc Mbah a Moute,0.0,0.0,0.0,0.0,0.0,0.0,0.0,0.0,0.0,0.0,0.0,0.0,-9.0,6:25,0.0,1
11,203498,Shabazz Muhammad,2.0,1.0,2.0,0.0,0.0,0.0,0.0,0.0,0.0,0.0,0.0,0.0,-4.0,2:21,1.0,1
12,203476,Gorgui Dieng,2.0,1.0,2.0,0.0,0.0,0.0,0.0,0.0,0.0,0.0,0.0,0.0,-4.0,2:21,1.0,1
13,2210,Richard Jefferson,4.0,2.0,5.0,0.0,0.0,0.0,2.0,1.0,1.0,0.0,3.0,1.0,-17.0,17:45,1.4,0
14,101107,Marvin Williams,4.0,2.0,6.0,0.0,0.0,1.0,3.0,0.0,0.0,2.0,4.0,0.0,-15.0,18:39,2.0,0
15,202683,Enes Kanter,4.0,2.0,8.0,0.0,0.0,1.0,5.0,0.0,1.0,0.0,3.0,2.0,-25.0,20:44,-1.1,0
16,202330,Gordon Hayward,27.0,10.0,17.0,6.0,5.0,0.0,5.0,3.0,5.0,0.0,3.0,3.0,-20.0,36:20,22.5,0
17,203504,Trey Burke,9.0,4.0,10.0,0.0,0.0,0.0,2.0,0.0,5.0,1.0,2.0,2.0,-20.0,29:08,5.6,0
18,202692,Alec Burks,18.0,6.0,14.0,6.0,5.0,0.0,4.0,0.0,3.0,0.0,2.0,2.0,0.0,29:20,10.7,0
19,202379,Jeremy Evans,10.0,5.0,11.0,0.0,0.0,2.0,3.0,0.0,2.0,0.0,3.0,0.0,0.0,29:21,6.8,0
20,203497,Rudy Gobert,8.0,4.0,5.0,0.0,0.0,2.0,4.0,1.0,1.0,3.0,0.0,1.0,10.0,27:16,11.5,0
21,201575,Brandon Rush,2.0,1.0,3.0,0.0,0.0,0.0,2.0,0.0,1.0,0.0,0.0,1.0,-1.0,7:14,0.6,0
22,101249,John Lucas III,8.0,4.0,5.0,0.0,0.0,1.0,2.0,0.0,0.0,0.0,3.0,1.0,5.0,18:52,5.2,0
23,203197,Diante Garrett,0.0,0.0,0.0,0.0,0.0,0.0,1.0,0.0,1.0,0.0,0.0,0.0,4.0,3:00,1.0,0
24,203546,Ian Clark,3.0,1.0,3.0,0.0,0.0,0.0,1.0,0.0,2.0,0.0,0.0,0.0,4.0,2:21,3.0,0
25,2740,Andris Biedrins,,,,,,,,,,,,,,,0.0,0
