,id,name,PTS,FG,FGA,FTA,FT,OREB,DREB,STL,AST,BLK,PF,TO,PLUS_MINUS,MIN,GS,WIN
0,203090,Maurice Harkless,1.0,0.0,2.0,2.0,1.0,0.0,2.0,1.0,0.0,1.0,1.0,0.0,-4.0,32:14,1.1,0
1,203124,Kyle O'Quinn,6.0,2.0,9.0,3.0,2.0,4.0,7.0,2.0,4.0,1.0,1.0,4.0,-10.0,31:37,6.1,0
2,202696,Nikola Vucevic,8.0,4.0,7.0,1.0,0.0,2.0,1.0,0.0,0.0,0.0,1.0,1.0,-1.0,9:28,4.6,0
3,201167,Arron Afflalo,20.0,6.0,10.0,5.0,5.0,0.0,3.0,0.0,1.0,0.0,2.0,2.0,-15.0,38:35,14.2,0
4,203506,Victor Oladipo,14.0,6.0,18.0,2.0,1.0,0.0,3.0,2.0,9.0,0.0,2.0,6.0,-4.0,37:01,5.8,0
5,202699,Tobias Harris,23.0,7.0,13.0,11.0,8.0,2.0,7.0,0.0,3.0,0.0,2.0,1.0,-8.0,32:21,19.3,0
6,203094,Andrew Nicholson,9.0,3.0,7.0,2.0,2.0,1.0,3.0,0.0,0.0,0.0,4.0,1.0,-8.0,13:37,4.3,0
7,202734,E'Twaun Moore,0.0,0.0,7.0,0.0,0.0,3.0,2.0,2.0,0.0,0.0,0.0,1.0,-16.0,20:24,-1.2,0
8,101179,Ronnie Price,4.0,1.0,3.0,2.0,2.0,0.0,0.0,1.0,1.0,0.0,1.0,2.0,-12.0,9:27,1.6,0
9,203473,Dewayne Dedmon,6.0,2.0,3.0,2.0,2.0,0.0,0.0,1.0,0.0,1.0,0.0,1.0,-5.0,8:57,5.4,0
10,203117,Doron Lamb,2.0,1.0,1.0,0.0,0.0,1.0,2.0,0.0,0.0,0.0,1.0,0.0,3.0,6:19,2.6,0
11,101131,Jason Maxiell,,,,,,,,,,,,,,,0.0,0
12,2749,Jameer Nelson,,,,,,,,,,,,,,,0.0,0
13,200782,P.J. Tucker,8.0,4.0,7.0,0.0,0.0,0.0,4.0,2.0,1.0,0.0,3.0,1.0,-3.0,25:22,6.4,1
14,101112,Channing Frye,12.0,5.0,10.0,0.0,0.0,0.0,5.0,0.0,1.0,3.0,1.0,2.0,6.0,21:39,8.9,1
15,203101,Miles Plumlee,10.0,5.0,10.0,0.0,0.0,6.0,3.0,0.0,0.0,2.0,2.0,2.0,7.0,20:23,8.7,1
16,201609,Goran Dragic,18.0,8.0,13.0,0.0,0.0,0.0,1.0,2.0,6.0,0.0,2.0,1.0,18.0,33:42,16.8,1
17,202339,Eric Bledsoe,7.0,3.0,11.0,0.0,0.0,1.0,6.0,3.0,6.0,0.0,1.0,2.0,9.0,24:26,7.8,1
18,202693,Markieff Morris,12.0,4.0,8.0,5.0,4.0,1.0,4.0,1.0,1.0,0.0,3.0,1.0,7.0,25:12,9.0,1
19,101123,Gerald Green,14.0,5.0,10.0,1.0,0.0,0.0,2.0,1.0,1.0,0.0,3.0,4.0,10.0,25:24,5.7,1
20,203458,Alex Len,9.0,4.0,5.0,2.0,1.0,2.0,3.0,0.0,1.0,0.0,2.0,0.0,-3.0,11:25,8.9,1
21,202397,Ish Smith,4.0,2.0,3.0,0.0,0.0,0.0,2.0,1.0,2.0,1.0,2.0,2.0,16.0,19:46,3.6,1
22,202694,Marcus Morris Sr.,8.0,2.0,8.0,2.0,2.0,0.0,2.0,0.0,3.0,0.0,1.0,0.0,15.0,22:19,5.5,1
23,203462,Archie Goodwin,5.0,2.0,2.0,2.0,1.0,0.0,1.0,1.0,0.0,0.0,1.0,0.0,-2.0,7:18,4.9,1
24,202091,Dionte Christmas,2.0,1.0,2.0,0.0,0.0,0.0,0.0,0.0,0.0,0.0,0.0,0.0,0.0,1:32,1.0,1
25,101183,Shavlik Randolph,0.0,0.0,0.0,0.0,0.0,0.0,0.0,0.0,0.0,0.0,1.0,1.0,0.0,1:32,-1.4,1
