,id,name,PTS,FG,FGA,FTA,FT,OREB,DREB,STL,AST,BLK,PF,TO,PLUS_MINUS,MIN,GS,WIN
0,201601,Luc Mbah a Moute,6.0,2.0,4.0,2.0,2.0,1.0,3.0,1.0,3.0,1.0,6.0,1.0,0.0,27:45,6.0,0
1,201574,Jason Thompson,6.0,3.0,6.0,0.0,0.0,1.0,3.0,1.0,0.0,0.0,4.0,1.0,5.0,10:18,3.0,0
2,202326,DeMarcus Cousins,23.0,10.0,22.0,6.0,3.0,3.0,16.0,1.0,7.0,0.0,5.0,3.0,-3.0,38:20,18.2,0
3,203463,Ben McLemore,5.0,2.0,7.0,0.0,0.0,0.0,1.0,1.0,1.0,0.0,4.0,1.0,-14.0,15:42,0.3,0
4,202349,Greivis Vasquez,2.0,1.0,3.0,0.0,0.0,0.0,1.0,0.0,2.0,0.0,1.0,0.0,-8.0,15:00,1.6,0
5,202335,Patrick Patterson,21.0,8.0,16.0,7.0,5.0,3.0,4.0,2.0,1.0,0.0,5.0,1.0,-12.0,31:50,15.2,0
6,202738,Isaiah Thomas,22.0,5.0,12.0,13.0,11.0,0.0,2.0,1.0,5.0,0.0,2.0,2.0,7.0,33:00,17.1,0
7,2422,John Salmons,5.0,2.0,6.0,0.0,0.0,0.0,1.0,1.0,4.0,1.0,1.0,1.0,15.0,35:11,5.0,0
8,202690,Jimmer Fredette,2.0,0.0,1.0,2.0,2.0,0.0,0.0,0.0,0.0,0.0,1.0,0.0,-8.0,4:58,0.9,0
9,101236,Chuck Hayes,2.0,1.0,2.0,0.0,0.0,2.0,0.0,0.0,1.0,0.0,0.0,0.0,-4.0,5:46,3.1,0
10,2566,Travis Outlaw,8.0,3.0,9.0,0.0,0.0,1.0,4.0,0.0,2.0,2.0,4.0,0.0,11.0,18:16,6.0,0
11,202380,Hamady Ndiaye,0.0,0.0,0.0,0.0,0.0,0.0,0.0,0.0,0.0,0.0,0.0,0.0,6.0,3:54,0.0,0
12,201977,Marcus Thornton,,,,,,,,,,,,,,,0.0,0
13,201162,Jared Dudley,11.0,4.0,7.0,2.0,0.0,0.0,2.0,0.0,2.0,1.0,2.0,0.0,-1.0,27:31,8.8,1
14,201933,Blake Griffin,16.0,3.0,10.0,13.0,9.0,3.0,7.0,1.0,4.0,0.0,5.0,6.0,4.0,40:14,8.6,1
15,201599,DeAndre Jordan,17.0,6.0,6.0,14.0,5.0,1.0,11.0,2.0,0.0,2.0,4.0,2.0,-12.0,37:46,15.4,1
16,200755,JJ Redick,15.0,5.0,11.0,5.0,4.0,0.0,0.0,0.0,1.0,1.0,1.0,3.0,1.0,31:21,6.9,1
17,101108,Chris Paul,22.0,7.0,13.0,8.0,5.0,0.0,6.0,1.0,9.0,0.0,5.0,2.0,3.0,37:55,19.6,1
18,203493,Reggie Bullock,3.0,1.0,4.0,0.0,0.0,0.0,2.0,0.0,0.0,0.0,1.0,1.0,12.0,13:36,-0.2,1
19,2037,Jamal Crawford,8.0,2.0,9.0,3.0,3.0,1.0,2.0,1.0,2.0,0.0,3.0,1.0,0.0,26:22,4.0,1
20,201954,Darren Collison,7.0,3.0,6.0,0.0,0.0,0.0,0.0,0.0,2.0,0.0,1.0,0.0,-2.0,10:05,5.0,1
21,200797,Ryan Hollins,4.0,2.0,2.0,0.0,0.0,0.0,4.0,0.0,0.0,1.0,1.0,2.0,3.0,8:39,2.9,1
22,201957,Byron Mullens,0.0,0.0,0.0,0.0,0.0,0.0,0.0,0.0,2.0,0.0,3.0,0.0,-3.0,6:31,0.2,1
23,2440,Matt Barnes,,,,,,,,,,,,,,,0.0,1
24,2584,Willie Green,,,,,,,,,,,,,,,0.0,1
25,1712,Antawn Jamison,,,,,,,,,,,,,,,0.0,1
