,id,name,PTS,FG,FGA,FTA,FT,OREB,DREB,STL,AST,BLK,PF,TO,PLUS_MINUS,MIN,GS,WIN
0,203507,Giannis Antetokounmpo,11.0,4.0,10.0,0.0,0.0,1.0,3.0,0.0,1.0,0.0,2.0,2.0,-19.0,30:05,5.1,0
1,101141,Ersan Ilyasova,2.0,1.0,6.0,0.0,0.0,0.0,3.0,0.0,1.0,0.0,2.0,0.0,-5.0,19:28,-1.0,0
2,202336,Larry Sanders,10.0,4.0,8.0,4.0,2.0,3.0,4.0,4.0,0.0,1.0,2.0,0.0,-5.0,20:36,12.4,0
3,2557,Luke Ridnour,2.0,1.0,5.0,0.0,0.0,0.0,0.0,0.0,3.0,0.0,1.0,0.0,-10.0,11:02,0.6,0
4,202688,Brandon Knight,21.0,8.0,16.0,3.0,3.0,0.0,1.0,0.0,3.0,0.0,1.0,3.0,-14.0,32:16,12.0,0
5,201564,O.J. Mayo,0.0,0.0,4.0,0.0,0.0,0.0,1.0,0.0,2.0,2.0,0.0,1.0,-13.0,19:02,-0.7,0
6,203114,Khris Middleton,8.0,4.0,7.0,2.0,0.0,0.0,0.0,4.0,2.0,0.0,1.0,0.0,-14.0,26:27,8.9,0
7,203089,John Henson,10.0,5.0,11.0,1.0,0.0,3.0,8.0,1.0,1.0,2.0,5.0,0.0,-15.0,23:48,9.5,0
8,203545,Miroslav Raduljica,2.0,1.0,3.0,0.0,0.0,1.0,2.0,0.0,0.0,0.0,2.0,1.0,-18.0,7:06,-0.2,0
9,202327,Ekpe Udoh,4.0,1.0,3.0,2.0,2.0,0.0,4.0,1.0,0.0,0.0,1.0,0.0,-5.0,20:18,4.1,0
10,202390,Gary Neal,3.0,1.0,8.0,0.0,0.0,1.0,1.0,0.0,3.0,0.0,1.0,1.0,-18.0,17:52,-0.5,0
11,203489,Nate Wolters,9.0,3.0,7.0,5.0,3.0,1.0,0.0,0.0,3.0,1.0,0.0,0.0,-4.0,12:00,8.0,0
12,2406,Caron Butler,,,,,,,,,,,,,,,0.0,0
13,202695,Kawhi Leonard,11.0,5.0,9.0,1.0,1.0,0.0,5.0,0.0,1.0,1.0,1.0,1.0,10.0,20:58,8.2,1
14,1495,Tim Duncan,11.0,4.0,7.0,7.0,3.0,1.0,12.0,0.0,2.0,3.0,1.0,0.0,14.0,27:45,13.5,1
15,2564,Boris Diaw,4.0,2.0,3.0,1.0,0.0,1.0,0.0,0.0,3.0,0.0,2.0,4.0,2.0,20:50,0.3,1
16,201158,Marco Belinelli,14.0,5.0,8.0,2.0,2.0,0.0,3.0,0.0,3.0,0.0,1.0,0.0,18.0,25:43,13.0,1
17,202709,Cory Joseph,12.0,4.0,8.0,2.0,2.0,1.0,3.0,0.0,3.0,0.0,2.0,1.0,15.0,26:01,9.9,1
18,201988,Patty Mills,20.0,8.0,12.0,0.0,0.0,0.0,2.0,3.0,7.0,0.0,2.0,1.0,21.0,26:43,21.5,1
19,1938,Manu Ginobili,1.0,0.0,3.0,2.0,1.0,0.0,2.0,1.0,7.0,0.0,2.0,3.0,18.0,22:09,1.2,1
20,201965,Jeff Ayres,13.0,5.0,6.0,3.0,3.0,2.0,4.0,0.0,0.0,0.0,2.0,1.0,17.0,14:43,11.6,1
21,203382,Aron Baynes,9.0,4.0,6.0,1.0,1.0,1.0,5.0,0.0,0.0,1.0,1.0,2.0,12.0,15:19,6.9,1
22,201986,Nando De Colo,13.0,5.0,10.0,0.0,0.0,0.0,4.0,2.0,2.0,1.0,2.0,1.0,6.0,25:09,11.5,1
23,202952,Malcolm Thomas,2.0,1.0,4.0,2.0,0.0,1.0,8.0,0.0,0.0,2.0,0.0,1.0,7.0,14:40,2.3,1
24,2588,Matt Bonner,,,,,,,,,,,,,,,0.0,1
25,2225,Tony Parker,,,,,,,,,,,,,,,0.0,1
