,id,name,PTS,FG,FGA,FTA,FT,OREB,DREB,STL,AST,BLK,PF,TO,PLUS_MINUS,MIN,GS,WIN
0,203114,Khris Middleton,8.0,3.0,14.0,3.0,1.0,4.0,4.0,1.0,3.0,0.0,3.0,1.0,-12.0,35:51,3.5,0
1,101141,Ersan Ilyasova,8.0,3.0,9.0,0.0,0.0,1.0,2.0,0.0,2.0,0.0,4.0,2.0,-9.0,25:53,2.0,0
2,202336,Larry Sanders,0.0,0.0,1.0,0.0,0.0,0.0,4.0,0.0,0.0,1.0,3.0,1.0,-7.0,6:30,-1.0,0
3,203507,Giannis Antetokounmpo,13.0,5.0,12.0,4.0,3.0,4.0,7.0,2.0,5.0,2.0,2.0,4.0,-10.0,38:09,13.2,0
4,202688,Brandon Knight,13.0,6.0,15.0,0.0,0.0,1.0,1.0,1.0,4.0,0.0,1.0,3.0,-18.0,34:40,6.3,0
5,203545,Miroslav Raduljica,9.0,3.0,6.0,3.0,3.0,1.0,2.0,1.0,0.0,0.0,5.0,0.0,-8.0,16:43,6.3,0
6,201564,O.J. Mayo,16.0,5.0,11.0,4.0,2.0,0.0,2.0,1.0,3.0,0.0,2.0,2.0,-8.0,30:06,10.4,0
7,2557,Luke Ridnour,16.0,6.0,11.0,0.0,0.0,0.0,1.0,0.0,5.0,0.0,1.0,2.0,-7.0,28:08,12.1,0
8,202327,Ekpe Udoh,2.0,1.0,2.0,0.0,0.0,2.0,4.0,1.0,0.0,1.0,2.0,0.0,-1.0,24:00,4.5,0
9,2406,Caron Butler,,,,,,,,,,,,,,,0.0,0
10,203089,John Henson,,,,,,,,,,,,,,,0.0,0
11,202390,Gary Neal,,,,,,,,,,,,,,,0.0,0
12,203489,Nate Wolters,,,,,,,,,,,,,,,0.0,0
13,201142,Kevin Durant,33.0,8.0,18.0,17.0,15.0,1.0,9.0,0.0,7.0,1.0,1.0,2.0,22.0,39:57,29.4,1
14,201586,Serge Ibaka,17.0,7.0,14.0,2.0,2.0,6.0,11.0,0.0,1.0,3.0,0.0,3.0,12.0,32:37,17.3,1
15,2570,Kendrick Perkins,3.0,1.0,5.0,2.0,1.0,3.0,5.0,0.0,0.0,0.0,3.0,4.0,-1.0,20:39,-2.1,1
16,200757,Thabo Sefolosha,14.0,6.0,16.0,0.0,0.0,3.0,3.0,2.0,4.0,2.0,2.0,1.0,10.0,38:49,12.6,1
17,202704,Reggie Jackson,2.0,1.0,8.0,0.0,0.0,0.0,2.0,2.0,3.0,0.0,2.0,2.0,8.0,24:10,-1.3,1
18,965,Derek Fisher,10.0,4.0,9.0,0.0,0.0,2.0,2.0,1.0,5.0,0.0,2.0,1.0,8.0,23:50,10.0,1
19,203500,Steven Adams,1.0,0.0,2.0,4.0,1.0,2.0,3.0,0.0,1.0,0.0,1.0,0.0,4.0,11:08,1.0,1
20,203087,Jeremy Lamb,17.0,6.0,10.0,2.0,2.0,2.0,1.0,1.0,2.0,1.0,2.0,3.0,18.0,28:28,13.4,1
21,2555,Nick Collison,4.0,2.0,3.0,0.0,0.0,2.0,1.0,0.0,1.0,0.0,3.0,0.0,2.0,13:38,3.9,1
22,203103,Perry Jones III,0.0,0.0,1.0,0.0,0.0,0.0,0.0,0.0,0.0,0.0,0.0,1.0,-3.0,6:44,-1.7,1
23,201934,Hasheem Thabeet,,,,,,,,,,,,,,,0.0,1
