,id,name,PTS,FG,FGA,FTA,FT,OREB,DREB,STL,AST,BLK,PF,TO,PLUS_MINUS,MIN,GS,WIN
0,1890,Shawn Marion,16.0,6.0,9.0,2.0,1.0,3.0,4.0,0.0,2.0,0.0,1.0,0.0,12.0,35:30,16.0,1
1,1717,Dirk Nowitzki,21.0,9.0,16.0,2.0,1.0,0.0,5.0,1.0,2.0,1.0,0.0,1.0,4.0,34:54,16.6,1
2,2223,Samuel Dalembert,9.0,3.0,3.0,3.0,3.0,0.0,7.0,0.0,1.0,0.0,5.0,1.0,4.0,20:10,7.9,1
3,101145,Monta Ellis,24.0,10.0,20.0,6.0,4.0,0.0,6.0,2.0,7.0,2.0,4.0,3.0,1.0,38:45,18.7,1
4,101181,Jose Calderon,4.0,2.0,8.0,0.0,0.0,0.0,0.0,1.0,4.0,0.0,3.0,1.0,-9.0,19:02,0.8,1
5,201971,DeJuan Blair,2.0,1.0,2.0,0.0,0.0,1.0,3.0,0.0,0.0,0.0,1.0,0.0,9.0,10:30,2.2,1
6,1713,Vince Carter,8.0,3.0,9.0,0.0,0.0,0.0,7.0,0.0,1.0,0.0,2.0,5.0,-7.0,22:16,-0.1,1
7,203109,Jae Crowder,0.0,0.0,2.0,0.0,0.0,1.0,1.0,2.0,0.0,0.0,2.0,0.0,2.0,15:14,0.8,1
8,203499,Shane Larkin,18.0,6.0,8.0,5.0,4.0,0.0,1.0,2.0,5.0,0.0,1.0,2.0,9.0,26:33,17.8,1
9,201148,Brandan Wright,8.0,4.0,6.0,1.0,0.0,2.0,3.0,0.0,0.0,1.0,2.0,3.0,-10.0,17:06,4.2,1
10,201961,Wayne Ellington,,,,,,,,,,,,,,,0.0,1
11,203108,Bernard James,,,,,,,,,,,,,,,0.0,1
12,203495,Ricky Ledo,,,,,,,,,,,,,,,0.0,1
13,200782,P.J. Tucker,11.0,5.0,8.0,0.0,0.0,1.0,8.0,0.0,2.0,0.0,4.0,1.0,2.0,35:45,9.3,0
14,101112,Channing Frye,6.0,2.0,6.0,2.0,2.0,1.0,6.0,0.0,0.0,0.0,2.0,0.0,-5.0,29:56,4.3,0
15,203101,Miles Plumlee,6.0,3.0,7.0,1.0,0.0,0.0,2.0,0.0,0.0,0.0,0.0,2.0,-12.0,20:48,0.5,0
16,101123,Gerald Green,12.0,4.0,13.0,3.0,3.0,1.0,1.0,2.0,2.0,1.0,2.0,3.0,-8.0,32:41,5.8,0
17,201609,Goran Dragic,28.0,12.0,20.0,6.0,4.0,1.0,4.0,3.0,7.0,0.0,1.0,1.0,-5.0,37:37,26.4,0
18,202694,Marcus Morris Sr.,13.0,4.0,11.0,2.0,2.0,4.0,3.0,2.0,3.0,0.0,3.0,0.0,2.0,21:18,13.5,0
19,202693,Markieff Morris,23.0,8.0,15.0,5.0,5.0,6.0,6.0,0.0,2.0,0.0,4.0,4.0,14.0,32:26,17.5,0
20,203462,Archie Goodwin,2.0,1.0,4.0,0.0,0.0,3.0,0.0,0.0,0.0,0.0,0.0,1.0,-2.0,7:35,0.7,0
21,202397,Ish Smith,6.0,3.0,8.0,2.0,0.0,0.0,0.0,0.0,3.0,0.0,0.0,1.0,4.0,20:38,1.9,0
22,203458,Alex Len,0.0,0.0,1.0,0.0,0.0,0.0,0.0,0.0,0.0,0.0,1.0,0.0,-5.0,1:16,-1.1,0
23,2571,Leandro Barbosa,,,,,,,,,,,,,,,0.0,0
24,202091,Dionte Christmas,,,,,,,,,,,,,,,0.0,0
25,203139,Viacheslav Kravtsov,,,,,,,,,,,,,,,0.0,0
