,id,name,PTS,FG,FGA,FTA,FT,OREB,DREB,STL,AST,BLK,PF,TO,PLUS_MINUS,MIN,GS,WIN
0,202695,Kawhi Leonard,7.0,3.0,6.0,2.0,1.0,1.0,7.0,2.0,2.0,1.0,5.0,2.0,-9.0,28:02,6.5,1
1,1495,Tim Duncan,21.0,7.0,16.0,8.0,7.0,2.0,11.0,0.0,3.0,2.0,2.0,3.0,-7.0,31:40,16.6,1
2,201168,Tiago Splitter,12.0,2.0,4.0,11.0,8.0,2.0,4.0,0.0,1.0,1.0,1.0,2.0,-4.0,22:49,10.4,1
3,201158,Marco Belinelli,4.0,2.0,5.0,0.0,0.0,0.0,3.0,1.0,1.0,0.0,2.0,1.0,8.0,19:10,2.1,1
4,2225,Tony Parker,23.0,6.0,18.0,12.0,11.0,0.0,2.0,2.0,3.0,0.0,1.0,4.0,-7.0,33:18,12.7,1
5,2564,Boris Diaw,10.0,5.0,6.0,0.0,0.0,2.0,3.0,0.0,5.0,0.0,2.0,2.0,16.0,26:57,10.8,1
6,1938,Manu Ginobili,8.0,2.0,7.0,4.0,3.0,1.0,3.0,1.0,3.0,0.0,3.0,2.0,1.0,28:00,5.0,1
7,201965,Jeff Ayres,4.0,1.0,3.0,2.0,2.0,0.0,3.0,0.0,0.0,0.0,3.0,0.0,13.0,8:04,2.0,1
8,201988,Patty Mills,5.0,2.0,3.0,0.0,0.0,0.0,2.0,0.0,2.0,0.0,3.0,1.0,16.0,14:42,3.5,1
9,201980,Danny Green,22.0,7.0,7.0,3.0,3.0,0.0,0.0,3.0,2.0,2.0,3.0,1.0,18.0,27:12,23.5,1
10,2588,Matt Bonner,0.0,0.0,0.0,0.0,0.0,0.0,0.0,0.0,0.0,0.0,0.0,0.0,0.0,0:06,0.0,1
11,203382,Aron Baynes,,,,,,,,,,,,,,,0.0,1
12,202709,Cory Joseph,,,,,,,,,,,,,,,0.0,1
13,1890,Shawn Marion,4.0,1.0,9.0,2.0,2.0,1.0,5.0,1.0,0.0,2.0,1.0,2.0,-4.0,27:53,0.3,0
14,1717,Dirk Nowitzki,25.0,10.0,17.0,4.0,4.0,0.0,5.0,2.0,2.0,0.0,4.0,1.0,-3.0,35:34,19.4,0
15,201971,DeJuan Blair,14.0,6.0,8.0,3.0,2.0,7.0,4.0,1.0,3.0,1.0,2.0,1.0,-9.0,23:12,18.5,0
16,101145,Monta Ellis,23.0,9.0,19.0,7.0,5.0,0.0,3.0,3.0,6.0,0.0,4.0,4.0,-9.0,41:18,15.0,0
17,101181,Jose Calderon,13.0,5.0,11.0,0.0,0.0,0.0,7.0,2.0,3.0,0.0,5.0,0.0,5.0,32:48,11.5,0
18,1713,Vince Carter,20.0,4.0,12.0,11.0,11.0,0.0,2.0,0.0,3.0,0.0,5.0,2.0,1.0,26:27,11.9,0
19,2223,Samuel Dalembert,8.0,4.0,7.0,0.0,0.0,1.0,5.0,0.0,0.0,3.0,2.0,1.0,2.0,24:16,7.2,0
20,203109,Jae Crowder,0.0,0.0,1.0,2.0,0.0,0.0,0.0,2.0,0.0,0.0,2.0,1.0,-18.0,15:06,-1.3,0
21,203539,Gal Mekel,0.0,0.0,0.0,2.0,0.0,0.0,0.0,0.0,0.0,0.0,0.0,1.0,-7.0,3:19,-1.8,0
22,203499,Shane Larkin,0.0,0.0,1.0,0.0,0.0,0.0,1.0,0.0,1.0,0.0,1.0,1.0,-3.0,10:01,-1.1,0
23,201961,Wayne Ellington,0.0,0.0,0.0,0.0,0.0,0.0,0.0,1.0,0.0,0.0,0.0,0.0,0.0,0:06,1.0,0
24,203108,Bernard James,,,,,,,,,,,,,,,0.0,0
25,201148,Brandan Wright,,,,,,,,,,,,,,,0.0,0
