,id,name,PTS,FG,FGA,FTA,FT,OREB,DREB,STL,AST,BLK,PF,TO,PLUS_MINUS,MIN,GS,WIN
0,2736,Luol Deng,13.0,5.0,8.0,0.0,0.0,1.0,3.0,2.0,0.0,0.0,3.0,1.0,15.0,32:28,10.8,1
1,202684,Tristan Thompson,9.0,3.0,5.0,4.0,3.0,1.0,3.0,2.0,1.0,1.0,2.0,1.0,-4.0,27:52,9.5,1
2,201150,Spencer Hawes,7.0,3.0,5.0,0.0,0.0,1.0,4.0,1.0,1.0,0.0,2.0,1.0,7.0,22:27,6.5,1
3,101127,Jarrett Jack,31.0,13.0,19.0,5.0,4.0,0.0,5.0,0.0,10.0,1.0,0.0,3.0,8.0,42:01,28.7,1
4,203079,Dion Waiters,22.0,9.0,17.0,2.0,2.0,0.0,5.0,0.0,2.0,0.0,1.0,2.0,16.0,40:38,14.2,1
5,202087,Alonzo Gee,11.0,4.0,6.0,2.0,2.0,0.0,3.0,0.0,1.0,1.0,4.0,0.0,-9.0,15:32,9.1,1
6,203521,Matthew Dellavedova,9.0,3.0,5.0,2.0,2.0,0.0,3.0,0.0,1.0,0.0,1.0,0.0,-4.0,26:27,7.9,1
7,203092,Tyler Zeller,0.0,0.0,1.0,0.0,0.0,0.0,0.0,0.0,0.0,0.0,2.0,2.0,-5.0,12:28,-3.5,1
8,2760,Anderson Varejao,4.0,2.0,3.0,2.0,0.0,0.0,4.0,0.0,1.0,0.0,3.0,3.0,6.0,20:07,-0.4,1
9,203461,Anthony Bennett,,,,,,,,,,,,,,,0.0,1
10,203552,Seth Curry,,,,,,,,,,,,,,,0.0,1
11,203508,Sergey Karasev,,,,,,,,,,,,,,,0.0,1
12,101139,CJ Miles,,,,,,,,,,,,,,,0.0,1
13,2546,Carmelo Anthony,32.0,8.0,20.0,12.0,12.0,0.0,8.0,1.0,2.0,2.0,4.0,3.0,-8.0,39:54,22.8,0
14,2405,Amar'e Stoudemire,12.0,6.0,10.0,0.0,0.0,2.0,4.0,0.0,1.0,0.0,3.0,0.0,3.0,30:10,9.5,0
15,2199,Tyson Chandler,4.0,2.0,2.0,0.0,0.0,2.0,4.0,0.0,2.0,0.0,0.0,4.0,-17.0,35:31,3.4,0
16,101109,Raymond Felton,14.0,5.0,12.0,2.0,1.0,3.0,3.0,3.0,8.0,0.0,2.0,1.0,-13.0,31:56,17.0,0
17,2747,JR Smith,18.0,7.0,15.0,2.0,2.0,0.0,3.0,0.0,4.0,0.0,2.0,2.0,-4.0,38:15,11.2,0
18,203501,Tim Hardaway Jr.,12.0,5.0,12.0,1.0,1.0,0.0,2.0,0.0,0.0,0.0,1.0,0.0,-2.0,26:46,5.8,0
19,203143,Pablo Prigioni,6.0,2.0,2.0,0.0,0.0,1.0,0.0,1.0,3.0,0.0,0.0,1.0,7.0,16:04,8.2,0
20,202332,Cole Aldrich,2.0,0.0,1.0,2.0,2.0,0.0,0.0,1.0,1.0,0.0,0.0,0.0,5.0,6:09,3.0,0
21,200769,Shannon Brown,0.0,0.0,3.0,0.0,0.0,1.0,1.0,1.0,0.0,0.0,1.0,1.0,-1.0,15:17,-1.5,0
22,203315,Toure' Murry,,,,,,,,,,,,,,,0.0,0
23,202697,Iman Shumpert,,,,,,,,,,,,,,,0.0,0
24,202719,Jeremy Tyler,,,,,,,,,,,,,,,0.0,0
