,id,name,PTS,FG,FGA,FTA,FT,OREB,DREB,STL,AST,BLK,PF,TO,PLUS_MINUS,MIN,GS,WIN
0,201163,Wilson Chandler,6.0,2.0,8.0,1.0,1.0,0.0,3.0,0.0,2.0,0.0,4.0,2.0,-9.0,21:52,-0.1,1
1,202702,Kenneth Faried,24.0,9.0,15.0,8.0,6.0,3.0,7.0,3.0,1.0,0.0,2.0,2.0,-3.0,30:07,21.4,1
2,202389,Timofey Mozgov,4.0,1.0,3.0,2.0,2.0,2.0,4.0,0.0,1.0,1.0,1.0,1.0,0.0,16:02,4.9,1
3,200751,Randy Foye,7.0,2.0,7.0,2.0,2.0,0.0,0.0,0.0,1.0,0.0,2.0,1.0,-5.0,24:02,1.8,1
4,201951,Ty Lawson,13.0,2.0,7.0,10.0,9.0,1.0,4.0,4.0,9.0,0.0,1.0,6.0,-17.0,38:27,14.3,1
5,201581,JJ Hickson,11.0,5.0,9.0,2.0,1.0,2.0,7.0,0.0,3.0,1.0,2.0,0.0,4.0,26:01,11.8,1
6,203095,Evan Fournier,14.0,6.0,14.0,0.0,0.0,1.0,5.0,1.0,4.0,0.0,3.0,0.0,9.0,30:24,11.4,1
7,201589,Darrell Arthur,18.0,7.0,11.0,3.0,3.0,0.0,0.0,4.0,0.0,0.0,3.0,1.0,6.0,23:47,14.9,1
8,203113,Quincy Miller,5.0,2.0,3.0,1.0,1.0,0.0,2.0,1.0,0.0,0.0,1.0,1.0,18.0,14:12,3.9,1
9,201166,Aaron Brooks,9.0,3.0,5.0,0.0,0.0,0.0,0.0,0.0,5.0,0.0,2.0,1.0,17.0,15:06,8.4,1
10,201576,Anthony Randolph,,,,,,,,,,,,,,,0.0,1
11,101126,Nate Robinson,,,,,,,,,,,,,,,0.0,1
12,202686,Jan Vesely,,,,,,,,,,,,,,,0.0,1
13,2544,LeBron James,21.0,8.0,17.0,7.0,5.0,0.0,6.0,1.0,6.0,0.0,3.0,4.0,-8.0,39:50,13.3,0
14,2203,Shane Battier,0.0,0.0,1.0,0.0,0.0,0.0,1.0,1.0,0.0,1.0,2.0,1.0,-2.0,11:20,-0.5,0
15,2547,Chris Bosh,11.0,4.0,12.0,4.0,3.0,3.0,5.0,3.0,1.0,0.0,3.0,4.0,-7.0,35:42,5.9,0
16,2548,Dwyane Wade,19.0,8.0,18.0,5.0,3.0,1.0,4.0,0.0,6.0,0.0,1.0,2.0,-3.0,35:02,12.5,0
17,201596,Mario Chalmers,16.0,7.0,11.0,0.0,0.0,0.0,4.0,2.0,6.0,0.0,3.0,3.0,-4.0,36:09,14.3,0
18,951,Ray Allen,22.0,7.0,9.0,3.0,3.0,1.0,3.0,1.0,2.0,0.0,3.0,1.0,14.0,29:14,20.3,0
19,2365,Chris Andersen,14.0,6.0,7.0,2.0,2.0,2.0,4.0,0.0,0.0,4.0,0.0,0.0,9.0,21:32,16.9,0
20,201563,Michael Beasley,4.0,2.0,4.0,0.0,0.0,0.0,1.0,0.0,1.0,0.0,0.0,0.0,1.0,7:17,3.0,0
21,202708,Norris Cole,0.0,0.0,2.0,0.0,0.0,0.0,0.0,0.0,1.0,0.0,3.0,1.0,-5.0,18:38,-2.9,0
22,201141,Greg Oden,0.0,0.0,0.0,0.0,0.0,0.0,0.0,0.0,0.0,0.0,1.0,2.0,-15.0,5:17,-2.4,0
23,201962,Toney Douglas,,,,,,,,,,,,,,,0.0,0
24,2617,Udonis Haslem,,,,,,,,,,,,,,,0.0,0
25,1740,Rashard Lewis,,,,,,,,,,,,,,,0.0,0
