,id,name,PTS,FG,FGA,FTA,FT,OREB,DREB,STL,AST,BLK,PF,TO,PLUS_MINUS,MIN,GS,WIN
0,202087,Alonzo Gee,5.0,2.0,2.0,0.0,0.0,1.0,1.0,2.0,1.0,0.0,2.0,3.0,-8.0,22:27,4.3,0
1,202684,Tristan Thompson,10.0,3.0,7.0,5.0,4.0,2.0,4.0,0.0,2.0,0.0,3.0,1.0,-17.0,23:59,7.7,0
2,2760,Anderson Varejao,13.0,5.0,8.0,4.0,3.0,3.0,2.0,1.0,3.0,0.0,3.0,0.0,-22.0,28:33,13.6,0
3,203079,Dion Waiters,6.0,2.0,6.0,2.0,1.0,0.0,2.0,0.0,2.0,0.0,1.0,1.0,-12.0,22:27,2.8,0
4,202681,Kyrie Irving,20.0,8.0,17.0,3.0,3.0,0.0,1.0,1.0,2.0,1.0,2.0,3.0,-18.0,27:23,10.9,0
5,101127,Jarrett Jack,6.0,3.0,9.0,0.0,0.0,0.0,1.0,0.0,5.0,0.0,1.0,1.0,-30.0,23:30,3.3,0
6,101139,CJ Miles,3.0,1.0,4.0,1.0,1.0,0.0,0.0,0.0,0.0,0.0,0.0,0.0,-14.0,6:59,0.6,0
7,203461,Anthony Bennett,6.0,3.0,11.0,0.0,0.0,3.0,2.0,0.0,0.0,0.0,1.0,1.0,-17.0,20:19,0.8,0
8,201947,Earl Clark,7.0,3.0,8.0,0.0,0.0,0.0,2.0,0.0,0.0,0.0,1.0,1.0,0.0,14:01,1.8,0
9,203156,Henry Sims,0.0,0.0,1.0,0.0,0.0,0.0,3.0,0.0,0.0,0.0,3.0,0.0,6.0,8:29,-1.0,0
10,203092,Tyler Zeller,8.0,3.0,5.0,2.0,2.0,1.0,5.0,0.0,0.0,0.0,0.0,0.0,-8.0,14:40,7.9,0
11,203521,Matthew Dellavedova,4.0,1.0,4.0,2.0,2.0,0.0,0.0,0.0,1.0,0.0,0.0,0.0,-8.0,12:55,2.3,0
12,203508,Sergey Karasev,7.0,2.0,5.0,2.0,2.0,0.0,4.0,0.0,2.0,0.0,1.0,0.0,3.0,14:18,6.5,0
13,203133,Robbie Hummel,10.0,4.0,6.0,0.0,0.0,0.0,4.0,0.0,1.0,0.0,3.0,0.0,23.0,28:12,8.1,1
14,201567,Kevin Love,33.0,10.0,16.0,14.0,12.0,2.0,6.0,0.0,6.0,0.0,2.0,0.0,26.0,31:28,31.6,1
15,201593,Nikola Pekovic,10.0,5.0,7.0,0.0,0.0,1.0,6.0,0.0,1.0,0.0,4.0,2.0,13.0,19:23,6.7,1
16,201147,Corey Brewer,27.0,10.0,17.0,3.0,2.0,3.0,1.0,2.0,1.0,0.0,2.0,0.0,31.0,29:58,23.0,1
17,201937,Ricky Rubio,16.0,5.0,7.0,5.0,5.0,1.0,5.0,3.0,16.0,0.0,1.0,3.0,22.0,30:39,26.1,1
18,201967,Dante Cunningham,6.0,3.0,5.0,0.0,0.0,0.0,3.0,0.0,0.0,1.0,3.0,0.0,26.0,21:33,4.1,1
19,200826,J.J. Barea,6.0,3.0,3.0,0.0,0.0,0.0,2.0,0.0,7.0,0.0,0.0,0.0,16.0,13:32,10.6,1
20,202682,Derrick Williams,9.0,3.0,7.0,2.0,2.0,0.0,3.0,0.0,0.0,2.0,2.0,2.0,10.0,21:45,4.8,1
21,201985,AJ Price,0.0,0.0,4.0,0.0,0.0,0.0,2.0,0.0,1.0,0.0,1.0,0.0,-3.0,12:12,-1.9,1
22,203144,Alexey Shved,5.0,1.0,4.0,2.0,2.0,0.0,0.0,0.0,0.0,1.0,0.0,0.0,-3.0,12:00,3.3,1
23,203476,Gorgui Dieng,2.0,1.0,2.0,0.0,0.0,0.0,6.0,0.0,1.0,1.0,1.0,2.0,-8.0,9:39,1.8,1
24,203498,Shabazz Muhammad,0.0,0.0,4.0,0.0,0.0,1.0,3.0,0.0,0.0,0.0,1.0,0.0,-8.0,9:39,-1.6,1
25,2755,Kevin Martin,,,,,,,,,,,,,,,0.0,1
