,id,name,PTS,FG,FGA,FTA,FT,OREB,DREB,STL,AST,BLK,PF,TO,PLUS_MINUS,MIN,GS,WIN
0,2210,Richard Jefferson,9.0,3.0,8.0,3.0,2.0,0.0,6.0,1.0,4.0,0.0,3.0,0.0,-7.0,41:25,8.6,0
1,202324,Derrick Favors,18.0,6.0,9.0,9.0,6.0,3.0,8.0,2.0,2.0,4.0,3.0,1.0,-6.0,31:27,21.4,0
2,202683,Enes Kanter,8.0,4.0,7.0,0.0,0.0,1.0,2.0,0.0,3.0,0.0,3.0,6.0,-10.0,26:28,0.9,0
3,202330,Gordon Hayward,21.0,6.0,13.0,8.0,8.0,0.0,1.0,1.0,7.0,1.0,4.0,3.0,-6.0,36:20,16.6,0
4,203504,Trey Burke,12.0,3.0,8.0,5.0,5.0,0.0,2.0,3.0,6.0,0.0,5.0,2.0,-2.0,38:30,11.4,0
5,101107,Marvin Williams,12.0,5.0,12.0,2.0,1.0,1.0,3.0,0.0,1.0,0.0,6.0,0.0,8.0,28:50,5.1,0
6,203197,Diante Garrett,8.0,3.0,6.0,0.0,0.0,1.0,0.0,0.0,1.0,0.0,1.0,4.0,-2.0,19:10,2.0,0
7,202379,Jeremy Evans,2.0,1.0,3.0,0.0,0.0,0.0,3.0,1.0,1.0,0.0,2.0,1.0,-4.0,9:06,1.1,0
8,203546,Ian Clark,5.0,2.0,2.0,0.0,0.0,0.0,0.0,0.0,1.0,0.0,1.0,1.0,-6.0,8:44,3.7,0
9,203497,Rudy Gobert,,,,,,,,,,,,,,,0.0,0
10,101249,John Lucas III,,,,,,,,,,,,,,,0.0,0
11,201575,Brandon Rush,,,,,,,,,,,,,,,0.0,0
12,202952,Malcolm Thomas,,,,,,,,,,,,,,,0.0,0
13,202329,Al-Farouq Aminu,13.0,5.0,10.0,4.0,3.0,3.0,5.0,0.0,1.0,0.0,2.0,1.0,1.0,33:09,10.1,1
14,203076,Anthony Davis,0.0,0.0,1.0,0.0,0.0,0.0,0.0,0.0,0.0,0.0,0.0,0.0,3.0,3:43,-0.7,1
15,201880,Greg Stiemsma,2.0,1.0,1.0,0.0,0.0,0.0,3.0,1.0,1.0,2.0,6.0,2.0,8.0,19:13,1.3,1
16,201627,Anthony Morrow,20.0,7.0,11.0,4.0,3.0,0.0,0.0,0.0,0.0,0.0,3.0,2.0,10.0,33:44,11.5,1
17,201936,Tyreke Evans,22.0,9.0,20.0,7.0,4.0,3.0,2.0,3.0,15.0,1.0,0.0,4.0,12.0,37:32,23.3,1
18,201582,Alexis Ajinca,9.0,3.0,6.0,3.0,3.0,3.0,7.0,1.0,3.0,3.0,6.0,3.0,-7.0,28:02,10.0,1
19,202337,Luke Babbitt,9.0,3.0,6.0,2.0,2.0,1.0,2.0,2.0,2.0,1.0,3.0,0.0,5.0,24:39,10.2,1
20,203085,Austin Rivers,12.0,5.0,9.0,2.0,1.0,0.0,3.0,1.0,2.0,0.0,1.0,1.0,-7.0,22:07,9.2,1
21,203121,Darius Miller,12.0,3.0,7.0,6.0,5.0,0.0,1.0,1.0,1.0,1.0,3.0,0.0,6.0,24:26,9.4,1
22,203481,Jeff Withey,3.0,0.0,0.0,4.0,3.0,1.0,3.0,0.0,1.0,0.0,1.0,0.0,4.0,13:25,4.5,1
23,201569,Eric Gordon,,,,,,,,,,,,,,,0.0,1
24,203148,Brian Roberts,,,,,,,,,,,,,,,0.0,1
25,201160,Jason Smith,,,,,,,,,,,,,,,0.0,1
