,id,name,PTS,FG,FGA,FTA,FT,OREB,DREB,STL,AST,BLK,PF,TO,PLUS_MINUS,MIN,GS,WIN
0,201145,Jeff Green,13.0,5.0,16.0,2.0,2.0,1.0,6.0,1.0,0.0,1.0,2.0,3.0,0.0,36:17,4.2,1
1,101138,Brandon Bass,16.0,7.0,10.0,2.0,2.0,4.0,1.0,0.0,0.0,1.0,2.0,1.0,-9.0,38:12,13.8,1
2,203096,Jared Sullinger,5.0,2.0,9.0,2.0,1.0,2.0,6.0,1.0,2.0,1.0,3.0,2.0,5.0,28:29,2.2,1
3,202340,Avery Bradley,2.0,1.0,6.0,0.0,0.0,0.0,1.0,0.0,1.0,0.0,4.0,1.0,-6.0,8:42,-3.4,1
4,202348,Jordan Crawford,21.0,5.0,11.0,7.0,7.0,0.0,4.0,0.0,5.0,0.0,2.0,2.0,-4.0,27:59,17.2,1
5,2222,Gerald Wallace,17.0,6.0,10.0,7.0,4.0,1.0,3.0,2.0,3.0,1.0,3.0,1.0,8.0,35:44,15.4,1
6,203543,Vitor Faverani,5.0,2.0,5.0,0.0,0.0,0.0,2.0,0.0,1.0,0.0,4.0,1.0,7.0,12:59,1.0,1
7,203515,Phil Pressey,2.0,1.0,2.0,0.0,0.0,0.0,1.0,3.0,8.0,0.0,1.0,0.0,14.0,20:01,9.5,1
8,201584,Courtney Lee,11.0,4.0,7.0,1.0,1.0,1.0,1.0,1.0,2.0,0.0,2.0,0.0,18.0,15:17,10.3,1
9,2743,Kris Humphries,4.0,2.0,4.0,0.0,0.0,2.0,3.0,0.0,0.0,1.0,1.0,0.0,17.0,16:20,4.6,1
10,2586,Keith Bogans,,,,,,,,,,,,,,,0.0,1
11,202705,MarShon Brooks,,,,,,,,,,,,,,,0.0,1
12,203482,Kelly Olynyk,,,,,,,,,,,,,,,0.0,1
13,203077,Michael Kidd-Gilchrist,4.0,2.0,4.0,0.0,0.0,1.0,3.0,0.0,0.0,0.0,2.0,2.0,-1.0,16:33,0.8,0
14,201177,Josh McRoberts,5.0,2.0,6.0,0.0,0.0,3.0,4.0,1.0,5.0,1.0,2.0,0.0,11.0,33:41,9.3,0
15,2744,Al Jefferson,14.0,6.0,14.0,2.0,2.0,1.0,2.0,0.0,1.0,2.0,1.0,2.0,-1.0,32:52,7.6,0
16,201945,Gerald Henderson,20.0,7.0,17.0,6.0,6.0,0.0,5.0,1.0,1.0,0.0,0.0,2.0,10.0,36:45,12.1,0
17,202689,Kemba Walker,28.0,11.0,17.0,6.0,5.0,2.0,4.0,0.0,5.0,0.0,2.0,3.0,10.0,34:02,22.4,0
18,202399,Jeff Adrien,1.0,0.0,0.0,2.0,1.0,1.0,2.0,0.0,0.0,0.0,1.0,1.0,-9.0,15:08,0.5,0
19,203106,Jeffery Taylor,7.0,3.0,6.0,0.0,0.0,0.0,3.0,0.0,0.0,0.0,4.0,1.0,-22.0,27:19,2.3,0
20,203469,Cody Zeller,2.0,1.0,3.0,0.0,0.0,0.0,3.0,0.0,1.0,0.0,1.0,1.0,-21.0,14:19,0.5,0
21,201196,Ramon Sessions,5.0,1.0,7.0,4.0,3.0,0.0,0.0,0.0,3.0,0.0,0.0,4.0,-18.0,18:43,-1.8,0
22,201229,Anthony Tolliver,0.0,0.0,0.0,0.0,0.0,1.0,2.0,0.0,1.0,0.0,2.0,0.0,-9.0,10:38,1.2,0
23,202687,Bismack Biyombo,,,,,,,,,,,,,,,0.0,0
24,2732,Ben Gordon,,,,,,,,,,,,,,,0.0,0
25,2457,Jannero Pargo,,,,,,,,,,,,,,,0.0,0
