,id,name,PTS,FG,FGA,FTA,FT,OREB,DREB,STL,AST,BLK,PF,TO,PLUS_MINUS,MIN,GS,WIN
0,202331,Paul George,27.0,9.0,20.0,6.0,6.0,0.0,3.0,1.0,2.0,0.0,2.0,2.0,16.0,37:34,17.1,1
1,2561,David West,17.0,7.0,14.0,4.0,3.0,2.0,6.0,3.0,3.0,0.0,0.0,0.0,14.0,29:23,17.9,1
2,201579,Roy Hibbert,6.0,3.0,11.0,0.0,0.0,6.0,2.0,0.0,2.0,2.0,4.0,3.0,5.0,28:44,2.5,1
3,202362,Lance Stephenson,10.0,5.0,10.0,0.0,0.0,3.0,8.0,4.0,10.0,0.0,0.0,1.0,11.0,41:25,19.5,1
4,201588,George Hill,8.0,3.0,8.0,0.0,0.0,0.0,1.0,2.0,1.0,0.0,2.0,3.0,11.0,37:36,2.8,1
5,203111,Orlando Johnson,4.0,1.0,2.0,2.0,2.0,0.0,0.0,0.0,0.0,0.0,0.0,0.0,1.0,9:16,3.0,1
6,2449,Luis Scola,17.0,7.0,9.0,4.0,3.0,3.0,1.0,2.0,1.0,0.0,3.0,4.0,5.0,25:17,13.0,1
7,202388,Donald Sloan,0.0,0.0,2.0,0.0,0.0,0.0,4.0,1.0,0.0,0.0,0.0,1.0,4.0,10:24,-0.2,1
8,203142,Chris Copeland,3.0,1.0,2.0,0.0,0.0,0.0,0.0,0.0,0.0,0.0,0.0,0.0,2.0,7:45,2.0,1
9,101133,Ian Mahinmi,5.0,2.0,3.0,2.0,1.0,1.0,1.0,0.0,0.0,1.0,2.0,1.0,6.0,12:36,3.2,1
10,2446,Rasual Butler,,,,,,,,,,,,,,,0.0,1
11,203524,Solomon Hill,,,,,,,,,,,,,,,0.0,1
12,201228,C.J. Watson,,,,,,,,,,,,,,,0.0,1
13,201145,Jeff Green,20.0,8.0,13.0,2.0,2.0,0.0,2.0,1.0,0.0,0.0,1.0,3.0,-6.0,37:32,12.3,0
14,203096,Jared Sullinger,13.0,6.0,12.0,2.0,1.0,1.0,4.0,1.0,2.0,0.0,3.0,1.0,-9.0,31:28,8.7,0
15,203482,Kelly Olynyk,2.0,1.0,3.0,0.0,0.0,1.0,1.0,0.0,0.0,0.0,1.0,0.0,6.0,12:14,0.9,0
16,202340,Avery Bradley,6.0,3.0,10.0,0.0,0.0,0.0,7.0,1.0,2.0,0.0,2.0,3.0,-11.0,31:10,0.9,0
17,202348,Jordan Crawford,24.0,10.0,12.0,1.0,1.0,1.0,2.0,2.0,4.0,0.0,2.0,6.0,-8.0,34:12,18.9,0
18,203543,Vitor Faverani,0.0,0.0,2.0,0.0,0.0,0.0,2.0,0.0,0.0,0.0,0.0,2.0,-9.0,10:48,-2.8,0
19,2222,Gerald Wallace,2.0,1.0,2.0,0.0,0.0,1.0,3.0,1.0,0.0,1.0,1.0,5.0,-12.0,21:59,-1.1,0
20,101138,Brandon Bass,8.0,4.0,8.0,0.0,0.0,0.0,3.0,0.0,1.0,0.0,4.0,1.0,-18.0,22:26,3.0,0
21,201584,Courtney Lee,2.0,1.0,3.0,0.0,0.0,0.0,0.0,2.0,0.0,0.0,1.0,0.0,-9.0,16:14,1.9,0
22,2743,Kris Humphries,4.0,1.0,3.0,2.0,2.0,1.0,1.0,0.0,1.0,0.0,1.0,0.0,3.0,15:40,3.6,0
23,203515,Phil Pressey,1.0,0.0,1.0,2.0,1.0,0.0,1.0,0.0,1.0,0.0,0.0,0.0,-2.0,6:17,0.9,0
24,2586,Keith Bogans,,,,,,,,,,,,,,,0.0,0
25,202705,MarShon Brooks,,,,,,,,,,,,,,,0.0,0
