,id,name,PTS,FG,FGA,FTA,FT,OREB,DREB,STL,AST,BLK,PF,TO,PLUS_MINUS,MIN,GS,WIN
0,202331,Paul George,18.0,6.0,16.0,4.0,4.0,0.0,7.0,2.0,2.0,0.0,2.0,5.0,3.0,35:34,8.9,1
1,2561,David West,22.0,10.0,19.0,1.0,1.0,1.0,9.0,2.0,2.0,1.0,2.0,2.0,2.0,32:01,17.4,1
2,201579,Roy Hibbert,8.0,4.0,10.0,0.0,0.0,2.0,4.0,0.0,1.0,0.0,4.0,1.0,5.0,30:23,3.3,1
3,202362,Lance Stephenson,10.0,4.0,5.0,1.0,1.0,0.0,4.0,1.0,2.0,0.0,2.0,6.0,2.0,23:02,4.9,1
4,201588,George Hill,5.0,2.0,4.0,0.0,0.0,1.0,1.0,0.0,7.0,0.0,1.0,1.0,-2.0,37:07,7.5,1
5,101122,Danny Granger,8.0,2.0,7.0,4.0,4.0,1.0,3.0,0.0,1.0,0.0,2.0,1.0,0.0,23:03,4.4,1
6,2449,Luis Scola,8.0,3.0,6.0,4.0,2.0,1.0,1.0,0.0,2.0,0.0,2.0,1.0,2.0,15:59,4.8,1
7,201228,C.J. Watson,8.0,2.0,3.0,6.0,4.0,0.0,1.0,2.0,3.0,0.0,0.0,1.0,6.0,21:34,9.3,1
8,101133,Ian Mahinmi,2.0,1.0,3.0,0.0,0.0,1.0,1.0,2.0,0.0,0.0,1.0,1.0,0.0,16:54,1.9,1
9,2446,Rasual Butler,0.0,0.0,1.0,0.0,0.0,0.0,2.0,0.0,0.0,0.0,0.0,0.0,2.0,4:23,-0.1,1
10,203142,Chris Copeland,,,,,,,,,,,,,,,0.0,1
11,203111,Orlando Johnson,,,,,,,,,,,,,,,0.0,1
12,202388,Donald Sloan,,,,,,,,,,,,,,,0.0,1
13,201960,DeMarre Carroll,8.0,3.0,8.0,2.0,2.0,1.0,2.0,1.0,2.0,0.0,2.0,2.0,-12.0,27:30,4.5,0
14,200794,Paul Millsap,7.0,2.0,11.0,4.0,3.0,4.0,8.0,4.0,2.0,0.0,2.0,2.0,1.0,32:26,7.5,0
15,202970,Gustavo Ayon,6.0,3.0,7.0,2.0,0.0,0.0,0.0,0.0,2.0,0.0,1.0,0.0,-3.0,18:32,2.5,0
16,2594,Kyle Korver,9.0,4.0,9.0,0.0,0.0,0.0,4.0,1.0,3.0,0.0,3.0,0.0,-2.0,31:34,7.4,0
17,201952,Jeff Teague,9.0,4.0,8.0,0.0,0.0,0.0,1.0,0.0,7.0,1.0,1.0,2.0,-7.0,24:37,8.5,0
18,1882,Elton Brand,12.0,6.0,8.0,0.0,0.0,2.0,5.0,0.0,0.0,3.0,4.0,5.0,-11.0,20:36,7.2,0
19,101150,Lou Williams,3.0,1.0,4.0,0.0,0.0,0.0,1.0,0.0,2.0,0.0,0.0,2.0,-7.0,20:01,0.3,0
20,202714,Shelvin Mack,4.0,1.0,5.0,2.0,2.0,0.0,1.0,2.0,3.0,0.0,2.0,1.0,1.0,18:35,3.5,0
21,203118,Mike Scott,15.0,4.0,8.0,5.0,5.0,0.0,5.0,0.0,2.0,0.0,1.0,2.0,5.0,24:26,11.5,0
22,201858,Cartier Martin,8.0,3.0,5.0,0.0,0.0,0.0,3.0,0.0,1.0,0.0,2.0,0.0,7.0,12:00,6.5,0
23,203471,Dennis Schroder,4.0,2.0,3.0,0.0,0.0,0.0,1.0,0.0,2.0,0.0,1.0,2.0,8.0,9:43,2.0,0
24,203544,Pero Antic,,,,,,,,,,,,,,,0.0,0
