,id,name,PTS,FG,FGA,FTA,FT,OREB,DREB,STL,AST,BLK,PF,TO,PLUS_MINUS,MIN,GS,WIN
0,2210,Richard Jefferson,7.0,1.0,6.0,6.0,4.0,2.0,2.0,0.0,2.0,0.0,2.0,0.0,-3.0,21:31,5.0,0
1,202324,Derrick Favors,14.0,6.0,12.0,2.0,2.0,4.0,13.0,0.0,4.0,0.0,3.0,4.0,-6.0,37:19,12.3,0
2,202683,Enes Kanter,20.0,8.0,22.0,4.0,4.0,10.0,2.0,0.0,1.0,0.0,4.0,3.0,4.0,38:20,11.5,0
3,202330,Gordon Hayward,18.0,6.0,17.0,4.0,3.0,3.0,7.0,1.0,8.0,0.0,1.0,3.0,-8.0,39:28,15.5,0
4,101249,John Lucas III,5.0,2.0,10.0,1.0,0.0,0.0,0.0,0.0,1.0,0.0,3.0,1.0,-4.0,31:04,-3.1,0
5,203497,Rudy Gobert,1.0,0.0,0.0,2.0,1.0,0.0,0.0,0.0,0.0,0.0,1.0,4.0,-5.0,7:57,-3.8,0
6,2224,Jamaal Tinsley,4.0,2.0,4.0,0.0,0.0,1.0,2.0,1.0,3.0,0.0,1.0,1.0,5.0,16:35,5.0,0
7,202692,Alec Burks,15.0,6.0,9.0,7.0,3.0,0.0,2.0,0.0,1.0,0.0,2.0,3.0,-3.0,26:46,7.0,0
8,200839,Mike Harris,0.0,0.0,2.0,0.0,0.0,1.0,1.0,0.0,0.0,0.0,2.0,0.0,0.0,12:28,-1.2,0
9,203546,Ian Clark,0.0,0.0,3.0,1.0,0.0,1.0,2.0,1.0,0.0,1.0,1.0,1.0,5.0,8:32,-0.9,0
10,201575,Brandon Rush,,,,,,,,,,,,,,,0.0,0
11,101107,Marvin Williams,,,,,,,,,,,,,,,0.0,0
12,200782,P.J. Tucker,12.0,5.0,8.0,0.0,0.0,2.0,2.0,2.0,1.0,1.0,3.0,2.0,1.0,32:47,10.6,1
13,101112,Channing Frye,4.0,2.0,7.0,0.0,0.0,1.0,3.0,1.0,1.0,2.0,2.0,1.0,2.0,22:15,2.8,1
14,203101,Miles Plumlee,13.0,6.0,11.0,2.0,1.0,5.0,8.0,0.0,1.0,3.0,1.0,0.0,1.0,34:51,15.6,1
15,201609,Goran Dragic,5.0,2.0,11.0,2.0,1.0,0.0,2.0,1.0,5.0,1.0,2.0,2.0,-1.0,24:40,0.7,1
16,202339,Eric Bledsoe,18.0,4.0,15.0,10.0,8.0,1.0,4.0,2.0,6.0,0.0,4.0,5.0,3.0,27:37,9.8,1
17,101123,Gerald Green,7.0,2.0,4.0,2.0,2.0,1.0,0.0,0.0,0.0,0.0,3.0,1.0,4.0,12:08,3.5,1
18,202693,Markieff Morris,6.0,3.0,6.0,0.0,0.0,2.0,4.0,2.0,0.0,0.0,1.0,1.0,2.0,25:51,6.2,1
19,203458,Alex Len,3.0,1.0,3.0,2.0,1.0,1.0,0.0,1.0,0.0,1.0,4.0,1.0,1.0,13:03,0.7,1
20,202694,Marcus Morris Sr.,4.0,0.0,2.0,4.0,4.0,1.0,0.0,0.0,0.0,0.0,2.0,1.0,0.0,9:07,1.5,1
21,203462,Archie Goodwin,4.0,2.0,5.0,0.0,0.0,0.0,0.0,0.0,0.0,2.0,1.0,1.0,-10.0,10:52,1.3,1
22,202397,Ish Smith,2.0,1.0,5.0,0.0,0.0,1.0,4.0,1.0,1.0,0.0,0.0,0.0,-5.0,11:59,2.5,1
23,202091,Dionte Christmas,9.0,3.0,6.0,2.0,2.0,1.0,3.0,0.0,0.0,0.0,1.0,1.0,17.0,14:50,6.2,1
24,203139,Viacheslav Kravtsov,,,,,,,,,,,,,,,0.0,1
