,id,name,PTS,FG,FGA,FTA,FT,OREB,DREB,STL,AST,BLK,PF,TO,PLUS_MINUS,MIN,GS,WIN
0,201162,Jared Dudley,7.0,3.0,8.0,0.0,0.0,0.0,2.0,1.0,2.0,0.0,1.0,0.0,-1.0,29:45,5.2,0
1,201933,Blake Griffin,23.0,10.0,20.0,6.0,3.0,0.0,13.0,2.0,2.0,1.0,2.0,1.0,2.0,40:03,18.0,0
2,201599,DeAndre Jordan,9.0,3.0,10.0,6.0,3.0,7.0,12.0,1.0,0.0,4.0,3.0,1.0,-3.0,43:31,12.1,0
3,200755,JJ Redick,17.0,7.0,15.0,1.0,1.0,1.0,3.0,0.0,4.0,0.0,0.0,1.0,7.0,32:10,12.7,0
4,101108,Chris Paul,18.0,8.0,19.0,2.0,2.0,2.0,3.0,2.0,10.0,0.0,6.0,4.0,-4.0,35:19,12.8,0
5,2037,Jamal Crawford,14.0,5.0,13.0,4.0,4.0,1.0,1.0,0.0,1.0,0.0,1.0,1.0,-18.0,21:02,7.2,0
6,2584,Willie Green,0.0,0.0,2.0,0.0,0.0,2.0,1.0,1.0,0.0,0.0,2.0,0.0,-5.0,12:32,0.5,0
7,201957,Byron Mullens,0.0,0.0,5.0,0.0,0.0,0.0,0.0,1.0,0.0,0.0,3.0,2.0,-9.0,11:28,-5.7,0
8,201954,Darren Collison,2.0,0.0,3.0,2.0,2.0,2.0,1.0,1.0,1.0,0.0,1.0,3.0,-9.0,14:10,-0.1,0
9,2440,Matt Barnes,,,,,,,,,,,,,,,0.0,0
10,203493,Reggie Bullock,,,,,,,,,,,,,,,0.0,0
11,200797,Ryan Hollins,,,,,,,,,,,,,,,0.0,0
12,1712,Antawn Jamison,,,,,,,,,,,,,,,0.0,0
13,203090,Maurice Harkless,6.0,2.0,3.0,4.0,2.0,0.0,0.0,1.0,0.0,0.0,1.0,1.0,-14.0,23:24,3.5,1
14,101131,Jason Maxiell,6.0,3.0,5.0,0.0,0.0,0.0,5.0,0.0,0.0,1.0,1.0,0.0,-2.0,22:52,5.5,1
15,202696,Nikola Vucevic,30.0,11.0,19.0,8.0,8.0,5.0,16.0,1.0,3.0,1.0,3.0,4.0,6.0,38:26,28.0,1
16,201167,Arron Afflalo,11.0,5.0,16.0,2.0,1.0,0.0,6.0,2.0,5.0,0.0,2.0,0.0,6.0,35:33,7.9,1
17,2749,Jameer Nelson,11.0,5.0,8.0,0.0,0.0,1.0,3.0,0.0,8.0,0.0,0.0,5.0,12.0,35:59,9.6,1
18,203506,Victor Oladipo,11.0,4.0,6.0,2.0,1.0,0.0,2.0,2.0,2.0,0.0,2.0,4.0,3.0,22:39,7.2,1
19,202734,E'Twaun Moore,12.0,5.0,8.0,0.0,0.0,0.0,2.0,1.0,1.0,0.0,4.0,0.0,21.0,26:49,9.1,1
20,203094,Andrew Nicholson,9.0,4.0,16.0,1.0,1.0,1.0,7.0,0.0,0.0,2.0,1.0,0.0,6.0,24:44,3.2,1
21,203124,Kyle O'Quinn,2.0,1.0,1.0,0.0,0.0,0.0,3.0,0.0,2.0,0.0,3.0,1.0,2.0,9:34,1.8,1
22,202699,Tobias Harris,,,,,,,,,,,,,,,0.0,1
23,200780,Solomon Jones,,,,,,,,,,,,,,,0.0,1
24,203117,Doron Lamb,,,,,,,,,,,,,,,0.0,1
25,101179,Ronnie Price,,,,,,,,,,,,,,,0.0,1
