,id,name,PTS,FG,FGA,FTA,FT,OREB,DREB,STL,AST,BLK,PF,TO,PLUS_MINUS,MIN,GS,WIN
0,201158,Marco Belinelli,12.0,4.0,6.0,4.0,3.0,0.0,1.0,0.0,1.0,0.0,1.0,1.0,-5.0,34:23,8.6,0
1,201980,Danny Green,17.0,6.0,11.0,2.0,2.0,1.0,7.0,1.0,3.0,2.0,1.0,2.0,-8.0,35:05,16.6,0
2,201168,Tiago Splitter,5.0,2.0,6.0,1.0,1.0,0.0,4.0,0.0,1.0,2.0,0.0,2.0,-14.0,25:02,2.9,0
3,202709,Cory Joseph,18.0,5.0,12.0,7.0,7.0,2.0,2.0,4.0,3.0,0.0,0.0,2.0,-6.0,34:43,17.7,0
4,201986,Nando De Colo,11.0,4.0,9.0,4.0,3.0,0.0,3.0,2.0,2.0,1.0,2.0,3.0,10.0,27:00,7.1,0
5,201965,Jeff Ayres,1.0,0.0,1.0,2.0,1.0,2.0,3.0,0.0,1.0,1.0,2.0,2.0,-3.0,14:28,0.8,0
6,2588,Matt Bonner,2.0,0.0,3.0,2.0,2.0,0.0,4.0,0.0,0.0,1.0,0.0,1.0,-11.0,14:07,0.8,0
7,201988,Patty Mills,16.0,6.0,13.0,2.0,2.0,0.0,1.0,1.0,2.0,0.0,2.0,0.0,-22.0,23:15,11.2,0
8,200769,Shannon Brown,5.0,2.0,8.0,3.0,1.0,0.0,4.0,0.0,0.0,0.0,2.0,2.0,-14.0,20:14,-2.2,0
9,203382,Aron Baynes,2.0,0.0,4.0,2.0,2.0,3.0,1.0,0.0,1.0,0.0,2.0,2.0,3.0,11:43,-0.5,0
10,2564,Boris Diaw,,,,,,,,,,,,,,,0.0,0
11,1495,Tim Duncan,,,,,,,,,,,,,,,0.0,0
12,2207,Joe Johnson,8.0,4.0,10.0,0.0,0.0,0.0,2.0,0.0,1.0,0.0,1.0,2.0,0.0,27:38,1.5,1
13,1718,Paul Pierce,12.0,5.0,6.0,1.0,1.0,2.0,5.0,1.0,2.0,0.0,2.0,0.0,-1.0,22:41,14.3,1
14,708,Kevin Garnett,8.0,4.0,9.0,0.0,0.0,3.0,6.0,0.0,0.0,0.0,2.0,2.0,7.0,18:06,4.4,1
15,2733,Shaun Livingston,8.0,4.0,9.0,0.0,0.0,2.0,3.0,0.0,4.0,4.0,3.0,1.0,9.0,31:03,9.0,1
16,101114,Deron Williams,16.0,7.0,14.0,2.0,1.0,1.0,3.0,1.0,8.0,0.0,2.0,2.0,14.0,29:51,14.0,1
17,101154,Andray Blatche,10.0,5.0,12.0,0.0,0.0,3.0,3.0,3.0,4.0,0.0,5.0,1.0,7.0,18:53,9.4,1
18,101187,Alan Anderson,22.0,9.0,15.0,2.0,2.0,1.0,1.0,0.0,1.0,0.0,1.0,1.0,11.0,30:18,15.4,1
19,1905,Andrei Kirilenko,4.0,1.0,3.0,4.0,2.0,1.0,7.0,1.0,6.0,0.0,4.0,2.0,12.0,26:09,5.9,1
20,203141,Mirza Teletovic,8.0,4.0,10.0,0.0,0.0,2.0,5.0,0.0,2.0,0.0,2.0,1.0,12.0,21:52,5.1,1
21,203486,Mason Plumlee,7.0,3.0,4.0,1.0,1.0,1.0,2.0,1.0,1.0,0.0,1.0,2.0,0.0,11:01,6.0,1
22,203104,Marquis Teague,0.0,0.0,1.0,0.0,0.0,0.0,0.0,0.0,0.0,0.0,1.0,0.0,-1.0,2:28,-1.1,1
23,2501,Reggie Evans,,,,,,,,,,,,,,,0.0,1
24,1891,Jason Terry,,,,,,,,,,,,,,,0.0,1
