,id,name,PTS,FG,FGA,FTA,FT,OREB,DREB,STL,AST,BLK,PF,TO,PLUS_MINUS,MIN,GS,WIN
0,201163,Wilson Chandler,9.0,3.0,13.0,1.0,1.0,0.0,3.0,0.0,3.0,0.0,0.0,1.0,-4.0,31:11,3.1,0
1,202702,Kenneth Faried,15.0,7.0,10.0,2.0,1.0,1.0,8.0,0.0,0.0,1.0,2.0,3.0,-2.0,31:11,10.4,0
2,202389,Timofey Mozgov,9.0,4.0,8.0,2.0,1.0,2.0,4.0,2.0,1.0,2.0,1.0,1.0,0.0,19:44,9.9,0
3,200751,Randy Foye,9.0,4.0,8.0,2.0,1.0,0.0,4.0,0.0,3.0,0.0,3.0,2.0,-7.0,33:08,4.7,0
4,201951,Ty Lawson,24.0,9.0,19.0,6.0,4.0,0.0,3.0,1.0,6.0,1.0,3.0,4.0,-2.0,40:22,15.1,0
5,203095,Evan Fournier,0.0,0.0,1.0,0.0,0.0,0.0,2.0,0.0,2.0,0.0,5.0,1.0,-5.0,15:31,-1.7,0
6,202686,Jan Vesely,5.0,2.0,4.0,3.0,1.0,1.0,4.0,1.0,0.0,0.0,3.0,0.0,-4.0,12:47,3.9,0
7,201581,JJ Hickson,11.0,2.0,7.0,10.0,7.0,1.0,2.0,0.0,1.0,0.0,3.0,1.0,-5.0,19:13,5.5,0
8,201589,Darrell Arthur,0.0,0.0,0.0,0.0,0.0,0.0,2.0,0.0,0.0,1.0,0.0,0.0,-5.0,8:31,1.3,0
9,201166,Aaron Brooks,16.0,5.0,11.0,5.0,5.0,1.0,3.0,0.0,0.0,0.0,3.0,2.0,-2.0,24:08,8.7,0
10,201576,Anthony Randolph,0.0,0.0,2.0,0.0,0.0,0.0,2.0,0.0,0.0,0.0,0.0,0.0,1.0,4:14,-0.8,0
11,203113,Quincy Miller,,,,,,,,,,,,,,,0.0,0
12,101126,Nate Robinson,,,,,,,,,,,,,,,0.0,0
13,203077,Michael Kidd-Gilchrist,6.0,2.0,5.0,2.0,2.0,0.0,1.0,0.0,1.0,0.0,2.0,1.0,3.0,16:13,2.5,1
14,201177,Josh McRoberts,15.0,5.0,7.0,2.0,2.0,0.0,3.0,1.0,2.0,1.0,0.0,0.0,6.0,34:06,16.1,1
15,2744,Al Jefferson,26.0,12.0,23.0,6.0,2.0,2.0,11.0,3.0,4.0,1.0,3.0,3.0,2.0,39:14,20.1,1
16,201604,Chris Douglas-Roberts,9.0,2.0,8.0,4.0,3.0,0.0,5.0,2.0,1.0,1.0,2.0,2.0,2.0,33:43,5.9,1
17,202689,Kemba Walker,24.0,6.0,15.0,12.0,12.0,1.0,5.0,0.0,7.0,1.0,4.0,3.0,3.0,41:11,19.1,1
18,203469,Cody Zeller,4.0,2.0,2.0,0.0,0.0,1.0,1.0,0.0,1.0,1.0,1.0,0.0,1.0,10:09,5.4,1
19,202390,Gary Neal,19.0,7.0,9.0,2.0,2.0,0.0,4.0,1.0,4.0,0.0,4.0,2.0,1.0,30:47,16.9,1
20,2557,Luke Ridnour,2.0,1.0,4.0,0.0,0.0,1.0,0.0,0.0,0.0,0.0,1.0,0.0,4.0,6:49,-0.1,1
21,201229,Anthony Tolliver,0.0,0.0,6.0,0.0,0.0,0.0,3.0,1.0,1.0,1.0,2.0,0.0,8.0,19:02,-1.7,1
22,202687,Bismack Biyombo,0.0,0.0,2.0,0.0,0.0,1.0,3.0,0.0,0.0,0.0,2.0,1.0,5.0,8:46,-1.6,1
23,203120,Justin Hamilton,,,,,,,,,,,,,,,0.0,1
24,201945,Gerald Henderson,,,,,,,,,,,,,,,0.0,1
25,2457,Jannero Pargo,,,,,,,,,,,,,,,0.0,1
