,id,name,PTS,FG,FGA,FTA,FT,OREB,DREB,STL,AST,BLK,PF,TO,PLUS_MINUS,MIN,GS,WIN
0,202329,Al-Farouq Aminu,9.0,4.0,5.0,4.0,1.0,1.0,4.0,2.0,1.0,2.0,3.0,1.0,6.0,26:00,9.7,0
1,201583,Ryan Anderson,26.0,10.0,21.0,4.0,4.0,2.0,4.0,2.0,1.0,0.0,1.0,1.0,-12.0,41:09,19.2,0
2,201160,Jason Smith,8.0,4.0,10.0,0.0,0.0,0.0,3.0,2.0,1.0,4.0,5.0,4.0,-2.0,29:10,3.0,0
3,201569,Eric Gordon,10.0,4.0,11.0,1.0,1.0,0.0,2.0,0.0,6.0,0.0,2.0,0.0,-17.0,29:25,7.9,0
4,201950,Jrue Holiday,12.0,6.0,13.0,0.0,0.0,1.0,3.0,1.0,7.0,1.0,5.0,4.0,-4.0,31:00,7.5,0
5,203121,Darius Miller,0.0,0.0,0.0,0.0,0.0,0.0,0.0,0.0,0.0,0.0,0.0,0.0,-15.0,6:33,0.0,0
6,200811,Lou Amundson,2.0,1.0,3.0,2.0,0.0,5.0,3.0,2.0,2.0,1.0,5.0,2.0,-8.0,18:52,4.0,0
7,203085,Austin Rivers,17.0,5.0,9.0,7.0,5.0,0.0,1.0,1.0,2.0,0.0,1.0,1.0,1.0,21:57,13.2,0
8,201627,Anthony Morrow,1.0,0.0,4.0,1.0,1.0,0.0,0.0,0.0,0.0,0.0,1.0,0.0,0.0,15:27,-2.2,0
9,203148,Brian Roberts,8.0,3.0,9.0,0.0,0.0,0.0,2.0,0.0,3.0,0.0,0.0,0.0,5.0,18:42,5.6,0
10,203481,Jeff Withey,0.0,0.0,0.0,0.0,0.0,0.0,1.0,0.0,0.0,0.0,0.0,0.0,1.0,1:46,0.3,0
11,201936,Tyreke Evans,,,,,,,,,,,,,,,0.0,0
12,201163,Wilson Chandler,19.0,7.0,14.0,4.0,3.0,1.0,4.0,0.0,3.0,1.0,4.0,2.0,6.0,32:22,12.7,1
13,202702,Kenneth Faried,12.0,5.0,9.0,2.0,2.0,3.0,6.0,1.0,0.0,1.0,2.0,3.0,10.0,28:03,9.5,1
14,201581,JJ Hickson,19.0,8.0,12.0,6.0,3.0,4.0,7.0,2.0,2.0,1.0,2.0,1.0,3.0,29:02,19.8,1
15,200751,Randy Foye,7.0,2.0,9.0,2.0,2.0,0.0,3.0,0.0,2.0,0.0,2.0,2.0,4.0,21:25,1.0,1
16,201951,Ty Lawson,12.0,4.0,9.0,4.0,3.0,1.0,2.0,2.0,8.0,1.0,0.0,1.0,11.0,32:30,15.5,1
17,202706,Jordan Hamilton,2.0,1.0,8.0,0.0,0.0,2.0,6.0,1.0,3.0,0.0,1.0,2.0,5.0,26:37,0.7,1
18,201589,Darrell Arthur,2.0,1.0,3.0,0.0,0.0,1.0,1.0,0.0,0.0,1.0,2.0,0.0,-2.0,10:55,1.2,1
19,202389,Timofey Mozgov,6.0,0.0,2.0,8.0,6.0,2.0,3.0,1.0,0.0,0.0,4.0,3.0,5.0,17:01,2.5,1
20,101126,Nate Robinson,14.0,5.0,10.0,2.0,2.0,0.0,2.0,0.0,4.0,2.0,5.0,1.0,5.0,26:35,10.8,1
21,1889,Andre Miller,9.0,4.0,9.0,0.0,0.0,1.0,2.0,0.0,1.0,0.0,2.0,1.0,-2.0,15:30,4.5,1
22,203095,Evan Fournier,,,,,,,,,,,,,,,0.0,1
23,203113,Quincy Miller,,,,,,,,,,,,,,,0.0,1
24,201576,Anthony Randolph,,,,,,,,,,,,,,,0.0,1
