,id,name,PTS,FG,FGA,FTA,FT,OREB,DREB,STL,AST,BLK,PF,TO,PLUS_MINUS,MIN,GS,WIN
0,2736,Luol Deng,20.0,7.0,15.0,6.0,5.0,2.0,4.0,1.0,7.0,0.0,2.0,1.0,10.0,37:55,18.6,0
1,202684,Tristan Thompson,14.0,7.0,10.0,0.0,0.0,1.0,4.0,1.0,0.0,0.0,2.0,0.0,-5.0,24:50,11.9,0
2,201150,Spencer Hawes,16.0,6.0,13.0,2.0,1.0,3.0,2.0,0.0,2.0,2.0,0.0,2.0,-13.0,22:18,12.4,0
3,203079,Dion Waiters,20.0,6.0,18.0,5.0,5.0,0.0,1.0,1.0,5.0,0.0,3.0,3.0,-6.0,42:05,10.4,0
4,101127,Jarrett Jack,9.0,4.0,12.0,0.0,0.0,0.0,2.0,2.0,7.0,0.0,2.0,1.0,-4.0,40:32,7.9,0
5,203521,Matthew Dellavedova,8.0,3.0,6.0,0.0,0.0,0.0,3.0,0.0,4.0,0.0,4.0,2.0,-2.0,28:35,5.1,0
6,2760,Anderson Varejao,8.0,3.0,8.0,3.0,2.0,4.0,9.0,1.0,0.0,0.0,3.0,1.0,-9.0,29:18,7.5,0
7,203092,Tyler Zeller,0.0,0.0,1.0,0.0,0.0,0.0,0.0,0.0,0.0,0.0,0.0,1.0,-8.0,4:53,-1.7,0
8,202087,Alonzo Gee,2.0,1.0,4.0,0.0,0.0,0.0,0.0,0.0,0.0,0.0,0.0,1.0,-18.0,9:34,-1.4,0
9,203461,Anthony Bennett,,,,,,,,,,,,,,,0.0,0
10,203552,Seth Curry,,,,,,,,,,,,,,,0.0,0
11,203508,Sergey Karasev,,,,,,,,,,,,,,,0.0,0
12,101139,CJ Miles,,,,,,,,,,,,,,,0.0,0
13,2207,Joe Johnson,14.0,6.0,8.0,1.0,0.0,0.0,1.0,0.0,3.0,0.0,1.0,0.0,-8.0,28:34,12.4,1
14,1718,Paul Pierce,22.0,5.0,6.0,7.0,7.0,0.0,2.0,1.0,3.0,0.0,4.0,2.0,10.0,19:56,19.9,1
15,203486,Mason Plumlee,3.0,1.0,2.0,2.0,1.0,1.0,6.0,1.0,0.0,3.0,1.0,2.0,0.0,19:53,4.8,1
16,2733,Shaun Livingston,8.0,4.0,5.0,0.0,0.0,2.0,6.0,3.0,6.0,0.0,1.0,3.0,28.0,34:28,13.1,1
17,101114,Deron Williams,13.0,5.0,10.0,2.0,1.0,0.0,2.0,2.0,5.0,0.0,2.0,1.0,-6.0,26:28,11.9,1
18,203141,Mirza Teletovic,9.0,3.0,11.0,0.0,0.0,2.0,8.0,1.0,0.0,0.0,1.0,2.0,1.0,28:04,4.9,1
19,201977,Marcus Thornton,10.0,3.0,10.0,3.0,3.0,1.0,2.0,1.0,2.0,0.0,2.0,3.0,9.0,21:43,4.1,1
20,101154,Andray Blatche,10.0,4.0,5.0,4.0,2.0,0.0,4.0,1.0,1.0,1.0,1.0,1.0,17.0,25:03,9.5,1
21,101187,Alan Anderson,13.0,6.0,10.0,0.0,0.0,1.0,1.0,0.0,1.0,0.0,0.0,0.0,17.0,21:32,10.1,1
22,203268,Jorge Gutierrez,2.0,0.0,1.0,2.0,2.0,0.0,2.0,0.0,3.0,0.0,3.0,3.0,-1.0,8:45,-0.2,1
23,2215,Jason Collins,2.0,1.0,2.0,0.0,0.0,0.0,0.0,0.0,0.0,0.0,0.0,0.0,-6.0,3:04,1.0,1
24,203104,Marquis Teague,2.0,1.0,1.0,0.0,0.0,0.0,0.0,0.0,0.0,0.0,0.0,0.0,-6.0,2:30,1.7,1
25,1905,Andrei Kirilenko,,,,,,,,,,,,,,,0.0,1
