,id,name,PTS,FG,FGA,FTA,FT,OREB,DREB,STL,AST,BLK,PF,TO,PLUS_MINUS,MIN,GS,WIN
0,200782,P.J. Tucker,11.0,5.0,11.0,0.0,0.0,1.0,9.0,5.0,0.0,0.0,4.0,7.0,10.0,40:46,5.1,1
1,101112,Channing Frye,4.0,1.0,9.0,2.0,2.0,0.0,5.0,1.0,2.0,2.0,2.0,1.0,8.0,32:44,1.6,1
2,203101,Miles Plumlee,5.0,2.0,2.0,2.0,1.0,2.0,5.0,0.0,0.0,1.0,2.0,2.0,-8.0,20:35,4.8,1
3,202339,Eric Bledsoe,17.0,6.0,12.0,6.0,5.0,3.0,7.0,1.0,4.0,0.0,1.0,1.0,19.0,29:05,17.2,1
4,201609,Goran Dragic,20.0,8.0,15.0,2.0,1.0,0.0,3.0,0.0,4.0,0.0,1.0,2.0,13.0,38:28,13.6,1
5,202693,Markieff Morris,15.0,6.0,13.0,2.0,2.0,0.0,9.0,0.0,2.0,0.0,5.0,0.0,12.0,24:56,10.4,1
6,101123,Gerald Green,4.0,2.0,9.0,0.0,0.0,0.0,2.0,0.0,0.0,0.0,0.0,2.0,-15.0,20:40,-2.9,1
7,202694,Marcus Morris Sr.,3.0,1.0,4.0,1.0,1.0,1.0,0.0,1.0,0.0,0.0,1.0,0.0,-6.0,10:17,1.9,1
8,202397,Ish Smith,0.0,0.0,0.0,2.0,0.0,0.0,0.0,0.0,0.0,1.0,2.0,1.0,-12.0,9:44,-1.9,1
9,203462,Archie Goodwin,2.0,1.0,3.0,0.0,0.0,1.0,0.0,0.0,1.0,0.0,0.0,0.0,4.0,3:52,1.7,1
10,203458,Alex Len,6.0,2.0,2.0,3.0,2.0,1.0,2.0,0.0,1.0,1.0,0.0,0.0,10.0,8:53,7.7,1
11,202091,Dionte Christmas,,,,,,,,,,,,,,,0.0,1
12,101183,Shavlik Randolph,,,,,,,,,,,,,,,0.0,1
13,201145,Jeff Green,9.0,2.0,14.0,4.0,4.0,1.0,5.0,2.0,2.0,1.0,1.0,2.0,-9.0,35:46,3.9,0
14,101138,Brandon Bass,8.0,4.0,12.0,0.0,0.0,2.0,3.0,0.0,0.0,1.0,2.0,1.0,-16.0,21:44,2.4,0
15,2743,Kris Humphries,11.0,5.0,8.0,2.0,1.0,3.0,10.0,0.0,1.0,0.0,2.0,1.0,3.0,24:50,11.0,0
16,201573,Jerryd Bayless,5.0,1.0,4.0,2.0,2.0,0.0,0.0,1.0,2.0,0.0,1.0,1.0,-14.0,16:14,3.6,0
17,200765,Rajon Rondo,8.0,4.0,15.0,0.0,0.0,4.0,4.0,1.0,5.0,0.0,4.0,2.0,-18.0,34:23,4.0,0
18,203096,Jared Sullinger,9.0,2.0,12.0,6.0,5.0,3.0,6.0,0.0,1.0,0.0,3.0,1.0,-9.0,20:44,3.4,0
19,202340,Avery Bradley,9.0,4.0,12.0,1.0,1.0,1.0,0.0,1.0,0.0,0.0,0.0,0.0,3.0,16:38,3.9,0
20,203187,Chris Johnson,11.0,3.0,7.0,4.0,4.0,0.0,3.0,0.0,1.0,1.0,2.0,3.0,6.0,27:22,5.8,0
21,203482,Kelly Olynyk,8.0,4.0,8.0,0.0,0.0,5.0,5.0,2.0,0.0,1.0,4.0,2.0,8.0,28:42,8.1,0
22,203515,Phil Pressey,2.0,0.0,2.0,2.0,2.0,0.0,1.0,0.0,5.0,0.0,2.0,1.0,11.0,13:37,2.6,0
23,201202,Joel Anthony,0.0,0.0,0.0,0.0,0.0,0.0,0.0,0.0,0.0,0.0,0.0,0.0,0.0,0:00,0.0,0
24,203569,Chris Babb,,,,,,,,,,,,,,,0.0,0
