,id,name,PTS,FG,FGA,FTA,FT,OREB,DREB,STL,AST,BLK,PF,TO,PLUS_MINUS,MIN,GS,WIN
0,201587,Nicolas Batum,15.0,5.0,13.0,4.0,2.0,1.0,7.0,0.0,1.0,0.0,0.0,0.0,-11.0,37:38,10.6,0
1,200746,LaMarcus Aldridge,19.0,8.0,23.0,4.0,3.0,5.0,5.0,0.0,1.0,2.0,3.0,1.0,-8.0,37:34,10.6,0
2,201577,Robin Lopez,6.0,2.0,2.0,4.0,2.0,4.0,2.0,0.0,1.0,0.0,3.0,0.0,-9.0,27:04,7.5,0
3,202083,Wesley Matthews,5.0,1.0,7.0,4.0,3.0,1.0,1.0,2.0,3.0,0.0,1.0,0.0,-6.0,34:34,4.8,0
4,203081,Damian Lillard,32.0,8.0,21.0,13.0,12.0,2.0,2.0,0.0,7.0,0.0,4.0,2.0,-8.0,38:38,23.4,0
5,2590,Mo Williams,4.0,2.0,5.0,0.0,0.0,0.0,0.0,0.0,3.0,0.0,2.0,1.0,-7.0,11:10,1.6,0
6,203086,Meyers Leonard,8.0,4.0,6.0,0.0,0.0,2.0,3.0,0.0,0.0,0.0,2.0,0.0,0.0,14:10,6.9,0
7,203468,CJ McCollum,0.0,0.0,2.0,0.0,0.0,0.0,0.0,1.0,1.0,0.0,2.0,2.0,-2.0,20:10,-2.5,0
8,203080,Thomas Robinson,8.0,4.0,6.0,0.0,0.0,1.0,3.0,0.0,0.0,0.0,4.0,2.0,-3.0,17:12,3.4,0
9,201964,Victor Claver,2.0,1.0,1.0,0.0,0.0,0.0,0.0,0.0,0.0,0.0,0.0,0.0,2.0,0:55,1.7,0
10,203115,Will Barton,0.0,0.0,0.0,0.0,0.0,0.0,1.0,0.0,1.0,0.0,0.0,0.0,2.0,0:55,1.0,0
11,2248,Earl Watson,,,,,,,,,,,,,,,0.0,0
12,2748,Dorell Wright,,,,,,,,,,,,,,,0.0,0
13,2419,Tayshaun Prince,9.0,4.0,6.0,1.0,1.0,0.0,4.0,0.0,1.0,1.0,0.0,1.0,1.0,22:32,8.0,1
14,2216,Zach Randolph,18.0,8.0,19.0,3.0,2.0,7.0,5.0,1.0,4.0,0.0,4.0,1.0,12.0,37:34,15.1,1
15,201188,Marc Gasol,19.0,8.0,14.0,5.0,3.0,0.0,9.0,0.0,7.0,1.0,3.0,2.0,4.0,37:33,16.7,1
16,201584,Courtney Lee,16.0,7.0,12.0,1.0,1.0,0.0,1.0,1.0,0.0,0.0,1.0,1.0,-1.0,25:18,10.3,1
17,201144,Mike Conley,17.0,7.0,14.0,1.0,1.0,0.0,4.0,2.0,4.0,0.0,2.0,0.0,4.0,28:54,15.2,1
18,201585,Kosta Koufos,2.0,1.0,2.0,0.0,0.0,1.0,3.0,0.0,0.0,2.0,1.0,3.0,6.0,19:58,0.6,1
19,201979,Nick Calathes,7.0,3.0,4.0,0.0,0.0,0.0,2.0,1.0,9.0,0.0,2.0,1.0,6.0,19:06,11.5,1
20,2754,Tony Allen,7.0,3.0,3.0,0.0,0.0,0.0,3.0,1.0,2.0,0.0,3.0,0.0,11.0,22:42,8.2,1
21,2034,Mike Miller,14.0,6.0,10.0,2.0,1.0,1.0,1.0,1.0,0.0,0.0,2.0,2.0,9.0,25:28,8.2,1
22,202720,Jon Leuer,0.0,0.0,0.0,0.0,0.0,0.0,0.0,0.0,0.0,0.0,0.0,0.0,-2.0,0:55,0.0,1
23,202334,Ed Davis,,,,,,,,,,,,,,,0.0,1
24,201949,James Johnson,,,,,,,,,,,,,,,0.0,1
25,2757,Beno Udrih,,,,,,,,,,,,,,,0.0,1
