,id,name,PTS,FG,FGA,FTA,FT,OREB,DREB,STL,AST,BLK,PF,TO,PLUS_MINUS,MIN,GS,WIN
0,201145,Jeff Green,24.0,11.0,17.0,1.0,1.0,2.0,9.0,0.0,2.0,1.0,5.0,4.0,-7.0,36:40,16.7,0
1,101138,Brandon Bass,9.0,4.0,5.0,1.0,1.0,1.0,2.0,0.0,1.0,0.0,4.0,3.0,-14.0,16:47,4.5,0
2,2743,Kris Humphries,16.0,5.0,10.0,6.0,6.0,3.0,11.0,2.0,0.0,3.0,2.0,0.0,2.0,35:31,19.7,0
3,202340,Avery Bradley,7.0,3.0,13.0,0.0,0.0,0.0,3.0,0.0,4.0,0.0,2.0,2.0,5.0,35:28,-0.0,0
4,202348,Jordan Crawford,10.0,3.0,12.0,2.0,2.0,0.0,2.0,0.0,7.0,1.0,2.0,2.0,0.0,34:04,6.2,0
5,203096,Jared Sullinger,21.0,9.0,16.0,2.0,1.0,5.0,6.0,0.0,1.0,1.0,4.0,4.0,6.0,31:36,14.1,0
6,201573,Jerryd Bayless,2.0,1.0,6.0,0.0,0.0,0.0,1.0,2.0,3.0,0.0,3.0,2.0,-1.0,17:52,-0.6,0
7,203482,Kelly Olynyk,4.0,1.0,4.0,2.0,2.0,1.0,2.0,0.0,0.0,2.0,3.0,0.0,2.0,12:06,3.1,0
8,2222,Gerald Wallace,4.0,1.0,2.0,2.0,1.0,0.0,1.0,3.0,1.0,0.0,0.0,0.0,-3.0,19:57,6.6,0
9,2586,Keith Bogans,,,,,,,,,,,,,,,0.0,0
10,202705,MarShon Brooks,,,,,,,,,,,,,,,0.0,0
11,203543,Vitor Faverani,,,,,,,,,,,,,,,0.0,0
12,203515,Phil Pressey,,,,,,,,,,,,,,,0.0,0
13,2738,Andre Iguodala,22.0,9.0,14.0,3.0,2.0,1.0,4.0,3.0,7.0,0.0,1.0,0.0,10.0,38:07,24.8,1
14,101135,David Lee,16.0,8.0,19.0,0.0,0.0,3.0,4.0,1.0,4.0,0.0,1.0,2.0,9.0,34:46,10.6,1
15,101106,Andrew Bogut,4.0,2.0,6.0,0.0,0.0,4.0,9.0,0.0,3.0,1.0,3.0,0.0,5.0,28:20,7.7,1
16,202691,Klay Thompson,17.0,5.0,17.0,4.0,4.0,1.0,0.0,0.0,1.0,0.0,2.0,1.0,8.0,40:59,6.7,1
17,201939,Stephen Curry,19.0,7.0,18.0,3.0,2.0,1.0,6.0,1.0,4.0,0.0,1.0,4.0,5.0,40:08,10.7,1
18,203084,Harrison Barnes,1.0,0.0,4.0,2.0,1.0,1.0,5.0,0.0,1.0,0.0,4.0,1.0,-8.0,20:02,-1.9,1
19,201962,Toney Douglas,0.0,0.0,0.0,0.0,0.0,0.0,1.0,0.0,1.0,0.0,0.0,1.0,-6.0,5:02,0.0,1
20,203110,Draymond Green,7.0,3.0,8.0,2.0,1.0,2.0,2.0,2.0,2.0,0.0,3.0,1.0,-10.0,19:42,5.4,1
21,201578,Marreese Speights,13.0,4.0,6.0,7.0,5.0,1.0,1.0,0.0,0.0,0.0,3.0,1.0,-3.0,12:54,8.4,1
22,203145,Kent Bazemore,,,,,,,,,,,,,,,0.0,1
23,203136,Ognjen Kuzmic,,,,,,,,,,,,,,,0.0,1
24,203517,Nemanja Nedovic,,,,,,,,,,,,,,,0.0,1
