,id,name,PTS,FG,FGA,FTA,FT,OREB,DREB,STL,AST,BLK,PF,TO,PLUS_MINUS,MIN,GS,WIN
0,2210,Richard Jefferson,13.0,5.0,10.0,2.0,1.0,0.0,3.0,0.0,0.0,0.0,2.0,1.0,20.0,20:49,6.7,1
1,101107,Marvin Williams,5.0,2.0,8.0,0.0,0.0,2.0,4.0,3.0,2.0,1.0,3.0,1.0,12.0,29:39,5.7,1
2,202324,Derrick Favors,14.0,5.0,11.0,4.0,4.0,3.0,6.0,1.0,2.0,0.0,2.0,1.0,5.0,35:32,12.8,1
3,202330,Gordon Hayward,12.0,3.0,11.0,4.0,4.0,2.0,8.0,2.0,3.0,0.0,0.0,3.0,9.0,37:05,10.4,1
4,203504,Trey Burke,20.0,7.0,16.0,2.0,2.0,1.0,2.0,0.0,4.0,0.0,2.0,0.0,14.0,26:23,14.9,1
5,202692,Alec Burks,11.0,4.0,8.0,4.0,3.0,0.0,3.0,1.0,3.0,1.0,2.0,1.0,-19.0,30:05,9.5,1
6,203197,Diante Garrett,0.0,0.0,1.0,0.0,0.0,0.0,1.0,1.0,0.0,0.0,0.0,0.0,-8.0,5:13,0.6,1
7,202683,Enes Kanter,8.0,4.0,8.0,0.0,0.0,2.0,2.0,1.0,1.0,0.0,4.0,0.0,-6.0,17:42,6.1,1
8,201575,Brandon Rush,0.0,0.0,2.0,0.0,0.0,0.0,0.0,0.0,0.0,0.0,1.0,0.0,-4.0,8:01,-1.8,1
9,101249,John Lucas III,3.0,1.0,3.0,0.0,0.0,1.0,2.0,0.0,3.0,0.0,1.0,0.0,-3.0,16:25,4.3,1
10,202379,Jeremy Evans,2.0,1.0,5.0,2.0,0.0,1.0,1.0,0.0,1.0,1.0,1.0,0.0,-5.0,13:07,0.1,1
11,2740,Andris Biedrins,,,,,,,,,,,,,,,0.0,1
12,203497,Rudy Gobert,,,,,,,,,,,,,,,0.0,1
13,201229,Anthony Tolliver,2.0,1.0,5.0,0.0,0.0,0.0,5.0,0.0,1.0,0.0,2.0,1.0,-4.0,25:53,-0.7,0
14,201177,Josh McRoberts,2.0,1.0,5.0,0.0,0.0,2.0,3.0,0.0,3.0,2.0,2.0,2.0,-8.0,28:53,1.9,0
15,2744,Al Jefferson,19.0,9.0,19.0,3.0,1.0,6.0,5.0,0.0,1.0,3.0,1.0,0.0,-3.0,30:58,16.6,0
16,201945,Gerald Henderson,12.0,4.0,14.0,4.0,4.0,1.0,4.0,0.0,2.0,0.0,2.0,1.0,-5.0,29:51,5.3,0
17,202689,Kemba Walker,20.0,9.0,16.0,2.0,1.0,3.0,2.0,1.0,4.0,1.0,1.0,5.0,-3.0,33:40,13.8,0
18,203469,Cody Zeller,8.0,4.0,5.0,0.0,0.0,0.0,3.0,0.0,2.0,0.0,1.0,1.0,5.0,19:07,7.0,0
19,201604,Chris Douglas-Roberts,0.0,0.0,1.0,0.0,0.0,0.0,2.0,0.0,0.0,0.0,3.0,0.0,2.0,17:57,-1.3,0
20,202687,Bismack Biyombo,5.0,2.0,3.0,2.0,1.0,2.0,8.0,0.0,0.0,2.0,1.0,0.0,0.0,17:02,8.1,0
21,201196,Ramon Sessions,13.0,4.0,10.0,5.0,4.0,0.0,3.0,0.0,3.0,0.0,0.0,0.0,5.0,24:18,10.2,0
22,2732,Ben Gordon,4.0,2.0,5.0,0.0,0.0,0.0,1.0,0.0,0.0,1.0,4.0,1.0,-4.0,12:21,-0.3,0
23,202399,Jeff Adrien,,,,,,,,,,,,,,,0.0,0
24,2457,Jannero Pargo,,,,,,,,,,,,,,,0.0,0
25,203106,Jeffery Taylor,,,,,,,,,,,,,,,0.0,0
