,id,name,PTS,FG,FGA,FTA,FT,OREB,DREB,STL,AST,BLK,PF,TO,PLUS_MINUS,MIN,GS,WIN
0,2546,Carmelo Anthony,13.0,4.0,17.0,5.0,4.0,3.0,2.0,2.0,6.0,1.0,2.0,1.0,0.0,44:03,10.1,0
1,2405,Amar'e Stoudemire,12.0,5.0,9.0,2.0,2.0,2.0,3.0,1.0,1.0,1.0,3.0,2.0,-11.0,29:41,9.2,0
2,2199,Tyson Chandler,10.0,4.0,7.0,2.0,2.0,3.0,8.0,0.0,0.0,0.0,1.0,1.0,6.0,34:13,9.8,0
3,2747,JR Smith,32.0,11.0,28.0,0.0,0.0,0.0,5.0,2.0,3.0,0.0,5.0,2.0,-5.0,42:40,18.4,0
4,101109,Raymond Felton,15.0,6.0,12.0,2.0,1.0,1.0,1.0,4.0,5.0,0.0,4.0,3.0,10.0,30:44,12.5,0
5,203143,Pablo Prigioni,0.0,0.0,1.0,0.0,0.0,0.0,1.0,0.0,1.0,0.0,2.0,1.0,-21.0,16:56,-1.5,0
6,202697,Iman Shumpert,9.0,3.0,7.0,2.0,1.0,6.0,2.0,1.0,2.0,0.0,4.0,0.0,-6.0,28:18,10.5,0
7,203501,Tim Hardaway Jr.,0.0,0.0,7.0,0.0,0.0,0.0,1.0,0.0,0.0,0.0,3.0,0.0,-26.0,12:04,-5.8,0
8,200769,Shannon Brown,0.0,0.0,0.0,0.0,0.0,0.0,0.0,0.0,0.0,0.0,0.0,0.0,-2.0,0:21,0.0,0
9,203315,Toure' Murry,0.0,0.0,0.0,0.0,0.0,0.0,0.0,0.0,0.0,0.0,0.0,0.0,0.0,0:20,0.0,0
10,202719,Jeremy Tyler,0.0,0.0,0.0,0.0,0.0,0.0,0.0,0.0,0.0,0.0,0.0,0.0,0.0,0:20,0.0,0
11,202332,Cole Aldrich,0.0,0.0,0.0,0.0,0.0,0.0,0.0,0.0,0.0,0.0,0.0,0.0,0.0,0:20,0.0,0
12,2544,LeBron James,38.0,13.0,22.0,12.0,9.0,0.0,5.0,1.0,6.0,0.0,0.0,5.0,2.0,42:47,28.3,1
13,2617,Udonis Haslem,6.0,2.0,4.0,2.0,2.0,3.0,8.0,0.0,2.0,0.0,3.0,2.0,10.0,28:15,6.7,1
14,2547,Chris Bosh,14.0,5.0,7.0,4.0,3.0,2.0,5.0,0.0,0.0,0.0,2.0,3.0,-10.0,31:45,9.8,1
15,201962,Toney Douglas,5.0,2.0,5.0,2.0,1.0,1.0,2.0,0.0,3.0,0.0,3.0,1.0,-7.0,24:45,3.1,1
16,201596,Mario Chalmers,15.0,4.0,7.0,6.0,5.0,0.0,4.0,1.0,4.0,0.0,2.0,1.0,12.0,30:02,14.5,1
17,2203,Shane Battier,6.0,2.0,2.0,2.0,0.0,1.0,2.0,3.0,1.0,0.0,3.0,3.0,11.0,31:17,5.4,1
18,951,Ray Allen,12.0,4.0,10.0,0.0,0.0,0.0,1.0,1.0,1.0,0.0,1.0,1.0,15.0,28:56,7.2,1
19,202708,Norris Cole,2.0,1.0,2.0,0.0,0.0,0.0,1.0,0.0,5.0,0.0,1.0,0.0,17.0,16:30,4.4,1
20,1740,Rashard Lewis,4.0,1.0,2.0,2.0,2.0,0.0,0.0,0.0,0.0,0.0,2.0,0.0,5.0,5:42,2.2,1
21,2365,Chris Andersen,,,,,,,,,,,,,,,0.0,1
22,201563,Michael Beasley,,,,,,,,,,,,,,,0.0,1
23,203120,Justin Hamilton,,,,,,,,,,,,,,,0.0,1
24,2592,James Jones,,,,,,,,,,,,,,,0.0,1
