,id,name,PTS,FG,FGA,FTA,FT,OREB,DREB,STL,AST,BLK,PF,TO,PLUS_MINUS,MIN,GS,WIN
0,2399,Mike Dunleavy,12.0,4.0,8.0,3.0,3.0,1.0,4.0,1.0,4.0,0.0,2.0,2.0,2.0,38:17,10.9,1
1,2430,Carlos Boozer,14.0,5.0,16.0,4.0,4.0,2.0,10.0,0.0,2.0,2.0,4.0,1.0,16.0,37:17,9.4,1
2,201149,Joakim Noah,21.0,10.0,15.0,2.0,1.0,9.0,9.0,3.0,5.0,3.0,5.0,2.0,2.0,35:09,27.7,1
3,202710,Jimmy Butler,16.0,4.0,12.0,8.0,7.0,1.0,1.0,3.0,1.0,0.0,2.0,3.0,9.0,36:35,9.7,1
4,2550,Kirk Hinrich,13.0,5.0,12.0,0.0,0.0,0.0,1.0,0.0,8.0,0.0,2.0,3.0,13.0,36:13,8.7,1
5,201959,Taj Gibson,6.0,3.0,8.0,0.0,0.0,4.0,1.0,0.0,3.0,0.0,3.0,2.0,-8.0,18:48,3.6,1
6,203503,Tony Snell,6.0,2.0,6.0,0.0,0.0,0.0,0.0,0.0,2.0,0.0,1.0,1.0,-9.0,21:08,2.6,1
7,201571,D.J. Augustin,0.0,0.0,3.0,0.0,0.0,0.0,1.0,1.0,1.0,0.0,2.0,0.0,-12.0,11:47,-0.9,1
8,1737,Nazr Mohammed,3.0,1.0,1.0,2.0,1.0,0.0,0.0,0.0,0.0,1.0,1.0,1.0,-8.0,4:46,1.6,1
9,2736,Luol Deng,,,,,,,,,,,,,,,0.0,1
10,2229,Mike James,,,,,,,,,,,,,,,0.0,1
11,203513,Erik Murphy,,,,,,,,,,,,,,,0.0,1
12,203104,Marquis Teague,,,,,,,,,,,,,,,0.0,1
13,203114,Khris Middleton,10.0,5.0,9.0,0.0,0.0,1.0,3.0,0.0,2.0,1.0,2.0,0.0,1.0,23:42,8.6,0
14,202327,Ekpe Udoh,7.0,3.0,5.0,2.0,1.0,1.0,4.0,1.0,2.0,3.0,3.0,3.0,0.0,32:51,6.5,0
15,203089,John Henson,15.0,6.0,9.0,4.0,3.0,1.0,7.0,2.0,3.0,4.0,3.0,2.0,-6.0,35:45,17.2,0
16,201564,O.J. Mayo,14.0,6.0,13.0,0.0,0.0,0.0,1.0,0.0,2.0,0.0,5.0,1.0,-9.0,29:06,6.0,0
17,202688,Brandon Knight,11.0,3.0,9.0,5.0,5.0,0.0,2.0,0.0,4.0,0.0,1.0,3.0,-11.0,29:14,5.9,0
18,203507,Giannis Antetokounmpo,8.0,2.0,4.0,4.0,4.0,4.0,5.0,0.0,1.0,0.0,2.0,0.0,1.0,23:51,10.2,0
19,101141,Ersan Ilyasova,3.0,1.0,7.0,2.0,1.0,2.0,1.0,1.0,1.0,0.0,1.0,0.0,5.0,24:22,1.1,0
20,203489,Nate Wolters,5.0,2.0,7.0,2.0,1.0,2.0,0.0,2.0,3.0,0.0,0.0,1.0,10.0,18:57,5.0,0
21,202390,Gary Neal,17.0,5.0,9.0,6.0,5.0,0.0,2.0,0.0,0.0,0.0,0.0,4.0,5.0,19:18,8.9,0
22,203545,Miroslav Raduljica,0.0,0.0,2.0,0.0,0.0,2.0,0.0,0.0,0.0,0.0,2.0,0.0,-1.0,2:55,-0.8,0
23,2406,Caron Butler,,,,,,,,,,,,,,,0.0,0
24,2585,Zaza Pachulia,,,,,,,,,,,,,,,0.0,0
25,2557,Luke Ridnour,,,,,,,,,,,,,,,0.0,0
