,id,name,PTS,FG,FGA,FTA,FT,OREB,DREB,STL,AST,BLK,PF,TO,PLUS_MINUS,MIN,GS,WIN
0,203103,Perry Jones III,10.0,4.0,6.0,2.0,2.0,0.0,4.0,3.0,2.0,0.0,2.0,0.0,19.0,31:44,12.2,1
1,201586,Serge Ibaka,21.0,9.0,13.0,2.0,2.0,2.0,5.0,0.0,2.0,0.0,3.0,0.0,20.0,28:27,18.6,1
2,2570,Kendrick Perkins,6.0,2.0,5.0,4.0,2.0,2.0,7.0,0.0,1.0,0.0,1.0,2.0,9.0,22:29,4.3,1
3,200757,Thabo Sefolosha,13.0,6.0,6.0,0.0,0.0,1.0,1.0,0.0,0.0,0.0,2.0,2.0,16.0,26:57,9.4,1
4,202704,Reggie Jackson,14.0,5.0,14.0,3.0,3.0,0.0,4.0,1.0,8.0,0.0,0.0,4.0,20.0,28:43,10.0,1
5,203087,Jeremy Lamb,19.0,9.0,17.0,0.0,0.0,1.0,5.0,2.0,4.0,0.0,2.0,2.0,0.0,29:46,14.9,1
6,2555,Nick Collison,6.0,3.0,7.0,0.0,0.0,1.0,1.0,0.0,4.0,0.0,1.0,1.0,10.0,22:54,4.7,1
7,965,Derek Fisher,7.0,3.0,4.0,0.0,0.0,0.0,2.0,0.0,2.0,0.0,1.0,3.0,-1.0,16:40,4.0,1
8,203500,Steven Adams,3.0,1.0,4.0,2.0,1.0,2.0,3.0,0.0,0.0,1.0,2.0,1.0,-2.0,19:33,1.4,1
9,203460,Andre Roberson,2.0,1.0,3.0,0.0,0.0,2.0,1.0,2.0,1.0,1.0,3.0,0.0,3.0,8:34,4.2,1
10,2767,Royal Ivey,0.0,0.0,1.0,0.0,0.0,0.0,0.0,0.0,0.0,0.0,1.0,0.0,-1.0,2:37,-1.1,1
11,201934,Hasheem Thabeet,0.0,0.0,0.0,0.0,0.0,1.0,0.0,0.0,0.0,0.0,0.0,0.0,-3.0,1:36,0.7,1
12,201142,Kevin Durant,,,,,,,,,,,,,,,0.0,1
13,201145,Jeff Green,16.0,7.0,17.0,2.0,1.0,0.0,2.0,1.0,1.0,0.0,0.0,1.0,-20.0,31:31,7.8,0
14,203096,Jared Sullinger,6.0,3.0,10.0,0.0,0.0,2.0,2.0,0.0,3.0,0.0,1.0,1.0,-5.0,24:07,2.9,0
15,2743,Kris Humphries,8.0,3.0,5.0,2.0,2.0,1.0,3.0,0.0,0.0,0.0,1.0,0.0,-14.0,18:08,6.9,0
16,2222,Gerald Wallace,13.0,4.0,6.0,6.0,4.0,0.0,2.0,3.0,3.0,0.0,1.0,5.0,-14.0,29:08,9.9,0
17,200765,Rajon Rondo,5.0,2.0,7.0,0.0,0.0,0.0,2.0,0.0,8.0,0.0,0.0,3.0,-9.0,21:43,4.1,0
18,203515,Phil Pressey,9.0,2.0,6.0,4.0,3.0,1.0,1.0,2.0,6.0,0.0,0.0,2.0,-8.0,30:13,10.4,0
19,101138,Brandon Bass,11.0,5.0,7.0,1.0,1.0,2.0,2.0,1.0,0.0,0.0,3.0,1.0,-8.0,23:28,8.9,0
20,203482,Kelly Olynyk,4.0,2.0,5.0,0.0,0.0,2.0,1.0,0.0,1.0,0.0,2.0,2.0,2.0,16:44,0.9,0
21,203187,Chris Johnson,8.0,3.0,7.0,2.0,2.0,1.0,3.0,0.0,1.0,0.0,4.0,0.0,-5.0,24:04,5.0,0
22,203543,Vitor Faverani,2.0,1.0,3.0,0.0,0.0,1.0,3.0,0.0,1.0,0.0,0.0,0.0,-3.0,10:23,2.6,0
23,201202,Joel Anthony,0.0,0.0,2.0,0.0,0.0,1.0,0.0,0.0,0.0,0.0,0.0,1.0,-8.0,3:10,-1.7,0
24,203505,Vander Blue,1.0,0.0,0.0,2.0,1.0,0.0,0.0,0.0,0.0,0.0,0.0,0.0,2.0,7:21,0.6,0
