,id,name,PTS,FG,FGA,FTA,FT,OREB,DREB,STL,AST,BLK,PF,TO,PLUS_MINUS,MIN,GS,WIN
0,2772,Trevor Ariza,23.0,8.0,14.0,2.0,1.0,0.0,5.0,0.0,1.0,0.0,3.0,1.0,7.0,35:02,16.0,0
1,2403,Nene,19.0,9.0,16.0,2.0,1.0,3.0,3.0,0.0,2.0,1.0,3.0,1.0,2.0,33:05,13.9,0
2,101162,Marcin Gortat,14.0,6.0,12.0,2.0,2.0,5.0,6.0,1.0,0.0,2.0,3.0,0.0,7.0,34:41,14.5,0
3,203078,Bradley Beal,14.0,5.0,16.0,4.0,4.0,0.0,5.0,3.0,8.0,0.0,3.0,1.0,-12.0,30:45,12.7,0
4,202322,John Wall,13.0,4.0,14.0,4.0,4.0,0.0,6.0,1.0,4.0,0.0,2.0,4.0,4.0,34:24,5.6,0
5,101110,Martell Webster,4.0,2.0,5.0,0.0,0.0,1.0,3.0,0.0,2.0,0.0,1.0,0.0,-3.0,27:22,3.9,0
6,202344,Trevor Booker,2.0,1.0,4.0,0.0,0.0,3.0,1.0,0.0,1.0,0.0,0.0,0.0,-3.0,14:54,2.7,0
7,202066,Garrett Temple,6.0,1.0,4.0,4.0,4.0,0.0,2.0,1.0,0.0,0.0,0.0,1.0,-9.0,13:37,4.2,0
8,202338,Kevin Seraphin,6.0,3.0,5.0,0.0,0.0,2.0,1.0,0.0,1.0,0.0,3.0,1.0,-10.0,12:58,3.9,0
9,203490,Otto Porter Jr.,0.0,0.0,1.0,0.0,0.0,0.0,1.0,0.0,0.0,0.0,0.0,0.0,2.0,3:13,-0.4,0
10,201953,Eric Maynor,,,,,,,,,,,,,,,0.0,0
11,202698,Chris Singleton,,,,,,,,,,,,,,,0.0,0
12,202686,Jan Vesely,,,,,,,,,,,,,,,0.0,0
13,2210,Richard Jefferson,5.0,2.0,7.0,0.0,0.0,0.0,3.0,1.0,0.0,0.0,1.0,2.0,-8.0,16:60,0.4,1
14,101107,Marvin Williams,8.0,2.0,7.0,2.0,2.0,2.0,2.0,0.0,0.0,0.0,2.0,0.0,-3.0,17:12,5.1,1
15,202324,Derrick Favors,11.0,3.0,8.0,7.0,5.0,5.0,9.0,0.0,0.0,1.0,2.0,3.0,-9.0,34:12,8.9,1
16,202330,Gordon Hayward,16.0,5.0,14.0,4.0,4.0,0.0,6.0,2.0,4.0,0.0,1.0,3.0,3.0,38:23,11.4,1
17,203504,Trey Burke,12.0,4.0,12.0,0.0,0.0,0.0,3.0,0.0,8.0,0.0,1.0,2.0,0.0,38:20,9.3,1
18,202692,Alec Burks,15.0,6.0,9.0,5.0,3.0,0.0,3.0,0.0,2.0,0.0,1.0,0.0,11.0,31:22,12.2,1
19,202683,Enes Kanter,24.0,11.0,13.0,2.0,2.0,1.0,4.0,0.0,2.0,0.0,3.0,1.0,6.0,30:27,20.4,1
20,201575,Brandon Rush,5.0,2.0,5.0,0.0,0.0,0.0,0.0,0.0,0.0,0.0,1.0,0.0,-2.0,6:42,1.9,1
21,203197,Diante Garrett,4.0,2.0,4.0,0.0,0.0,0.0,3.0,1.0,1.0,0.0,2.0,0.0,5.0,12:35,3.8,1
22,202379,Jeremy Evans,4.0,1.0,2.0,2.0,2.0,0.0,0.0,1.0,0.0,0.0,0.0,0.0,12.0,13:48,4.0,1
23,2740,Andris Biedrins,,,,,,,,,,,,,,,0.0,1
24,203497,Rudy Gobert,,,,,,,,,,,,,,,0.0,1
25,101249,John Lucas III,,,,,,,,,,,,,,,0.0,1
