,id,name,PTS,FG,FGA,FTA,FT,OREB,DREB,STL,AST,BLK,PF,TO,PLUS_MINUS,MIN,GS,WIN
0,201960,DeMarre Carroll,11.0,3.0,9.0,4.0,4.0,5.0,3.0,2.0,1.0,0.0,2.0,2.0,-8.0,36:37,10.2,0
1,200794,Paul Millsap,23.0,9.0,14.0,2.0,1.0,1.0,9.0,1.0,2.0,2.0,4.0,4.0,-3.0,34:39,18.0,0
2,201143,Al Horford,16.0,7.0,13.0,2.0,2.0,0.0,3.0,0.0,0.0,2.0,1.0,0.0,-10.0,33:47,11.6,0
3,201858,Cartier Martin,12.0,4.0,7.0,3.0,2.0,1.0,4.0,0.0,1.0,1.0,2.0,3.0,-13.0,30:43,7.8,0
4,201952,Jeff Teague,15.0,5.0,18.0,5.0,5.0,1.0,2.0,0.0,5.0,0.0,2.0,5.0,-9.0,30:56,3.4,0
5,203098,John Jenkins,2.0,1.0,1.0,0.0,0.0,0.0,1.0,0.0,2.0,0.0,0.0,0.0,1.0,21:00,3.4,0
6,203118,Mike Scott,6.0,2.0,7.0,2.0,2.0,0.0,4.0,0.0,0.0,0.0,1.0,0.0,-3.0,11:31,2.7,0
7,202714,Shelvin Mack,11.0,4.0,9.0,4.0,3.0,0.0,2.0,4.0,6.0,0.0,6.0,2.0,8.0,24:44,10.3,0
8,1882,Elton Brand,5.0,1.0,1.0,4.0,3.0,1.0,1.0,0.0,1.0,1.0,0.0,0.0,-1.0,7:07,6.7,0
9,203544,Pero Antic,0.0,0.0,2.0,0.0,0.0,0.0,2.0,0.0,1.0,0.0,0.0,0.0,3.0,8:56,-0.1,0
10,202970,Gustavo Ayon,,,,,,,,,,,,,,,0.0,0
11,203471,Dennis Schroder,,,,,,,,,,,,,,,0.0,0
12,101150,Lou Williams,,,,,,,,,,,,,,,0.0,0
13,101110,Martell Webster,19.0,6.0,11.0,4.0,2.0,1.0,2.0,1.0,2.0,1.0,3.0,2.0,-1.0,40:54,14.1,1
14,2403,Nene,13.0,4.0,12.0,6.0,5.0,1.0,11.0,1.0,3.0,1.0,3.0,2.0,13.0,35:41,10.4,1
15,101162,Marcin Gortat,12.0,6.0,11.0,0.0,0.0,1.0,6.0,0.0,3.0,3.0,4.0,4.0,8.0,40:30,7.8,1
16,2772,Trevor Ariza,24.0,7.0,10.0,5.0,5.0,0.0,3.0,1.0,3.0,0.0,2.0,1.0,19.0,37:47,22.0,1
17,202322,John Wall,26.0,9.0,18.0,11.0,6.0,0.0,6.0,5.0,12.0,0.0,2.0,3.0,16.0,38:45,26.4,1
18,202686,Jan Vesely,4.0,1.0,3.0,2.0,2.0,1.0,0.0,1.0,0.0,0.0,3.0,0.0,-3.0,15:04,2.8,1
19,202698,Chris Singleton,4.0,2.0,4.0,2.0,0.0,1.0,4.0,2.0,0.0,0.0,2.0,2.0,-3.0,16:37,2.3,1
20,201953,Eric Maynor,4.0,2.0,6.0,0.0,0.0,1.0,0.0,1.0,1.0,0.0,0.0,2.0,-9.0,9:15,1.0,1
21,202338,Kevin Seraphin,2.0,1.0,3.0,0.0,0.0,0.0,0.0,0.0,0.0,0.0,1.0,0.0,-4.0,4:25,-0.1,1
22,202066,Garrett Temple,0.0,0.0,0.0,0.0,0.0,0.0,0.0,0.0,0.0,0.0,0.0,0.0,-1.0,1:02,0.0,1
23,202344,Trevor Booker,,,,,,,,,,,,,,,0.0,1
24,1733,Al Harrington,,,,,,,,,,,,,,,0.0,1
25,203318,Glen Rice,,,,,,,,,,,,,,,0.0,1
