,id,name,PTS,FG,FGA,FTA,FT,OREB,DREB,STL,AST,BLK,PF,TO,PLUS_MINUS,MIN,GS,WIN
0,1905,Andrei Kirilenko,10.0,4.0,8.0,6.0,2.0,4.0,6.0,4.0,3.0,1.0,2.0,4.0,6.0,35:28,11.0,1
1,1718,Paul Pierce,25.0,9.0,17.0,3.0,3.0,1.0,6.0,0.0,4.0,0.0,3.0,4.0,12.0,33:26,16.8,1
2,203486,Mason Plumlee,6.0,3.0,5.0,0.0,0.0,2.0,3.0,0.0,2.0,1.0,4.0,0.0,-6.0,17:26,6.5,1
3,2207,Joe Johnson,10.0,4.0,9.0,0.0,0.0,0.0,4.0,1.0,8.0,0.0,0.0,2.0,7.0,35:14,11.1,1
4,101114,Deron Williams,30.0,9.0,16.0,13.0,11.0,1.0,4.0,6.0,7.0,0.0,1.0,3.0,12.0,39:22,31.0,1
5,101154,Andray Blatche,10.0,2.0,10.0,8.0,6.0,1.0,2.0,1.0,1.0,0.0,2.0,0.0,4.0,19:57,5.2,1
6,203104,Marquis Teague,0.0,0.0,1.0,0.0,0.0,0.0,2.0,0.0,1.0,0.0,0.0,2.0,-2.0,12:26,-1.4,1
7,101187,Alan Anderson,8.0,2.0,2.0,2.0,2.0,0.0,1.0,0.0,1.0,0.0,2.0,1.0,-5.0,21:30,6.6,1
8,203141,Mirza Teletovic,9.0,3.0,7.0,0.0,0.0,2.0,0.0,0.0,1.0,0.0,1.0,0.0,-6.0,14:34,7.0,1
9,2215,Jason Collins,0.0,0.0,1.0,0.0,0.0,1.0,1.0,1.0,0.0,0.0,5.0,2.0,8.0,10:37,-2.7,1
10,708,Kevin Garnett,,,,,,,,,,,,,,,0.0,1
11,2733,Shaun Livingston,,,,,,,,,,,,,,,0.0,1
12,201977,Marcus Thornton,,,,,,,,,,,,,,,0.0,1
13,203145,Kent Bazemore,17.0,6.0,13.0,6.0,4.0,0.0,0.0,2.0,1.0,0.0,3.0,4.0,-6.0,29:21,7.0,0
14,202325,Wesley Johnson,3.0,1.0,1.0,0.0,0.0,0.0,4.0,1.0,0.0,1.0,4.0,0.0,-8.0,18:26,4.0,0
15,2200,Pau Gasol,22.0,8.0,12.0,7.0,6.0,2.0,9.0,0.0,0.0,1.0,3.0,2.0,-4.0,29:13,18.0,0
16,201975,Jodie Meeks,19.0,7.0,13.0,4.0,3.0,0.0,2.0,2.0,2.0,1.0,1.0,1.0,-7.0,29:04,15.6,0
17,203088,Kendall Marshall,2.0,1.0,4.0,0.0,0.0,1.0,2.0,1.0,7.0,1.0,2.0,3.0,-11.0,22:41,3.7,0
18,201941,Jordan Hill,11.0,5.0,8.0,2.0,1.0,4.0,4.0,1.0,1.0,1.0,4.0,0.0,2.0,29:34,11.8,0
19,200770,Jordan Farmar,3.0,1.0,6.0,0.0,0.0,0.0,1.0,2.0,4.0,0.0,2.0,2.0,3.0,24:39,1.5,0
20,201156,Nick Young,10.0,3.0,4.0,5.0,3.0,0.0,1.0,1.0,0.0,0.0,1.0,3.0,0.0,19:33,5.5,0
21,2549,Chris Kaman,8.0,4.0,8.0,2.0,0.0,2.0,2.0,0.0,0.0,0.0,1.0,2.0,-2.0,18:47,2.8,0
22,202705,MarShon Brooks,7.0,3.0,7.0,0.0,0.0,1.0,2.0,1.0,2.0,0.0,3.0,0.0,3.0,18:42,5.8,0
23,203527,Ryan Kelly,,,,,,,,,,,,,,,0.0,0
24,959,Steve Nash,,,,,,,,,,,,,,,0.0,0
25,203135,Robert Sacre,,,,,,,,,,,,,,,0.0,0
