,id,name,PTS,FG,FGA,FTA,FT,OREB,DREB,STL,AST,BLK,PF,TO,PLUS_MINUS,MIN,GS,WIN
0,203077,Michael Kidd-Gilchrist,11.0,4.0,6.0,3.0,3.0,2.0,1.0,0.0,2.0,0.0,2.0,1.0,-22.0,26:57,9.7,0
1,201177,Josh McRoberts,11.0,4.0,9.0,0.0,0.0,0.0,5.0,1.0,3.0,0.0,1.0,1.0,-14.0,26:19,9.5,0
2,2744,Al Jefferson,10.0,4.0,15.0,4.0,2.0,2.0,4.0,1.0,1.0,1.0,2.0,2.0,-14.0,27:07,2.5,0
3,201945,Gerald Henderson,6.0,3.0,7.0,0.0,0.0,0.0,2.0,1.0,2.0,0.0,0.0,0.0,-16.0,24:26,5.3,0
4,201196,Ramon Sessions,11.0,3.0,10.0,6.0,4.0,0.0,0.0,1.0,1.0,0.0,2.0,0.0,-20.0,26:24,5.3,0
5,2457,Jannero Pargo,12.0,5.0,12.0,2.0,1.0,0.0,1.0,1.0,6.0,0.0,2.0,3.0,10.0,21:36,6.9,0
6,203469,Cody Zeller,11.0,4.0,7.0,5.0,3.0,0.0,6.0,0.0,0.0,0.0,4.0,0.0,-5.0,19:13,7.1,0
7,201604,Chris Douglas-Roberts,3.0,0.0,4.0,4.0,3.0,0.0,3.0,0.0,2.0,1.0,1.0,1.0,6.0,23:34,1.4,0
8,201229,Anthony Tolliver,14.0,4.0,7.0,3.0,3.0,0.0,0.0,1.0,1.0,0.0,1.0,0.0,12.0,21:03,12.0,0
9,202687,Bismack Biyombo,4.0,1.0,1.0,2.0,2.0,1.0,3.0,0.0,0.0,3.0,1.0,0.0,5.0,16:15,7.0,0
10,202399,Jeff Adrien,2.0,1.0,1.0,0.0,0.0,0.0,4.0,1.0,1.0,0.0,2.0,0.0,8.0,7:06,3.8,0
11,2732,Ben Gordon,,,,,,,,,,,,,,,0.0,0
12,202689,Kemba Walker,,,,,,,,,,,,,,,0.0,0
13,200782,P.J. Tucker,8.0,3.0,4.0,2.0,2.0,0.0,2.0,0.0,1.0,0.0,0.0,0.0,10.0,17:31,7.7,1
14,101112,Channing Frye,9.0,3.0,8.0,0.0,0.0,1.0,2.0,2.0,1.0,0.0,1.0,0.0,14.0,24:00,8.2,1
15,203101,Miles Plumlee,6.0,3.0,5.0,0.0,0.0,3.0,8.0,0.0,0.0,2.0,1.0,0.0,19.0,21:54,9.2,1
16,101123,Gerald Green,5.0,2.0,6.0,0.0,0.0,0.0,5.0,1.0,2.0,0.0,4.0,1.0,12.0,21:26,2.9,1
17,201609,Goran Dragic,25.0,10.0,14.0,5.0,4.0,1.0,4.0,0.0,4.0,0.0,4.0,4.0,26.0,27:03,17.9,1
18,202693,Markieff Morris,13.0,4.0,13.0,6.0,5.0,0.0,9.0,0.0,2.0,1.0,2.0,3.0,7.0,28:12,6.1,1
19,202694,Marcus Morris Sr.,15.0,5.0,9.0,4.0,3.0,0.0,3.0,0.0,0.0,0.0,1.0,1.0,15.0,25:22,9.8,1
20,2571,Leandro Barbosa,4.0,2.0,3.0,0.0,0.0,0.0,2.0,0.0,0.0,0.0,1.0,1.0,1.0,8:57,1.9,1
21,202397,Ish Smith,8.0,4.0,8.0,0.0,0.0,1.0,1.0,2.0,2.0,0.0,1.0,1.0,-13.0,20:04,7.0,1
22,203458,Alex Len,2.0,1.0,3.0,0.0,0.0,1.0,2.0,0.0,0.0,1.0,4.0,0.0,-13.0,18:55,0.7,1
23,203462,Archie Goodwin,4.0,1.0,3.0,2.0,2.0,0.0,2.0,0.0,1.0,0.0,1.0,1.0,-11.0,15:11,2.2,1
24,202091,Dionte Christmas,4.0,0.0,2.0,4.0,4.0,0.0,1.0,0.0,0.0,0.0,2.0,1.0,-10.0,8:26,1.1,1
25,203139,Viacheslav Kravtsov,2.0,1.0,2.0,0.0,0.0,2.0,1.0,0.0,0.0,0.0,0.0,0.0,-7.0,2:59,2.7,1
