,id,name,PTS,FG,FGA,FTA,FT,OREB,DREB,STL,AST,BLK,PF,TO,PLUS_MINUS,MIN,GS,WIN
0,2207,Joe Johnson,10.0,3.0,11.0,3.0,2.0,1.0,1.0,0.0,0.0,0.0,1.0,2.0,24.0,26:31,1.7,1
1,1718,Paul Pierce,18.0,7.0,12.0,2.0,2.0,0.0,6.0,0.0,1.0,0.0,4.0,2.0,27.0,21:53,11.3,1
2,708,Kevin Garnett,4.0,2.0,4.0,0.0,0.0,1.0,2.0,1.0,0.0,0.0,1.0,0.0,6.0,11:58,3.9,1
3,2733,Shaun Livingston,8.0,3.0,5.0,2.0,2.0,0.0,2.0,2.0,8.0,0.0,2.0,2.0,25.0,27:26,11.1,1
4,101114,Deron Williams,9.0,3.0,7.0,2.0,2.0,0.0,1.0,2.0,5.0,0.0,0.0,1.0,31.0,26:20,10.1,1
5,101154,Andray Blatche,9.0,4.0,6.0,0.0,0.0,2.0,7.0,4.0,1.0,0.0,2.0,0.0,23.0,17:39,13.8,1
6,201977,Marcus Thornton,10.0,3.0,7.0,4.0,4.0,0.0,0.0,0.0,1.0,0.0,0.0,0.0,18.0,17:19,7.0,1
7,203141,Mirza Teletovic,8.0,3.0,9.0,0.0,0.0,1.0,3.0,1.0,0.0,1.0,3.0,2.0,-4.0,26:07,3.0,1
8,1905,Andrei Kirilenko,9.0,2.0,3.0,7.0,5.0,1.0,2.0,1.0,0.0,1.0,2.0,1.0,7.0,9:36,8.1,1
9,203486,Mason Plumlee,10.0,3.0,6.0,4.0,4.0,2.0,7.0,0.0,1.0,3.0,3.0,1.0,-8.0,20:46,11.1,1
10,203104,Marquis Teague,8.0,3.0,5.0,2.0,2.0,0.0,3.0,0.0,3.0,0.0,2.0,2.0,-12.0,14:23,5.9,1
11,101187,Alan Anderson,6.0,2.0,6.0,1.0,0.0,0.0,1.0,1.0,1.0,0.0,1.0,1.0,-10.0,12:00,2.8,1
12,2215,Jason Collins,3.0,1.0,1.0,2.0,1.0,0.0,0.0,0.0,0.0,0.0,4.0,1.0,-12.0,8:02,-0.3,1
13,203095,Evan Fournier,8.0,3.0,9.0,2.0,2.0,0.0,3.0,0.0,5.0,0.0,5.0,4.0,-30.0,44:08,1.3,0
14,202702,Kenneth Faried,14.0,6.0,11.0,3.0,2.0,4.0,4.0,1.0,1.0,1.0,1.0,4.0,-26.0,26:19,10.3,0
15,202389,Timofey Mozgov,9.0,3.0,9.0,3.0,3.0,4.0,4.0,0.0,1.0,2.0,1.0,2.0,-12.0,20:32,7.6,0
16,200751,Randy Foye,15.0,5.0,12.0,4.0,3.0,1.0,3.0,2.0,3.0,1.0,1.0,1.0,-28.0,33:09,13.2,0
17,201166,Aaron Brooks,13.0,4.0,8.0,2.0,2.0,0.0,2.0,1.0,3.0,1.0,5.0,4.0,-10.0,35:58,7.4,0
18,201581,JJ Hickson,14.0,4.0,9.0,10.0,6.0,2.0,5.0,0.0,0.0,0.0,4.0,2.0,-1.0,21:36,7.0,0
19,203113,Quincy Miller,7.0,2.0,6.0,4.0,3.0,1.0,3.0,0.0,0.0,0.0,4.0,2.0,9.0,21:25,1.2,0
20,201576,Anthony Randolph,8.0,3.0,14.0,3.0,1.0,2.0,6.0,2.0,0.0,1.0,1.0,3.0,-1.0,25:26,1.1,0
21,202686,Jan Vesely,1.0,0.0,3.0,2.0,1.0,1.0,1.0,0.0,1.0,0.0,0.0,2.0,-16.0,11:27,-1.8,0
22,201589,Darrell Arthur,,,,,,,,,,,,,,,0.0,0
23,201163,Wilson Chandler,,,,,,,,,,,,,,,0.0,0
24,201951,Ty Lawson,,,,,,,,,,,,,,,0.0,0
25,101126,Nate Robinson,,,,,,,,,,,,,,,0.0,0
