,id,name,PTS,FG,FGA,FTA,FT,OREB,DREB,STL,AST,BLK,PF,TO,PLUS_MINUS,MIN,GS,WIN
0,2544,LeBron James,27.0,10.0,22.0,8.0,4.0,3.0,5.0,0.0,5.0,1.0,2.0,3.0,-13.0,37:21,18.0,0
1,2617,Udonis Haslem,6.0,3.0,5.0,0.0,0.0,0.0,8.0,0.0,0.0,0.0,3.0,3.0,-15.0,24:28,1.9,0
2,2547,Chris Bosh,11.0,5.0,8.0,0.0,0.0,0.0,4.0,3.0,2.0,0.0,2.0,5.0,-4.0,28:00,7.2,0
3,2548,Dwyane Wade,24.0,10.0,14.0,9.0,4.0,1.0,2.0,1.0,1.0,1.0,2.0,2.0,-5.0,23:18,17.1,0
4,201596,Mario Chalmers,9.0,4.0,10.0,2.0,1.0,0.0,5.0,1.0,4.0,0.0,4.0,3.0,-8.0,29:31,3.9,0
5,202708,Norris Cole,0.0,0.0,3.0,0.0,0.0,0.0,0.0,0.0,3.0,0.0,2.0,2.0,-8.0,22:08,-2.8,0
6,951,Ray Allen,3.0,1.0,2.0,0.0,0.0,0.0,0.0,0.0,1.0,0.0,1.0,0.0,-6.0,23:40,2.3,0
7,1740,Rashard Lewis,3.0,1.0,4.0,0.0,0.0,1.0,5.0,0.0,1.0,0.0,1.0,1.0,-10.0,18:44,2.1,0
8,2365,Chris Andersen,2.0,1.0,2.0,0.0,0.0,1.0,6.0,0.0,0.0,2.0,0.0,1.0,4.0,19:37,3.9,0
9,201962,Toney Douglas,0.0,0.0,3.0,0.0,0.0,0.0,3.0,0.0,1.0,1.0,3.0,0.0,0.0,13:13,-1.0,0
10,2203,Shane Battier,,,,,,,,,,,,,,,0.0,0
11,201563,Michael Beasley,,,,,,,,,,,,,,,0.0,0
12,2592,James Jones,,,,,,,,,,,,,,,0.0,0
13,201960,DeMarre Carroll,17.0,6.0,12.0,2.0,2.0,1.0,5.0,2.0,4.0,1.0,5.0,5.0,15.0,36:02,11.7,1
14,200794,Paul Millsap,11.0,4.0,10.0,2.0,2.0,1.0,7.0,2.0,5.0,0.0,4.0,2.0,18.0,35:08,10.3,1
15,1882,Elton Brand,6.0,3.0,7.0,1.0,0.0,1.0,2.0,1.0,2.0,1.0,3.0,1.0,-6.0,26:37,4.1,1
16,2594,Kyle Korver,4.0,1.0,3.0,1.0,1.0,0.0,3.0,0.0,0.0,0.0,4.0,2.0,3.0,25:18,-0.4,1
17,201952,Jeff Teague,25.0,9.0,17.0,8.0,6.0,0.0,4.0,4.0,3.0,0.0,1.0,0.0,19.0,35:53,22.8,1
18,203118,Mike Scott,12.0,6.0,14.0,0.0,0.0,1.0,6.0,2.0,2.0,0.0,3.0,1.0,17.0,32:36,8.3,1
19,101150,Lou Williams,23.0,7.0,9.0,5.0,5.0,0.0,1.0,0.0,3.0,0.0,1.0,0.0,5.0,22:32,21.5,1
20,202714,Shelvin Mack,0.0,0.0,6.0,0.0,0.0,1.0,4.0,1.0,4.0,0.0,1.0,1.0,0.0,19:37,0.1,1
21,203488,Mike Muscala,0.0,0.0,0.0,0.0,0.0,0.0,0.0,0.0,0.0,0.0,0.0,0.0,-3.0,1:39,0.0,1
22,201858,Cartier Martin,0.0,0.0,0.0,0.0,0.0,0.0,1.0,1.0,1.0,0.0,0.0,0.0,-3.0,4:38,2.0,1
23,203544,Pero Antic,,,,,,,,,,,,,,,0.0,1
24,203471,Dennis Schroder,,,,,,,,,,,,,,,0.0,1
