,id,name,PTS,FG,FGA,FTA,FT,OREB,DREB,STL,AST,BLK,PF,TO,PLUS_MINUS,MIN,GS,WIN
0,203114,Khris Middleton,8.0,2.0,6.0,3.0,3.0,0.0,4.0,1.0,0.0,1.0,2.0,0.0,13.0,32:48,6.7,1
1,202327,Ekpe Udoh,4.0,2.0,3.0,2.0,0.0,4.0,1.0,1.0,0.0,2.0,3.0,0.0,2.0,22:28,6.2,1
2,203089,John Henson,25.0,11.0,17.0,4.0,3.0,6.0,8.0,3.0,2.0,6.0,3.0,3.0,5.0,40:54,28.1,1
3,201564,O.J. Mayo,7.0,2.0,12.0,3.0,3.0,1.0,0.0,0.0,7.0,2.0,4.0,1.0,3.0,44:11,3.8,1
4,202688,Brandon Knight,19.0,8.0,23.0,2.0,2.0,1.0,9.0,0.0,2.0,0.0,2.0,6.0,3.0,43:53,4.1,1
5,101141,Ersan Ilyasova,10.0,4.0,9.0,2.0,2.0,0.0,1.0,2.0,1.0,0.0,2.0,2.0,3.0,31:09,5.5,1
6,203507,Giannis Antetokounmpo,1.0,0.0,1.0,2.0,1.0,0.0,0.0,0.0,0.0,0.0,0.0,2.0,-8.0,9:59,-2.1,1
7,203489,Nate Wolters,4.0,1.0,4.0,2.0,2.0,0.0,4.0,0.0,2.0,0.0,0.0,1.0,2.0,13:15,3.2,1
8,203545,Miroslav Raduljica,0.0,0.0,0.0,0.0,0.0,0.0,0.0,0.0,0.0,0.0,0.0,0.0,-3.0,1:23,0.0,1
9,2406,Caron Butler,,,,,,,,,,,,,,,0.0,1
10,202390,Gary Neal,,,,,,,,,,,,,,,0.0,1
11,2585,Zaza Pachulia,,,,,,,,,,,,,,,0.0,1
12,2557,Luke Ridnour,,,,,,,,,,,,,,,0.0,1
13,2399,Mike Dunleavy,24.0,9.0,15.0,6.0,4.0,1.0,4.0,0.0,3.0,2.0,4.0,1.0,0.0,43:53,19.1,0
14,2430,Carlos Boozer,21.0,9.0,23.0,4.0,3.0,4.0,8.0,4.0,0.0,1.0,5.0,6.0,3.0,36:56,10.0,0
15,1737,Nazr Mohammed,1.0,0.0,2.0,2.0,1.0,1.0,3.0,0.0,1.0,1.0,2.0,1.0,-4.0,12:25,0.4,0
16,203503,Tony Snell,13.0,6.0,14.0,0.0,0.0,2.0,4.0,0.0,3.0,2.0,2.0,2.0,-12.0,37:38,8.9,0
17,2550,Kirk Hinrich,1.0,0.0,10.0,2.0,1.0,2.0,2.0,3.0,6.0,0.0,3.0,1.0,-7.0,39:55,0.6,0
18,203513,Erik Murphy,2.0,1.0,3.0,0.0,0.0,1.0,0.0,0.0,0.0,0.0,1.0,0.0,-5.0,10:10,0.6,0
19,201959,Taj Gibson,10.0,5.0,9.0,0.0,0.0,2.0,7.0,0.0,2.0,2.0,4.0,6.0,0.0,36:23,4.4,0
20,203104,Marquis Teague,2.0,1.0,7.0,0.0,0.0,0.0,1.0,0.0,6.0,0.0,2.0,1.0,5.0,22:40,0.2,0
21,202710,Jimmy Butler,,,,,,,,,,,,,,,0.0,0
22,2736,Luol Deng,,,,,,,,,,,,,,,0.0,0
23,2229,Mike James,,,,,,,,,,,,,,,0.0,0
24,201149,Joakim Noah,,,,,,,,,,,,,,,0.0,0
