,id,name,PTS,FG,FGA,FTA,FT,OREB,DREB,STL,AST,BLK,PF,TO,PLUS_MINUS,MIN,GS,WIN
0,203077,Michael Kidd-Gilchrist,7.0,3.0,7.0,2.0,1.0,2.0,4.0,1.0,0.0,1.0,1.0,0.0,24.0,28:10,6.8,1
1,201177,Josh McRoberts,12.0,5.0,7.0,0.0,0.0,1.0,8.0,1.0,2.0,0.0,1.0,0.0,25.0,21:41,14.2,1
2,2744,Al Jefferson,19.0,8.0,15.0,5.0,3.0,3.0,4.0,2.0,2.0,1.0,2.0,2.0,21.0,25:18,15.5,1
3,201945,Gerald Henderson,17.0,7.0,12.0,5.0,2.0,0.0,4.0,1.0,3.0,0.0,2.0,0.0,24.0,26:02,13.7,1
4,202689,Kemba Walker,11.0,5.0,10.0,1.0,0.0,1.0,3.0,1.0,3.0,0.0,0.0,4.0,23.0,27:57,6.3,1
5,202399,Jeff Adrien,4.0,2.0,4.0,2.0,0.0,4.0,6.0,1.0,0.0,0.0,1.0,0.0,7.0,17:21,6.4,1
6,203106,Jeffery Taylor,9.0,3.0,9.0,4.0,2.0,0.0,1.0,1.0,1.0,0.0,1.0,1.0,7.0,27:27,3.7,1
7,203469,Cody Zeller,2.0,0.0,3.0,2.0,2.0,3.0,2.0,0.0,1.0,2.0,3.0,4.0,-1.0,26:19,-0.5,1
8,201196,Ramon Sessions,13.0,4.0,8.0,6.0,5.0,0.0,1.0,1.0,6.0,0.0,1.0,0.0,0.0,24:14,13.7,1
9,202687,Bismack Biyombo,0.0,0.0,0.0,0.0,0.0,0.0,3.0,0.0,0.0,0.0,0.0,0.0,-4.0,5:21,0.9,1
10,2457,Jannero Pargo,2.0,1.0,2.0,0.0,0.0,0.0,0.0,0.0,0.0,0.0,1.0,3.0,-4.0,5:21,-2.4,1
11,201229,Anthony Tolliver,0.0,0.0,0.0,0.0,0.0,0.0,2.0,0.0,0.0,0.0,0.0,0.0,-2.0,4:49,0.6,1
12,2732,Ben Gordon,,,,,,,,,,,,,,,0.0,1
13,2406,Caron Butler,5.0,2.0,8.0,0.0,0.0,0.0,2.0,1.0,0.0,0.0,2.0,2.0,-27.0,20:28,-1.0,0
14,101141,Ersan Ilyasova,7.0,3.0,6.0,2.0,1.0,1.0,1.0,0.0,0.0,0.0,1.0,2.0,-25.0,20:49,2.2,0
15,2585,Zaza Pachulia,0.0,0.0,2.0,0.0,0.0,0.0,4.0,1.0,0.0,0.0,0.0,0.0,-16.0,11:49,0.8,0
16,201564,O.J. Mayo,4.0,2.0,7.0,0.0,0.0,0.0,0.0,0.0,1.0,0.0,2.0,1.0,-28.0,21:46,-1.2,0
17,2557,Luke Ridnour,2.0,1.0,5.0,0.0,0.0,1.0,0.0,1.0,3.0,0.0,2.0,2.0,-24.0,19:14,-0.1,0
18,203089,John Henson,10.0,3.0,9.0,4.0,4.0,2.0,7.0,1.0,4.0,1.0,2.0,1.0,-7.0,25:38,11.1,0
19,202688,Brandon Knight,3.0,1.0,8.0,0.0,0.0,0.0,1.0,0.0,7.0,0.0,1.0,4.0,4.0,25:49,-1.4,0
20,203114,Khris Middleton,20.0,8.0,13.0,3.0,2.0,1.0,3.0,1.0,2.0,0.0,3.0,0.0,3.0,28:16,16.5,0
21,202390,Gary Neal,9.0,4.0,11.0,0.0,0.0,0.0,2.0,0.0,0.0,0.0,2.0,1.0,3.0,19:25,1.7,0
22,202327,Ekpe Udoh,4.0,2.0,5.0,0.0,0.0,5.0,2.0,0.0,1.0,1.0,2.0,0.0,2.0,19:29,6.0,0
23,203507,Giannis Antetokounmpo,6.0,3.0,7.0,0.0,0.0,1.0,2.0,2.0,0.0,0.0,2.0,1.0,-1.0,12:00,3.8,0
24,203489,Nate Wolters,0.0,0.0,2.0,0.0,0.0,0.0,1.0,0.0,2.0,0.0,1.0,1.0,-3.0,9:02,-1.1,0
25,203545,Miroslav Raduljica,2.0,1.0,2.0,0.0,0.0,0.0,0.0,0.0,1.0,0.0,1.0,0.0,-1.0,6:15,1.3,0
