,id,name,PTS,FG,FGA,FTA,FT,OREB,DREB,STL,AST,BLK,PF,TO,PLUS_MINUS,MIN,GS,WIN
0,202323,Evan Turner,23.0,10.0,18.0,4.0,3.0,2.0,4.0,2.0,4.0,0.0,3.0,4.0,1.0,34:45,16.2,1
1,201152,Thaddeus Young,29.0,14.0,20.0,2.0,1.0,3.0,5.0,1.0,2.0,0.0,1.0,3.0,1.0,32:12,22.8,1
2,201150,Spencer Hawes,16.0,6.0,12.0,2.0,1.0,1.0,13.0,1.0,5.0,1.0,4.0,1.0,10.0,33:07,16.8,1
3,202341,James Anderson,3.0,1.0,5.0,1.0,0.0,0.0,2.0,2.0,6.0,1.0,0.0,1.0,8.0,34:21,6.0,1
4,203487,Michael Carter-Williams,14.0,6.0,15.0,2.0,0.0,0.0,3.0,1.0,5.0,0.0,4.0,2.0,8.0,32:15,6.9,1
5,203100,Tony Wroten,10.0,4.0,10.0,3.0,2.0,1.0,4.0,1.0,1.0,0.0,1.0,4.0,5.0,19:01,3.4,1
6,202730,Lavoy Allen,10.0,5.0,6.0,0.0,0.0,2.0,2.0,0.0,2.0,0.0,0.0,1.0,7.0,19:16,10.2,1
7,203138,Hollis Thompson,0.0,0.0,2.0,0.0,0.0,0.0,0.0,0.0,0.0,1.0,1.0,0.0,-3.0,10:26,-1.1,1
8,202350,Daniel Orton,0.0,0.0,0.0,0.0,0.0,0.0,3.0,0.0,0.0,3.0,0.0,1.0,-4.0,11:25,2.0,1
9,202721,Darius Morris,4.0,2.0,6.0,0.0,0.0,0.0,1.0,0.0,1.0,0.0,3.0,2.0,2.0,13:12,-1.6,1
10,2198,Kwame Brown,,,,,,,,,,,,,,,0.0,1
11,203561,Brandon Davies,,,,,,,,,,,,,,,0.0,1
12,2772,Trevor Ariza,12.0,5.0,15.0,2.0,1.0,5.0,9.0,2.0,6.0,0.0,3.0,2.0,1.0,39:14,12.3,0
13,202344,Trevor Booker,10.0,5.0,7.0,0.0,0.0,3.0,5.0,2.0,2.0,1.0,1.0,2.0,-4.0,28:18,12.4,0
14,101162,Marcin Gortat,12.0,5.0,10.0,4.0,2.0,2.0,5.0,1.0,1.0,3.0,2.0,4.0,-11.0,36:39,8.1,0
15,203078,Bradley Beal,10.0,4.0,18.0,1.0,0.0,1.0,2.0,1.0,3.0,1.0,2.0,5.0,-2.0,35:30,-2.1,0
16,202322,John Wall,26.0,10.0,19.0,6.0,4.0,0.0,5.0,3.0,6.0,0.0,3.0,2.0,-2.0,33:56,21.4,0
17,1733,Al Harrington,7.0,2.0,4.0,2.0,2.0,0.0,3.0,3.0,1.0,0.0,1.0,1.0,-5.0,15:53,8.2,0
18,201953,Eric Maynor,4.0,2.0,4.0,0.0,0.0,2.0,0.0,0.0,4.0,0.0,2.0,0.0,-5.0,14:04,5.4,0
19,202338,Kevin Seraphin,8.0,4.0,8.0,0.0,0.0,1.0,1.0,0.0,0.0,0.0,2.0,1.0,4.0,11:21,3.2,0
20,101110,Martell Webster,13.0,4.0,9.0,2.0,2.0,1.0,1.0,2.0,0.0,1.0,0.0,0.0,-13.0,24:11,12.0,0
21,202066,Garrett Temple,0.0,0.0,0.0,0.0,0.0,0.0,0.0,0.0,0.0,0.0,0.0,0.0,2.0,0:55,0.0,0
22,2403,Nene,,,,,,,,,,,,,,,0.0,0
23,203318,Glen Rice,,,,,,,,,,,,,,,0.0,0
24,202686,Jan Vesely,,,,,,,,,,,,,,,0.0,0
