,id,name,PTS,FG,FGA,FTA,FT,OREB,DREB,STL,AST,BLK,PF,TO,PLUS_MINUS,MIN,GS,WIN
0,2399,Mike Dunleavy,15.0,4.0,7.0,5.0,5.0,1.0,4.0,0.0,3.0,1.0,2.0,0.0,17.0,38:29,15.6,1
1,2430,Carlos Boozer,6.0,3.0,13.0,0.0,0.0,1.0,3.0,1.0,0.0,0.0,5.0,4.0,11.0,23:54,-5.3,1
2,201149,Joakim Noah,15.0,7.0,13.0,2.0,1.0,5.0,8.0,1.0,10.0,2.0,4.0,3.0,15.0,40:38,19.0,1
3,202710,Jimmy Butler,14.0,5.0,11.0,2.0,1.0,1.0,4.0,0.0,7.0,0.0,1.0,0.0,11.0,46:00,14.3,1
4,2550,Kirk Hinrich,16.0,7.0,9.0,0.0,0.0,0.0,3.0,0.0,4.0,2.0,1.0,1.0,14.0,25:57,16.2,1
5,201571,D.J. Augustin,21.0,8.0,14.0,1.0,1.0,0.0,2.0,1.0,2.0,0.0,3.0,5.0,5.0,29:35,11.2,1
6,201959,Taj Gibson,13.0,6.0,14.0,2.0,1.0,1.0,4.0,1.0,2.0,3.0,2.0,0.0,6.0,27:06,10.8,1
7,1737,Nazr Mohammed,2.0,1.0,1.0,0.0,0.0,0.0,0.0,0.0,1.0,0.0,0.0,0.0,-2.0,4:22,2.4,1
8,203503,Tony Snell,0.0,0.0,0.0,0.0,0.0,0.0,0.0,0.0,0.0,0.0,0.0,0.0,-2.0,3:59,0.0,1
9,200758,Ronnie Brewer,,,,,,,,,,,,,,,0.0,1
10,202690,Jimmer Fredette,,,,,,,,,,,,,,,0.0,1
11,203129,Tornike Shengelia,,,,,,,,,,,,,,,0.0,1
12,203133,Robbie Hummel,7.0,3.0,6.0,1.0,1.0,2.0,3.0,0.0,0.0,0.0,1.0,0.0,-19.0,31:37,5.9,0
13,201567,Kevin Love,17.0,7.0,20.0,1.0,1.0,1.0,9.0,0.0,3.0,1.0,2.0,3.0,-11.0,32:36,8.2,0
14,203476,Gorgui Dieng,9.0,3.0,8.0,3.0,3.0,4.0,4.0,0.0,0.0,3.0,3.0,2.0,-11.0,31:22,7.5,0
15,201147,Corey Brewer,9.0,4.0,9.0,2.0,1.0,0.0,1.0,4.0,1.0,0.0,3.0,2.0,-14.0,32:19,5.7,0
16,201937,Ricky Rubio,15.0,5.0,14.0,4.0,4.0,0.0,1.0,0.0,6.0,0.0,1.0,0.0,-15.0,32:28,11.3,0
17,201601,Luc Mbah a Moute,2.0,1.0,1.0,0.0,0.0,0.0,3.0,0.0,0.0,0.0,0.0,0.0,-4.0,20:37,2.6,0
18,201967,Dante Cunningham,6.0,3.0,7.0,0.0,0.0,1.0,1.0,1.0,1.0,0.0,0.0,1.0,-4.0,15:24,4.0,0
19,101142,Ronny Turiaf,11.0,5.0,7.0,1.0,1.0,2.0,3.0,0.0,0.0,1.0,1.0,0.0,-4.0,16:38,10.7,0
20,201785,Othyus Jeffers,2.0,0.0,1.0,2.0,2.0,0.0,3.0,0.0,0.0,0.0,1.0,1.0,7.0,11:27,0.8,0
21,203144,Alexey Shved,9.0,3.0,7.0,2.0,2.0,1.0,1.0,0.0,5.0,0.0,2.0,3.0,0.0,15:32,6.0,0
22,200826,J.J. Barea,,,,,,,,,,,,,,,0.0,0
23,201978,Chase Budinger,,,,,,,,,,,,,,,0.0,0
24,2755,Kevin Martin,,,,,,,,,,,,,,,0.0,0
