,id,name,PTS,FG,FGA,FTA,FT,OREB,DREB,STL,AST,BLK,PF,TO,PLUS_MINUS,MIN,GS,WIN
0,203082,Terrence Ross,3.0,1.0,8.0,0.0,0.0,1.0,7.0,3.0,1.0,1.0,4.0,1.0,-15.0,29:45,2.4,0
1,101161,Amir Johnson,0.0,0.0,5.0,0.0,0.0,0.0,3.0,1.0,0.0,0.0,1.0,0.0,-7.0,20:37,-2.0,0
2,202685,Jonas Valanciunas,4.0,1.0,6.0,2.0,2.0,2.0,6.0,1.0,0.0,1.0,5.0,4.0,-13.0,32:07,-0.9,0
3,201942,DeMar DeRozan,28.0,9.0,22.0,11.0,10.0,0.0,2.0,1.0,6.0,0.0,2.0,0.0,-1.0,37:14,20.8,0
4,200768,Kyle Lowry,16.0,7.0,13.0,3.0,0.0,0.0,3.0,0.0,2.0,0.0,4.0,4.0,-13.0,33:54,5.2,0
5,202335,Patrick Patterson,20.0,8.0,14.0,2.0,2.0,2.0,4.0,0.0,2.0,1.0,3.0,0.0,4.0,31:41,16.9,0
6,2422,John Salmons,4.0,2.0,4.0,0.0,0.0,0.0,1.0,0.0,4.0,1.0,4.0,0.0,0.0,29:24,4.2,0
7,202349,Greivis Vasquez,2.0,1.0,7.0,0.0,0.0,0.0,3.0,0.0,3.0,0.0,1.0,0.0,8.0,13:43,0.1,0
8,101236,Chuck Hayes,2.0,1.0,2.0,0.0,0.0,0.0,2.0,1.0,0.0,0.0,1.0,0.0,2.0,11:35,2.2,0
9,201948,Austin Daye,,,,,,,,,,,,,,,0.0,0
10,202361,Landry Fields,,,,,,,,,,,,,,,0.0,0
11,200779,Steve Novak,,,,,,,,,,,,,,,0.0,0
12,202933,Julyan Stone,,,,,,,,,,,,,,,0.0,0
13,202331,Paul George,11.0,4.0,12.0,4.0,3.0,0.0,2.0,1.0,2.0,0.0,5.0,2.0,-8.0,27:44,2.8,1
14,2561,David West,4.0,2.0,6.0,0.0,0.0,3.0,9.0,1.0,1.0,3.0,2.0,1.0,4.0,32:13,7.4,1
15,201579,Roy Hibbert,22.0,5.0,12.0,13.0,12.0,4.0,4.0,1.0,2.0,3.0,2.0,2.0,17.0,35:03,20.9,1
16,202362,Lance Stephenson,13.0,6.0,12.0,2.0,1.0,2.0,8.0,1.0,8.0,0.0,3.0,3.0,15.0,35:59,12.8,1
17,201588,George Hill,11.0,4.0,9.0,3.0,3.0,0.0,3.0,0.0,2.0,0.0,3.0,1.0,19.0,33:26,6.4,1
18,101122,Danny Granger,13.0,5.0,10.0,2.0,2.0,0.0,6.0,1.0,1.0,0.0,3.0,2.0,7.0,32:17,8.3,1
19,2449,Luis Scola,8.0,4.0,11.0,0.0,0.0,2.0,7.0,0.0,1.0,1.0,0.0,2.0,3.0,15:47,4.8,1
20,101133,Ian Mahinmi,0.0,0.0,1.0,2.0,0.0,0.0,3.0,0.0,0.0,1.0,1.0,0.0,-10.0,12:57,-0.3,1
21,201228,C.J. Watson,4.0,2.0,2.0,0.0,0.0,0.0,0.0,0.0,0.0,0.0,0.0,2.0,-12.0,14:34,1.4,1
22,2446,Rasual Butler,,,,,,,,,,,,,,,0.0,1
23,203142,Chris Copeland,,,,,,,,,,,,,,,0.0,1
24,203111,Orlando Johnson,,,,,,,,,,,,,,,0.0,1
25,202388,Donald Sloan,,,,,,,,,,,,,,,0.0,1
