,id,name,PTS,FG,FGA,FTA,FT,OREB,DREB,STL,AST,BLK,PF,TO,PLUS_MINUS,MIN,GS,WIN
0,1718,Paul Pierce,6.0,2.0,11.0,2.0,2.0,0.0,3.0,0.0,1.0,0.0,1.0,2.0,-24.0,21:31,-1.7,0
1,708,Kevin Garnett,8.0,4.0,6.0,0.0,0.0,2.0,6.0,0.0,2.0,1.0,3.0,0.0,-24.0,20:41,9.5,0
2,2501,Reggie Evans,0.0,0.0,1.0,0.0,0.0,1.0,7.0,0.0,0.0,0.0,1.0,4.0,-9.0,15:22,-2.3,0
3,2207,Joe Johnson,15.0,6.0,10.0,1.0,1.0,0.0,2.0,1.0,4.0,0.0,2.0,1.0,-28.0,26:18,13.0,0
4,2733,Shaun Livingston,1.0,0.0,7.0,2.0,1.0,2.0,1.0,1.0,0.0,0.0,0.0,1.0,-28.0,24:01,-2.6,0
5,101154,Andray Blatche,16.0,7.0,14.0,2.0,2.0,2.0,2.0,0.0,0.0,0.0,3.0,4.0,-23.0,21:43,5.8,0
6,101187,Alan Anderson,11.0,5.0,11.0,0.0,0.0,1.0,2.0,2.0,0.0,0.0,2.0,1.0,-5.0,26:28,6.8,0
7,203486,Mason Plumlee,2.0,0.0,2.0,4.0,2.0,1.0,3.0,1.0,0.0,1.0,2.0,1.0,-8.0,23:13,1.3,0
8,203116,Tyshawn Taylor,13.0,3.0,9.0,8.0,6.0,0.0,2.0,0.0,0.0,0.0,3.0,3.0,-2.0,23:59,3.5,0
9,203129,Tornike Shengelia,2.0,1.0,2.0,1.0,0.0,1.0,2.0,0.0,0.0,0.0,1.0,2.0,-3.0,21:43,-0.5,0
10,203141,Mirza Teletovic,7.0,3.0,5.0,0.0,0.0,0.0,7.0,0.0,0.0,0.0,0.0,1.0,4.0,15:01,5.8,0
11,1891,Jason Terry,,,,,,,,,,,,,,,0.0,0
12,101114,Deron Williams,,,,,,,,,,,,,,,0.0,0
13,201147,Corey Brewer,15.0,6.0,13.0,0.0,0.0,1.0,0.0,1.0,1.0,1.0,2.0,1.0,30.0,27:54,9.6,1
14,201567,Kevin Love,17.0,5.0,11.0,7.0,7.0,6.0,10.0,2.0,4.0,0.0,1.0,1.0,30.0,27:54,21.9,1
15,201593,Nikola Pekovic,15.0,5.0,12.0,7.0,5.0,4.0,3.0,0.0,1.0,1.0,1.0,1.0,28.0,26:00,11.5,1
16,2755,Kevin Martin,17.0,6.0,16.0,3.0,3.0,0.0,1.0,1.0,3.0,0.0,2.0,0.0,34.0,31:21,10.8,1
17,201937,Ricky Rubio,12.0,4.0,8.0,2.0,2.0,0.0,2.0,3.0,8.0,0.0,3.0,2.0,22.0,24:43,14.0,1
18,200826,J.J. Barea,8.0,2.0,5.0,2.0,2.0,0.0,0.0,0.0,2.0,0.0,1.0,0.0,11.0,15:07,6.3,1
19,201967,Dante Cunningham,4.0,2.0,5.0,0.0,0.0,1.0,6.0,1.0,3.0,1.0,2.0,1.0,9.0,19:03,5.8,1
20,203133,Robbie Hummel,5.0,2.0,9.0,0.0,0.0,0.0,4.0,1.0,1.0,0.0,2.0,0.0,2.0,23:29,1.6,1
21,202682,Derrick Williams,6.0,3.0,7.0,0.0,0.0,2.0,3.0,1.0,0.0,0.0,1.0,0.0,-4.0,15:01,5.2,1
22,203144,Alexey Shved,5.0,2.0,6.0,0.0,0.0,1.0,0.0,0.0,2.0,0.0,1.0,1.0,-6.0,13:16,2.3,1
23,201985,AJ Price,2.0,1.0,2.0,0.0,0.0,0.0,0.0,0.0,2.0,0.0,1.0,0.0,-3.0,8:06,2.0,1
24,203476,Gorgui Dieng,5.0,2.0,3.0,2.0,1.0,2.0,1.0,0.0,1.0,3.0,2.0,1.0,-3.0,8:06,6.0,1
25,203498,Shabazz Muhammad,,,,,,,,,,,,,,,0.0,1
