,id,name,PTS,FG,FGA,FTA,FT,OREB,DREB,STL,AST,BLK,PF,TO,PLUS_MINUS,MIN,GS,WIN
0,2440,Matt Barnes,19.0,6.0,11.0,6.0,5.0,0.0,8.0,0.0,1.0,0.0,5.0,1.0,9.0,33:11,13.4,0
1,201175,Glen Davis,7.0,3.0,7.0,2.0,1.0,4.0,3.0,1.0,0.0,0.0,1.0,1.0,3.0,32:37,6.2,0
2,201599,DeAndre Jordan,0.0,0.0,0.0,0.0,0.0,0.0,0.0,0.0,0.0,0.0,0.0,0.0,-2.0,1:23,0.0,0
3,2037,Jamal Crawford,34.0,10.0,25.0,11.0,11.0,1.0,4.0,2.0,8.0,0.0,2.0,2.0,-6.0,41:35,27.2,0
4,201954,Darren Collison,19.0,6.0,12.0,8.0,7.0,0.0,4.0,0.0,7.0,0.0,1.0,2.0,6.0,37:15,16.3,0
5,201162,Jared Dudley,7.0,3.0,11.0,2.0,1.0,1.0,4.0,0.0,0.0,0.0,2.0,0.0,1.0,25:30,1.2,0
6,203493,Reggie Bullock,0.0,0.0,2.0,0.0,0.0,0.0,2.0,0.0,2.0,0.0,0.0,1.0,-17.0,16:06,-0.4,0
7,200797,Ryan Hollins,2.0,0.0,1.0,2.0,2.0,1.0,1.0,0.0,1.0,4.0,3.0,1.0,-9.0,14:23,3.6,0
8,2584,Willie Green,8.0,3.0,8.0,2.0,1.0,1.0,3.0,0.0,0.0,0.0,4.0,0.0,-15.0,23:11,3.2,0
9,2045,Hedo Turkoglu,8.0,3.0,7.0,0.0,0.0,0.0,5.0,1.0,1.0,0.0,2.0,0.0,0.0,14:49,6.7,0
10,201933,Blake Griffin,,,,,,,,,,,,,,,0.0,0
11,101108,Chris Paul,,,,,,,,,,,,,,,0.0,0
12,200755,JJ Redick,,,,,,,,,,,,,,,0.0,0
13,201587,Nicolas Batum,7.0,3.0,6.0,2.0,1.0,1.0,3.0,0.0,4.0,0.0,0.0,2.0,8.0,12:00,6.0,1
14,2748,Dorell Wright,2.0,1.0,3.0,0.0,0.0,0.0,6.0,0.0,1.0,1.0,0.0,1.0,8.0,12:00,2.5,1
15,201577,Robin Lopez,15.0,7.0,10.0,2.0,1.0,7.0,2.0,0.0,1.0,0.0,1.0,0.0,10.0,14:08,16.2,1
16,202083,Wesley Matthews,8.0,3.0,7.0,0.0,0.0,0.0,0.0,0.0,3.0,0.0,1.0,0.0,8.0,12:00,6.0,1
17,203081,Damian Lillard,9.0,3.0,5.0,0.0,0.0,0.0,0.0,1.0,2.0,0.0,1.0,0.0,8.0,12:00,8.7,1
18,203468,CJ McCollum,12.0,5.0,9.0,2.0,1.0,0.0,4.0,0.0,3.0,0.0,5.0,3.0,14.0,27:60,5.6,1
19,200777,Joel Freeland,6.0,3.0,7.0,0.0,0.0,2.0,5.0,0.0,2.0,0.0,1.0,0.0,-2.0,17:46,6.2,1
20,2248,Earl Watson,0.0,0.0,3.0,0.0,0.0,0.0,0.0,0.0,2.0,0.0,3.0,0.0,-9.0,15:34,-1.9,1
21,203080,Thomas Robinson,5.0,1.0,6.0,4.0,3.0,4.0,2.0,0.0,2.0,0.0,0.0,0.0,-6.0,12:48,5.6,1
22,203115,Will Barton,23.0,7.0,20.0,8.0,6.0,2.0,8.0,1.0,2.0,0.0,2.0,2.0,0.0,35:24,14.4,1
23,203086,Meyers Leonard,7.0,3.0,8.0,1.0,1.0,3.0,5.0,0.0,1.0,0.0,3.0,1.0,-2.0,16:06,4.7,1
24,203459,Allen Crabbe,4.0,2.0,8.0,0.0,0.0,1.0,4.0,1.0,2.0,1.0,6.0,0.0,-11.0,29:02,1.8,1
25,201964,Victor Claver,12.0,4.0,9.0,3.0,3.0,4.0,2.0,2.0,4.0,0.0,0.0,1.0,4.0,23:12,14.5,1
