,id,name,PTS,FG,FGA,FTA,FT,OREB,DREB,STL,AST,BLK,PF,TO,PLUS_MINUS,MIN,GS,WIN
0,203090,Maurice Harkless,14.0,5.0,11.0,5.0,3.0,0.0,4.0,3.0,1.0,0.0,0.0,3.0,-14.0,33:31,9.4,0
1,202699,Tobias Harris,20.0,6.0,11.0,7.0,7.0,1.0,2.0,0.0,0.0,0.0,1.0,1.0,-9.0,28:04,14.6,0
2,202696,Nikola Vucevic,18.0,9.0,14.0,0.0,0.0,6.0,4.0,2.0,0.0,0.0,3.0,0.0,-15.0,22:45,18.0,0
3,203506,Victor Oladipo,10.0,2.0,6.0,10.0,6.0,0.0,0.0,0.0,1.0,0.0,3.0,2.0,-12.0,26:15,2.5,0
4,2749,Jameer Nelson,3.0,1.0,8.0,0.0,0.0,0.0,1.0,1.0,11.0,0.0,1.0,2.0,-12.0,30:54,4.4,0
5,203124,Kyle O'Quinn,14.0,6.0,10.0,2.0,2.0,6.0,9.0,2.0,2.0,1.0,4.0,2.0,-2.0,22:19,16.8,0
6,202734,E'Twaun Moore,10.0,4.0,7.0,2.0,1.0,0.0,0.0,1.0,1.0,0.0,2.0,2.0,-9.0,33:55,5.2,0
7,203117,Doron Lamb,0.0,0.0,6.0,0.0,0.0,1.0,1.0,0.0,0.0,0.0,1.0,0.0,0.0,14:29,-3.6,0
8,203094,Andrew Nicholson,4.0,1.0,6.0,2.0,2.0,1.0,1.0,0.0,2.0,0.0,4.0,0.0,-5.0,19:56,1.0,0
9,203519,Adonis Thomas,2.0,1.0,2.0,0.0,0.0,0.0,0.0,0.0,0.0,0.0,0.0,0.0,5.0,4:56,1.0,0
10,203473,Dewayne Dedmon,3.0,1.0,2.0,1.0,1.0,0.0,2.0,0.0,0.0,0.0,0.0,0.0,3.0,2:56,2.6,0
11,101131,Jason Maxiell,,,,,,,,,,,,,,,0.0,0
12,101179,Ronnie Price,,,,,,,,,,,,,,,0.0,0
13,2544,LeBron James,20.0,8.0,12.0,5.0,4.0,1.0,8.0,4.0,7.0,0.0,1.0,2.0,14.0,31:13,24.0,1
14,2203,Shane Battier,5.0,2.0,4.0,0.0,0.0,0.0,2.0,1.0,2.0,0.0,3.0,0.0,15.0,18:40,4.8,1
15,2547,Chris Bosh,17.0,5.0,8.0,5.0,5.0,0.0,3.0,0.0,0.0,1.0,4.0,1.0,8.0,18:03,12.4,1
16,2548,Dwyane Wade,24.0,10.0,14.0,5.0,4.0,2.0,1.0,1.0,4.0,1.0,0.0,3.0,7.0,30:02,21.0,1
17,201596,Mario Chalmers,7.0,2.0,3.0,2.0,2.0,1.0,1.0,2.0,3.0,0.0,2.0,3.0,17.0,25:40,7.0,1
18,951,Ray Allen,7.0,3.0,7.0,0.0,0.0,0.0,1.0,0.0,1.0,0.0,0.0,1.0,11.0,24:03,3.3,1
19,201563,Michael Beasley,8.0,4.0,8.0,0.0,0.0,2.0,2.0,0.0,1.0,3.0,2.0,3.0,-5.0,21:49,5.0,1
20,2365,Chris Andersen,5.0,2.0,3.0,2.0,1.0,2.0,3.0,0.0,0.0,1.0,3.0,0.0,11.0,19:20,5.1,1
21,202708,Norris Cole,9.0,3.0,9.0,2.0,2.0,0.0,2.0,0.0,1.0,0.0,1.0,2.0,-1.0,27:17,2.8,1
22,201141,Greg Oden,8.0,3.0,3.0,3.0,2.0,0.0,4.0,0.0,1.0,0.0,3.0,1.0,4.0,13:07,6.4,1
23,2617,Udonis Haslem,2.0,1.0,1.0,0.0,0.0,1.0,1.0,0.0,0.0,0.0,0.0,0.0,-5.0,4:56,2.7,1
24,201962,Toney Douglas,0.0,0.0,2.0,0.0,0.0,0.0,1.0,0.0,0.0,0.0,1.0,1.0,-3.0,2:56,-2.5,1
25,1740,Rashard Lewis,0.0,0.0,0.0,0.0,0.0,0.0,1.0,0.0,0.0,0.0,0.0,0.0,-3.0,2:56,0.3,1
