,id,name,PTS,FG,FGA,FTA,FT,OREB,DREB,STL,AST,BLK,PF,TO,PLUS_MINUS,MIN,GS,WIN
0,1718,Paul Pierce,16.0,6.0,11.0,4.0,4.0,1.0,6.0,0.0,1.0,0.0,0.0,2.0,-16.0,27:38,11.9,0
1,708,Kevin Garnett,8.0,3.0,11.0,2.0,2.0,0.0,5.0,0.0,1.0,1.0,2.0,1.0,-20.0,22:25,2.6,0
2,201572,Brook Lopez,21.0,8.0,15.0,5.0,5.0,2.0,4.0,1.0,0.0,5.0,1.0,1.0,-11.0,32:54,19.4,0
3,2207,Joe Johnson,2.0,1.0,5.0,0.0,0.0,1.0,0.0,1.0,2.0,1.0,3.0,1.0,-14.0,23:19,0.5,0
4,101114,Deron Williams,9.0,4.0,12.0,0.0,0.0,0.0,1.0,1.0,7.0,0.0,2.0,3.0,-18.0,26:58,4.6,0
5,101154,Andray Blatche,2.0,1.0,7.0,0.0,0.0,1.0,4.0,0.0,0.0,0.0,2.0,2.0,2.0,14:48,-3.4,0
6,2733,Shaun Livingston,6.0,3.0,5.0,0.0,0.0,0.0,2.0,0.0,7.0,1.0,2.0,0.0,-3.0,21:02,9.1,0
7,101187,Alan Anderson,7.0,2.0,5.0,2.0,2.0,1.0,2.0,1.0,1.0,0.0,1.0,0.0,-7.0,19:14,6.9,0
8,1891,Jason Terry,8.0,3.0,5.0,0.0,0.0,1.0,1.0,0.0,1.0,0.0,1.0,1.0,-5.0,21:51,6.0,0
9,1905,Andrei Kirilenko,3.0,1.0,5.0,2.0,1.0,2.0,2.0,1.0,1.0,0.0,4.0,1.0,-6.0,11:11,0.6,0
10,2501,Reggie Evans,0.0,0.0,1.0,0.0,0.0,1.0,4.0,0.0,0.0,0.0,2.0,0.0,-4.0,8:52,0.4,0
11,203141,Mirza Teletovic,2.0,1.0,6.0,0.0,0.0,1.0,0.0,0.0,2.0,0.0,3.0,0.0,-1.0,6:58,-0.9,0
12,203486,Mason Plumlee,2.0,1.0,1.0,0.0,0.0,0.0,0.0,0.0,0.0,0.0,0.0,0.0,-2.0,2:50,1.7,0
13,203090,Maurice Harkless,10.0,3.0,8.0,4.0,2.0,2.0,3.0,2.0,1.0,1.0,2.0,0.0,20.0,36:31,9.7,1
14,101131,Jason Maxiell,6.0,3.0,6.0,0.0,0.0,1.0,5.0,0.0,0.0,1.0,3.0,0.0,10.0,21:46,4.7,1
15,202696,Nikola Vucevic,19.0,9.0,14.0,2.0,1.0,6.0,6.0,0.0,1.0,1.0,1.0,2.0,17.0,35:22,17.4,1
16,201167,Arron Afflalo,16.0,5.0,14.0,5.0,3.0,0.0,6.0,2.0,8.0,0.0,2.0,2.0,16.0,37:23,14.0,1
17,2749,Jameer Nelson,11.0,5.0,15.0,0.0,0.0,0.0,3.0,1.0,5.0,0.0,2.0,2.0,11.0,32:22,5.1,1
18,203506,Victor Oladipo,19.0,8.0,13.0,4.0,3.0,0.0,6.0,2.0,4.0,0.0,2.0,7.0,11.0,21:24,11.5,1
19,203094,Andrew Nicholson,17.0,6.0,13.0,5.0,5.0,3.0,8.0,0.0,0.0,1.0,1.0,0.0,11.0,26:14,15.1,1
20,202734,E'Twaun Moore,5.0,2.0,3.0,0.0,0.0,0.0,1.0,0.0,0.0,0.0,1.0,1.0,3.0,13:44,2.6,1
21,203124,Kyle O'Quinn,4.0,1.0,2.0,2.0,2.0,1.0,3.0,0.0,0.0,0.0,5.0,1.0,4.0,12:38,1.6,1
22,101179,Ronnie Price,0.0,0.0,1.0,0.0,0.0,0.0,0.0,0.0,0.0,0.0,0.0,0.0,2.0,2:36,-0.7,1
23,202699,Tobias Harris,,,,,,,,,,,,,,,0.0,1
24,200780,Solomon Jones,,,,,,,,,,,,,,,0.0,1
25,203117,Doron Lamb,,,,,,,,,,,,,,,0.0,1
