,id,name,PTS,FG,FGA,FTA,FT,OREB,DREB,STL,AST,BLK,PF,TO,PLUS_MINUS,MIN,GS,WIN
0,201587,Nicolas Batum,22.0,8.0,16.0,2.0,2.0,3.0,15.0,1.0,5.0,0.0,3.0,4.0,14.0,45:11,19.9,1
1,2748,Dorell Wright,15.0,4.0,8.0,4.0,3.0,0.0,4.0,0.0,3.0,1.0,3.0,1.0,12.0,27:46,12.4,1
2,201577,Robin Lopez,19.0,9.0,13.0,1.0,1.0,2.0,2.0,0.0,0.0,3.0,3.0,3.0,11.0,33:37,13.4,1
3,202083,Wesley Matthews,20.0,6.0,13.0,6.0,5.0,0.0,2.0,0.0,2.0,0.0,2.0,1.0,6.0,37:02,13.1,1
4,203081,Damian Lillard,27.0,8.0,17.0,10.0,8.0,0.0,3.0,0.0,5.0,1.0,1.0,3.0,9.0,41:29,19.2,1
5,203115,Will Barton,2.0,1.0,7.0,0.0,0.0,0.0,1.0,0.0,3.0,0.0,1.0,1.0,-3.0,16:47,-1.5,1
6,203086,Meyers Leonard,0.0,0.0,0.0,0.0,0.0,0.0,0.0,0.0,2.0,0.0,2.0,2.0,-2.0,7:27,-1.4,1
7,203468,CJ McCollum,2.0,1.0,2.0,0.0,0.0,0.0,2.0,2.0,0.0,0.0,0.0,0.0,2.0,11:34,3.6,1
8,2248,Earl Watson,2.0,0.0,1.0,2.0,2.0,0.0,0.0,0.0,3.0,1.0,3.0,1.0,-8.0,12:11,1.9,1
9,203080,Thomas Robinson,2.0,1.0,1.0,2.0,0.0,1.0,2.0,0.0,0.0,0.0,1.0,0.0,-1.0,6:56,1.8,1
10,200746,LaMarcus Aldridge,,,,,,,,,,,,,,,0.0,1
11,201964,Victor Claver,,,,,,,,,,,,,,,0.0,1
12,2590,Mo Williams,,,,,,,,,,,,,,,0.0,1
13,202329,Al-Farouq Aminu,8.0,4.0,4.0,0.0,0.0,1.0,7.0,1.0,2.0,1.0,3.0,0.0,-6.0,32:21,11.5,0
14,203076,Anthony Davis,36.0,15.0,27.0,6.0,6.0,3.0,6.0,1.0,1.0,2.0,5.0,2.0,-11.0,39:53,26.1,0
15,201582,Alexis Ajinca,0.0,0.0,2.0,0.0,0.0,0.0,2.0,1.0,0.0,0.0,1.0,0.0,-7.0,9:34,-0.2,0
16,201569,Eric Gordon,16.0,6.0,15.0,4.0,2.0,1.0,5.0,0.0,6.0,0.0,1.0,3.0,-7.0,35:59,10.1,0
17,203148,Brian Roberts,19.0,8.0,14.0,2.0,2.0,0.0,0.0,1.0,5.0,0.0,3.0,1.0,-4.0,39:16,14.7,0
18,201936,Tyreke Evans,16.0,7.0,12.0,2.0,2.0,0.0,8.0,1.0,8.0,0.0,1.0,1.0,0.0,35:10,18.0,0
19,201627,Anthony Morrow,3.0,1.0,8.0,1.0,1.0,1.0,4.0,1.0,0.0,0.0,1.0,1.0,-5.0,17:04,-0.7,0
20,203085,Austin Rivers,4.0,0.0,3.0,4.0,4.0,0.0,2.0,0.0,0.0,0.0,5.0,2.0,-4.0,8:44,-1.5,0
21,202337,Luke Babbitt,1.0,0.0,0.0,2.0,1.0,1.0,1.0,0.0,0.0,0.0,0.0,0.0,0.0,4:12,1.6,0
22,203481,Jeff Withey,0.0,0.0,0.0,0.0,0.0,1.0,1.0,0.0,0.0,0.0,2.0,0.0,2.0,11:23,0.2,0
23,203121,Darius Miller,0.0,0.0,1.0,0.0,0.0,0.0,0.0,0.0,0.0,0.0,0.0,0.0,2.0,6:24,-0.7,0
24,201160,Jason Smith,,,,,,,,,,,,,,,0.0,0
25,201880,Greg Stiemsma,,,,,,,,,,,,,,,0.0,0
