,id,name,PTS,FG,FGA,FTA,FT,OREB,DREB,STL,AST,BLK,PF,TO,PLUS_MINUS,MIN,GS,WIN
0,202087,Alonzo Gee,0,0,0,0,0,0,0,1,0,0,2,1,-12.0,15:50,-0.8,0
1,202684,Tristan Thompson,5,1,8,4,3,3,6,0,2,0,2,1,-28.0,26:34,2.9,0
2,101115,Andrew Bynum,16,8,15,0,0,2,4,0,0,1,3,1,-20.0,20:36,9.8,0
3,203521,Matthew Dellavedova,14,6,8,2,1,1,1,4,2,0,1,2,-11.0,33:55,14.4,0
4,202681,Kyrie Irving,15,7,17,2,1,0,0,1,4,0,1,1,-28.0,26:34,7.9,0
5,101127,Jarrett Jack,0,0,3,0,0,0,0,0,5,0,1,0,-23.0,17:22,1.0,0
6,203079,Dion Waiters,11,4,9,2,2,1,0,1,2,0,2,3,-14.0,20:11,5.6,0
7,2760,Anderson Varejao,9,4,5,2,1,1,5,0,1,0,3,2,-2.0,12:50,6.4,0
8,201947,Earl Clark,3,1,4,0,0,0,1,0,0,1,0,0,-1.0,9:26,1.6,0
9,203092,Tyler Zeller,4,2,2,0,0,0,2,1,1,0,0,0,-8.0,14:34,5.7,0
10,203508,Sergey Karasev,8,2,6,4,4,0,5,0,1,0,2,1,-3.0,21:03,5.0,0
11,203461,Anthony Bennett,9,4,5,2,0,2,3,1,0,0,3,5,-1.0,12:00,3.4,0
12,203467,Carrick Felix,2,0,1,2,2,0,0,0,1,0,1,0,1.0,9:05,1.6,0
13,202695,Kawhi Leonard,9,3,4,2,2,0,3,0,0,1,1,0,19.0,13:01,8.6,1
14,1495,Tim Duncan,9,4,6,2,1,1,5,0,1,3,0,0,32.0,16:24,11.0,1
15,201168,Tiago Splitter,10,4,5,3,2,1,3,0,0,0,0,0,17.0,10:36,9.3,1
16,201980,Danny Green,17,6,10,0,0,0,4,2,0,0,1,1,16.0,21:14,14.2,1
17,2225,Tony Parker,12,5,9,2,2,0,1,0,7,0,0,0,29.0,15:10,12.9,1
18,1938,Manu Ginobili,8,3,5,1,1,0,1,1,2,0,1,1,9.0,14:49,7.0,1
19,2588,Matt Bonner,8,3,5,0,0,0,2,0,3,1,1,0,13.0,19:38,8.7,1
20,201988,Patty Mills,15,5,8,2,2,0,3,1,3,0,0,2,14.0,22:55,13.4,1
21,201965,Jeff Ayres,6,3,6,0,0,1,1,3,2,0,3,4,-2.0,28:08,3.2,1
22,201158,Marco Belinelli,10,3,9,3,2,1,2,1,4,0,0,2,22.0,22:15,7.6,1
23,203382,Aron Baynes,6,2,4,2,2,2,3,0,2,0,3,1,0.0,21:14,5.5,1
24,202709,Cory Joseph,8,2,5,5,4,0,2,0,2,0,3,2,-14.0,18:49,3.7,1
25,201986,Nando De Colo,8,3,4,1,0,0,1,1,4,0,4,2,-5.0,15:47,6.5,1
