,id,name,PTS,FG,FGA,FTA,FT,OREB,DREB,STL,AST,BLK,PF,TO,PLUS_MINUS,MIN,GS,WIN
0,202699,Tobias Harris,11.0,4.0,8.0,2.0,2.0,1.0,5.0,0.0,1.0,0.0,2.0,1.0,-6.0,30:20,8.1,0
1,201175,Glen Davis,7.0,3.0,9.0,2.0,1.0,2.0,2.0,1.0,2.0,3.0,3.0,1.0,-11.0,35:30,5.8,0
2,202696,Nikola Vucevic,16.0,8.0,16.0,1.0,0.0,4.0,9.0,0.0,0.0,0.0,3.0,2.0,-2.0,34:33,9.9,0
3,201167,Arron Afflalo,20.0,8.0,18.0,0.0,0.0,0.0,2.0,0.0,2.0,1.0,3.0,2.0,-4.0,33:56,10.1,0
4,203506,Victor Oladipo,6.0,2.0,11.0,2.0,2.0,1.0,4.0,4.0,11.0,0.0,3.0,4.0,-5.0,34:49,7.5,0
5,203094,Andrew Nicholson,2.0,1.0,6.0,0.0,0.0,0.0,1.0,0.0,1.0,0.0,1.0,1.0,-8.0,12:30,-2.2,0
6,203090,Maurice Harkless,4.0,2.0,4.0,0.0,0.0,1.0,3.0,0.0,0.0,0.0,2.0,1.0,-17.0,19:43,1.8,0
7,202734,E'Twaun Moore,6.0,2.0,5.0,2.0,1.0,0.0,1.0,0.0,2.0,0.0,0.0,1.0,-17.0,13:30,3.6,0
8,203117,Doron Lamb,3.0,1.0,2.0,0.0,0.0,0.0,0.0,0.0,1.0,0.0,0.0,0.0,-8.0,11:42,2.7,0
9,203124,Kyle O'Quinn,4.0,2.0,4.0,1.0,0.0,0.0,2.0,0.0,1.0,0.0,1.0,0.0,-17.0,13:27,2.5,0
10,101131,Jason Maxiell,,,,,,,,,,,,,,,0.0,0
11,2749,Jameer Nelson,,,,,,,,,,,,,,,0.0,0
12,101179,Ronnie Price,,,,,,,,,,,,,,,0.0,0
13,202331,Paul George,15.0,5.0,12.0,3.0,3.0,1.0,3.0,2.0,2.0,0.0,1.0,3.0,3.0,26:47,10.2,1
14,2561,David West,8.0,4.0,9.0,0.0,0.0,2.0,5.0,0.0,1.0,1.0,2.0,0.0,6.0,26:11,6.8,1
15,201579,Roy Hibbert,9.0,4.0,6.0,2.0,1.0,0.0,8.0,0.0,0.0,0.0,2.0,2.0,1.0,25:44,5.6,1
16,202362,Lance Stephenson,15.0,5.0,11.0,5.0,4.0,4.0,8.0,1.0,5.0,1.0,1.0,3.0,17.0,37:21,15.9,1
17,201588,George Hill,2.0,1.0,8.0,0.0,0.0,1.0,1.0,1.0,3.0,0.0,1.0,0.0,-1.0,19:21,0.5,1
18,101122,Danny Granger,16.0,5.0,9.0,3.0,3.0,0.0,4.0,0.0,3.0,0.0,2.0,0.0,26.0,24:37,14.2,1
19,2449,Luis Scola,10.0,4.0,13.0,2.0,2.0,1.0,3.0,0.0,4.0,0.0,3.0,0.0,13.0,21:49,5.7,1
20,201228,C.J. Watson,12.0,5.0,10.0,0.0,0.0,0.0,4.0,0.0,3.0,1.0,1.0,0.0,23.0,25:39,10.6,1
21,101133,Ian Mahinmi,7.0,3.0,7.0,2.0,1.0,3.0,2.0,0.0,0.0,2.0,0.0,0.0,23.0,18:01,7.0,1
22,2446,Rasual Butler,0.0,0.0,0.0,0.0,0.0,0.0,1.0,0.0,0.0,0.0,0.0,0.0,-5.0,4:15,0.3,1
23,203142,Chris Copeland,2.0,1.0,3.0,0.0,0.0,1.0,0.0,0.0,0.0,0.0,0.0,0.0,-5.0,4:15,1.0,1
24,203111,Orlando Johnson,2.0,1.0,1.0,0.0,0.0,0.0,0.0,0.0,0.0,0.0,0.0,0.0,-3.0,3:00,1.7,1
25,202388,Donald Sloan,0.0,0.0,1.0,0.0,0.0,0.0,0.0,0.0,0.0,0.0,0.0,1.0,-3.0,3:00,-1.7,1
