,id,name,PTS,FG,FGA,FTA,FT,OREB,DREB,STL,AST,BLK,PF,TO,PLUS_MINUS,MIN,GS,WIN
0,201947,Earl Clark,4.0,2.0,9.0,0.0,0.0,2.0,1.0,2.0,0.0,1.0,0.0,0.0,-2.0,16:25,2.9,0
1,202684,Tristan Thompson,13.0,5.0,15.0,4.0,3.0,9.0,7.0,0.0,0.0,2.0,4.0,2.0,-6.0,35:20,10.3,0
2,2760,Anderson Varejao,2.0,1.0,7.0,0.0,0.0,2.0,2.0,2.0,3.0,0.0,2.0,0.0,-8.0,32:10,2.8,0
3,203079,Dion Waiters,18.0,7.0,19.0,2.0,1.0,0.0,6.0,1.0,3.0,0.0,0.0,0.0,0.0,32:06,12.0,0
4,202681,Kyrie Irving,10.0,4.0,17.0,2.0,1.0,3.0,0.0,1.0,9.0,0.0,1.0,1.0,-9.0,33:38,7.3,0
5,101115,Andrew Bynum,4.0,2.0,3.0,0.0,0.0,1.0,4.0,1.0,1.0,1.0,0.0,1.0,-15.0,17:46,6.0,0
6,101127,Jarrett Jack,13.0,3.0,10.0,4.0,4.0,1.0,3.0,2.0,3.0,0.0,1.0,3.0,-6.0,25:09,9.5,0
7,202087,Alonzo Gee,2.0,1.0,2.0,0.0,0.0,0.0,1.0,0.0,0.0,0.0,1.0,0.0,-12.0,13:15,0.9,0
8,203461,Anthony Bennett,0.0,0.0,0.0,0.0,0.0,0.0,1.0,0.0,0.0,0.0,0.0,1.0,-1.0,5:54,-0.7,0
9,101139,CJ Miles,13.0,5.0,7.0,2.0,1.0,0.0,0.0,0.0,3.0,0.0,2.0,2.0,-13.0,18:15,9.0,0
10,203092,Tyler Zeller,0.0,0.0,0.0,0.0,0.0,0.0,0.0,0.0,0.0,0.0,1.0,2.0,0.0,4:50,-2.4,0
11,203508,Sergey Karasev,0.0,0.0,1.0,0.0,0.0,0.0,0.0,0.0,0.0,0.0,0.0,1.0,-3.0,5:12,-1.7,0
12,203521,Matthew Dellavedova,,,,,,,,,,,,,,,0.0,0
13,202323,Evan Turner,22.0,10.0,18.0,2.0,2.0,2.0,8.0,1.0,5.0,0.0,4.0,6.0,18.0,36:59,14.1,1
14,201152,Thaddeus Young,16.0,8.0,12.0,1.0,0.0,0.0,8.0,1.0,1.0,2.0,2.0,1.0,12.0,36:12,14.1,1
15,201150,Spencer Hawes,10.0,3.0,6.0,2.0,2.0,2.0,5.0,0.0,3.0,6.0,5.0,0.0,10.0,31:58,14.2,1
16,202341,James Anderson,11.0,5.0,7.0,0.0,0.0,1.0,4.0,0.0,2.0,0.0,1.0,2.0,9.0,31:57,9.0,1
17,203487,Michael Carter-Williams,11.0,4.0,13.0,2.0,1.0,4.0,5.0,1.0,6.0,0.0,2.0,3.0,22.0,34:18,8.8,1
18,203100,Tony Wroten,18.0,7.0,14.0,2.0,2.0,0.0,4.0,1.0,4.0,0.0,0.0,2.0,7.0,26:09,14.0,1
19,202730,Lavoy Allen,6.0,3.0,10.0,0.0,0.0,3.0,1.0,0.0,0.0,0.0,0.0,2.0,10.0,20:15,0.6,1
20,202721,Darius Morris,0.0,0.0,3.0,0.0,0.0,0.0,0.0,0.0,4.0,0.0,2.0,1.0,-1.0,12:29,-1.1,1
21,203561,Brandon Davies,0.0,0.0,1.0,0.0,0.0,0.0,0.0,1.0,0.0,0.0,2.0,0.0,-2.0,7:36,-0.5,1
22,203138,Hollis Thompson,0.0,0.0,0.0,0.0,0.0,0.0,0.0,0.0,0.0,0.0,0.0,0.0,-10.0,2:09,0.0,1
23,2198,Kwame Brown,,,,,,,,,,,,,,,0.0,1
24,202350,Daniel Orton,,,,,,,,,,,,,,,0.0,1
