,id,name,PTS,FG,FGA,FTA,FT,OREB,DREB,STL,AST,BLK,PF,TO,PLUS_MINUS,MIN,GS,WIN
0,2746,Josh Smith,20.0,8.0,18.0,3.0,3.0,0.0,4.0,4.0,3.0,1.0,1.0,0.0,-8.0,33:22,18.2,1
1,202328,Greg Monroe,12.0,5.0,12.0,5.0,2.0,3.0,5.0,1.0,2.0,1.0,4.0,3.0,10.0,33:41,6.5,1
2,203083,Andre Drummond,14.0,7.0,11.0,0.0,0.0,8.0,8.0,0.0,1.0,2.0,2.0,3.0,14.0,38:14,15.4,1
3,203484,Kentavious Caldwell-Pope,9.0,4.0,7.0,0.0,0.0,0.0,1.0,2.0,0.0,0.0,4.0,0.0,-1.0,27:23,6.4,1
4,201943,Brandon Jennings,28.0,9.0,21.0,6.0,5.0,1.0,3.0,1.0,14.0,0.0,1.0,4.0,12.0,40:23,24.5,1
5,1497,Chauncey Billups,6.0,2.0,5.0,0.0,0.0,0.0,1.0,2.0,1.0,0.0,2.0,2.0,-1.0,19:13,3.5,1
6,202713,Kyle Singler,11.0,3.0,8.0,5.0,4.0,0.0,0.0,1.0,0.0,0.0,2.0,2.0,-6.0,25:28,4.4,1
7,202725,Josh Harrellson,2.0,1.0,2.0,0.0,0.0,1.0,1.0,2.0,1.0,0.0,1.0,0.0,-7.0,12:29,4.3,1
8,101198,Will Bynum,2.0,1.0,1.0,0.0,0.0,0.0,0.0,1.0,0.0,0.0,1.0,2.0,-12.0,5:16,0.3,1
9,201973,Jonas Jerebko,3.0,1.0,3.0,1.0,1.0,0.0,0.0,0.0,0.0,0.0,0.0,0.0,4.0,4:31,1.3,1
10,203540,Gigi Datome,,,,,,,,,,,,,,,0.0,1
11,203502,Tony Mitchell,,,,,,,,,,,,,,,0.0,1
12,101111,Charlie Villanueva,,,,,,,,,,,,,,,0.0,1
13,201145,Jeff Green,13.0,6.0,13.0,0.0,0.0,1.0,6.0,2.0,1.0,0.0,3.0,3.0,-7.0,29:57,7.3,0
14,101138,Brandon Bass,11.0,4.0,6.0,4.0,3.0,1.0,6.0,1.0,1.0,0.0,3.0,2.0,-2.0,28:09,9.0,0
15,203096,Jared Sullinger,19.0,7.0,14.0,4.0,3.0,3.0,5.0,1.0,4.0,0.0,4.0,2.0,13.0,32:44,15.4,0
16,202340,Avery Bradley,14.0,5.0,11.0,2.0,2.0,0.0,5.0,1.0,2.0,0.0,3.0,2.0,7.0,31:57,9.0,0
17,202348,Jordan Crawford,17.0,4.0,15.0,8.0,8.0,0.0,4.0,1.0,6.0,0.0,1.0,2.0,3.0,35:20,12.1,0
18,2743,Kris Humphries,10.0,4.0,6.0,2.0,2.0,1.0,2.0,0.0,0.0,1.0,3.0,4.0,1.0,17:51,4.2,0
19,2222,Gerald Wallace,4.0,2.0,3.0,0.0,0.0,2.0,1.0,1.0,4.0,0.0,0.0,0.0,6.0,21:07,8.2,0
20,203482,Kelly Olynyk,2.0,1.0,3.0,0.0,0.0,0.0,1.0,1.0,1.0,0.0,3.0,0.0,-5.0,6:37,1.1,0
21,201584,Courtney Lee,10.0,4.0,6.0,2.0,2.0,0.0,2.0,0.0,0.0,0.0,0.0,2.0,-9.0,15:29,6.0,0
22,203515,Phil Pressey,2.0,1.0,1.0,0.0,0.0,0.0,0.0,0.0,3.0,0.0,0.0,0.0,-3.0,10:15,3.8,0
23,203543,Vitor Faverani,4.0,2.0,3.0,0.0,0.0,0.0,1.0,0.0,0.0,0.0,0.0,1.0,-9.0,10:34,2.0,0
24,2586,Keith Bogans,,,,,,,,,,,,,,,0.0,0
25,202705,MarShon Brooks,,,,,,,,,,,,,,,0.0,0
