,id,name,PTS,FG,FGA,FTA,FT,OREB,DREB,STL,AST,BLK,PF,TO,PLUS_MINUS,MIN,GS,WIN
0,2419,Tayshaun Prince,3.0,1.0,2.0,2.0,1.0,0.0,2.0,1.0,1.0,0.0,1.0,3.0,1.0,17:17,0.5,0
1,2216,Zach Randolph,21.0,9.0,17.0,4.0,3.0,5.0,9.0,1.0,2.0,0.0,4.0,2.0,1.0,34:42,17.3,0
2,201188,Marc Gasol,23.0,8.0,14.0,7.0,7.0,1.0,4.0,0.0,1.0,0.0,5.0,1.0,1.0,35:39,16.0,0
3,2754,Tony Allen,0.0,0.0,6.0,0.0,0.0,2.0,1.0,1.0,0.0,0.0,2.0,1.0,-8.0,20:11,-3.3,0
4,201144,Mike Conley,24.0,7.0,16.0,10.0,9.0,2.0,2.0,3.0,8.0,1.0,2.0,1.0,1.0,38:02,24.7,0
5,202347,Quincy Pondexter,2.0,1.0,4.0,0.0,0.0,0.0,2.0,0.0,2.0,0.0,3.0,2.0,-12.0,13:32,-1.6,0
6,2034,Mike Miller,4.0,2.0,5.0,0.0,0.0,1.0,3.0,0.0,3.0,0.0,3.0,3.0,-15.0,17:58,0.8,0
7,201573,Jerryd Bayless,11.0,4.0,11.0,1.0,1.0,0.0,7.0,0.0,2.0,0.0,6.0,3.0,1.0,30:57,3.0,0
8,202334,Ed Davis,2.0,1.0,1.0,0.0,0.0,0.0,1.0,0.0,1.0,1.0,2.0,0.0,-10.0,5:55,2.6,0
9,201585,Kosta Koufos,7.0,3.0,9.0,2.0,1.0,6.0,2.0,0.0,0.0,0.0,4.0,1.0,-16.0,17:23,3.7,0
10,201979,Nick Calathes,2.0,1.0,1.0,0.0,0.0,0.0,1.0,0.0,0.0,0.0,1.0,0.0,-4.0,6:04,1.6,0
11,202720,Jon Leuer,0.0,0.0,1.0,0.0,0.0,0.0,0.0,0.0,0.0,0.0,1.0,0.0,0.0,2:21,-1.1,0
12,203479,Jamaal Franklin,,,,,,,,,,,,,,,0.0,0
13,1890,Shawn Marion,21.0,6.0,17.0,10.0,9.0,6.0,8.0,0.0,4.0,2.0,2.0,1.0,3.0,34:02,20.1,1
14,1717,Dirk Nowitzki,24.0,7.0,16.0,8.0,7.0,0.0,6.0,2.0,1.0,0.0,3.0,2.0,11.0,32:22,16.5,1
15,2223,Samuel Dalembert,14.0,4.0,4.0,6.0,6.0,2.0,7.0,2.0,2.0,0.0,5.0,2.0,4.0,25:50,15.7,1
16,101145,Monta Ellis,18.0,5.0,14.0,10.0,8.0,1.0,2.0,3.0,2.0,0.0,3.0,2.0,11.0,38:00,11.9,1
17,101181,Jose Calderon,15.0,4.0,11.0,4.0,4.0,2.0,0.0,1.0,5.0,0.0,2.0,0.0,6.0,38:44,14.0,1
18,1713,Vince Carter,11.0,3.0,8.0,5.0,4.0,0.0,1.0,0.0,2.0,0.0,1.0,0.0,8.0,25:47,7.5,1
19,201971,DeJuan Blair,8.0,3.0,6.0,3.0,2.0,2.0,4.0,4.0,0.0,0.0,4.0,1.0,8.0,22:10,8.6,1
20,203109,Jae Crowder,0.0,0.0,2.0,0.0,0.0,1.0,2.0,0.0,1.0,1.0,0.0,1.0,4.0,16:01,0.3,1
21,203539,Gal Mekel,0.0,0.0,2.0,0.0,0.0,0.0,1.0,0.0,1.0,1.0,0.0,2.0,5.0,7:06,-1.7,1
22,201961,Wayne Ellington,,,,,,,,,,,,,,,0.0,1
23,203108,Bernard James,,,,,,,,,,,,,,,0.0,1
24,203495,Ricky Ledo,,,,,,,,,,,,,,,0.0,1
