,id,name,PTS,FG,FGA,FTA,FT,OREB,DREB,STL,AST,BLK,PF,TO,PLUS_MINUS,MIN,GS,WIN
0,2210,Richard Jefferson,7.0,3.0,7.0,0.0,0.0,0.0,1.0,2.0,2.0,0.0,2.0,2.0,-15.0,23:12,4.2,0
1,101107,Marvin Williams,5.0,2.0,6.0,0.0,0.0,3.0,1.0,0.0,2.0,0.0,1.0,1.0,-18.0,17:17,4.0,0
2,202324,Derrick Favors,2.0,1.0,5.0,0.0,0.0,2.0,3.0,0.0,0.0,0.0,2.0,0.0,-24.0,18:39,0.4,0
3,202330,Gordon Hayward,20.0,6.0,15.0,6.0,6.0,1.0,3.0,1.0,3.0,0.0,1.0,5.0,-29.0,33:17,11.2,0
4,203504,Trey Burke,7.0,2.0,7.0,2.0,1.0,1.0,2.0,0.0,5.0,0.0,3.0,2.0,-22.0,30:27,4.1,0
5,202692,Alec Burks,12.0,5.0,12.0,4.0,2.0,3.0,1.0,0.0,2.0,0.0,3.0,2.0,-12.0,29:19,5.4,0
6,202683,Enes Kanter,27.0,8.0,16.0,12.0,11.0,6.0,8.0,1.0,1.0,0.0,4.0,0.0,-5.0,34:31,25.3,0
7,203197,Diante Garrett,2.0,1.0,5.0,0.0,0.0,0.0,1.0,0.0,3.0,0.0,2.0,1.0,-1.0,19:47,-0.5,0
8,202379,Jeremy Evans,4.0,2.0,3.0,0.0,0.0,1.0,0.0,0.0,0.0,1.0,3.0,0.0,-10.0,15:40,2.9,0
9,203497,Rudy Gobert,2.0,1.0,1.0,2.0,0.0,1.0,0.0,1.0,0.0,4.0,0.0,0.0,5.0,9:53,5.4,0
10,201575,Brandon Rush,0.0,0.0,2.0,0.0,0.0,0.0,1.0,0.0,0.0,0.0,0.0,0.0,1.0,7:58,-1.1,0
11,2740,Andris Biedrins,,,,,,,,,,,,,,,0.0,0
12,101249,John Lucas III,,,,,,,,,,,,,,,0.0,0
13,203114,Khris Middleton,9.0,4.0,6.0,0.0,0.0,0.0,0.0,1.0,2.0,0.0,2.0,3.0,19.0,21:21,5.0,1
14,101141,Ersan Ilyasova,31.0,13.0,14.0,4.0,3.0,2.0,3.0,2.0,0.0,1.0,1.0,1.0,31.0,30:06,29.6,1
15,2585,Zaza Pachulia,14.0,3.0,4.0,8.0,8.0,2.0,4.0,0.0,5.0,1.0,2.0,1.0,26.0,25:39,17.4,1
16,203489,Nate Wolters,10.0,4.0,6.0,0.0,0.0,0.0,6.0,1.0,5.0,0.0,1.0,2.0,27.0,21:57,11.3,1
17,202688,Brandon Knight,11.0,4.0,7.0,3.0,2.0,0.0,1.0,2.0,5.0,0.0,2.0,0.0,26.0,25:58,12.3,1
18,201564,O.J. Mayo,3.0,1.0,5.0,0.0,0.0,0.0,0.0,0.0,3.0,0.0,3.0,1.0,-1.0,24:15,-0.2,1
19,203089,John Henson,6.0,3.0,7.0,0.0,0.0,5.0,2.0,0.0,1.0,0.0,4.0,1.0,-1.0,16:19,4.5,1
20,203507,Giannis Antetokounmpo,8.0,3.0,9.0,1.0,1.0,1.0,3.0,0.0,3.0,1.0,1.0,0.0,7.0,26:39,6.9,1
21,202399,Jeff Adrien,8.0,3.0,8.0,4.0,2.0,3.0,8.0,1.0,0.0,1.0,5.0,0.0,-1.0,19:42,7.0,1
22,201196,Ramon Sessions,14.0,4.0,7.0,6.0,6.0,0.0,4.0,0.0,4.0,0.0,2.0,2.0,0.0,23:50,11.9,1
23,203545,Miroslav Raduljica,0.0,0.0,1.0,0.0,0.0,0.0,1.0,0.0,0.0,0.0,1.0,2.0,-3.0,4:14,-2.8,1
24,202327,Ekpe Udoh,,,,,,,,,,,,,,,0.0,1
