,id,name,PTS,FG,FGA,FTA,FT,OREB,DREB,STL,AST,BLK,PF,TO,PLUS_MINUS,MIN,GS,WIN
0,201145,Jeff Green,16,6,15,3,3,0,2,2,2,0,1,0,-22.0,32:00,11.5,0
1,101138,Brandon Bass,9,4,8,2,1,4,0,0,0,0,0,3,-16.0,25:05,4.4,0
2,2743,Kris Humphries,12,4,11,4,4,5,3,1,0,1,1,2,-16.0,24:04,9.6,0
3,202340,Avery Bradley,28,12,19,0,0,0,4,1,1,1,4,1,-6.0,34:51,20.5,0
4,200765,Rajon Rondo,12,3,10,6,5,1,3,0,12,0,1,0,-18.0,36:15,15.4,0
5,201573,Jerryd Bayless,6,2,4,0,0,1,0,1,2,0,2,2,-3.0,23:14,4.3,0
6,203096,Jared Sullinger,8,2,6,6,4,0,4,1,2,0,3,2,0.0,22:51,4.2,0
7,203482,Kelly Olynyk,4,1,5,2,2,1,3,0,0,0,6,1,-6.0,16:03,-0.9,0
8,203187,Chris Johnson,0,0,2,0,0,0,1,1,0,0,0,0,1.0,10:05,-0.1,0
9,203515,Phil Pressey,0,0,1,0,0,0,0,0,1,0,0,0,-2.0,6:03,0.0,0
10,201202,Joel Anthony,0,0,1,0,0,0,5,0,0,1,0,0,6.0,7:56,1.5,0
11,203569,Chris Babb,3,1,1,0,0,0,0,0,0,0,0,0,2.0,1:33,2.7,0
12,2207,Joe Johnson,27,10,16,1,1,0,2,0,4,0,2,0,20.0,30:18,22.4,1
13,1718,Paul Pierce,14,6,10,1,1,0,3,0,0,0,2,1,9.0,18:59,8.5,1
14,203486,Mason Plumlee,18,6,7,6,6,3,2,3,3,0,2,2,15.0,20:54,20.5,1
15,2733,Shaun Livingston,4,1,1,2,2,1,6,0,6,1,2,0,-2.0,21:26,10.3,1
16,101114,Deron Williams,6,2,4,2,1,0,1,1,6,0,2,2,18.0,25:11,6.3,1
17,101154,Andray Blatche,10,4,10,3,2,2,2,0,1,0,1,2,2.0,21:35,4.5,1
18,1905,Andrei Kirilenko,6,3,4,2,0,0,2,0,1,0,0,1,6.0,17:14,3.9,1
19,203141,Mirza Teletovic,7,3,6,3,1,0,1,0,2,1,2,0,3.0,20:50,4.8,1
20,201977,Marcus Thornton,9,3,9,2,2,0,6,2,3,0,1,1,-1.0,18:21,8.4,1
21,203268,Jorge Gutierrez,10,5,6,0,0,1,2,0,1,1,2,1,3.0,18:16,8.7,1
22,101187,Alan Anderson,0,0,2,0,0,0,4,0,1,0,1,1,9.0,17:05,-0.9,1
23,2215,Jason Collins,2,1,1,0,0,0,0,0,2,0,0,0,-1.0,5:31,3.1,1
24,203104,Marquis Teague,1,0,2,2,1,0,1,0,0,0,0,0,-1.0,4:20,-0.5,1
