,id,name,PTS,FG,FGA,FTA,FT,OREB,DREB,STL,AST,BLK,PF,TO,PLUS_MINUS,MIN,GS,WIN
0,2772,Trevor Ariza,10.0,4.0,6.0,1.0,1.0,0.0,5.0,0.0,2.0,0.0,3.0,2.0,0.0,33:02,7.1,1
1,202344,Trevor Booker,6.0,3.0,3.0,0.0,0.0,2.0,2.0,0.0,1.0,1.0,4.0,2.0,-14.0,32:16,4.9,1
2,101162,Marcin Gortat,9.0,4.0,14.0,2.0,1.0,1.0,6.0,0.0,4.0,0.0,4.0,2.0,-1.0,39:02,2.1,1
3,203078,Bradley Beal,21.0,9.0,16.0,0.0,0.0,2.0,5.0,0.0,0.0,0.0,3.0,3.0,-6.0,30:08,12.1,1
4,202322,John Wall,20.0,7.0,16.0,6.0,5.0,1.0,5.0,2.0,8.0,0.0,3.0,7.0,-6.0,32:35,12.8,1
5,101110,Martell Webster,30.0,9.0,13.0,7.0,6.0,0.0,5.0,1.0,3.0,1.0,0.0,0.0,10.0,35:38,29.4,1
6,202338,Kevin Seraphin,2.0,1.0,2.0,0.0,0.0,0.0,3.0,0.0,0.0,1.0,3.0,1.0,6.0,5:35,0.4,1
7,202686,Jan Vesely,2.0,1.0,1.0,1.0,0.0,0.0,3.0,1.0,1.0,0.0,4.0,2.0,9.0,16:19,0.3,1
8,202066,Garrett Temple,2.0,1.0,1.0,0.0,0.0,0.0,1.0,0.0,2.0,0.0,1.0,0.0,7.0,15:25,3.0,1
9,201953,Eric Maynor,,,,,,,,,,,,,,,0.0,1
10,203490,Otto Porter Jr.,,,,,,,,,,,,,,,0.0,1
11,203318,Glen Rice,,,,,,,,,,,,,,,0.0,1
12,202698,Chris Singleton,,,,,,,,,,,,,,,0.0,1
13,2546,Carmelo Anthony,32.0,12.0,20.0,8.0,7.0,2.0,3.0,0.0,3.0,4.0,3.0,1.0,1.0,42:01,27.4,0
14,2747,JR Smith,18.0,6.0,16.0,2.0,1.0,1.0,3.0,3.0,6.0,0.0,2.0,0.0,8.0,37:10,16.8,0
15,200745,Andrea Bargnani,13.0,4.0,12.0,6.0,5.0,1.0,5.0,0.0,2.0,2.0,1.0,2.0,-7.0,37:29,8.4,0
16,203143,Pablo Prigioni,0.0,0.0,3.0,0.0,0.0,0.0,1.0,2.0,3.0,0.0,2.0,1.0,-15.0,18:20,0.5,0
17,202697,Iman Shumpert,8.0,2.0,8.0,2.0,2.0,3.0,6.0,0.0,2.0,0.0,4.0,1.0,11.0,31:17,5.9,0
18,2405,Amar'e Stoudemire,4.0,1.0,7.0,4.0,2.0,1.0,3.0,2.0,0.0,0.0,3.0,2.0,-2.0,19:06,-0.9,0
19,203501,Tim Hardaway Jr.,14.0,5.0,6.0,3.0,2.0,0.0,3.0,0.0,0.0,0.0,3.0,2.0,-12.0,21:44,9.1,0
20,2757,Beno Udrih,12.0,3.0,7.0,6.0,5.0,0.0,2.0,1.0,5.0,0.0,1.0,0.0,14.0,29:40,12.6,0
21,1897,Metta World Peace,0.0,0.0,0.0,0.0,0.0,1.0,0.0,1.0,0.0,0.0,1.0,0.0,-3.0,3:13,1.3,0
22,202332,Cole Aldrich,,,,,,,,,,,,,,,0.0,0
23,101109,Raymond Felton,,,,,,,,,,,,,,,0.0,0
24,2030,Kenyon Martin,,,,,,,,,,,,,,,0.0,0
25,203315,Toure' Murry,,,,,,,,,,,,,,,0.0,0
