,id,name,PTS,FG,FGA,FTA,FT,OREB,DREB,STL,AST,BLK,PF,TO,PLUS_MINUS,MIN,GS,WIN
0,2738,Andre Iguodala,4.0,2.0,10.0,0.0,0.0,1.0,1.0,0.0,2.0,1.0,0.0,2.0,-4.0,26:37,-1.1,1
1,979,Jermaine O'Neal,16.0,6.0,8.0,6.0,4.0,2.0,8.0,0.0,2.0,3.0,4.0,0.0,4.0,26:46,17.7,1
2,101106,Andrew Bogut,4.0,1.0,5.0,4.0,2.0,2.0,5.0,1.0,4.0,1.0,6.0,1.0,-5.0,29:24,4.1,1
3,202691,Klay Thompson,19.0,8.0,12.0,1.0,1.0,0.0,3.0,0.0,2.0,0.0,1.0,3.0,-7.0,29:28,12.7,1
4,201939,Stephen Curry,19.0,6.0,15.0,5.0,4.0,3.0,5.0,0.0,9.0,0.0,0.0,4.0,-2.0,35:44,16.4,1
5,203084,Harrison Barnes,11.0,4.0,8.0,2.0,1.0,2.0,3.0,0.0,4.0,1.0,2.0,0.0,17.0,28:13,11.6,1
6,2581,Steve Blake,6.0,2.0,5.0,0.0,0.0,0.0,1.0,0.0,2.0,0.0,1.0,2.0,17.0,17:25,2.6,1
7,203110,Draymond Green,6.0,3.0,4.0,0.0,0.0,1.0,4.0,2.0,1.0,1.0,4.0,1.0,8.0,20:02,7.1,1
8,202348,Jordan Crawford,15.0,5.0,11.0,2.0,1.0,0.0,2.0,0.0,1.0,0.0,0.0,0.0,6.0,18:13,10.2,1
9,201578,Marreese Speights,4.0,1.0,4.0,2.0,2.0,0.0,1.0,0.0,0.0,0.0,1.0,0.0,6.0,8:10,1.5,1
10,200756,Hilton Armstrong,,,,,,,,,,,,,,,0.0,1
11,203517,Nemanja Nedovic,,,,,,,,,,,,,,,0.0,1
12,2746,Josh Smith,18.0,9.0,24.0,3.0,0.0,2.0,9.0,1.0,7.0,1.0,4.0,3.0,-6.0,38:57,9.7,0
13,202328,Greg Monroe,23.0,8.0,20.0,9.0,7.0,3.0,5.0,1.0,1.0,0.0,1.0,0.0,-8.0,39:32,16.3,0
14,203083,Andre Drummond,11.0,5.0,8.0,2.0,1.0,5.0,4.0,0.0,0.0,3.0,5.0,2.0,2.0,25:22,9.8,0
15,202713,Kyle Singler,18.0,7.0,11.0,2.0,2.0,0.0,3.0,1.0,2.0,2.0,5.0,0.0,-6.0,44:27,15.8,0
16,201943,Brandon Jennings,11.0,4.0,13.0,1.0,1.0,1.0,3.0,2.0,10.0,0.0,2.0,0.0,-6.0,36:51,13.3,0
17,201155,Rodney Stuckey,5.0,2.0,10.0,1.0,1.0,2.0,2.0,1.0,2.0,0.0,2.0,0.0,-8.0,25:55,2.4,0
18,101198,Will Bynum,8.0,4.0,11.0,0.0,0.0,2.0,1.0,0.0,4.0,0.0,3.0,2.0,-4.0,16:20,3.2,0
19,201973,Jonas Jerebko,2.0,1.0,2.0,0.0,0.0,1.0,2.0,1.0,0.0,0.0,1.0,1.0,-4.0,10:21,1.9,0
20,203484,Kentavious Caldwell-Pope,0.0,0.0,0.0,0.0,0.0,0.0,0.0,0.0,0.0,0.0,0.0,0.0,0.0,2:16,0.0,0
21,203540,Gigi Datome,,,,,,,,,,,,,,,0.0,0
22,202725,Josh Harrellson,,,,,,,,,,,,,,,0.0,0
23,203491,Peyton Siva,,,,,,,,,,,,,,,0.0,0
24,101111,Charlie Villanueva,,,,,,,,,,,,,,,0.0,0
