,id,name,PTS,FG,FGA,FTA,FT,OREB,DREB,STL,AST,BLK,PF,TO,PLUS_MINUS,MIN,GS,WIN
0,203077,Michael Kidd-Gilchrist,7.0,2.0,3.0,8.0,3.0,1.0,4.0,1.0,0.0,0.0,4.0,0.0,8.0,19:57,5.0,1
1,201177,Josh McRoberts,14.0,3.0,5.0,7.0,5.0,1.0,9.0,0.0,3.0,0.0,2.0,0.0,16.0,32:35,15.6,1
2,2744,Al Jefferson,32.0,15.0,28.0,3.0,2.0,0.0,12.0,1.0,7.0,0.0,2.0,1.0,9.0,37:56,25.7,1
3,201945,Gerald Henderson,12.0,3.0,7.0,6.0,6.0,0.0,1.0,0.0,7.0,0.0,2.0,1.0,14.0,32:03,11.7,1
4,202689,Kemba Walker,22.0,8.0,16.0,4.0,3.0,0.0,4.0,1.0,6.0,0.0,4.0,3.0,10.0,42:43,15.4,1
5,201196,Ramon Sessions,12.0,6.0,8.0,1.0,0.0,0.0,3.0,0.0,1.0,0.0,1.0,1.0,0.0,21:14,8.6,1
6,203469,Cody Zeller,1.0,0.0,3.0,2.0,1.0,2.0,2.0,1.0,1.0,0.0,2.0,1.0,-4.0,15:25,0.4,1
7,201229,Anthony Tolliver,5.0,1.0,4.0,2.0,2.0,0.0,1.0,0.0,0.0,1.0,0.0,0.0,4.0,28:03,3.6,1
8,202687,Bismack Biyombo,3.0,1.0,1.0,4.0,1.0,1.0,2.0,0.0,0.0,1.0,1.0,0.0,3.0,10:04,3.1,1
9,202399,Jeff Adrien,,,,,,,,,,,,,,,0.0,1
10,201604,Chris Douglas-Roberts,,,,,,,,,,,,,,,0.0,1
11,2732,Ben Gordon,,,,,,,,,,,,,,,0.0,1
12,2457,Jannero Pargo,,,,,,,,,,,,,,,0.0,1
13,2746,Josh Smith,12.0,5.0,17.0,6.0,2.0,3.0,8.0,0.0,1.0,0.0,3.0,2.0,-15.0,36:48,2.5,0
14,202328,Greg Monroe,18.0,8.0,16.0,4.0,2.0,1.0,9.0,0.0,1.0,1.0,4.0,2.0,-10.0,36:39,10.4,0
15,203083,Andre Drummond,16.0,8.0,15.0,2.0,0.0,11.0,11.0,1.0,1.0,2.0,5.0,1.0,-10.0,34:12,19.0,0
16,202713,Kyle Singler,13.0,5.0,9.0,0.0,0.0,0.0,2.0,3.0,3.0,0.0,5.0,1.0,-6.0,39:33,11.4,0
17,201943,Brandon Jennings,24.0,7.0,18.0,9.0,8.0,0.0,2.0,1.0,7.0,0.0,2.0,1.0,-15.0,38:33,18.5,0
18,201155,Rodney Stuckey,2.0,1.0,11.0,0.0,0.0,0.0,3.0,0.0,1.0,0.0,2.0,0.0,-3.0,17:29,-4.5,0
19,203484,Kentavious Caldwell-Pope,0.0,0.0,0.0,0.0,0.0,0.0,0.0,0.0,0.0,0.0,0.0,0.0,-2.0,10:20,0.0,0
20,201973,Jonas Jerebko,2.0,1.0,2.0,0.0,0.0,1.0,1.0,0.0,0.0,0.0,1.0,0.0,-1.0,6:21,1.6,0
21,101198,Will Bynum,9.0,4.0,10.0,2.0,1.0,0.0,0.0,1.0,6.0,0.0,2.0,0.0,2.0,20:05,7.6,0
22,203540,Gigi Datome,,,,,,,,,,,,,,,0.0,0
23,202725,Josh Harrellson,,,,,,,,,,,,,,,0.0,0
24,203502,Tony Mitchell,,,,,,,,,,,,,,,0.0,0
25,203491,Peyton Siva,,,,,,,,,,,,,,,0.0,0
