,id,name,PTS,FG,FGA,FTA,FT,OREB,DREB,STL,AST,BLK,PF,TO,PLUS_MINUS,MIN,GS,WIN
0,201587,Nicolas Batum,11.0,4.0,8.0,0.0,0.0,2.0,8.0,1.0,3.0,0.0,2.0,5.0,-2.0,40:03,8.1,0
1,2748,Dorell Wright,7.0,2.0,7.0,2.0,1.0,1.0,2.0,0.0,1.0,0.0,1.0,3.0,-7.0,18:53,1.1,0
2,201577,Robin Lopez,10.0,3.0,6.0,4.0,4.0,3.0,5.0,0.0,2.0,1.0,3.0,2.0,-6.0,33:06,9.5,0
3,202083,Wesley Matthews,15.0,6.0,15.0,0.0,0.0,0.0,2.0,0.0,0.0,0.0,2.0,2.0,1.0,36:10,4.7,0
4,203081,Damian Lillard,19.0,3.0,15.0,14.0,12.0,1.0,3.0,2.0,6.0,0.0,2.0,1.0,-12.0,40:18,14.9,0
5,2590,Mo Williams,17.0,5.0,12.0,5.0,5.0,0.0,4.0,2.0,2.0,0.0,1.0,0.0,4.0,32:04,14.8,0
6,203086,Meyers Leonard,0.0,0.0,2.0,0.0,0.0,0.0,5.0,1.0,2.0,0.0,4.0,0.0,4.0,14:54,0.9,0
7,203080,Thomas Robinson,8.0,3.0,5.0,2.0,2.0,3.0,3.0,0.0,1.0,0.0,2.0,2.0,7.0,14:58,6.6,0
8,203115,Will Barton,4.0,2.0,4.0,0.0,0.0,0.0,2.0,0.0,1.0,1.0,0.0,0.0,1.0,9:34,4.0,0
9,201964,Victor Claver,,,,,,,,,,,,,,,0.0,0
10,203459,Allen Crabbe,,,,,,,,,,,,,,,0.0,0
11,203468,CJ McCollum,,,,,,,,,,,,,,,0.0,0
12,2248,Earl Watson,,,,,,,,,,,,,,,0.0,0
13,2544,LeBron James,32.0,13.0,23.0,9.0,6.0,4.0,2.0,4.0,5.0,0.0,2.0,5.0,4.0,38:22,25.0,1
14,2547,Chris Bosh,15.0,5.0,10.0,6.0,3.0,0.0,8.0,4.0,0.0,1.0,2.0,0.0,5.0,31:58,15.1,1
15,201141,Greg Oden,4.0,2.0,4.0,2.0,0.0,0.0,3.0,1.0,0.0,0.0,4.0,1.0,8.0,15:13,0.5,1
16,201962,Toney Douglas,0.0,0.0,3.0,0.0,0.0,1.0,1.0,1.0,3.0,0.0,3.0,0.0,12.0,18:00,0.8,1
17,201596,Mario Chalmers,11.0,5.0,9.0,0.0,0.0,0.0,6.0,3.0,3.0,0.0,2.0,0.0,9.0,30:40,12.8,1
18,951,Ray Allen,8.0,3.0,10.0,0.0,0.0,0.0,3.0,0.0,3.0,0.0,2.0,0.0,-12.0,32:11,4.4,1
19,2365,Chris Andersen,13.0,4.0,8.0,6.0,5.0,5.0,6.0,1.0,0.0,2.0,5.0,1.0,-11.0,23:15,13.3,1
20,202708,Norris Cole,8.0,4.0,10.0,0.0,0.0,0.0,0.0,0.0,2.0,0.0,3.0,1.0,-3.0,27:14,1.8,1
21,2203,Shane Battier,0.0,0.0,2.0,0.0,0.0,3.0,1.0,0.0,0.0,0.0,0.0,1.0,-5.0,8:12,-0.0,1
22,201563,Michael Beasley,2.0,1.0,5.0,0.0,0.0,0.0,5.0,0.0,0.0,1.0,1.0,0.0,3.0,14:55,0.7,1
23,2617,Udonis Haslem,,,,,,,,,,,,,,,0.0,1
24,2592,James Jones,,,,,,,,,,,,,,,0.0,1
25,1740,Rashard Lewis,,,,,,,,,,,,,,,0.0,1
