,id,name,PTS,FG,FGA,FTA,FT,OREB,DREB,STL,AST,BLK,PF,TO,PLUS_MINUS,MIN,GS,WIN
0,2419,Tayshaun Prince,7.0,3.0,6.0,0.0,0.0,0.0,3.0,1.0,0.0,0.0,0.0,0.0,1.0,28:24,5.9,0
1,2216,Zach Randolph,14.0,6.0,16.0,3.0,2.0,2.0,6.0,0.0,2.0,0.0,4.0,3.0,-8.0,36:57,4.8,0
2,201188,Marc Gasol,8.0,3.0,11.0,2.0,2.0,1.0,8.0,3.0,5.0,4.0,2.0,3.0,0.0,39:41,10.1,0
3,201584,Courtney Lee,10.0,4.0,15.0,2.0,2.0,0.0,3.0,2.0,3.0,0.0,1.0,0.0,13.0,38:00,5.7,0
4,201979,Nick Calathes,17.0,7.0,9.0,2.0,1.0,0.0,5.0,1.0,6.0,0.0,5.0,6.0,2.0,39:12,11.8,0
5,201585,Kosta Koufos,6.0,3.0,5.0,0.0,0.0,2.0,3.0,0.0,0.0,1.0,4.0,1.0,-10.0,13:12,4.1,0
6,202721,Darius Morris,4.0,2.0,4.0,0.0,0.0,2.0,1.0,0.0,3.0,0.0,0.0,0.0,-6.0,14:15,5.8,0
7,201949,James Johnson,15.0,4.0,12.0,7.0,7.0,1.0,3.0,1.0,1.0,0.0,2.0,1.0,-11.0,24:19,9.7,0
8,2034,Mike Miller,0.0,0.0,4.0,0.0,0.0,0.0,2.0,0.0,2.0,0.0,1.0,0.0,-8.0,19:42,-1.2,0
9,202334,Ed Davis,2.0,1.0,4.0,0.0,0.0,1.0,3.0,0.0,0.0,1.0,1.0,0.0,-11.0,10:37,1.5,0
10,202720,Jon Leuer,0.0,0.0,0.0,0.0,0.0,0.0,0.0,0.0,0.0,0.0,1.0,0.0,-2.0,0:41,-0.4,0
11,2754,Tony Allen,,,,,,,,,,,,,,,0.0,0
12,203479,Jamaal Franklin,,,,,,,,,,,,,,,0.0,0
13,2736,Luol Deng,9.0,4.0,9.0,0.0,0.0,1.0,4.0,1.0,0.0,0.0,1.0,0.0,-5.0,32:14,6.8,1
14,202684,Tristan Thompson,4.0,2.0,8.0,2.0,0.0,0.0,3.0,1.0,2.0,1.0,5.0,1.0,1.0,29:09,-0.6,1
15,2760,Anderson Varejao,4.0,2.0,6.0,2.0,0.0,2.0,12.0,0.0,5.0,1.0,1.0,1.0,1.0,43:23,7.6,1
16,202681,Kyrie Irving,28.0,9.0,17.0,8.0,6.0,1.0,4.0,1.0,6.0,1.0,3.0,5.0,-4.0,40:22,20.5,1
17,101127,Jarrett Jack,2.0,1.0,4.0,0.0,0.0,0.0,3.0,0.0,1.0,0.0,0.0,1.0,-10.0,14:43,0.2,1
18,203461,Anthony Bennett,2.0,1.0,4.0,0.0,0.0,1.0,1.0,0.0,1.0,0.0,2.0,1.0,6.0,6:04,-0.5,1
19,203079,Dion Waiters,18.0,7.0,21.0,3.0,3.0,2.0,5.0,2.0,6.0,0.0,1.0,2.0,18.0,38:17,12.8,1
20,101139,CJ Miles,14.0,5.0,11.0,1.0,1.0,0.0,1.0,1.0,0.0,1.0,2.0,2.0,4.0,23:48,7.5,1
21,203092,Tyler Zeller,5.0,2.0,6.0,2.0,1.0,3.0,5.0,0.0,0.0,0.0,5.0,0.0,17.0,24:22,2.8,1
22,203521,Matthew Dellavedova,5.0,2.0,2.0,0.0,0.0,0.0,0.0,0.0,3.0,1.0,0.0,0.0,12.0,12:38,7.2,1
23,201947,Earl Clark,,,,,,,,,,,,,,,0.0,1
24,202087,Alonzo Gee,,,,,,,,,,,,,,,0.0,1
25,203156,Henry Sims,,,,,,,,,,,,,,,0.0,1
