,id,name,PTS,FG,FGA,FTA,FT,OREB,DREB,STL,AST,BLK,PF,TO,PLUS_MINUS,MIN,GS,WIN
0,1890,Shawn Marion,15.0,6.0,14.0,0.0,0.0,2.0,10.0,2.0,2.0,0.0,2.0,1.0,-6.0,35:04,13.6,0
1,1717,Dirk Nowitzki,16.0,6.0,13.0,3.0,3.0,1.0,2.0,0.0,1.0,0.0,4.0,1.0,-6.0,31:18,8.7,0
2,2223,Samuel Dalembert,8.0,1.0,2.0,6.0,6.0,1.0,3.0,1.0,0.0,2.0,3.0,0.0,-3.0,21:34,9.8,0
3,101145,Monta Ellis,12.0,6.0,15.0,0.0,0.0,0.0,3.0,2.0,4.0,1.0,2.0,7.0,-5.0,37:06,2.5,0
4,101181,Jose Calderon,16.0,5.0,11.0,2.0,2.0,0.0,0.0,0.0,3.0,0.0,2.0,1.0,8.0,25:32,10.6,0
5,1713,Vince Carter,9.0,3.0,10.0,2.0,2.0,1.0,2.0,2.0,4.0,0.0,2.0,1.0,4.0,31:06,7.5,0
6,201971,DeJuan Blair,9.0,1.0,3.0,8.0,7.0,5.0,13.0,0.0,1.0,0.0,4.0,3.0,2.0,26:22,10.4,0
7,203109,Jae Crowder,2.0,1.0,4.0,0.0,0.0,0.0,1.0,1.0,1.0,1.0,0.0,0.0,1.0,17:33,2.3,0
8,203499,Shane Larkin,0.0,0.0,4.0,0.0,0.0,0.0,0.0,1.0,1.0,0.0,1.0,4.0,3.0,8:51,-5.5,0
9,201961,Wayne Ellington,0.0,0.0,0.0,0.0,0.0,0.0,0.0,0.0,0.0,0.0,0.0,0.0,0.0,1:36,0.0,0
10,203539,Gal Mekel,0.0,0.0,1.0,0.0,0.0,0.0,0.0,0.0,0.0,0.0,1.0,0.0,-3.0,3:58,-1.1,0
11,203108,Bernard James,,,,,,,,,,,,,,,0.0,0
12,203495,Ricky Ledo,,,,,,,,,,,,,,,0.0,0
13,201960,DeMarre Carroll,9.0,2.0,7.0,5.0,5.0,3.0,7.0,2.0,2.0,1.0,2.0,2.0,1.0,34:28,10.4,1
14,200794,Paul Millsap,15.0,6.0,14.0,2.0,2.0,1.0,5.0,3.0,4.0,0.0,3.0,2.0,7.0,38:34,12.4,1
15,201143,Al Horford,17.0,7.0,13.0,4.0,3.0,4.0,8.0,1.0,2.0,1.0,4.0,6.0,4.0,37:28,11.0,1
16,101150,Lou Williams,12.0,4.0,8.0,4.0,3.0,0.0,2.0,0.0,2.0,1.0,0.0,1.0,-6.0,24:48,9.3,1
17,201952,Jeff Teague,25.0,8.0,14.0,11.0,9.0,0.0,1.0,2.0,6.0,0.0,1.0,1.0,11.0,34:57,22.7,1
18,201858,Cartier Martin,3.0,1.0,5.0,0.0,0.0,0.0,4.0,0.0,1.0,0.0,2.0,2.0,2.0,21:47,-1.0,1
19,202970,Gustavo Ayon,0.0,0.0,1.0,0.0,0.0,0.0,0.0,0.0,0.0,1.0,0.0,0.0,-7.0,3:38,0.0,1
20,203098,John Jenkins,0.0,0.0,2.0,0.0,0.0,0.0,2.0,0.0,2.0,0.0,0.0,0.0,-7.0,6:54,0.6,1
21,202714,Shelvin Mack,3.0,1.0,4.0,2.0,1.0,0.0,1.0,1.0,0.0,0.0,2.0,0.0,2.0,21:06,0.7,1
22,203118,Mike Scott,2.0,1.0,2.0,2.0,0.0,0.0,0.0,1.0,0.0,0.0,1.0,0.0,-9.0,5:28,0.8,1
23,1882,Elton Brand,2.0,1.0,3.0,0.0,0.0,1.0,4.0,0.0,0.0,0.0,1.0,2.0,7.0,10:52,-0.2,1
24,203544,Pero Antic,,,,,,,,,,,,,,,0.0,1
25,203471,Dennis Schroder,,,,,,,,,,,,,,,0.0,1
