,id,name,PTS,FG,FGA,FTA,FT,OREB,DREB,STL,AST,BLK,PF,TO,PLUS_MINUS,MIN,GS,WIN
0,203527,Ryan Kelly,5.0,2.0,2.0,0.0,0.0,0.0,1.0,0.0,2.0,0.0,4.0,1.0,-6.0,20:52,3.5,0
1,201156,Nick Young,13.0,5.0,11.0,4.0,3.0,1.0,2.0,0.0,2.0,0.0,4.0,3.0,-11.0,34:24,5.0,0
2,2200,Pau Gasol,20.0,8.0,15.0,6.0,4.0,2.0,11.0,0.0,4.0,2.0,0.0,1.0,-9.0,38:40,19.8,0
3,203088,Kendall Marshall,12.0,5.0,11.0,0.0,0.0,1.0,1.0,0.0,5.0,0.0,1.0,1.0,-15.0,37:36,9.4,0
4,201975,Jodie Meeks,24.0,8.0,13.0,2.0,2.0,0.0,3.0,2.0,1.0,0.0,2.0,2.0,-8.0,43:20,18.9,0
5,202325,Wesley Johnson,6.0,3.0,8.0,0.0,0.0,1.0,4.0,1.0,1.0,0.0,2.0,0.0,2.0,23:06,4.4,0
6,202412,Manny Harris,18.0,6.0,9.0,4.0,4.0,0.0,0.0,2.0,0.0,1.0,2.0,1.0,4.0,19:21,15.0,0
7,201941,Jordan Hill,5.0,2.0,3.0,2.0,1.0,0.0,6.0,1.0,1.0,0.0,4.0,2.0,6.0,17:07,3.2,0
8,203135,Robert Sacre,0.0,0.0,3.0,0.0,0.0,0.0,2.0,0.0,0.0,0.0,1.0,0.0,2.0,5:36,-1.9,0
9,2581,Steve Blake,,,,,,,,,,,,,,,0.0,0
10,200770,Jordan Farmar,,,,,,,,,,,,,,,0.0,0
11,202333,Xavier Henry,,,,,,,,,,,,,,,0.0,0
12,2549,Chris Kaman,,,,,,,,,,,,,,,0.0,0
13,2546,Carmelo Anthony,35.0,14.0,31.0,6.0,5.0,1.0,3.0,0.0,5.0,1.0,2.0,2.0,8.0,40:13,21.5,1
14,202697,Iman Shumpert,5.0,2.0,7.0,0.0,0.0,1.0,3.0,1.0,2.0,0.0,2.0,3.0,10.0,26:36,1.1,1
15,2199,Tyson Chandler,13.0,5.0,11.0,3.0,3.0,6.0,8.0,1.0,0.0,1.0,4.0,1.0,11.0,30:19,13.0,1
16,101109,Raymond Felton,20.0,8.0,10.0,2.0,2.0,1.0,1.0,1.0,5.0,1.0,2.0,1.0,11.0,35:57,20.6,1
17,203143,Pablo Prigioni,0.0,0.0,3.0,0.0,0.0,1.0,1.0,0.0,4.0,0.0,4.0,1.0,-3.0,21:50,-0.9,1
18,2747,JR Smith,16.0,6.0,12.0,4.0,2.0,0.0,6.0,0.0,4.0,0.0,2.0,1.0,6.0,38:13,12.0,1
19,202332,Cole Aldrich,2.0,1.0,2.0,0.0,0.0,1.0,3.0,0.0,1.0,3.0,0.0,0.0,-5.0,12:28,5.4,1
20,203501,Tim Hardaway Jr.,18.0,7.0,12.0,1.0,0.0,2.0,2.0,1.0,0.0,0.0,1.0,1.0,-1.0,25:36,13.6,1
21,202719,Jeremy Tyler,1.0,0.0,2.0,2.0,1.0,3.0,2.0,0.0,0.0,0.0,2.0,1.0,-2.0,8:48,0.1,1
22,203315,Toure' Murry,,,,,,,,,,,,,,,0.0,1
23,2405,Amar'e Stoudemire,,,,,,,,,,,,,,,0.0,1
24,2757,Beno Udrih,,,,,,,,,,,,,,,0.0,1
25,1897,Metta World Peace,,,,,,,,,,,,,,,0.0,1
