,id,name,PTS,FG,FGA,FTA,FT,OREB,DREB,STL,AST,BLK,PF,TO,PLUS_MINUS,MIN,GS,WIN
0,203114,Khris Middleton,19.0,7.0,14.0,2.0,2.0,2.0,4.0,3.0,3.0,0.0,4.0,1.0,2.0,40:46,17.1,0
1,2406,Caron Butler,11.0,3.0,11.0,4.0,4.0,0.0,4.0,1.0,3.0,0.0,3.0,2.0,7.0,29:50,5.6,0
2,203545,Miroslav Raduljica,8.0,3.0,3.0,2.0,2.0,0.0,4.0,0.0,0.0,1.0,3.0,1.0,13.0,19:14,6.8,0
3,203507,Giannis Antetokounmpo,12.0,4.0,8.0,2.0,2.0,2.0,4.0,0.0,2.0,0.0,1.0,0.0,3.0,35:42,11.6,0
4,202688,Brandon Knight,26.0,11.0,23.0,2.0,2.0,1.0,7.0,0.0,14.0,0.0,3.0,2.0,7.0,37:41,23.7,0
5,203089,John Henson,14.0,6.0,14.0,3.0,2.0,3.0,6.0,0.0,1.0,6.0,3.0,1.0,-16.0,35:11,12.8,0
6,201564,O.J. Mayo,14.0,5.0,13.0,2.0,2.0,2.0,7.0,2.0,2.0,1.0,1.0,4.0,-3.0,25:01,10.1,0
7,202327,Ekpe Udoh,2.0,1.0,4.0,0.0,0.0,2.0,2.0,1.0,2.0,0.0,2.0,1.0,-9.0,14:22,2.2,0
8,203489,Nate Wolters,4.0,2.0,5.0,0.0,0.0,0.0,0.0,1.0,1.0,0.0,1.0,0.0,-8.0,15:19,2.6,0
9,2557,Luke Ridnour,0.0,0.0,2.0,0.0,0.0,0.0,1.0,0.0,1.0,0.0,2.0,0.0,-1.0,11:54,-1.2,0
10,101141,Ersan Ilyasova,,,,,,,,,,,,,,,0.0,0
11,202390,Gary Neal,,,,,,,,,,,,,,,0.0,0
12,2585,Zaza Pachulia,,,,,,,,,,,,,,,0.0,0
13,201229,Anthony Tolliver,12.0,4.0,4.0,0.0,0.0,0.0,3.0,0.0,1.0,1.0,1.0,1.0,1.0,33:33,11.7,1
14,201177,Josh McRoberts,9.0,3.0,8.0,2.0,1.0,1.0,2.0,0.0,2.0,0.0,5.0,0.0,-2.0,30:57,4.9,1
15,2744,Al Jefferson,26.0,12.0,23.0,3.0,2.0,2.0,7.0,0.0,1.0,1.0,3.0,0.0,-8.0,39:14,18.0,1
16,201945,Gerald Henderson,8.0,2.0,10.0,4.0,4.0,0.0,4.0,0.0,6.0,0.0,1.0,0.0,-4.0,37:19,6.8,1
17,202689,Kemba Walker,25.0,10.0,22.0,5.0,3.0,0.0,9.0,0.0,10.0,0.0,3.0,3.0,2.0,38:31,18.3,1
18,203469,Cody Zeller,12.0,6.0,12.0,0.0,0.0,3.0,4.0,0.0,4.0,2.0,2.0,1.0,3.0,22:03,11.7,1
19,201196,Ramon Sessions,8.0,2.0,9.0,4.0,4.0,2.0,0.0,1.0,3.0,0.0,1.0,0.0,1.0,15:56,6.6,1
20,202687,Bismack Biyombo,4.0,2.0,5.0,0.0,0.0,1.0,3.0,0.0,0.0,1.0,0.0,0.0,9.0,13:46,3.6,1
21,201604,Chris Douglas-Roberts,1.0,0.0,2.0,2.0,1.0,0.0,0.0,0.0,2.0,2.0,0.0,0.0,0.0,19:27,2.0,1
22,2732,Ben Gordon,6.0,2.0,4.0,0.0,0.0,0.0,2.0,1.0,1.0,0.0,1.0,3.0,3.0,14:14,2.9,1
23,202399,Jeff Adrien,,,,,,,,,,,,,,,0.0,1
24,2457,Jannero Pargo,,,,,,,,,,,,,,,0.0,1
25,203106,Jeffery Taylor,,,,,,,,,,,,,,,0.0,1
