,id,name,PTS,FG,FGA,FTA,FT,OREB,DREB,STL,AST,BLK,PF,TO,PLUS_MINUS,MIN,GS,WIN
0,2544,LeBron James,35.0,13.0,20.0,8.0,8.0,2.0,6.0,0.0,8.0,1.0,2.0,1.0,3.0,36:01,33.9,1
1,2203,Shane Battier,8.0,3.0,4.0,0.0,0.0,0.0,2.0,1.0,2.0,1.0,4.0,0.0,-3.0,19:37,8.5,1
2,2617,Udonis Haslem,0.0,0.0,4.0,0.0,0.0,4.0,1.0,0.0,0.0,0.0,3.0,0.0,-2.0,21:47,-0.9,1
3,2548,Dwyane Wade,20.0,9.0,19.0,2.0,2.0,1.0,5.0,2.0,5.0,0.0,1.0,2.0,1.0,33:31,15.6,1
4,201596,Mario Chalmers,5.0,2.0,6.0,0.0,0.0,2.0,2.0,2.0,7.0,0.0,3.0,2.0,3.0,27:52,7.3,1
5,951,Ray Allen,14.0,5.0,11.0,1.0,1.0,0.0,4.0,1.0,2.0,0.0,3.0,2.0,21.0,29:34,8.7,1
6,2365,Chris Andersen,6.0,3.0,4.0,0.0,0.0,1.0,2.0,0.0,0.0,0.0,4.0,2.0,10.0,17:19,2.1,1
7,1740,Rashard Lewis,4.0,1.0,4.0,2.0,1.0,0.0,1.0,0.0,5.0,0.0,3.0,1.0,7.0,21:18,2.8,1
8,202708,Norris Cole,6.0,3.0,7.0,1.0,0.0,0.0,3.0,1.0,2.0,0.0,1.0,0.0,6.0,20:08,4.8,1
9,201202,Joel Anthony,0.0,0.0,0.0,0.0,0.0,0.0,2.0,0.0,0.0,1.0,2.0,0.0,1.0,8:54,0.5,1
10,201563,Michael Beasley,6.0,2.0,4.0,0.0,0.0,0.0,0.0,0.0,0.0,1.0,1.0,1.0,-2.0,3:59,3.3,1
11,2592,James Jones,,,,,,,,,,,,,,,0.0,1
12,2427,Roger Mason Jr.,,,,,,,,,,,,,,,0.0,1
13,200752,Rudy Gay,13.0,3.0,10.0,7.0,6.0,3.0,7.0,1.0,2.0,0.0,4.0,4.0,-4.0,33:34,7.8,0
14,101161,Amir Johnson,6.0,3.0,7.0,0.0,0.0,1.0,5.0,0.0,2.0,0.0,2.0,2.0,7.0,23:42,3.1,0
15,202685,Jonas Valanciunas,18.0,7.0,13.0,6.0,4.0,4.0,5.0,0.0,0.0,1.0,3.0,0.0,-9.0,27:10,14.7,0
16,201942,DeMar DeRozan,21.0,8.0,15.0,5.0,5.0,0.0,0.0,1.0,3.0,0.0,3.0,2.0,-7.0,39:46,13.6,0
17,200768,Kyle Lowry,13.0,4.0,11.0,3.0,3.0,2.0,1.0,1.0,5.0,0.0,4.0,1.0,0.0,35:27,10.5,0
18,202361,Landry Fields,5.0,2.0,6.0,3.0,1.0,2.0,1.0,0.0,1.0,0.0,2.0,1.0,-18.0,28:18,1.4,0
19,201571,D.J. Augustin,0.0,0.0,0.0,0.0,0.0,0.0,0.0,0.0,0.0,0.0,2.0,3.0,-9.0,12:33,-3.8,0
20,201946,Tyler Hansbrough,8.0,1.0,2.0,7.0,6.0,1.0,6.0,0.0,0.0,0.0,1.0,1.0,-2.0,15:33,7.7,0
21,203082,Terrence Ross,11.0,3.0,8.0,2.0,2.0,0.0,2.0,1.0,2.0,0.0,0.0,1.0,-3.0,23:57,8.6,0
22,203112,Quincy Acy,,,,,,,,,,,,,,,0.0,0
23,201948,Austin Daye,,,,,,,,,,,,,,,0.0,0
24,201189,Aaron Gray,,,,,,,,,,,,,,,0.0,0
25,202933,Julyan Stone,,,,,,,,,,,,,,,0.0,0
