,id,name,PTS,FG,FGA,FTA,FT,OREB,DREB,STL,AST,BLK,PF,TO,PLUS_MINUS,MIN,GS,WIN
0,203145,Kent Bazemore,14.0,4.0,9.0,8.0,4.0,0.0,2.0,1.0,4.0,0.0,3.0,4.0,-5.0,38:57,6.9,0
1,202325,Wesley Johnson,18.0,7.0,14.0,0.0,0.0,1.0,4.0,0.0,2.0,4.0,3.0,1.0,1.0,37:50,14.9,0
2,2200,Pau Gasol,17.0,7.0,14.0,4.0,3.0,1.0,9.0,0.0,3.0,1.0,2.0,1.0,4.0,35:03,14.0,0
3,201975,Jodie Meeks,19.0,7.0,10.0,4.0,3.0,0.0,4.0,1.0,0.0,0.0,1.0,2.0,0.0,36:59,14.2,0
4,203088,Kendall Marshall,0.0,0.0,6.0,0.0,0.0,1.0,4.0,0.0,8.0,0.0,0.0,2.0,-7.0,24:07,1.3,0
5,200770,Jordan Farmar,16.0,6.0,12.0,0.0,0.0,0.0,1.0,2.0,3.0,1.0,1.0,3.0,2.0,23:53,11.7,0
6,202705,MarShon Brooks,14.0,5.0,6.0,2.0,2.0,1.0,1.0,1.0,3.0,0.0,2.0,0.0,-5.0,20:04,15.1,0
7,201941,Jordan Hill,0.0,0.0,3.0,0.0,0.0,0.0,1.0,0.0,1.0,0.0,2.0,1.0,-6.0,6:15,-2.9,0
8,203527,Ryan Kelly,3.0,1.0,1.0,0.0,0.0,0.0,0.0,0.0,0.0,3.0,1.0,0.0,-6.0,10:10,4.4,0
9,203135,Robert Sacre,2.0,1.0,2.0,0.0,0.0,1.0,3.0,0.0,0.0,1.0,0.0,1.0,-3.0,6:42,2.3,0
10,2549,Chris Kaman,,,,,,,,,,,,,,,0.0,0
11,959,Steve Nash,,,,,,,,,,,,,,,0.0,0
12,201156,Nick Young,,,,,,,,,,,,,,,0.0,0
13,2419,Tayshaun Prince,7.0,3.0,8.0,2.0,1.0,1.0,3.0,2.0,2.0,0.0,2.0,0.0,3.0,22:36,6.4,1
14,2216,Zach Randolph,13.0,6.0,14.0,2.0,1.0,3.0,4.0,1.0,3.0,0.0,1.0,2.0,10.0,28:14,9.2,1
15,201188,Marc Gasol,14.0,6.0,10.0,3.0,2.0,3.0,9.0,1.0,5.0,2.0,3.0,1.0,-2.0,31:43,17.5,1
16,201584,Courtney Lee,18.0,6.0,10.0,5.0,4.0,0.0,2.0,0.0,5.0,0.0,0.0,0.0,-4.0,27:57,17.1,1
17,201144,Mike Conley,7.0,3.0,11.0,0.0,0.0,0.0,1.0,2.0,3.0,1.0,3.0,3.0,-6.0,25:43,1.4,1
18,201949,James Johnson,14.0,4.0,8.0,8.0,6.0,1.0,3.0,1.0,3.0,1.0,3.0,2.0,-6.0,21:49,11.4,1
19,201979,Nick Calathes,6.0,3.0,8.0,1.0,0.0,0.0,2.0,1.0,5.0,0.0,0.0,1.0,11.0,22:17,5.3,1
20,2754,Tony Allen,17.0,8.0,13.0,0.0,0.0,0.0,6.0,0.0,0.0,0.0,3.0,1.0,2.0,25:24,10.7,1
21,2034,Mike Miller,6.0,3.0,5.0,0.0,0.0,1.0,1.0,0.0,1.0,1.0,1.0,1.0,7.0,20:41,4.7,1
22,201585,Kosta Koufos,6.0,3.0,5.0,0.0,0.0,4.0,1.0,0.0,1.0,0.0,2.0,1.0,10.0,13:36,5.7,1
23,202334,Ed Davis,,,,,,,,,,,,,,,0.0,1
24,202720,Jon Leuer,,,,,,,,,,,,,,,0.0,1
