,id,name,PTS,FG,FGA,FTA,FT,OREB,DREB,STL,AST,BLK,PF,TO,PLUS_MINUS,MIN,GS,WIN
0,2544,LeBron James,33.0,15.0,22.0,5.0,2.0,1.0,6.0,4.0,3.0,0.0,1.0,8.0,9.0,33:24,22.6,1
1,2203,Shane Battier,2.0,1.0,8.0,0.0,0.0,2.0,2.0,2.0,0.0,0.0,3.0,0.0,23.0,31:55,-0.4,1
2,2547,Chris Bosh,24.0,6.0,9.0,12.0,11.0,0.0,8.0,3.0,3.0,1.0,3.0,3.0,32.0,38:43,23.7,1
3,2548,Dwyane Wade,24.0,11.0,17.0,2.0,2.0,2.0,5.0,3.0,10.0,0.0,3.0,3.0,29.0,36:35,25.2,1
4,201596,Mario Chalmers,9.0,4.0,7.0,1.0,0.0,0.0,2.0,2.0,3.0,0.0,4.0,2.0,28.0,32:44,6.4,1
5,951,Ray Allen,6.0,2.0,6.0,1.0,1.0,0.0,3.0,1.0,1.0,0.0,0.0,1.0,3.0,24:40,4.2,1
6,2365,Chris Andersen,0.0,0.0,0.0,0.0,0.0,2.0,6.0,0.0,1.0,2.0,3.0,1.0,-8.0,20:34,3.1,1
7,202708,Norris Cole,5.0,2.0,6.0,0.0,0.0,1.0,1.0,0.0,3.0,0.0,3.0,0.0,-6.0,21:25,3.5,1
8,201563,Michael Beasley,,,,,,,,,,,,,,,0.0,1
9,201962,Toney Douglas,,,,,,,,,,,,,,,0.0,1
10,2617,Udonis Haslem,,,,,,,,,,,,,,,0.0,1
11,1740,Rashard Lewis,,,,,,,,,,,,,,,0.0,1
12,201141,Greg Oden,,,,,,,,,,,,,,,0.0,1
13,201142,Kevin Durant,28.0,10.0,22.0,10.0,7.0,1.0,7.0,2.0,3.0,0.0,3.0,5.0,-10.0,39:24,16.1,0
14,201586,Serge Ibaka,14.0,5.0,11.0,6.0,4.0,5.0,3.0,0.0,1.0,1.0,4.0,2.0,-15.0,35:06,9.7,0
15,2570,Kendrick Perkins,0.0,0.0,0.0,0.0,0.0,0.0,1.0,0.0,0.0,0.0,2.0,1.0,-12.0,7:31,-1.5,0
16,200757,Thabo Sefolosha,2.0,1.0,3.0,0.0,0.0,0.0,3.0,1.0,0.0,0.0,3.0,1.0,-24.0,25:35,0.0,0
17,201566,Russell Westbrook,14.0,3.0,11.0,10.0,8.0,3.0,2.0,3.0,2.0,0.0,1.0,4.0,-10.0,23:53,9.4,0
18,202704,Reggie Jackson,11.0,4.0,9.0,3.0,3.0,0.0,3.0,2.0,5.0,1.0,2.0,3.0,-2.0,36:35,9.6,0
19,203087,Jeremy Lamb,2.0,1.0,9.0,0.0,0.0,0.0,1.0,2.0,2.0,0.0,2.0,2.0,-13.0,20:36,-3.0,0
20,965,Derek Fisher,2.0,1.0,3.0,0.0,0.0,1.0,0.0,1.0,0.0,0.0,4.0,0.0,-7.0,15:07,0.4,0
21,2555,Nick Collison,0.0,0.0,1.0,0.0,0.0,0.0,3.0,0.0,1.0,0.0,0.0,0.0,-3.0,11:00,0.9,0
22,203103,Perry Jones III,8.0,3.0,5.0,1.0,1.0,1.0,4.0,0.0,1.0,0.0,3.0,2.0,-6.0,21:25,5.1,0
23,203500,Steven Adams,0.0,0.0,0.0,0.0,0.0,0.0,0.0,0.0,0.0,0.0,0.0,0.0,-4.0,1:54,0.0,0
24,203460,Andre Roberson,0.0,0.0,0.0,0.0,0.0,0.0,0.0,0.0,0.0,0.0,0.0,0.0,-4.0,1:54,0.0,0
25,201934,Hasheem Thabeet,,,,,,,,,,,,,,,0.0,0
