,id,name,PTS,FG,FGA,FTA,FT,OREB,DREB,STL,AST,BLK,PF,TO,PLUS_MINUS,MIN,GS,WIN
0,2399,Mike Dunleavy,11.0,4.0,12.0,0.0,0.0,0.0,2.0,0.0,6.0,0.0,2.0,1.0,-8.0,35:46,7.2,0
1,2430,Carlos Boozer,10.0,2.0,7.0,8.0,6.0,2.0,7.0,1.0,2.0,0.0,2.0,0.0,-19.0,26:51,10.2,0
2,201149,Joakim Noah,23.0,8.0,17.0,8.0,7.0,4.0,8.0,2.0,3.0,1.0,1.0,4.0,-11.0,29:16,19.5,0
3,202710,Jimmy Butler,3.0,0.0,2.0,7.0,3.0,0.0,0.0,1.0,0.0,1.0,1.0,1.0,-13.0,16:40,0.3,0
4,201571,D.J. Augustin,15.0,5.0,10.0,2.0,2.0,0.0,0.0,1.0,5.0,0.0,4.0,5.0,-16.0,35:59,7.9,0
5,203503,Tony Snell,10.0,4.0,15.0,0.0,0.0,2.0,6.0,1.0,1.0,1.0,1.0,1.0,-6.0,41:09,5.3,0
6,201959,Taj Gibson,16.0,5.0,9.0,8.0,6.0,2.0,4.0,2.0,3.0,2.0,3.0,2.0,0.0,30:24,15.8,0
7,203104,Marquis Teague,3.0,0.0,2.0,4.0,3.0,0.0,1.0,0.0,0.0,0.0,2.0,2.0,4.0,12:01,-1.3,0
8,1737,Nazr Mohammed,4.0,1.0,3.0,2.0,2.0,1.0,1.0,0.0,0.0,1.0,0.0,0.0,6.0,9:29,4.0,0
9,203513,Erik Murphy,0.0,0.0,0.0,0.0,0.0,0.0,0.0,0.0,0.0,0.0,0.0,0.0,3.0,2:25,0.0,0
10,2736,Luol Deng,,,,,,,,,,,,,,,0.0,0
11,2550,Kirk Hinrich,,,,,,,,,,,,,,,0.0,0
12,201142,Kevin Durant,32.0,13.0,20.0,2.0,2.0,0.0,9.0,3.0,6.0,1.0,2.0,1.0,17.0,33:18,32.0,1
13,201586,Serge Ibaka,5.0,2.0,4.0,0.0,0.0,1.0,2.0,0.0,1.0,3.0,5.0,1.0,10.0,20:54,4.1,1
14,2570,Kendrick Perkins,0.0,0.0,0.0,0.0,0.0,0.0,4.0,1.0,1.0,0.0,4.0,1.0,5.0,20:47,0.3,1
15,200757,Thabo Sefolosha,10.0,4.0,11.0,2.0,1.0,1.0,4.0,2.0,4.0,1.0,0.0,0.0,11.0,22:22,10.9,1
16,201566,Russell Westbrook,20.0,7.0,12.0,7.0,6.0,0.0,2.0,1.0,10.0,0.0,4.0,5.0,8.0,27:52,16.0,1
17,2555,Nick Collison,9.0,4.0,6.0,1.0,1.0,1.0,2.0,0.0,0.0,0.0,2.0,0.0,10.0,19:50,6.9,1
18,203500,Steven Adams,4.0,1.0,4.0,2.0,2.0,3.0,4.0,4.0,0.0,2.0,5.0,2.0,7.0,27:13,6.3,1
19,203087,Jeremy Lamb,7.0,3.0,11.0,0.0,0.0,1.0,1.0,1.0,2.0,0.0,3.0,0.0,-5.0,23:02,2.7,1
20,202704,Reggie Jackson,18.0,8.0,12.0,0.0,0.0,0.0,5.0,0.0,2.0,0.0,1.0,6.0,5.0,27:35,9.3,1
21,965,Derek Fisher,0.0,0.0,3.0,0.0,0.0,1.0,1.0,0.0,0.0,0.0,1.0,0.0,2.0,11:36,-1.5,1
22,203103,Perry Jones III,0.0,0.0,0.0,0.0,0.0,0.0,0.0,0.0,0.0,0.0,0.0,0.0,-7.0,3:06,0.0,1
23,203460,Andre Roberson,2.0,1.0,1.0,0.0,0.0,0.0,1.0,0.0,0.0,0.0,0.0,0.0,-3.0,2:25,2.0,1
24,201934,Hasheem Thabeet,,,,,,,,,,,,,,,0.0,1
