,id,name,PTS,FG,FGA,FTA,FT,OREB,DREB,STL,AST,BLK,PF,TO,PLUS_MINUS,MIN,GS,WIN
0,2210,Richard Jefferson,3.0,1.0,3.0,0.0,0.0,0.0,3.0,1.0,1.0,0.0,2.0,0.0,-3.0,14:32,3.1,1
1,101107,Marvin Williams,5.0,2.0,7.0,0.0,0.0,1.0,5.0,2.0,0.0,1.0,3.0,3.0,10.0,28:46,1.6,1
2,202324,Derrick Favors,14.0,5.0,16.0,5.0,4.0,4.0,7.0,1.0,0.0,5.0,5.0,1.0,17.0,36:31,10.8,1
3,202330,Gordon Hayward,15.0,6.0,15.0,3.0,2.0,1.0,5.0,0.0,7.0,1.0,2.0,2.0,14.0,37:16,11.5,1
4,203504,Trey Burke,30.0,12.0,20.0,2.0,2.0,1.0,6.0,1.0,8.0,0.0,0.0,2.0,21.0,40:28,27.9,1
5,202692,Alec Burks,13.0,4.0,9.0,5.0,4.0,2.0,4.0,0.0,2.0,1.0,3.0,4.0,9.0,33:31,7.4,1
6,202683,Enes Kanter,2.0,1.0,6.0,0.0,0.0,1.0,2.0,0.0,0.0,2.0,1.0,3.0,-9.0,16:23,-2.5,1
7,201575,Brandon Rush,0.0,0.0,1.0,0.0,0.0,0.0,0.0,0.0,1.0,0.0,0.0,1.0,-10.0,10:44,-1.0,1
8,202379,Jeremy Evans,4.0,2.0,5.0,0.0,0.0,0.0,4.0,0.0,0.0,0.0,0.0,0.0,-12.0,14:17,2.5,1
9,203197,Diante Garrett,0.0,0.0,0.0,0.0,0.0,1.0,0.0,0.0,0.0,0.0,1.0,0.0,-17.0,7:32,0.3,1
10,2740,Andris Biedrins,,,,,,,,,,,,,,,0.0,1
11,200839,Mike Harris,,,,,,,,,,,,,,,0.0,1
12,101249,John Lucas III,,,,,,,,,,,,,,,0.0,1
13,202699,Tobias Harris,14.0,5.0,14.0,4.0,3.0,1.0,9.0,0.0,1.0,0.0,3.0,1.0,-6.0,34:14,7.7,0
14,201175,Glen Davis,12.0,5.0,9.0,2.0,2.0,2.0,2.0,0.0,0.0,1.0,2.0,2.0,4.0,29:14,7.6,0
15,202696,Nikola Vucevic,14.0,5.0,18.0,4.0,4.0,5.0,9.0,3.0,1.0,2.0,2.0,0.0,-1.0,33:32,13.9,0
16,203506,Victor Oladipo,3.0,1.0,12.0,0.0,0.0,2.0,3.0,1.0,2.0,1.0,2.0,2.0,-21.0,36:13,-2.4,0
17,2749,Jameer Nelson,17.0,5.0,12.0,4.0,4.0,1.0,4.0,0.0,4.0,0.0,4.0,4.0,15.0,33:12,9.7,0
18,202734,E'Twaun Moore,10.0,4.0,8.0,0.0,0.0,1.0,2.0,2.0,2.0,1.0,0.0,0.0,6.0,21:39,11.4,0
19,203124,Kyle O'Quinn,4.0,1.0,1.0,2.0,2.0,0.0,3.0,0.0,0.0,0.0,1.0,1.0,-4.0,16:02,3.2,0
20,203094,Andrew Nicholson,6.0,2.0,8.0,2.0,2.0,1.0,2.0,0.0,2.0,0.0,3.0,0.0,-3.0,17:09,2.7,0
21,203090,Maurice Harkless,2.0,0.0,3.0,2.0,2.0,0.0,1.0,1.0,0.0,1.0,0.0,0.0,5.0,12:50,1.9,0
22,101179,Ronnie Price,0.0,0.0,1.0,0.0,0.0,0.0,0.0,0.0,0.0,0.0,1.0,0.0,-15.0,5:55,-1.1,0
23,200780,Solomon Jones,,,,,,,,,,,,,,,0.0,0
24,203117,Doron Lamb,,,,,,,,,,,,,,,0.0,0
25,101131,Jason Maxiell,,,,,,,,,,,,,,,0.0,0
