,id,name,PTS,FG,FGA,FTA,FT,OREB,DREB,STL,AST,BLK,PF,TO,PLUS_MINUS,MIN,GS,WIN
0,203527,Ryan Kelly,6.0,2.0,8.0,2.0,2.0,0.0,6.0,1.0,2.0,1.0,3.0,0.0,-18.0,33:14,4.9,0
1,202325,Wesley Johnson,9.0,4.0,10.0,2.0,1.0,0.0,2.0,1.0,2.0,1.0,1.0,3.0,-29.0,33:13,3.5,0
2,2200,Pau Gasol,18.0,8.0,16.0,3.0,2.0,3.0,8.0,1.0,2.0,4.0,2.0,1.0,-19.0,26:11,17.5,0
3,201975,Jodie Meeks,15.0,5.0,17.0,6.0,4.0,1.0,1.0,2.0,4.0,0.0,1.0,0.0,-31.0,34:50,9.7,0
4,203088,Kendall Marshall,6.0,2.0,9.0,0.0,0.0,0.0,3.0,1.0,9.0,0.0,2.0,3.0,-10.0,27:55,4.9,0
5,203145,Kent Bazemore,10.0,3.0,9.0,6.0,4.0,0.0,3.0,1.0,1.0,0.0,1.0,1.0,-10.0,26:07,5.3,0
6,202333,Xavier Henry,6.0,1.0,7.0,4.0,4.0,1.0,1.0,1.0,1.0,1.0,0.0,0.0,-14.0,16:36,4.9,0
7,200770,Jordan Farmar,7.0,3.0,9.0,0.0,0.0,1.0,1.0,1.0,1.0,0.0,2.0,0.0,-24.0,20:05,3.8,0
8,203135,Robert Sacre,8.0,3.0,6.0,2.0,2.0,2.0,4.0,0.0,1.0,0.0,3.0,1.0,-15.0,21:49,6.1,0
9,202705,MarShon Brooks,,,,,,,,,,,,,,,0.0,0
10,201941,Jordan Hill,,,,,,,,,,,,,,,0.0,0
11,2549,Chris Kaman,,,,,,,,,,,,,,,0.0,0
12,201156,Nick Young,,,,,,,,,,,,,,,0.0,0
13,202695,Kawhi Leonard,9.0,3.0,8.0,3.0,3.0,0.0,4.0,2.0,2.0,2.0,1.0,1.0,16.0,20:30,9.2,1
14,1495,Tim Duncan,9.0,4.0,10.0,1.0,1.0,0.0,8.0,0.0,2.0,3.0,1.0,1.0,20.0,15:01,8.1,1
15,201168,Tiago Splitter,3.0,1.0,4.0,2.0,1.0,3.0,0.0,2.0,2.0,0.0,1.0,1.0,15.0,19:23,4.3,1
16,201980,Danny Green,15.0,5.0,11.0,0.0,0.0,2.0,3.0,1.0,2.0,2.0,1.0,1.0,17.0,21:57,14.0,1
17,2225,Tony Parker,7.0,3.0,4.0,0.0,0.0,0.0,1.0,0.0,4.0,0.0,1.0,2.0,8.0,14:07,6.1,1
18,2564,Boris Diaw,6.0,3.0,3.0,0.0,0.0,1.0,3.0,0.0,2.0,1.0,1.0,1.0,12.0,16:06,7.4,1
19,1938,Manu Ginobili,7.0,3.0,6.0,0.0,0.0,0.0,3.0,1.0,4.0,0.0,3.0,1.0,12.0,14:03,6.5,1
20,201158,Marco Belinelli,12.0,4.0,11.0,3.0,3.0,2.0,3.0,1.0,3.0,0.0,1.0,1.0,19.0,20:45,9.9,1
21,202709,Cory Joseph,11.0,5.0,8.0,0.0,0.0,1.0,2.0,0.0,7.0,0.0,2.0,1.0,20.0,26:01,11.8,1
22,203382,Aron Baynes,12.0,6.0,11.0,0.0,0.0,4.0,4.0,0.0,2.0,0.0,3.0,2.0,3.0,17:52,8.9,1
23,2588,Matt Bonner,13.0,5.0,9.0,0.0,0.0,1.0,9.0,0.0,4.0,0.0,1.0,0.0,21.0,25:33,14.5,1
24,201988,Patty Mills,5.0,2.0,7.0,0.0,0.0,2.0,1.0,0.0,1.0,0.0,0.0,1.0,5.0,14:37,2.3,1
25,201965,Jeff Ayres,10.0,4.0,6.0,4.0,2.0,2.0,5.0,0.0,1.0,0.0,3.0,2.0,2.0,14:05,7.0,1
