,id,name,PTS,FG,FGA,FTA,FT,OREB,DREB,STL,AST,BLK,PF,TO,PLUS_MINUS,MIN,GS,WIN
0,201163,Wilson Chandler,7.0,2.0,7.0,4.0,3.0,1.0,7.0,0.0,1.0,0.0,3.0,1.0,6.0,33:13,3.8,0
1,202702,Kenneth Faried,4.0,2.0,4.0,0.0,0.0,4.0,3.0,1.0,1.0,2.0,2.0,2.0,5.0,25:02,6.0,0
2,201581,JJ Hickson,17.0,6.0,8.0,6.0,5.0,3.0,4.0,0.0,1.0,1.0,3.0,0.0,9.0,25:16,16.9,0
3,200751,Randy Foye,12.0,3.0,8.0,4.0,4.0,0.0,2.0,0.0,1.0,1.0,3.0,2.0,4.0,25:12,6.4,0
4,201951,Ty Lawson,20.0,6.0,14.0,6.0,6.0,0.0,4.0,0.0,4.0,0.0,2.0,2.0,3.0,28:15,13.8,0
5,101126,Nate Robinson,11.0,4.0,11.0,3.0,2.0,1.0,3.0,0.0,1.0,0.0,2.0,3.0,-12.0,24:07,3.0,0
6,201589,Darrell Arthur,2.0,1.0,6.0,0.0,0.0,2.0,1.0,0.0,1.0,0.0,1.0,0.0,-19.0,21:11,0.2,0
7,202706,Jordan Hamilton,5.0,2.0,7.0,0.0,0.0,0.0,0.0,0.0,1.0,0.0,0.0,0.0,-14.0,14:47,1.6,0
8,1889,Andre Miller,10.0,5.0,6.0,0.0,0.0,1.0,0.0,2.0,0.0,0.0,1.0,3.0,-6.0,23:57,7.1,0
9,202389,Timofey Mozgov,10.0,3.0,6.0,6.0,4.0,3.0,3.0,1.0,0.0,0.0,2.0,1.0,-16.0,19:00,8.4,0
10,203095,Evan Fournier,,,,,,,,,,,,,,,0.0,0
11,203113,Quincy Miller,,,,,,,,,,,,,,,0.0,0
12,201576,Anthony Randolph,,,,,,,,,,,,,,,0.0,0
13,201145,Jeff Green,15.0,6.0,13.0,2.0,2.0,0.0,2.0,0.0,0.0,0.0,0.0,0.0,4.0,32:51,8.9,1
14,101138,Brandon Bass,14.0,4.0,7.0,6.0,6.0,3.0,5.0,0.0,4.0,3.0,3.0,2.0,0.0,30:43,16.0,1
15,203096,Jared Sullinger,8.0,4.0,13.0,2.0,0.0,0.0,2.0,0.0,1.0,1.0,4.0,0.0,-12.0,20:03,0.1,1
16,202340,Avery Bradley,18.0,8.0,11.0,0.0,0.0,2.0,2.0,1.0,2.0,0.0,2.0,1.0,13.0,30:47,16.1,1
17,202348,Jordan Crawford,22.0,9.0,13.0,2.0,2.0,0.0,4.0,0.0,8.0,0.0,3.0,2.0,5.0,33:43,20.1,1
18,2743,Kris Humphries,18.0,8.0,11.0,2.0,2.0,1.0,6.0,1.0,2.0,1.0,1.0,1.0,26.0,23:32,17.7,1
19,203543,Vitor Faverani,7.0,3.0,6.0,0.0,0.0,2.0,2.0,0.0,2.0,1.0,3.0,2.0,7.0,19:39,4.9,1
20,2222,Gerald Wallace,2.0,1.0,4.0,2.0,0.0,1.0,2.0,2.0,4.0,0.0,1.0,1.0,0.0,24:33,3.5,1
21,203515,Phil Pressey,2.0,0.0,2.0,2.0,2.0,1.0,1.0,1.0,1.0,0.0,1.0,0.0,-2.0,13:27,2.9,1
22,201584,Courtney Lee,0.0,0.0,3.0,0.0,0.0,0.0,1.0,0.0,1.0,0.0,0.0,0.0,-1.0,10:42,-1.1,1
23,2586,Keith Bogans,,,,,,,,,,,,,,,0.0,1
24,202705,MarShon Brooks,,,,,,,,,,,,,,,0.0,1
25,203482,Kelly Olynyk,,,,,,,,,,,,,,,0.0,1
