,id,name,PTS,FG,FGA,FTA,FT,OREB,DREB,STL,AST,BLK,PF,TO,PLUS_MINUS,MIN,GS,WIN
0,203077,Michael Kidd-Gilchrist,6.0,2.0,6.0,4.0,2.0,0.0,3.0,0.0,0.0,0.0,3.0,0.0,-1.0,18:38,1.5,0
1,201177,Josh McRoberts,10.0,3.0,6.0,4.0,4.0,1.0,7.0,3.0,3.0,0.0,5.0,1.0,-1.0,29:49,11.9,0
2,2744,Al Jefferson,19.0,6.0,10.0,10.0,7.0,2.0,10.0,0.0,2.0,3.0,2.0,2.0,-3.0,38:20,18.3,0
3,201945,Gerald Henderson,16.0,7.0,11.0,3.0,2.0,1.0,2.0,1.0,0.0,0.0,2.0,2.0,-7.0,26:22,10.2,0
4,202689,Kemba Walker,16.0,7.0,15.0,0.0,0.0,1.0,6.0,0.0,5.0,1.0,0.0,0.0,1.0,34:56,15.0,0
5,201196,Ramon Sessions,6.0,1.0,9.0,4.0,4.0,0.0,2.0,0.0,0.0,0.0,0.0,2.0,-10.0,21:22,-1.3,0
6,203469,Cody Zeller,2.0,1.0,5.0,0.0,0.0,1.0,3.0,0.0,1.0,0.0,2.0,1.0,-6.0,18:11,-0.6,0
7,203106,Jeffery Taylor,0.0,0.0,2.0,0.0,0.0,1.0,0.0,0.0,0.0,0.0,2.0,0.0,0.0,3:14,-1.5,0
8,202687,Bismack Biyombo,0.0,0.0,1.0,0.0,0.0,3.0,2.0,1.0,0.0,0.0,0.0,0.0,-4.0,9:40,3.0,0
9,2732,Ben Gordon,4.0,2.0,8.0,0.0,0.0,0.0,2.0,0.0,0.0,0.0,0.0,2.0,2.0,13:20,-2.2,0
10,201229,Anthony Tolliver,3.0,1.0,5.0,0.0,0.0,0.0,3.0,0.0,0.0,0.0,2.0,0.0,-6.0,26:08,-0.0,0
11,202399,Jeff Adrien,,,,,,,,,,,,,,,0.0,0
12,2457,Jannero Pargo,,,,,,,,,,,,,,,0.0,0
13,1890,Shawn Marion,8.0,4.0,10.0,0.0,0.0,2.0,8.0,1.0,1.0,0.0,2.0,0.0,1.0,33:13,7.3,1
14,1717,Dirk Nowitzki,25.0,10.0,21.0,3.0,3.0,0.0,3.0,0.0,1.0,1.0,0.0,2.0,14.0,34:59,14.6,1
15,2223,Samuel Dalembert,2.0,0.0,3.0,2.0,2.0,2.0,4.0,0.0,0.0,0.0,4.0,0.0,-1.0,17:09,0.9,1
16,101145,Monta Ellis,22.0,8.0,18.0,6.0,6.0,0.0,5.0,0.0,5.0,1.0,2.0,3.0,-5.0,37:52,14.5,1
17,101181,Jose Calderon,12.0,4.0,10.0,0.0,0.0,0.0,1.0,0.0,1.0,1.0,2.0,0.0,-3.0,32:55,7.5,1
18,1713,Vince Carter,10.0,3.0,8.0,4.0,2.0,0.0,7.0,1.0,3.0,0.0,1.0,1.0,3.0,25:45,8.6,1
19,201971,DeJuan Blair,2.0,1.0,4.0,0.0,0.0,1.0,6.0,0.0,3.0,0.0,5.0,1.0,11.0,20:34,1.2,1
20,203499,Shane Larkin,0.0,0.0,4.0,0.0,0.0,0.0,1.0,0.0,0.0,0.0,0.0,0.0,6.0,8:59,-2.5,1
21,203108,Bernard James,5.0,2.0,3.0,1.0,1.0,2.0,2.0,0.0,0.0,0.0,1.0,0.0,-3.0,10:17,5.3,1
22,203109,Jae Crowder,3.0,1.0,1.0,1.0,1.0,0.0,1.0,0.0,1.0,0.0,0.0,0.0,8.0,12:11,3.7,1
23,203539,Gal Mekel,0.0,0.0,0.0,0.0,0.0,0.0,0.0,1.0,1.0,0.0,1.0,2.0,4.0,6:06,-0.7,1
24,201961,Wayne Ellington,,,,,,,,,,,,,,,0.0,1
