,id,name,PTS,FG,FGA,FTA,FT,OREB,DREB,STL,AST,BLK,PF,TO,PLUS_MINUS,MIN,GS,WIN
0,2546,Carmelo Anthony,42.0,16.0,29.0,12.0,8.0,2.0,2.0,3.0,2.0,2.0,2.0,2.0,5.0,39:56,31.5,1
1,202697,Iman Shumpert,2.0,1.0,6.0,0.0,0.0,0.0,3.0,1.0,2.0,0.0,1.0,2.0,2.0,17:18,-0.9,1
2,2199,Tyson Chandler,4.0,2.0,6.0,0.0,0.0,6.0,5.0,0.0,0.0,2.0,3.0,3.0,7.0,35:36,3.5,1
3,101109,Raymond Felton,5.0,1.0,8.0,3.0,3.0,1.0,6.0,0.0,7.0,1.0,1.0,1.0,15.0,33:16,6.5,1
4,203143,Pablo Prigioni,6.0,2.0,4.0,0.0,0.0,2.0,1.0,1.0,4.0,0.0,4.0,0.0,-9.0,22:53,7.9,1
5,2747,JR Smith,19.0,7.0,13.0,3.0,2.0,1.0,4.0,2.0,3.0,0.0,2.0,1.0,8.0,39:51,16.5,1
6,203501,Tim Hardaway Jr.,16.0,6.0,13.0,2.0,1.0,0.0,3.0,1.0,2.0,0.0,1.0,0.0,9.0,36:10,11.8,1
7,202719,Jeremy Tyler,4.0,2.0,4.0,0.0,0.0,1.0,1.0,0.0,0.0,1.0,3.0,0.0,-2.0,15:00,2.5,1
8,202332,Cole Aldrich,,,,,,,,,,,,,,,0.0,1
9,203315,Toure' Murry,,,,,,,,,,,,,,,0.0,1
10,2405,Amar'e Stoudemire,,,,,,,,,,,,,,,0.0,1
11,2757,Beno Udrih,,,,,,,,,,,,,,,0.0,1
12,1897,Metta World Peace,,,,,,,,,,,,,,,0.0,1
13,202329,Al-Farouq Aminu,3.0,1.0,4.0,2.0,1.0,1.0,6.0,2.0,3.0,0.0,3.0,1.0,-8.0,31:41,4.6,0
14,203076,Anthony Davis,14.0,6.0,10.0,2.0,2.0,1.0,9.0,2.0,2.0,5.0,1.0,4.0,-9.0,38:19,15.3,0
15,201582,Alexis Ajinca,2.0,1.0,3.0,1.0,0.0,1.0,0.0,0.0,1.0,0.0,2.0,2.0,-3.0,12:25,-1.5,0
16,201569,Eric Gordon,28.0,9.0,17.0,8.0,7.0,0.0,4.0,0.0,1.0,0.0,3.0,0.0,-12.0,34:52,20.0,0
17,203148,Brian Roberts,10.0,4.0,8.0,1.0,1.0,0.0,0.0,1.0,4.0,0.0,1.0,2.0,-3.0,29:20,7.4,0
18,201880,Greg Stiemsma,2.0,1.0,2.0,0.0,0.0,3.0,3.0,0.0,0.0,3.0,1.0,1.0,11.0,13:32,4.7,0
19,201936,Tyreke Evans,8.0,3.0,11.0,6.0,2.0,1.0,3.0,0.0,2.0,1.0,4.0,1.0,-5.0,22:26,1.0,0
20,201627,Anthony Morrow,3.0,1.0,4.0,0.0,0.0,1.0,2.0,0.0,2.0,0.0,1.0,0.0,8.0,16:46,2.9,0
21,203085,Austin Rivers,14.0,6.0,10.0,1.0,1.0,0.0,3.0,1.0,1.0,0.0,2.0,1.0,-10.0,21:56,10.2,0
22,202337,Luke Babbitt,7.0,3.0,6.0,0.0,0.0,2.0,2.0,0.0,0.0,0.0,2.0,1.0,-4.0,18:43,4.2,0
23,203121,Darius Miller,,,,,,,,,,,,,,,0.0,0
24,201160,Jason Smith,,,,,,,,,,,,,,,0.0,0
25,203481,Jeff Withey,,,,,,,,,,,,,,,0.0,0
