,id,name,PTS,FG,FGA,FTA,FT,OREB,DREB,STL,AST,BLK,PF,TO,PLUS_MINUS,MIN,GS,WIN
0,2419,Tayshaun Prince,12.0,5.0,9.0,0.0,0.0,0.0,1.0,2.0,3.0,0.0,2.0,0.0,-15.0,25:34,11.3,0
1,2216,Zach Randolph,13.0,5.0,14.0,4.0,3.0,4.0,6.0,1.0,1.0,0.0,2.0,0.0,-7.0,25:16,10.3,0
2,201188,Marc Gasol,17.0,7.0,10.0,5.0,3.0,0.0,3.0,1.0,3.0,1.0,2.0,2.0,-20.0,33:15,13.9,0
3,201584,Courtney Lee,10.0,3.0,7.0,2.0,2.0,1.0,3.0,1.0,1.0,0.0,3.0,0.0,-12.0,33:11,8.4,0
4,201144,Mike Conley,6.0,1.0,10.0,3.0,3.0,1.0,1.0,1.0,9.0,0.0,1.0,5.0,-3.0,26:13,2.3,0
5,201979,Nick Calathes,4.0,2.0,6.0,0.0,0.0,0.0,2.0,0.0,5.0,0.0,1.0,2.0,-3.0,21:47,2.3,0
6,2754,Tony Allen,6.0,3.0,3.0,0.0,0.0,1.0,2.0,1.0,3.0,0.0,5.0,1.0,2.0,17:25,6.5,0
7,201585,Kosta Koufos,9.0,4.0,4.0,2.0,1.0,1.0,4.0,1.0,0.0,0.0,4.0,2.0,5.0,15:40,6.7,0
8,201949,James Johnson,11.0,4.0,8.0,2.0,2.0,0.0,1.0,2.0,3.0,0.0,1.0,0.0,8.0,22:02,11.0,0
9,2034,Mike Miller,19.0,7.0,9.0,2.0,1.0,1.0,1.0,1.0,2.0,0.0,1.0,0.0,15.0,19:37,18.1,0
10,202334,Ed Davis,,,,,,,,,,,,,,,0.0,0
11,202720,Jon Leuer,,,,,,,,,,,,,,,0.0,0
12,201142,Kevin Durant,37.0,12.0,24.0,10.0,10.0,0.0,6.0,2.0,5.0,1.0,1.0,5.0,8.0,42:33,27.6,1
13,201586,Serge Ibaka,16.0,7.0,11.0,2.0,2.0,5.0,4.0,0.0,1.0,3.0,4.0,3.0,9.0,28:52,14.0,1
14,203500,Steven Adams,7.0,1.0,3.0,7.0,5.0,4.0,1.0,0.0,0.0,2.0,3.0,1.0,15.0,25:02,6.8,1
15,200757,Thabo Sefolosha,2.0,1.0,1.0,0.0,0.0,1.0,1.0,1.0,0.0,0.0,1.0,0.0,3.0,4:08,3.3,1
16,201566,Russell Westbrook,21.0,7.0,12.0,7.0,6.0,0.0,2.0,3.0,6.0,0.0,1.0,1.0,4.0,29:27,21.4,1
17,202704,Reggie Jackson,14.0,5.0,12.0,2.0,2.0,0.0,2.0,2.0,3.0,0.0,0.0,1.0,-1.0,33:52,11.3,1
18,203087,Jeremy Lamb,3.0,1.0,5.0,0.0,0.0,1.0,0.0,0.0,0.0,0.0,1.0,2.0,3.0,11:20,-1.8,1
19,201934,Hasheem Thabeet,2.0,1.0,2.0,2.0,0.0,2.0,2.0,1.0,0.0,1.0,3.0,0.0,-4.0,16:39,2.7,1
20,2555,Nick Collison,0.0,0.0,2.0,0.0,0.0,2.0,3.0,0.0,1.0,1.0,3.0,1.0,0.0,14:56,0.1,1
21,965,Derek Fisher,8.0,2.0,4.0,2.0,2.0,0.0,1.0,0.0,2.0,0.0,1.0,0.0,-8.0,18:01,7.3,1
22,203103,Perry Jones III,3.0,1.0,1.0,0.0,0.0,0.0,2.0,1.0,0.0,0.0,0.0,0.0,1.0,15:12,4.3,1
23,203460,Andre Roberson,,,,,,,,,,,,,,,0.0,1
