,id,name,PTS,FG,FGA,FTA,FT,OREB,DREB,STL,AST,BLK,PF,TO,PLUS_MINUS,MIN,GS,WIN
0,202323,Evan Turner,24.0,11.0,22.0,2.0,2.0,2.0,8.0,2.0,6.0,0.0,3.0,1.0,21.0,42:26,20.8,1
1,201152,Thaddeus Young,28.0,9.0,16.0,9.0,9.0,2.0,5.0,6.0,4.0,1.0,2.0,0.0,9.0,36:26,32.0,1
2,201150,Spencer Hawes,10.0,4.0,11.0,1.0,1.0,2.0,5.0,0.0,1.0,1.0,6.0,2.0,-10.0,17:11,3.8,1
3,203138,Hollis Thompson,3.0,1.0,3.0,0.0,0.0,0.0,1.0,0.0,0.0,2.0,2.0,1.0,2.0,22:26,1.2,1
4,203487,Michael Carter-Williams,7.0,3.0,11.0,2.0,1.0,1.0,3.0,2.0,5.0,3.0,4.0,3.0,3.0,27:22,4.7,1
5,202341,James Anderson,5.0,2.0,4.0,0.0,0.0,2.0,2.0,0.0,1.0,0.0,0.0,3.0,-5.0,17:23,2.7,1
6,202730,Lavoy Allen,10.0,5.0,7.0,0.0,0.0,2.0,4.0,0.0,1.0,0.0,6.0,1.0,11.0,15:10,7.0,1
7,203100,Tony Wroten,21.0,6.0,13.0,13.0,8.0,0.0,4.0,1.0,3.0,0.0,3.0,1.0,14.0,31:29,14.4,1
8,203561,Brandon Davies,0.0,0.0,0.0,0.0,0.0,0.0,0.0,0.0,0.0,1.0,2.0,0.0,-2.0,8:38,-0.1,1
9,202343,Elliot Williams,0.0,0.0,0.0,0.0,0.0,0.0,0.0,0.0,0.0,0.0,1.0,0.0,-8.0,2:54,-0.4,1
10,202350,Daniel Orton,5.0,1.0,3.0,4.0,3.0,2.0,2.0,1.0,2.0,3.0,2.0,0.0,10.0,18:35,8.6,1
11,203102,Arnett Moultrie,,,,,,,,,,,,,,,0.0,1
12,200752,Rudy Gay,18.0,7.0,11.0,5.0,4.0,2.0,5.0,1.0,2.0,1.0,1.0,3.0,-4.0,30:00,15.3,0
13,201574,Jason Thompson,2.0,1.0,2.0,1.0,0.0,0.0,5.0,0.0,0.0,1.0,4.0,2.0,-1.0,19:39,-0.8,0
14,202326,DeMarcus Cousins,33.0,10.0,16.0,19.0,13.0,4.0,10.0,2.0,2.0,1.0,5.0,5.0,7.0,28:21,26.3,0
15,203463,Ben McLemore,0.0,0.0,5.0,0.0,0.0,1.0,2.0,0.0,0.0,0.0,2.0,2.0,-10.0,23:10,-5.0,0
16,202738,Isaiah Thomas,23.0,7.0,18.0,6.0,5.0,0.0,1.0,0.0,7.0,0.0,5.0,3.0,-17.0,36:17,13.0,0
17,202682,Derrick Williams,11.0,4.0,7.0,4.0,3.0,2.0,0.0,0.0,0.0,3.0,3.0,2.0,-11.0,25:09,7.6,0
18,203112,Quincy Acy,0.0,0.0,5.0,0.0,0.0,2.0,1.0,0.0,0.0,0.0,3.0,0.0,-14.0,16:41,-3.0,0
19,201977,Marcus Thornton,2.0,1.0,6.0,0.0,0.0,1.0,3.0,0.0,2.0,0.0,1.0,1.0,0.0,19:54,-0.2,0
20,2566,Travis Outlaw,0.0,0.0,4.0,0.0,0.0,2.0,5.0,1.0,1.0,0.0,1.0,0.0,-2.0,21:12,1.4,0
21,202690,Jimmer Fredette,15.0,5.0,9.0,2.0,2.0,1.0,3.0,0.0,0.0,1.0,0.0,3.0,9.0,16:39,10.0,0
22,201189,Aaron Gray,0.0,0.0,0.0,0.0,0.0,1.0,0.0,0.0,0.0,0.0,2.0,1.0,-2.0,2:58,-1.1,0
23,203492,Ray McCallum,,,,,,,,,,,,,,,0.0,0
24,202380,Hamady Ndiaye,,,,,,,,,,,,,,,0.0,0
