,id,name,PTS,FG,FGA,FTA,FT,OREB,DREB,STL,AST,BLK,PF,TO,PLUS_MINUS,MIN,GS,WIN
0,202323,Evan Turner,4.0,2.0,11.0,0.0,0.0,0.0,6.0,0.0,3.0,0.0,4.0,2.0,-27.0,26:25,-2.6,0
1,201152,Thaddeus Young,11.0,5.0,11.0,2.0,1.0,2.0,3.0,2.0,1.0,0.0,4.0,2.0,-26.0,23:58,6.3,0
2,201150,Spencer Hawes,14.0,4.0,11.0,6.0,5.0,1.0,3.0,0.0,3.0,0.0,2.0,1.0,-21.0,24:59,9.4,0
3,202341,James Anderson,11.0,5.0,9.0,0.0,0.0,0.0,3.0,0.0,1.0,0.0,1.0,1.0,-12.0,25:44,6.9,0
4,203100,Tony Wroten,19.0,6.0,16.0,6.0,5.0,2.0,1.0,2.0,2.0,0.0,4.0,3.0,-33.0,35:24,10.3,0
5,203138,Hollis Thompson,8.0,2.0,5.0,5.0,4.0,0.0,2.0,1.0,1.0,0.0,1.0,1.0,-17.0,24:08,5.8,0
6,202730,Lavoy Allen,4.0,2.0,5.0,0.0,0.0,1.0,4.0,0.0,2.0,1.0,2.0,0.0,-14.0,22:24,4.5,0
7,202721,Darius Morris,20.0,6.0,9.0,9.0,6.0,0.0,0.0,2.0,2.0,0.0,1.0,5.0,-25.0,27:15,12.9,0
8,203561,Brandon Davies,4.0,2.0,4.0,0.0,0.0,3.0,5.0,0.0,0.0,0.0,1.0,1.0,-10.0,13:56,4.2,0
9,202350,Daniel Orton,3.0,1.0,2.0,3.0,1.0,1.0,1.0,1.0,1.0,1.0,1.0,1.0,0.0,15:47,3.2,0
10,2198,Kwame Brown,,,,,,,,,,,,,,,0.0,0
11,203487,Michael Carter-Williams,,,,,,,,,,,,,,,0.0,0
12,202329,Al-Farouq Aminu,10.0,4.0,5.0,4.0,2.0,3.0,3.0,0.0,1.0,1.0,0.0,2.0,11.0,18:18,9.7,1
13,203076,Anthony Davis,13.0,5.0,10.0,5.0,3.0,1.0,8.0,2.0,1.0,9.0,2.0,1.0,31.0,28:39,17.5,1
14,201160,Jason Smith,8.0,4.0,4.0,0.0,0.0,3.0,4.0,0.0,0.0,3.0,4.0,1.0,30.0,21:20,9.6,1
15,201569,Eric Gordon,19.0,7.0,12.0,3.0,2.0,0.0,4.0,2.0,3.0,0.0,2.0,3.0,22.0,25:50,14.5,1
16,201950,Jrue Holiday,14.0,6.0,9.0,2.0,2.0,1.0,5.0,0.0,12.0,0.0,1.0,1.0,29.0,29:29,19.3,1
17,201936,Tyreke Evans,15.0,6.0,10.0,6.0,3.0,0.0,2.0,2.0,3.0,1.0,3.0,1.0,25.0,22:14,12.4,1
18,201583,Ryan Anderson,26.0,10.0,16.0,0.0,0.0,0.0,1.0,1.0,0.0,0.0,2.0,1.0,13.0,26:35,18.3,1
19,201627,Anthony Morrow,2.0,0.0,3.0,2.0,2.0,0.0,1.0,2.0,3.0,0.0,0.0,1.0,14.0,15:15,3.3,1
20,203148,Brian Roberts,14.0,5.0,9.0,1.0,1.0,0.0,0.0,0.0,6.0,0.0,5.0,0.0,8.0,19:55,11.9,1
21,200811,Lou Amundson,2.0,1.0,2.0,0.0,0.0,1.0,2.0,2.0,0.0,2.0,3.0,0.0,-1.0,13:55,4.5,1
22,203085,Austin Rivers,12.0,4.0,6.0,4.0,3.0,1.0,1.0,0.0,0.0,0.0,2.0,1.0,1.0,7:28,8.2,1
23,2735,Josh Childress,0.0,0.0,0.0,0.0,0.0,0.0,1.0,0.0,0.0,0.0,0.0,0.0,1.0,5:31,0.3,1
24,203481,Jeff Withey,0.0,0.0,0.0,0.0,0.0,0.0,1.0,0.0,1.0,1.0,1.0,1.0,1.0,5:31,0.3,1
