,id,name,PTS,FG,FGA,FTA,FT,OREB,DREB,STL,AST,BLK,PF,TO,PLUS_MINUS,MIN,GS,WIN
0,2544,LeBron James,26.0,8.0,15.0,8.0,5.0,1.0,5.0,0.0,10.0,1.0,0.0,4.0,4.0,39:44,23.4,1
1,2203,Shane Battier,6.0,2.0,3.0,0.0,0.0,0.0,2.0,1.0,0.0,0.0,2.0,0.0,6.0,21:47,5.5,1
2,2547,Chris Bosh,17.0,8.0,12.0,4.0,1.0,1.0,4.0,2.0,0.0,1.0,3.0,2.0,16.0,36:42,12.0,1
3,2548,Dwyane Wade,12.0,6.0,9.0,0.0,0.0,0.0,2.0,1.0,2.0,1.0,0.0,0.0,1.0,18:17,11.8,1
4,201596,Mario Chalmers,10.0,1.0,5.0,10.0,7.0,1.0,2.0,0.0,9.0,0.0,3.0,3.0,14.0,37:31,9.1,1
5,951,Ray Allen,13.0,4.0,7.0,4.0,3.0,1.0,6.0,0.0,2.0,0.0,1.0,1.0,-10.0,30:33,11.8,1
6,2617,Udonis Haslem,0.0,0.0,4.0,0.0,0.0,0.0,0.0,0.0,0.0,1.0,2.0,0.0,-17.0,11:41,-2.9,1
7,202708,Norris Cole,0.0,0.0,3.0,0.0,0.0,0.0,1.0,1.0,0.0,0.0,0.0,2.0,-1.0,12:02,-2.8,1
8,1740,Rashard Lewis,2.0,1.0,2.0,0.0,0.0,0.0,0.0,1.0,0.0,0.0,1.0,1.0,-8.0,7:20,0.6,1
9,201563,Michael Beasley,9.0,4.0,6.0,0.0,0.0,1.0,3.0,0.0,0.0,0.0,1.0,0.0,9.0,18:30,7.6,1
10,201202,Joel Anthony,2.0,0.0,0.0,2.0,2.0,0.0,0.0,0.0,0.0,0.0,0.0,0.0,2.0,0:01,2.0,1
11,2427,Roger Mason Jr.,0.0,0.0,1.0,0.0,0.0,0.0,1.0,1.0,0.0,0.0,0.0,0.0,-1.0,5:52,0.6,1
12,2592,James Jones,,,,,,,,,,,,,,,0.0,1
13,201163,Wilson Chandler,13.0,6.0,17.0,0.0,0.0,1.0,5.0,1.0,2.0,0.0,3.0,1.0,-8.0,41:03,5.9,0
14,202702,Kenneth Faried,8.0,4.0,8.0,0.0,0.0,1.0,3.0,0.0,0.0,1.0,2.0,2.0,-16.0,21:51,3.5,0
15,201581,JJ Hickson,12.0,5.0,11.0,2.0,2.0,4.0,7.0,2.0,3.0,0.0,3.0,2.0,-17.0,36:22,12.1,0
16,202706,Jordan Hamilton,3.0,1.0,3.0,0.0,0.0,0.0,3.0,0.0,1.0,0.0,2.0,0.0,-13.0,10:20,2.1,0
17,201951,Ty Lawson,26.0,8.0,15.0,6.0,5.0,1.0,1.0,1.0,7.0,0.0,4.0,2.0,-10.0,39:37,21.6,0
18,200751,Randy Foye,11.0,4.0,6.0,3.0,3.0,0.0,2.0,0.0,7.0,0.0,2.0,1.0,17.0,33:30,12.1,0
19,201589,Darrell Arthur,13.0,6.0,14.0,0.0,0.0,0.0,4.0,1.0,2.0,0.0,4.0,1.0,17.0,24:50,6.6,0
20,202389,Timofey Mozgov,6.0,3.0,4.0,0.0,0.0,1.0,1.0,0.0,1.0,1.0,1.0,0.0,14.0,11:47,6.4,0
21,101126,Nate Robinson,0.0,0.0,1.0,0.0,0.0,0.0,1.0,1.0,0.0,0.0,0.0,2.0,5.0,10:57,-1.4,0
22,1889,Andre Miller,2.0,1.0,2.0,0.0,0.0,0.0,2.0,0.0,0.0,0.0,0.0,2.0,-4.0,9:43,-0.4,0
23,203095,Evan Fournier,,,,,,,,,,,,,,,0.0,0
24,203113,Quincy Miller,,,,,,,,,,,,,,,0.0,0
25,201576,Anthony Randolph,,,,,,,,,,,,,,,0.0,0
