,id,name,PTS,FG,FGA,FTA,FT,OREB,DREB,STL,AST,BLK,PF,TO,PLUS_MINUS,MIN,GS,WIN
0,201960,DeMarre Carroll,10.0,4.0,8.0,1.0,1.0,0.0,4.0,1.0,1.0,0.0,0.0,1.0,10.0,29:26,7.9,1
1,200794,Paul Millsap,14.0,6.0,9.0,2.0,2.0,1.0,12.0,2.0,1.0,1.0,3.0,1.0,9.0,29:52,15.6,1
2,201143,Al Horford,12.0,6.0,10.0,0.0,0.0,1.0,1.0,0.0,2.0,1.0,1.0,1.0,13.0,29:30,9.1,1
3,2594,Kyle Korver,15.0,5.0,11.0,2.0,2.0,0.0,4.0,0.0,1.0,0.0,2.0,1.0,10.0,33:02,9.4,1
4,201952,Jeff Teague,16.0,5.0,9.0,10.0,6.0,0.0,2.0,3.0,1.0,0.0,1.0,3.0,-2.0,25:18,11.0,1
5,202970,Gustavo Ayon,10.0,5.0,6.0,0.0,0.0,3.0,2.0,2.0,1.0,1.0,1.0,1.0,10.0,19:51,12.5,1
6,203098,John Jenkins,2.0,1.0,2.0,0.0,0.0,0.0,3.0,0.0,0.0,1.0,3.0,2.0,6.0,16:10,-0.6,1
7,203118,Mike Scott,11.0,4.0,10.0,2.0,2.0,0.0,1.0,0.0,1.0,0.0,3.0,0.0,8.0,16:47,5.4,1
8,201858,Cartier Martin,8.0,3.0,5.0,0.0,0.0,0.0,1.0,0.0,0.0,0.0,0.0,2.0,12.0,15:41,4.0,1
9,202714,Shelvin Mack,12.0,5.0,8.0,0.0,0.0,0.0,1.0,1.0,12.0,0.0,1.0,1.0,24.0,24:23,16.7,1
10,203544,Pero Antic,,,,,,,,,,,,,,,0.0,1
11,1882,Elton Brand,,,,,,,,,,,,,,,0.0,1
12,203471,Dennis Schroder,,,,,,,,,,,,,,,0.0,1
13,2546,Carmelo Anthony,23.0,8.0,21.0,7.0,6.0,5.0,7.0,1.0,2.0,0.0,4.0,1.0,-2.0,33:44,16.5,0
14,2747,JR Smith,7.0,3.0,18.0,0.0,0.0,3.0,2.0,0.0,1.0,0.0,3.0,1.0,-13.0,36:28,-3.2,0
15,200745,Andrea Bargnani,16.0,5.0,11.0,6.0,5.0,4.0,5.0,0.0,2.0,2.0,2.0,2.0,-15.0,28:25,14.2,0
16,101109,Raymond Felton,7.0,3.0,8.0,0.0,0.0,0.0,4.0,1.0,5.0,1.0,3.0,4.0,-15.0,33:23,3.8,0
17,202697,Iman Shumpert,11.0,4.0,8.0,0.0,0.0,1.0,6.0,1.0,3.0,0.0,2.0,2.0,-10.0,33:32,9.8,0
18,203143,Pablo Prigioni,5.0,2.0,4.0,0.0,0.0,0.0,0.0,1.0,0.0,0.0,2.0,2.0,-5.0,14:37,1.2,0
19,203501,Tim Hardaway Jr.,8.0,3.0,7.0,1.0,0.0,1.0,0.0,1.0,3.0,0.0,0.0,1.0,-12.0,21:45,6.7,0
20,2030,Kenyon Martin,6.0,3.0,6.0,0.0,0.0,4.0,2.0,1.0,2.0,0.0,2.0,1.0,-12.0,17:21,7.0,0
21,2405,Amar'e Stoudemire,5.0,2.0,5.0,2.0,1.0,0.0,2.0,0.0,1.0,0.0,2.0,0.0,-16.0,13:60,2.4,0
22,203315,Toure' Murry,0.0,0.0,0.0,0.0,0.0,0.0,0.0,0.0,0.0,0.0,0.0,0.0,0.0,3:23,0.0,0
23,202332,Cole Aldrich,2.0,1.0,2.0,0.0,0.0,1.0,1.0,0.0,0.0,0.0,0.0,0.0,0.0,3:23,2.0,0
24,203147,Chris Smith,,,,,,,,,,,,,,,0.0,0
25,2757,Beno Udrih,,,,,,,,,,,,,,,0.0,0
