,id,name,PTS,FG,FGA,FTA,FT,OREB,DREB,STL,AST,BLK,PF,TO,PLUS_MINUS,MIN,GS,WIN
0,2544,LeBron James,21.0,7.0,13.0,8.0,7.0,1.0,7.0,2.0,10.0,1.0,3.0,3.0,17.0,36:31,22.6,1
1,2203,Shane Battier,13.0,5.0,9.0,0.0,0.0,1.0,3.0,3.0,0.0,2.0,2.0,0.0,21.0,31:25,13.9,1
2,2547,Chris Bosh,25.0,11.0,18.0,4.0,3.0,3.0,3.0,2.0,4.0,5.0,2.0,3.0,25.0,32:42,23.9,1
3,2548,Dwyane Wade,8.0,3.0,6.0,2.0,2.0,1.0,1.0,1.0,2.0,3.0,3.0,1.0,7.0,25:06,8.3,1
4,201596,Mario Chalmers,10.0,3.0,9.0,2.0,2.0,1.0,2.0,2.0,5.0,0.0,5.0,1.0,20.0,28:09,8.7,1
5,951,Ray Allen,2.0,1.0,7.0,0.0,0.0,0.0,4.0,1.0,5.0,0.0,2.0,4.0,4.0,23:23,-1.6,1
6,2617,Udonis Haslem,1.0,0.0,2.0,2.0,1.0,4.0,3.0,0.0,1.0,0.0,3.0,1.0,-11.0,16:03,1.4,1
7,202708,Norris Cole,13.0,5.0,9.0,2.0,2.0,0.0,2.0,0.0,3.0,0.0,0.0,0.0,-1.0,26:13,11.4,1
8,1740,Rashard Lewis,5.0,2.0,4.0,0.0,0.0,1.0,1.0,1.0,0.0,0.0,5.0,3.0,-4.0,13:30,0.0,1
9,201563,Michael Beasley,0.0,0.0,1.0,0.0,0.0,0.0,0.0,1.0,0.0,0.0,0.0,1.0,-1.0,2:28,-0.7,1
10,2592,James Jones,0.0,0.0,1.0,0.0,0.0,0.0,0.0,0.0,0.0,1.0,0.0,0.0,-1.0,2:20,0.0,1
11,2427,Roger Mason Jr.,3.0,1.0,1.0,0.0,0.0,0.0,0.0,0.0,0.0,0.0,0.0,0.0,-1.0,2:10,2.7,1
12,201141,Greg Oden,,,,,,,,,,,,,,,0.0,1
13,202323,Evan Turner,11.0,4.0,8.0,4.0,3.0,2.0,4.0,1.0,2.0,0.0,3.0,0.0,-15.0,29:20,10.4,0
14,201152,Thaddeus Young,10.0,3.0,13.0,6.0,4.0,2.0,2.0,4.0,0.0,1.0,1.0,3.0,-12.0,31:54,4.6,0
15,201150,Spencer Hawes,10.0,5.0,14.0,1.0,0.0,4.0,6.0,1.0,4.0,1.0,1.0,3.0,-22.0,27:22,7.5,0
16,202341,James Anderson,4.0,2.0,5.0,2.0,0.0,1.0,2.0,2.0,3.0,0.0,2.0,2.0,-11.0,25:01,3.1,0
17,203487,Michael Carter-Williams,7.0,1.0,7.0,6.0,5.0,0.0,1.0,1.0,2.0,0.0,2.0,5.0,-24.0,24:28,-1.0,0
18,203100,Tony Wroten,13.0,4.0,13.0,8.0,4.0,1.0,2.0,2.0,3.0,1.0,2.0,3.0,3.0,25:49,6.2,0
19,203473,Dewayne Dedmon,7.0,3.0,5.0,3.0,1.0,3.0,4.0,0.0,1.0,1.0,3.0,2.0,7.0,20:38,5.4,0
20,203138,Hollis Thompson,10.0,4.0,8.0,1.0,1.0,3.0,3.0,0.0,0.0,0.0,1.0,0.0,2.0,20:42,8.6,0
21,203561,Brandon Davies,9.0,4.0,7.0,1.0,1.0,3.0,1.0,0.0,0.0,0.0,0.0,4.0,-3.0,16:06,4.1,0
22,202343,Elliot Williams,5.0,1.0,4.0,5.0,3.0,0.0,1.0,0.0,1.0,0.0,3.0,1.0,0.0,18:40,0.6,0
23,202730,Lavoy Allen,,,,,,,,,,,,,,,0.0,0
24,203485,Lorenzo Brown,,,,,,,,,,,,,,,0.0,0
25,203102,Arnett Moultrie,,,,,,,,,,,,,,,0.0,0
