,id,name,PTS,FG,FGA,FTA,FT,OREB,DREB,STL,AST,BLK,PF,TO,PLUS_MINUS,MIN,GS,WIN
0,202718,Chandler Parsons,25.0,9.0,21.0,4.0,3.0,0.0,3.0,2.0,5.0,1.0,3.0,3.0,5.0,40:29,16.4,1
1,203093,Terrence Jones,10.0,4.0,10.0,1.0,1.0,4.0,12.0,1.0,1.0,0.0,1.0,2.0,11.0,30:50,10.3,1
2,2730,Dwight Howard,13.0,4.0,6.0,8.0,5.0,2.0,9.0,0.0,1.0,0.0,4.0,2.0,5.0,34:36,10.4,1
3,201935,James Harden,31.0,10.0,19.0,13.0,8.0,1.0,6.0,1.0,6.0,1.0,1.0,3.0,3.0,37:19,24.7,1
4,201976,Patrick Beverley,11.0,4.0,10.0,0.0,0.0,3.0,3.0,3.0,5.0,1.0,3.0,0.0,11.0,36:39,14.6,1
5,201166,Aaron Brooks,3.0,1.0,8.0,2.0,1.0,0.0,2.0,3.0,4.0,0.0,3.0,4.0,0.0,15:52,-1.4,1
6,201956,Omri Casspi,8.0,4.0,8.0,0.0,0.0,0.0,3.0,0.0,1.0,1.0,1.0,0.0,-5.0,17:10,5.9,1
7,201600,Omer Asik,3.0,1.0,2.0,2.0,1.0,1.0,2.0,1.0,1.0,0.0,0.0,1.0,1.0,13:24,3.6,1
8,101128,Francisco Garcia,8.0,3.0,6.0,0.0,0.0,1.0,2.0,2.0,0.0,0.0,2.0,1.0,-1.0,13:41,6.5,1
9,200758,Ronnie Brewer,,,,,,,,,,,,,,,0.0,1
10,202391,Jeremy Lin,,,,,,,,,,,,,,,0.0,1
11,202700,Donatas Motiejunas,,,,,,,,,,,,,,,0.0,1
12,202962,Greg Smith,,,,,,,,,,,,,,,0.0,1
13,202695,Kawhi Leonard,6.0,3.0,8.0,0.0,0.0,1.0,3.0,2.0,1.0,3.0,1.0,1.0,-6.0,29:14,6.6,0
14,1495,Tim Duncan,20.0,8.0,13.0,5.0,4.0,1.0,7.0,1.0,3.0,3.0,2.0,2.0,-4.0,32:47,18.9,0
15,2564,Boris Diaw,5.0,2.0,3.0,0.0,0.0,0.0,2.0,0.0,0.0,1.0,0.0,1.0,3.0,11:10,4.0,0
16,201980,Danny Green,7.0,3.0,8.0,0.0,0.0,0.0,2.0,3.0,1.0,1.0,1.0,1.0,-8.0,24:47,6.2,0
17,2225,Tony Parker,27.0,13.0,27.0,2.0,1.0,0.0,6.0,0.0,8.0,0.0,1.0,2.0,-1.0,38:10,17.9,0
18,1938,Manu Ginobili,9.0,4.0,9.0,0.0,0.0,0.0,1.0,2.0,11.0,0.0,2.0,4.0,6.0,27:11,9.5,0
19,201168,Tiago Splitter,6.0,2.0,3.0,4.0,2.0,1.0,2.0,0.0,0.0,1.0,3.0,3.0,0.0,16:41,1.7,0
20,2588,Matt Bonner,6.0,2.0,5.0,0.0,0.0,1.0,2.0,0.0,2.0,0.0,3.0,0.0,-6.0,22:44,4.8,0
21,201158,Marco Belinelli,18.0,7.0,13.0,0.0,0.0,0.0,3.0,0.0,1.0,0.0,5.0,1.0,-9.0,27:26,10.3,0
22,201988,Patty Mills,2.0,0.0,2.0,2.0,2.0,0.0,1.0,0.0,0.0,0.0,1.0,0.0,-5.0,9:50,0.5,0
23,201965,Jeff Ayres,,,,,,,,,,,,,,,0.0,0
24,203382,Aron Baynes,,,,,,,,,,,,,,,0.0,0
25,202709,Cory Joseph,,,,,,,,,,,,,,,0.0,0
