,id,name,PTS,FG,FGA,FTA,FT,OREB,DREB,STL,AST,BLK,PF,TO,PLUS_MINUS,MIN,GS,WIN
0,2440,Matt Barnes,9.0,4.0,7.0,0.0,0.0,1.0,4.0,1.0,2.0,0.0,4.0,2.0,-1.0,26:42,6.4,0
1,201933,Blake Griffin,26.0,7.0,25.0,12.0,12.0,8.0,4.0,2.0,4.0,2.0,3.0,2.0,0.0,41:44,21.1,0
2,201599,DeAndre Jordan,8.0,3.0,7.0,2.0,2.0,4.0,7.0,2.0,3.0,0.0,4.0,3.0,-5.0,27:51,8.7,0
3,2584,Willie Green,8.0,3.0,7.0,0.0,0.0,0.0,3.0,1.0,3.0,1.0,3.0,0.0,2.0,30:12,7.8,0
4,101108,Chris Paul,29.0,10.0,19.0,11.0,9.0,0.0,2.0,3.0,7.0,0.0,4.0,6.0,-6.0,38:47,19.8,0
5,203493,Reggie Bullock,4.0,2.0,10.0,0.0,0.0,2.0,3.0,2.0,1.0,0.0,3.0,1.0,-14.0,25:40,0.6,0
6,101122,Danny Granger,11.0,5.0,11.0,0.0,0.0,1.0,1.0,1.0,0.0,0.0,3.0,1.0,-9.0,23:07,5.1,0
7,201175,Glen Davis,2.0,1.0,3.0,0.0,0.0,0.0,2.0,1.0,2.0,2.0,4.0,0.0,-16.0,17:19,3.1,0
8,2045,Hedo Turkoglu,3.0,1.0,3.0,0.0,0.0,0.0,1.0,0.0,0.0,0.0,0.0,0.0,-1.0,8:04,1.6,0
9,200797,Ryan Hollins,0.0,0.0,0.0,0.0,0.0,0.0,0.0,0.0,0.0,0.0,0.0,0.0,0.0,0:35,0.0,0
10,201954,Darren Collison,,,,,,,,,,,,,,,0.0,0
11,2037,Jamal Crawford,,,,,,,,,,,,,,,0.0,0
12,201162,Jared Dudley,,,,,,,,,,,,,,,0.0,0
13,201163,Wilson Chandler,11.0,5.0,15.0,0.0,0.0,1.0,1.0,0.0,1.0,1.0,2.0,3.0,8.0,32:46,1.1,1
14,202702,Kenneth Faried,18.0,6.0,14.0,7.0,6.0,6.0,10.0,1.0,2.0,1.0,3.0,1.0,5.0,33:36,18.3,1
15,202389,Timofey Mozgov,15.0,4.0,10.0,7.0,7.0,2.0,7.0,0.0,1.0,0.0,1.0,0.0,-7.0,19:21,13.4,1
16,200751,Randy Foye,14.0,4.0,10.0,5.0,5.0,0.0,2.0,4.0,5.0,1.0,0.0,1.0,6.0,29:16,16.4,1
17,201951,Ty Lawson,19.0,5.0,9.0,6.0,6.0,1.0,2.0,4.0,5.0,0.0,2.0,6.0,5.0,38:10,16.7,1
18,201581,JJ Hickson,21.0,9.0,14.0,7.0,3.0,5.0,6.0,0.0,0.0,0.0,4.0,1.0,20.0,29:36,15.9,1
19,203113,Quincy Miller,0.0,0.0,3.0,0.0,0.0,0.0,1.0,0.0,0.0,1.0,2.0,0.0,9.0,12:40,-1.9,1
20,203095,Evan Fournier,5.0,2.0,6.0,0.0,0.0,0.0,1.0,0.0,1.0,0.0,2.0,1.0,-2.0,14:20,0.8,1
21,201589,Darrell Arthur,4.0,2.0,7.0,0.0,0.0,4.0,4.0,0.0,2.0,0.0,3.0,0.0,4.0,12:59,4.1,1
22,201166,Aaron Brooks,3.0,1.0,5.0,1.0,1.0,0.0,2.0,2.0,5.0,0.0,4.0,3.0,2.0,17:16,1.4,1
23,201576,Anthony Randolph,,,,,,,,,,,,,,,0.0,1
24,101126,Nate Robinson,,,,,,,,,,,,,,,0.0,1
25,202686,Jan Vesely,,,,,,,,,,,,,,,0.0,1
