,id,name,PTS,FG,FGA,FTA,FT,OREB,DREB,STL,AST,BLK,PF,TO,PLUS_MINUS,MIN,GS,WIN
0,2738,Andre Iguodala,15.0,7.0,10.0,0.0,0.0,0.0,5.0,1.0,4.0,0.0,2.0,2.0,26.0,37:03,13.3,0
1,101135,David Lee,4.0,2.0,9.0,2.0,0.0,0.0,4.0,1.0,2.0,0.0,6.0,3.0,6.0,33:20,-4.1,0
2,101106,Andrew Bogut,2.0,1.0,3.0,0.0,0.0,2.0,7.0,1.0,4.0,0.0,4.0,0.0,24.0,31:41,6.0,0
3,202691,Klay Thompson,25.0,9.0,17.0,2.0,1.0,0.0,2.0,2.0,2.0,0.0,6.0,1.0,7.0,31:59,16.9,0
4,201939,Stephen Curry,47.0,16.0,29.0,8.0,8.0,1.0,0.0,4.0,5.0,0.0,3.0,4.0,6.0,45:26,36.1,0
5,203084,Harrison Barnes,8.0,3.0,7.0,2.0,1.0,2.0,6.0,0.0,1.0,0.0,1.0,0.0,-8.0,22:13,7.4,0
6,979,Jermaine O'Neal,6.0,2.0,5.0,2.0,2.0,0.0,3.0,0.0,1.0,0.0,1.0,1.0,-25.0,20:26,3.5,0
7,2581,Steve Blake,5.0,2.0,6.0,0.0,0.0,0.0,1.0,0.0,1.0,0.0,1.0,0.0,-21.0,13:04,2.2,0
8,203110,Draymond Green,3.0,1.0,3.0,0.0,0.0,1.0,3.0,1.0,2.0,0.0,3.0,2.0,-17.0,22:19,2.1,0
9,202348,Jordan Crawford,2.0,1.0,2.0,0.0,0.0,0.0,1.0,0.0,0.0,0.0,0.0,1.0,-8.0,7:29,0.3,0
10,201578,Marreese Speights,0.0,0.0,0.0,0.0,0.0,0.0,0.0,0.0,0.0,0.0,0.0,0.0,0.0,0:02,0.0,0
11,200756,Hilton Armstrong,,,,,,,,,,,,,,,0.0,0
12,201587,Nicolas Batum,18.0,7.0,9.0,5.0,1.0,0.0,12.0,1.0,5.0,1.0,0.0,3.0,-5.0,43:49,18.7,1
13,200746,LaMarcus Aldridge,26.0,11.0,23.0,6.0,4.0,1.0,5.0,3.0,2.0,0.0,0.0,2.0,-10.0,38:08,18.1,1
14,201577,Robin Lopez,16.0,6.0,11.0,4.0,4.0,3.0,5.0,0.0,3.0,0.0,2.0,1.0,2.0,45:16,14.6,1
15,202083,Wesley Matthews,24.0,6.0,13.0,10.0,8.0,0.0,3.0,1.0,3.0,0.0,2.0,4.0,-4.0,41:52,15.7,1
16,203081,Damian Lillard,13.0,3.0,13.0,6.0,5.0,1.0,2.0,1.0,5.0,1.0,4.0,3.0,-9.0,43:35,6.6,1
17,203080,Thomas Robinson,4.0,2.0,4.0,0.0,0.0,2.0,3.0,1.0,2.0,0.0,2.0,1.0,11.0,13:05,4.9,1
18,2590,Mo Williams,18.0,8.0,10.0,1.0,1.0,0.0,3.0,0.0,3.0,0.0,2.0,0.0,10.0,21:58,16.4,1
19,2748,Dorell Wright,0.0,0.0,3.0,0.0,0.0,0.0,6.0,0.0,3.0,1.0,0.0,0.0,15.0,17:18,2.5,1
20,203115,Will Barton,,,,,,,,,,,,,,,0.0,1
21,200777,Joel Freeland,,,,,,,,,,,,,,,0.0,1
22,203086,Meyers Leonard,,,,,,,,,,,,,,,0.0,1
23,203468,CJ McCollum,,,,,,,,,,,,,,,0.0,1
24,2248,Earl Watson,,,,,,,,,,,,,,,0.0,1
