,id,name,PTS,FG,FGA,FTA,FT,OREB,DREB,STL,AST,BLK,PF,TO,PLUS_MINUS,MIN,GS,WIN
0,202697,Iman Shumpert,5.0,2.0,3.0,0.0,0.0,1.0,6.0,0.0,4.0,1.0,4.0,1.0,3.0,38:44,7.1,1
1,2546,Carmelo Anthony,28.0,12.0,22.0,5.0,3.0,5.0,3.0,1.0,6.0,1.0,2.0,3.0,16.0,39:15,23.1,1
2,200745,Andrea Bargnani,25.0,11.0,25.0,0.0,0.0,3.0,5.0,0.0,3.0,5.0,1.0,1.0,14.0,34:48,19.7,1
3,101109,Raymond Felton,15.0,6.0,17.0,1.0,1.0,1.0,3.0,0.0,5.0,1.0,3.0,1.0,17.0,37:47,9.1,1
4,203143,Pablo Prigioni,9.0,3.0,6.0,0.0,0.0,0.0,3.0,1.0,2.0,0.0,5.0,0.0,4.0,21:31,7.3,1
5,1897,Metta World Peace,9.0,4.0,9.0,1.0,0.0,2.0,1.0,2.0,2.0,1.0,2.0,2.0,4.0,28:37,6.9,1
6,2030,Kenyon Martin,0.0,0.0,0.0,0.0,0.0,0.0,1.0,0.0,1.0,0.0,0.0,0.0,8.0,10:06,1.0,1
7,203501,Tim Hardaway Jr.,5.0,2.0,4.0,0.0,0.0,0.0,0.0,0.0,0.0,0.0,1.0,2.0,-1.0,13:50,0.6,1
8,2757,Beno Udrih,0.0,0.0,1.0,0.0,0.0,0.0,0.0,0.0,1.0,0.0,2.0,0.0,-2.0,3:56,-0.8,1
9,2405,Amar'e Stoudemire,5.0,2.0,2.0,2.0,1.0,0.0,2.0,1.0,1.0,0.0,1.0,1.0,-7.0,8:28,4.9,1
10,202332,Cole Aldrich,0.0,0.0,0.0,0.0,0.0,0.0,0.0,0.0,0.0,0.0,1.0,1.0,-3.0,1:29,-1.4,1
11,203315,Toure' Murry,0.0,0.0,1.0,0.0,0.0,0.0,1.0,0.0,0.0,0.0,0.0,0.0,-3.0,1:29,-0.4,1
12,2747,JR Smith,,,,,,,,,,,,,,,0.0,1
13,203077,Michael Kidd-Gilchrist,14.0,6.0,11.0,4.0,2.0,4.0,4.0,1.0,0.0,3.0,2.0,3.0,-9.0,34:15,11.2,0
14,201177,Josh McRoberts,5.0,2.0,5.0,0.0,0.0,0.0,2.0,0.0,3.0,0.0,1.0,2.0,0.0,33:01,2.6,0
15,202687,Bismack Biyombo,3.0,0.0,1.0,4.0,3.0,1.0,10.0,0.0,1.0,1.0,1.0,1.0,-8.0,26:06,5.6,0
16,201945,Gerald Henderson,18.0,7.0,18.0,5.0,4.0,1.0,8.0,1.0,1.0,0.0,2.0,4.0,-1.0,35:46,7.8,0
17,202689,Kemba Walker,25.0,8.0,22.0,8.0,8.0,1.0,2.0,0.0,5.0,1.0,0.0,0.0,-14.0,38:07,18.3,0
18,203106,Jeffery Taylor,5.0,2.0,8.0,0.0,0.0,1.0,1.0,0.0,1.0,1.0,2.0,1.0,-6.0,17:12,0.8,0
19,203469,Cody Zeller,3.0,1.0,3.0,2.0,1.0,1.0,1.0,0.0,0.0,1.0,3.0,1.0,-12.0,23:08,0.4,0
20,201196,Ramon Sessions,15.0,4.0,4.0,7.0,7.0,1.0,0.0,0.0,2.0,1.0,1.0,1.0,-5.0,14:54,15.2,0
21,201229,Anthony Tolliver,3.0,1.0,4.0,0.0,0.0,0.0,2.0,2.0,0.0,0.0,3.0,1.0,3.0,14:46,1.0,0
22,202399,Jeff Adrien,0.0,0.0,0.0,0.0,0.0,0.0,1.0,0.0,0.0,0.0,0.0,0.0,2.0,2:45,0.3,0
23,2732,Ben Gordon,,,,,,,,,,,,,,,0.0,0
24,2457,Jannero Pargo,,,,,,,,,,,,,,,0.0,0
25,203480,James Southerland,,,,,,,,,,,,,,,0.0,0
