,id,name,PTS,FG,FGA,FTA,FT,OREB,DREB,STL,AST,BLK,PF,TO,PLUS_MINUS,MIN,GS,WIN
0,2772,Trevor Ariza,28.0,8.0,14.0,8.0,6.0,1.0,9.0,1.0,3.0,0.0,4.0,2.0,-9.0,37:38,23.5,0
1,202344,Trevor Booker,2.0,1.0,3.0,0.0,0.0,4.0,1.0,0.0,3.0,0.0,3.0,1.0,3.0,20:17,3.3,0
2,2403,Nene,12.0,4.0,6.0,7.0,4.0,1.0,2.0,1.0,1.0,1.0,4.0,0.0,-10.0,30:18,10.3,0
3,203078,Bradley Beal,17.0,6.0,18.0,3.0,3.0,1.0,3.0,0.0,2.0,0.0,3.0,3.0,-3.0,38:15,5.6,0
4,202322,John Wall,20.0,8.0,21.0,6.0,4.0,2.0,0.0,3.0,11.0,0.0,3.0,4.0,-8.0,38:59,14.6,0
5,101162,Marcin Gortat,9.0,3.0,6.0,4.0,3.0,4.0,5.0,0.0,0.0,1.0,5.0,3.0,-6.0,16:53,5.6,0
6,1733,Al Harrington,4.0,1.0,4.0,2.0,2.0,0.0,0.0,0.0,1.0,0.0,4.0,2.0,-6.0,18:24,-1.3,0
7,201953,Eric Maynor,3.0,1.0,3.0,0.0,0.0,0.0,2.0,0.0,1.0,0.0,0.0,0.0,-3.0,9:01,2.6,0
8,101110,Martell Webster,5.0,1.0,1.0,2.0,2.0,0.0,2.0,0.0,0.0,0.0,2.0,0.0,-3.0,20:55,4.5,0
9,202066,Garrett Temple,0.0,0.0,1.0,0.0,0.0,0.0,0.0,0.0,1.0,1.0,1.0,0.0,-7.0,5:03,0.3,0
10,202338,Kevin Seraphin,2.0,1.0,1.0,0.0,0.0,0.0,1.0,0.0,0.0,0.0,1.0,1.0,-3.0,4:17,0.6,0
11,203318,Glen Rice,,,,,,,,,,,,,,,0.0,0
12,202686,Jan Vesely,,,,,,,,,,,,,,,0.0,0
13,2746,Josh Smith,19.0,8.0,12.0,0.0,0.0,1.0,4.0,0.0,5.0,1.0,5.0,4.0,13.0,39:43,13.9,1
14,202328,Greg Monroe,24.0,6.0,15.0,15.0,12.0,5.0,11.0,1.0,3.0,1.0,3.0,5.0,8.0,41:26,19.1,1
15,203083,Andre Drummond,12.0,6.0,7.0,0.0,0.0,3.0,5.0,0.0,1.0,0.0,5.0,1.0,4.0,26:18,10.8,1
16,1497,Chauncey Billups,16.0,4.0,8.0,4.0,4.0,1.0,2.0,1.0,5.0,0.0,3.0,1.0,6.0,30:38,15.6,1
17,101198,Will Bynum,19.0,7.0,13.0,6.0,4.0,0.0,1.0,2.0,5.0,1.0,4.0,4.0,9.0,38:05,12.8,1
18,203484,Kentavious Caldwell-Pope,9.0,4.0,12.0,2.0,1.0,0.0,1.0,2.0,2.0,0.0,4.0,2.0,7.0,27:04,1.9,1
19,202713,Kyle Singler,8.0,2.0,6.0,3.0,3.0,2.0,6.0,0.0,1.0,0.0,2.0,0.0,8.0,27:20,7.7,1
20,201973,Jonas Jerebko,6.0,2.0,5.0,3.0,2.0,0.0,1.0,0.0,2.0,1.0,1.0,1.0,0.0,8:29,3.9,1
21,203491,Peyton Siva,0.0,0.0,0.0,0.0,0.0,0.0,0.0,0.0,0.0,0.0,0.0,0.0,0.0,0:19,0.0,1
22,203502,Tony Mitchell,0.0,0.0,0.0,0.0,0.0,0.0,1.0,0.0,0.0,0.0,0.0,0.0,0.0,0:19,0.3,1
23,203540,Gigi Datome,0.0,0.0,0.0,0.0,0.0,0.0,0.0,0.0,0.0,0.0,0.0,0.0,0.0,0:19,0.0,1
24,202725,Josh Harrellson,,,,,,,,,,,,,,,0.0,1
25,101111,Charlie Villanueva,,,,,,,,,,,,,,,0.0,1
