,id,name,PTS,FG,FGA,FTA,FT,OREB,DREB,STL,AST,BLK,PF,TO,PLUS_MINUS,MIN,GS,WIN
0,200752,Rudy Gay,18.0,4.0,14.0,10.0,8.0,2.0,13.0,3.0,0.0,0.0,2.0,5.0,2.0,35:21,11.5,1
1,101161,Amir Johnson,11.0,5.0,7.0,0.0,0.0,5.0,3.0,0.0,3.0,0.0,2.0,1.0,13.0,32:36,12.8,1
2,202685,Jonas Valanciunas,7.0,3.0,8.0,2.0,1.0,3.0,3.0,0.0,0.0,0.0,3.0,2.0,-1.0,16:16,2.0,1
3,201942,DeMar DeRozan,17.0,5.0,14.0,8.0,6.0,1.0,5.0,2.0,5.0,0.0,1.0,2.0,17.0,34:56,13.7,1
4,200768,Kyle Lowry,14.0,5.0,14.0,4.0,2.0,1.0,5.0,0.0,4.0,0.0,3.0,0.0,11.0,34:08,9.2,1
5,201946,Tyler Hansbrough,7.0,2.0,3.0,4.0,3.0,4.0,2.0,0.0,0.0,0.0,3.0,1.0,0.0,16:04,6.5,1
6,202361,Landry Fields,11.0,3.0,7.0,6.0,5.0,1.0,4.0,0.0,4.0,0.0,2.0,1.0,3.0,28:25,9.8,1
7,201571,D.J. Augustin,2.0,0.0,4.0,2.0,2.0,0.0,1.0,1.0,1.0,0.0,1.0,3.0,-4.0,13:52,-2.2,1
8,203082,Terrence Ross,6.0,2.0,5.0,2.0,1.0,0.0,5.0,0.0,1.0,0.0,4.0,2.0,-3.0,22:19,1.5,1
9,201189,Aaron Gray,4.0,2.0,2.0,0.0,0.0,1.0,1.0,0.0,1.0,0.0,1.0,0.0,-3.0,6:03,4.7,1
10,202779,Dwight Buycks,,,,,,,,,,,,,,,0.0,1
11,201948,Austin Daye,,,,,,,,,,,,,,,0.0,1
12,202933,Julyan Stone,,,,,,,,,,,,,,,0.0,1
13,2406,Caron Butler,12.0,3.0,9.0,6.0,5.0,0.0,6.0,0.0,0.0,0.0,3.0,1.0,-9.0,25:04,6.1,0
14,101141,Ersan Ilyasova,14.0,6.0,12.0,0.0,0.0,2.0,2.0,0.0,2.0,1.0,1.0,2.0,0.0,23:30,9.7,0
15,202336,Larry Sanders,4.0,2.0,8.0,0.0,0.0,1.0,3.0,0.0,1.0,1.0,2.0,0.0,-1.0,21:37,1.4,0
16,203489,Nate Wolters,7.0,3.0,8.0,2.0,1.0,0.0,4.0,0.0,10.0,0.0,4.0,1.0,-1.0,36:28,7.8,0
17,202390,Gary Neal,8.0,3.0,10.0,2.0,2.0,0.0,5.0,1.0,4.0,0.0,1.0,2.0,-5.0,25:56,5.1,0
18,201564,O.J. Mayo,16.0,6.0,13.0,2.0,1.0,1.0,5.0,1.0,8.0,1.0,2.0,4.0,-6.0,32:35,13.6,0
19,2585,Zaza Pachulia,6.0,3.0,4.0,0.0,0.0,1.0,2.0,0.0,0.0,0.0,3.0,1.0,-11.0,14:23,3.5,0
20,203114,Khris Middleton,8.0,4.0,9.0,2.0,0.0,0.0,1.0,2.0,0.0,1.0,4.0,0.0,-1.0,19:00,3.9,0
21,203089,John Henson,13.0,6.0,9.0,2.0,1.0,1.0,2.0,2.0,0.0,1.0,5.0,2.0,-7.0,24:30,8.7,0
22,203507,Giannis Antetokounmpo,2.0,1.0,2.0,2.0,0.0,0.0,2.0,1.0,0.0,0.0,1.0,0.0,6.0,16:57,1.4,0
23,202688,Brandon Knight,,,,,,,,,,,,,,,0.0,0
24,203545,Miroslav Raduljica,,,,,,,,,,,,,,,0.0,0
25,2557,Luke Ridnour,,,,,,,,,,,,,,,0.0,0
