,id,name,PTS,FG,FGA,FTA,FT,OREB,DREB,STL,AST,BLK,PF,TO,PLUS_MINUS,MIN,GS,WIN
0,201142,Kevin Durant,28.0,7.0,19.0,12.0,11.0,1.0,11.0,0.0,6.0,0.0,1.0,6.0,-1.0,43:40,18.9,0
1,201586,Serge Ibaka,27.0,11.0,17.0,4.0,3.0,4.0,5.0,2.0,4.0,6.0,5.0,0.0,6.0,35:43,30.4,0
2,203500,Steven Adams,2.0,1.0,3.0,0.0,0.0,1.0,1.0,0.0,1.0,0.0,0.0,1.0,5.0,12:37,1.0,0
3,203460,Andre Roberson,0.0,0.0,3.0,0.0,0.0,1.0,3.0,1.0,1.0,1.0,2.0,1.0,4.0,13:34,0.1,0
4,202704,Reggie Jackson,17.0,7.0,14.0,2.0,2.0,1.0,6.0,1.0,7.0,0.0,2.0,2.0,-7.0,35:40,15.6,0
5,2555,Nick Collison,5.0,2.0,5.0,0.0,0.0,2.0,2.0,0.0,0.0,0.0,2.0,2.0,-7.0,15:02,1.5,0
6,2406,Caron Butler,13.0,4.0,10.0,2.0,2.0,0.0,4.0,0.0,2.0,0.0,4.0,0.0,-9.0,35:22,8.6,0
7,965,Derek Fisher,3.0,1.0,6.0,0.0,0.0,0.0,2.0,1.0,2.0,0.0,4.0,0.0,-9.0,24:35,0.6,0
8,203087,Jeremy Lamb,12.0,5.0,8.0,0.0,0.0,0.0,1.0,0.0,1.0,0.0,3.0,1.0,4.0,21:58,7.2,0
9,201934,Hasheem Thabeet,0.0,0.0,0.0,0.0,0.0,0.0,0.0,0.0,0.0,1.0,1.0,1.0,-6.0,1:49,-0.7,0
10,203103,Perry Jones III,,,,,,,,,,,,,,,0.0,0
11,201566,Russell Westbrook,,,,,,,,,,,,,,,0.0,0
12,202130,Reggie Williams,,,,,,,,,,,,,,,0.0,0
13,202718,Chandler Parsons,23.0,5.0,17.0,11.0,10.0,1.0,5.0,2.0,3.0,0.0,4.0,1.0,-2.0,41:07,16.4,1
14,203093,Terrence Jones,16.0,7.0,12.0,2.0,2.0,2.0,9.0,2.0,2.0,2.0,1.0,1.0,-1.0,33:10,17.9,1
15,201600,Omer Asik,9.0,3.0,5.0,4.0,3.0,4.0,8.0,0.0,2.0,0.0,3.0,1.0,5.0,32:54,10.7,1
16,201935,James Harden,39.0,9.0,22.0,20.0,17.0,0.0,9.0,2.0,7.0,0.0,2.0,5.0,5.0,43:02,29.8,1
17,202391,Jeremy Lin,8.0,3.0,11.0,0.0,0.0,2.0,1.0,0.0,3.0,0.0,4.0,1.0,3.0,38:08,2.7,1
18,203477,Isaiah Canaan,6.0,2.0,5.0,0.0,0.0,0.0,2.0,0.0,1.0,0.0,2.0,2.0,2.0,18:00,1.8,1
19,202700,Donatas Motiejunas,4.0,2.0,2.0,0.0,0.0,0.0,1.0,0.0,0.0,0.0,0.0,0.0,1.0,5:34,3.7,1
20,101128,Francisco Garcia,6.0,2.0,4.0,0.0,0.0,0.0,1.0,2.0,3.0,0.0,5.0,0.0,7.0,28:05,6.4,1
21,201976,Patrick Beverley,,,,,,,,,,,,,,,0.0,1
22,201956,Omri Casspi,,,,,,,,,,,,,,,0.0,1
23,202706,Jordan Hamilton,,,,,,,,,,,,,,,0.0,1
24,2730,Dwight Howard,,,,,,,,,,,,,,,0.0,1
25,202962,Greg Smith,,,,,,,,,,,,,,,0.0,1
