,id,name,PTS,FG,FGA,FTA,FT,OREB,DREB,STL,AST,BLK,PF,TO,PLUS_MINUS,MIN,GS,WIN
0,2736,Luol Deng,7.0,3.0,14.0,1.0,1.0,2.0,4.0,0.0,4.0,0.0,0.0,2.0,-1.0,34:07,1.8,1
1,202684,Tristan Thompson,6.0,0.0,3.0,10.0,6.0,3.0,3.0,0.0,0.0,0.0,0.0,2.0,-16.0,21:42,3.3,1
2,201150,Spencer Hawes,4.0,2.0,4.0,1.0,0.0,1.0,5.0,1.0,2.0,1.0,1.0,2.0,-18.0,23:52,4.5,1
3,203079,Dion Waiters,18.0,8.0,20.0,3.0,2.0,0.0,4.0,0.0,4.0,1.0,3.0,0.0,3.0,38:32,10.3,1
4,101127,Jarrett Jack,17.0,7.0,15.0,1.0,1.0,0.0,2.0,0.0,1.0,0.0,0.0,2.0,-12.0,28:30,8.6,1
5,203521,Matthew Dellavedova,21.0,7.0,9.0,4.0,2.0,0.0,3.0,1.0,6.0,0.0,2.0,2.0,24.0,35:34,20.0,1
6,2760,Anderson Varejao,12.0,5.0,9.0,4.0,2.0,7.0,9.0,1.0,0.0,0.0,4.0,0.0,25.0,31:19,13.9,1
7,203092,Tyler Zeller,4.0,2.0,5.0,0.0,0.0,0.0,0.0,0.0,0.0,0.0,1.0,0.0,-4.0,9:42,0.9,1
8,202087,Alonzo Gee,8.0,3.0,6.0,0.0,0.0,0.0,2.0,0.0,1.0,0.0,2.0,0.0,4.0,16:42,5.5,1
9,203461,Anthony Bennett,,,,,,,,,,,,,,,0.0,1
10,203552,Seth Curry,,,,,,,,,,,,,,,0.0,1
11,203508,Sergey Karasev,,,,,,,,,,,,,,,0.0,1
12,101139,CJ Miles,,,,,,,,,,,,,,,0.0,1
13,2746,Josh Smith,24.0,11.0,23.0,3.0,1.0,1.0,7.0,0.0,6.0,3.0,2.0,2.0,6.0,43:52,17.8,0
14,202328,Greg Monroe,14.0,6.0,9.0,2.0,2.0,2.0,6.0,2.0,1.0,1.0,3.0,2.0,21.0,27:40,13.5,0
15,203083,Andre Drummond,6.0,3.0,6.0,4.0,0.0,1.0,10.0,0.0,1.0,0.0,3.0,2.0,-3.0,26:14,2.6,0
16,202713,Kyle Singler,18.0,7.0,11.0,0.0,0.0,1.0,2.0,1.0,2.0,1.0,4.0,0.0,2.0,29:54,15.9,0
17,201943,Brandon Jennings,17.0,6.0,14.0,0.0,0.0,0.0,5.0,2.0,13.0,0.0,1.0,2.0,6.0,41:14,19.8,0
18,201155,Rodney Stuckey,6.0,2.0,10.0,2.0,2.0,1.0,1.0,0.0,2.0,0.0,1.0,2.0,-9.0,32:07,-0.2,0
19,201973,Jonas Jerebko,4.0,2.0,6.0,0.0,0.0,2.0,6.0,0.0,0.0,0.0,2.0,0.0,-13.0,19:02,3.0,0
20,203484,Kentavious Caldwell-Pope,5.0,2.0,4.0,0.0,0.0,2.0,0.0,0.0,0.0,0.0,2.0,0.0,-8.0,13:11,3.6,0
21,101198,Will Bynum,2.0,0.0,1.0,2.0,2.0,1.0,0.0,0.0,2.0,0.0,0.0,1.0,-7.0,6:46,2.4,0
22,203540,Gigi Datome,,,,,,,,,,,,,,,0.0,0
23,203502,Tony Mitchell,,,,,,,,,,,,,,,0.0,0
24,203491,Peyton Siva,,,,,,,,,,,,,,,0.0,0
25,101111,Charlie Villanueva,,,,,,,,,,,,,,,0.0,0
