,id,name,PTS,FG,FGA,FTA,FT,OREB,DREB,STL,AST,BLK,PF,TO,PLUS_MINUS,MIN,GS,WIN
0,2772,Trevor Ariza,23.0,6.0,14.0,8.0,8.0,1.0,6.0,4.0,2.0,0.0,1.0,2.0,14.0,35:43,21.1,1
1,2403,Nene,18.0,8.0,15.0,4.0,2.0,5.0,3.0,1.0,2.0,1.0,3.0,6.0,11.0,33:08,10.2,1
2,101162,Marcin Gortat,14.0,6.0,10.0,4.0,2.0,2.0,3.0,1.0,1.0,2.0,5.0,2.0,17.0,35:43,10.0,1
3,203078,Bradley Beal,17.0,8.0,15.0,0.0,0.0,0.0,6.0,4.0,3.0,0.0,3.0,0.0,8.0,30:56,16.4,1
4,202322,John Wall,18.0,6.0,12.0,5.0,4.0,1.0,2.0,2.0,12.0,1.0,3.0,2.0,16.0,35:06,20.8,1
5,202066,Garrett Temple,3.0,1.0,6.0,2.0,1.0,0.0,1.0,1.0,1.0,1.0,3.0,2.0,-12.0,23:21,-1.7,1
6,202344,Trevor Booker,6.0,3.0,7.0,0.0,0.0,6.0,1.0,0.0,0.0,0.0,2.0,1.0,-10.0,22:17,5.0,1
7,202338,Kevin Seraphin,0.0,0.0,1.0,0.0,0.0,0.0,1.0,0.0,0.0,1.0,2.0,2.0,-6.0,4:52,-2.5,1
8,203490,Otto Porter Jr.,2.0,1.0,6.0,0.0,0.0,4.0,2.0,0.0,1.0,1.0,2.0,0.0,-8.0,18:54,2.2,1
9,201953,Eric Maynor,,,,,,,,,,,,,,,0.0,1
10,202698,Chris Singleton,,,,,,,,,,,,,,,0.0,1
11,202686,Jan Vesely,,,,,,,,,,,,,,,0.0,1
12,101110,Martell Webster,,,,,,,,,,,,,,,0.0,1
13,200782,P.J. Tucker,7.0,2.0,7.0,4.0,2.0,1.0,4.0,3.0,1.0,0.0,1.0,1.0,-4.0,31:24,6.3,0
14,101112,Channing Frye,16.0,5.0,10.0,2.0,2.0,1.0,2.0,0.0,1.0,0.0,5.0,3.0,-7.0,35:52,8.0,0
15,203101,Miles Plumlee,14.0,7.0,8.0,0.0,0.0,2.0,4.0,0.0,0.0,2.0,2.0,4.0,-15.0,27:26,10.4,0
16,101123,Gerald Green,8.0,3.0,8.0,2.0,2.0,0.0,2.0,1.0,1.0,1.0,5.0,2.0,-8.0,30:43,2.6,0
17,201609,Goran Dragic,19.0,8.0,19.0,2.0,2.0,2.0,2.0,2.0,11.0,0.0,3.0,4.0,-12.0,36:06,15.4,0
18,2571,Leandro Barbosa,10.0,4.0,8.0,2.0,2.0,1.0,0.0,1.0,1.0,0.0,3.0,1.0,12.0,20:45,6.2,0
19,202693,Markieff Morris,13.0,3.0,4.0,9.0,6.0,0.0,2.0,1.0,1.0,0.0,4.0,2.0,5.0,20:42,8.9,0
20,202397,Ish Smith,0.0,0.0,3.0,0.0,0.0,2.0,2.0,0.0,2.0,0.0,0.0,0.0,1.0,13:39,1.3,0
21,202694,Marcus Morris Sr.,4.0,1.0,3.0,2.0,2.0,0.0,2.0,0.0,1.0,0.0,1.0,3.0,-4.0,17:06,0.2,0
22,203458,Alex Len,4.0,1.0,1.0,2.0,2.0,0.0,1.0,0.0,0.0,0.0,0.0,1.0,2.0,6:17,3.0,0
23,202091,Dionte Christmas,,,,,,,,,,,,,,,0.0,0
24,203139,Viacheslav Kravtsov,,,,,,,,,,,,,,,0.0,0
