,id,name,PTS,FG,FGA,FTA,FT,OREB,DREB,STL,AST,BLK,PF,TO,PLUS_MINUS,MIN,GS,WIN
0,202087,Alonzo Gee,6.0,3.0,5.0,0.0,0.0,0.0,3.0,0.0,0.0,0.0,1.0,0.0,-17.0,12:19,4.2,0
1,202684,Tristan Thompson,2.0,1.0,6.0,0.0,0.0,3.0,4.0,0.0,0.0,0.0,0.0,0.0,-21.0,25:19,1.5,0
2,101115,Andrew Bynum,4.0,2.0,7.0,0.0,0.0,0.0,2.0,0.0,0.0,1.0,0.0,0.0,-25.0,15:08,1.2,0
3,203508,Sergey Karasev,1.0,0.0,1.0,2.0,1.0,0.0,0.0,1.0,1.0,0.0,3.0,1.0,-15.0,15:12,-0.6,0
4,202681,Kyrie Irving,17.0,7.0,16.0,6.0,3.0,0.0,3.0,0.0,3.0,0.0,2.0,4.0,-24.0,36:13,5.6,0
5,203079,Dion Waiters,21.0,7.0,18.0,7.0,6.0,2.0,2.0,1.0,6.0,0.0,5.0,6.0,-3.0,34:31,10.0,0
6,101127,Jarrett Jack,9.0,4.0,9.0,1.0,1.0,0.0,1.0,0.0,2.0,0.0,2.0,1.0,-3.0,21:58,4.2,0
7,201947,Earl Clark,1.0,0.0,5.0,2.0,1.0,0.0,2.0,1.0,0.0,0.0,1.0,1.0,-4.0,12:07,-2.7,0
8,2760,Anderson Varejao,10.0,4.0,9.0,3.0,2.0,5.0,7.0,2.0,0.0,1.0,2.0,1.0,2.0,25:58,11.4,0
9,203521,Matthew Dellavedova,7.0,2.0,2.0,2.0,1.0,0.0,1.0,1.0,0.0,0.0,1.0,0.0,7.0,12:07,6.9,0
10,203461,Anthony Bennett,4.0,1.0,4.0,2.0,1.0,1.0,3.0,0.0,1.0,0.0,4.0,3.0,10.0,19:40,-1.1,0
11,203092,Tyler Zeller,2.0,0.0,1.0,2.0,2.0,1.0,1.0,0.0,0.0,0.0,0.0,0.0,6.0,5:37,2.3,0
12,203467,Carrick Felix,2.0,1.0,3.0,0.0,0.0,1.0,1.0,0.0,0.0,0.0,0.0,0.0,2.0,3:51,1.3,0
13,201145,Jeff Green,31.0,10.0,19.0,13.0,9.0,1.0,4.0,0.0,2.0,0.0,1.0,4.0,19.0,38:23,19.0,1
14,101138,Brandon Bass,12.0,5.0,8.0,2.0,1.0,1.0,7.0,1.0,4.0,2.0,2.0,1.0,23.0,29:51,14.2,1
15,203096,Jared Sullinger,12.0,4.0,9.0,0.0,0.0,1.0,3.0,1.0,3.0,1.0,4.0,2.0,18.0,25:15,9.1,1
16,202340,Avery Bradley,21.0,9.0,11.0,0.0,0.0,1.0,2.0,2.0,3.0,0.0,2.0,1.0,20.0,35:05,20.5,1
17,202348,Jordan Crawford,11.0,4.0,14.0,2.0,2.0,2.0,9.0,1.0,10.0,0.0,4.0,2.0,24.0,32:35,11.3,1
18,203543,Vitor Faverani,6.0,2.0,7.0,4.0,2.0,2.0,7.0,1.0,0.0,2.0,5.0,1.0,0.0,21:57,4.0,1
19,2222,Gerald Wallace,1.0,0.0,2.0,2.0,1.0,0.0,1.0,1.0,3.0,1.0,0.0,3.0,2.0,14:40,0.3,1
20,203515,Phil Pressey,0.0,0.0,0.0,2.0,0.0,0.0,1.0,1.0,0.0,0.0,1.0,0.0,-8.0,15:01,0.1,1
21,2743,Kris Humphries,9.0,4.0,6.0,1.0,1.0,0.0,4.0,0.0,1.0,1.0,2.0,2.0,-6.0,18:09,6.2,1
22,2586,Keith Bogans,0.0,0.0,0.0,0.0,0.0,0.0,1.0,0.0,0.0,0.0,1.0,1.0,-4.0,7:09,-1.1,1
23,202705,MarShon Brooks,0.0,0.0,0.0,0.0,0.0,0.0,0.0,0.0,0.0,0.0,0.0,0.0,-3.0,1:56,0.0,1
24,201584,Courtney Lee,,,,,,,,,,,,,,,0.0,1
25,203482,Kelly Olynyk,,,,,,,,,,,,,,,0.0,1
