,id,name,PTS,FG,FGA,FTA,FT,OREB,DREB,STL,AST,BLK,PF,TO,PLUS_MINUS,MIN,GS,WIN
0,202682,Derrick Williams,8.0,2.0,6.0,5.0,4.0,1.0,3.0,1.0,1.0,0.0,4.0,0.0,-3.0,26:35,5.9,1
1,201574,Jason Thompson,11.0,3.0,9.0,6.0,5.0,2.0,3.0,1.0,1.0,1.0,2.0,0.0,-4.0,28:37,9.4,1
2,202326,DeMarcus Cousins,28.0,10.0,15.0,10.0,8.0,1.0,6.0,2.0,3.0,3.0,4.0,4.0,2.0,27:22,23.8,1
3,203463,Ben McLemore,15.0,6.0,17.0,4.0,2.0,0.0,9.0,2.0,1.0,1.0,3.0,0.0,13.0,38:00,9.6,1
4,202349,Greivis Vasquez,4.0,1.0,5.0,2.0,2.0,0.0,1.0,0.0,4.0,0.0,1.0,0.0,7.0,21:06,3.6,1
5,101236,Chuck Hayes,5.0,2.0,6.0,1.0,1.0,3.0,5.0,0.0,2.0,1.0,1.0,1.0,10.0,19:09,5.9,1
6,2422,John Salmons,2.0,1.0,8.0,0.0,0.0,1.0,2.0,1.0,5.0,0.0,4.0,2.0,7.0,27:57,-1.0,1
7,202335,Patrick Patterson,7.0,3.0,6.0,0.0,0.0,2.0,5.0,0.0,1.0,0.0,1.0,0.0,20.0,22:48,7.2,1
8,202738,Isaiah Thomas,26.0,8.0,14.0,10.0,9.0,0.0,1.0,4.0,8.0,0.0,3.0,3.0,3.0,31:54,24.7,1
9,201977,Marcus Thornton,4.0,2.0,7.0,0.0,0.0,1.0,1.0,0.0,0.0,1.0,0.0,0.0,-3.0,15:03,1.6,1
10,202380,Hamady Ndiaye,0.0,0.0,0.0,0.0,0.0,1.0,0.0,0.0,0.0,0.0,3.0,0.0,4.0,1:48,-0.5,1
11,2566,Travis Outlaw,2.0,1.0,1.0,0.0,0.0,1.0,0.0,0.0,0.0,0.0,0.0,0.0,-6.0,4:41,2.4,1
12,202690,Jimmer Fredette,,,,,,,,,,,,,,,0.0,1
13,2210,Richard Jefferson,13.0,5.0,11.0,0.0,0.0,1.0,5.0,0.0,1.0,0.0,4.0,2.0,-10.0,29:59,6.6,0
14,202379,Jeremy Evans,8.0,4.0,9.0,0.0,0.0,4.0,5.0,0.0,0.0,2.0,6.0,0.0,2.0,29:16,6.6,0
15,202683,Enes Kanter,12.0,6.0,11.0,0.0,0.0,0.0,7.0,1.0,2.0,4.0,6.0,3.0,-14.0,36:38,8.6,0
16,202330,Gordon Hayward,22.0,6.0,17.0,10.0,8.0,1.0,3.0,1.0,3.0,2.0,1.0,1.0,-11.0,43:37,16.4,0
17,203504,Trey Burke,19.0,5.0,19.0,7.0,7.0,1.0,9.0,2.0,7.0,0.0,3.0,4.0,-12.0,44:08,12.8,0
18,200839,Mike Harris,6.0,3.0,4.0,0.0,0.0,0.0,0.0,1.0,1.0,1.0,6.0,0.0,-1.0,17:38,4.4,0
19,2740,Andris Biedrins,1.0,0.0,0.0,6.0,1.0,0.0,4.0,0.0,0.0,0.0,1.0,1.0,9.0,13:31,-1.2,0
20,202692,Alec Burks,19.0,6.0,12.0,7.0,6.0,2.0,2.0,0.0,5.0,0.0,3.0,5.0,-7.0,37:17,11.9,0
21,203197,Diante Garrett,2.0,1.0,5.0,0.0,0.0,1.0,2.0,0.0,1.0,0.0,0.0,0.0,-4.0,10:51,0.9,0
22,203497,Rudy Gobert,0.0,0.0,1.0,0.0,0.0,2.0,1.0,0.0,0.0,0.0,2.0,0.0,-2.0,2:05,0.2,0
23,203546,Ian Clark,,,,,,,,,,,,,,,0.0,0
24,101249,John Lucas III,,,,,,,,,,,,,,,0.0,0
25,201575,Brandon Rush,,,,,,,,,,,,,,,0.0,0
