,id,name,PTS,FG,FGA,FTA,FT,OREB,DREB,STL,AST,BLK,PF,TO,PLUS_MINUS,MIN,GS,WIN
0,2222,Gerald Wallace,5.0,2.0,6.0,0.0,0.0,0.0,1.0,4.0,2.0,0.0,2.0,2.0,-6.0,36:28,4.5,0
1,101138,Brandon Bass,6.0,2.0,8.0,2.0,2.0,1.0,7.0,2.0,3.0,1.0,5.0,2.0,-8.0,37:26,4.8,0
2,203543,Vitor Faverani,8.0,4.0,6.0,0.0,0.0,1.0,1.0,2.0,1.0,1.0,2.0,2.0,-7.0,18:32,7.0,0
3,201145,Jeff Green,7.0,3.0,5.0,1.0,1.0,0.0,2.0,0.0,2.0,0.0,2.0,2.0,-8.0,20:06,3.9,0
4,202340,Avery Bradley,13.0,6.0,14.0,0.0,0.0,4.0,4.0,3.0,3.0,0.0,2.0,6.0,-15.0,34:00,7.9,0
5,202348,Jordan Crawford,13.0,5.0,10.0,2.0,2.0,0.0,3.0,1.0,1.0,0.0,0.0,3.0,3.0,21:58,7.6,0
6,201584,Courtney Lee,6.0,2.0,5.0,2.0,2.0,0.0,1.0,1.0,2.0,0.0,3.0,3.0,-5.0,21:44,1.8,0
7,203096,Jared Sullinger,4.0,1.0,6.0,2.0,2.0,0.0,4.0,0.0,0.0,1.0,1.0,0.0,-2.0,14:06,1.7,0
8,2586,Keith Bogans,0.0,0.0,1.0,0.0,0.0,0.0,0.0,0.0,0.0,0.0,0.0,0.0,-5.0,2:51,-0.7,0
9,203482,Kelly Olynyk,15.0,6.0,11.0,3.0,3.0,2.0,6.0,2.0,0.0,0.0,5.0,3.0,-3.0,25:56,9.9,0
10,202705,MarShon Brooks,0.0,0.0,2.0,0.0,0.0,0.0,0.0,0.0,1.0,0.0,0.0,0.0,6.0,6:53,-0.7,0
11,2743,Kris Humphries,,,,,,,,,,,,,,,0.0,0
12,203515,Phil Pressey,,,,,,,,,,,,,,,0.0,0
13,2746,Josh Smith,15.0,7.0,15.0,3.0,1.0,1.0,6.0,2.0,3.0,2.0,2.0,6.0,9.0,36:23,7.7,1
14,202328,Greg Monroe,15.0,7.0,14.0,4.0,1.0,7.0,3.0,1.0,2.0,1.0,3.0,4.0,10.0,36:36,10.5,1
15,203083,Andre Drummond,15.0,7.0,13.0,4.0,1.0,3.0,9.0,2.0,0.0,2.0,2.0,1.0,9.0,39:39,13.9,1
16,1497,Chauncey Billups,5.0,2.0,4.0,0.0,0.0,0.0,4.0,2.0,2.0,0.0,2.0,2.0,10.0,20:44,4.8,1
17,101198,Will Bynum,4.0,2.0,5.0,0.0,0.0,1.0,0.0,1.0,4.0,0.0,2.0,1.0,14.0,17:04,4.0,1
18,201943,Brandon Jennings,14.0,5.0,12.0,6.0,3.0,1.0,2.0,4.0,4.0,0.0,0.0,2.0,-4.0,30:56,12.5,1
19,201155,Rodney Stuckey,10.0,1.0,5.0,9.0,8.0,1.0,2.0,3.0,0.0,1.0,3.0,2.0,0.0,27:16,8.3,1
20,202713,Kyle Singler,7.0,2.0,6.0,3.0,3.0,0.0,0.0,0.0,0.0,1.0,0.0,0.0,2.0,20:47,4.3,1
21,201973,Jonas Jerebko,2.0,1.0,2.0,0.0,0.0,1.0,3.0,0.0,1.0,0.0,1.0,3.0,0.0,10:35,-0.1,1
22,203484,Kentavious Caldwell-Pope,,,,,,,,,,,,,,,0.0,1
23,203540,Gigi Datome,,,,,,,,,,,,,,,0.0,1
24,203502,Tony Mitchell,,,,,,,,,,,,,,,0.0,1
25,203491,Peyton Siva,,,,,,,,,,,,,,,0.0,1
