,id,name,PTS,FG,FGA,FTA,FT,OREB,DREB,STL,AST,BLK,PF,TO,PLUS_MINUS,MIN,GS,WIN
0,201587,Nicolas Batum,17.0,6.0,10.0,2.0,2.0,1.0,4.0,0.0,9.0,0.0,0.0,1.0,21.0,26:50,19.6,1
1,200746,LaMarcus Aldridge,20.0,10.0,15.0,1.0,0.0,6.0,10.0,1.0,5.0,1.0,3.0,3.0,27.0,28:44,21.3,1
2,201577,Robin Lopez,12.0,5.0,8.0,4.0,2.0,1.0,2.0,1.0,1.0,4.0,2.0,0.0,30.0,27:51,12.6,1
3,202083,Wesley Matthews,14.0,5.0,14.0,0.0,0.0,1.0,3.0,2.0,3.0,1.0,1.0,0.0,22.0,25:51,12.2,1
4,203081,Damian Lillard,16.0,5.0,9.0,2.0,2.0,0.0,1.0,0.0,6.0,0.0,3.0,3.0,30.0,25:55,12.0,1
5,200777,Joel Freeland,8.0,4.0,6.0,0.0,0.0,2.0,1.0,0.0,1.0,1.0,0.0,0.0,0.0,15:15,8.5,1
6,2590,Mo Williams,14.0,5.0,9.0,2.0,1.0,0.0,3.0,0.0,7.0,1.0,0.0,3.0,19.0,22:56,12.8,1
7,2748,Dorell Wright,15.0,5.0,5.0,0.0,0.0,0.0,2.0,0.0,2.0,0.0,1.0,1.0,13.0,10:44,14.1,1
8,203080,Thomas Robinson,10.0,3.0,9.0,6.0,4.0,2.0,3.0,2.0,2.0,0.0,2.0,0.0,6.0,18:52,9.0,1
9,203459,Allen Crabbe,7.0,2.0,4.0,1.0,1.0,0.0,0.0,0.0,2.0,0.0,0.0,2.0,3.0,12:25,4.4,1
10,203086,Meyers Leonard,2.0,1.0,1.0,0.0,0.0,1.0,0.0,0.0,0.0,0.0,2.0,0.0,2.0,4:41,1.6,1
11,203115,Will Barton,2.0,1.0,3.0,0.0,0.0,1.0,2.0,2.0,2.0,0.0,2.0,2.0,-1.0,11:25,2.2,1
12,2248,Earl Watson,2.0,0.0,0.0,2.0,2.0,0.0,0.0,1.0,1.0,0.0,0.0,3.0,-2.0,8:32,0.7,1
13,202323,Evan Turner,3.0,1.0,7.0,0.0,0.0,0.0,2.0,0.0,4.0,0.0,1.0,0.0,-20.0,21:44,1.5,0
14,201152,Thaddeus Young,15.0,7.0,9.0,0.0,0.0,0.0,5.0,1.0,1.0,0.0,0.0,1.0,-19.0,25:15,13.7,0
15,201150,Spencer Hawes,16.0,7.0,12.0,0.0,0.0,1.0,4.0,0.0,1.0,1.0,3.0,3.0,-16.0,24:42,9.5,0
16,203138,Hollis Thompson,17.0,6.0,9.0,4.0,3.0,1.0,2.0,2.0,2.0,1.0,1.0,1.0,-24.0,35:35,16.7,0
17,203100,Tony Wroten,18.0,5.0,15.0,10.0,6.0,2.0,4.0,0.0,7.0,1.0,2.0,2.0,-16.0,24:17,13.3,0
18,202343,Elliot Williams,7.0,2.0,5.0,6.0,3.0,0.0,1.0,1.0,1.0,0.0,1.0,2.0,-11.0,22:13,2.7,0
19,202341,James Anderson,14.0,6.0,10.0,2.0,2.0,0.0,1.0,0.0,0.0,0.0,0.0,2.0,-13.0,16:28,7.7,0
20,202730,Lavoy Allen,3.0,1.0,7.0,0.0,0.0,4.0,4.0,0.0,0.0,1.0,1.0,0.0,-16.0,18:34,2.8,0
21,203561,Brandon Davies,0.0,0.0,3.0,0.0,0.0,1.0,1.0,0.0,2.0,0.0,4.0,1.0,-15.0,22:45,-2.3,0
22,203485,Lorenzo Brown,8.0,3.0,9.0,2.0,2.0,0.0,0.0,3.0,5.0,1.0,1.0,2.0,-17.0,23:46,7.7,0
23,202350,Daniel Orton,4.0,1.0,1.0,2.0,2.0,0.0,0.0,2.0,3.0,0.0,1.0,0.0,-3.0,4:41,7.4,0
24,203487,Michael Carter-Williams,,,,,,,,,,,,,,,0.0,0
