,id,name,PTS,FG,FGA,FTA,FT,OREB,DREB,STL,AST,BLK,PF,TO,PLUS_MINUS,MIN,GS,WIN
0,201147,Corey Brewer,5.0,0.0,7.0,6.0,5.0,1.0,2.0,1.0,3.0,0.0,2.0,3.0,-8.0,27:33,0.3,0
1,201567,Kevin Love,25.0,9.0,18.0,5.0,5.0,4.0,9.0,0.0,3.0,1.0,2.0,0.0,-8.0,41:59,23.5,0
2,201593,Nikola Pekovic,22.0,7.0,18.0,12.0,8.0,10.0,3.0,2.0,1.0,0.0,3.0,3.0,-15.0,35:24,17.0,0
3,2755,Kevin Martin,14.0,6.0,17.0,2.0,2.0,1.0,1.0,1.0,2.0,0.0,2.0,1.0,-3.0,29:35,6.1,0
4,201937,Ricky Rubio,6.0,3.0,8.0,0.0,0.0,1.0,5.0,1.0,7.0,0.0,3.0,3.0,-7.0,31:03,5.5,0
5,203144,Alexey Shved,3.0,1.0,7.0,0.0,0.0,1.0,0.0,1.0,2.0,1.0,1.0,1.0,-1.0,15:00,0.9,0
6,201601,Luc Mbah a Moute,4.0,2.0,3.0,0.0,0.0,0.0,2.0,3.0,1.0,0.0,2.0,1.0,-5.0,20:27,5.2,0
7,201967,Dante Cunningham,4.0,2.0,7.0,0.0,0.0,4.0,2.0,0.0,0.0,0.0,0.0,0.0,-3.0,18:15,3.3,0
8,200826,J.J. Barea,8.0,3.0,9.0,0.0,0.0,0.0,3.0,1.0,2.0,0.0,1.0,4.0,-15.0,20:22,1.8,0
9,201985,AJ Price,0.0,0.0,0.0,0.0,0.0,0.0,0.0,0.0,0.0,0.0,0.0,0.0,0.0,0:11,0.0,0
10,203476,Gorgui Dieng,0.0,0.0,1.0,0.0,0.0,0.0,0.0,0.0,0.0,0.0,0.0,0.0,0.0,0:11,-0.7,0
11,203133,Robbie Hummel,,,,,,,,,,,,,,,0.0,0
12,203498,Shabazz Muhammad,,,,,,,,,,,,,,,0.0,0
13,202325,Wesley Johnson,6.0,3.0,8.0,0.0,0.0,0.0,4.0,2.0,5.0,1.0,3.0,2.0,1.0,30:22,5.8,1
14,201941,Jordan Hill,4.0,2.0,2.0,0.0,0.0,0.0,1.0,0.0,0.0,1.0,3.0,0.0,-3.0,13:42,3.2,1
15,2200,Pau Gasol,21.0,10.0,15.0,0.0,0.0,6.0,7.0,1.0,8.0,2.0,3.0,7.0,10.0,32:57,20.6,1
16,201975,Jodie Meeks,17.0,6.0,10.0,4.0,4.0,0.0,3.0,1.0,4.0,0.0,2.0,2.0,12.0,42:20,14.3,1
17,202333,Xavier Henry,21.0,8.0,19.0,6.0,4.0,0.0,4.0,3.0,4.0,0.0,1.0,3.0,11.0,41:54,13.7,1
18,2549,Chris Kaman,6.0,3.0,6.0,0.0,0.0,0.0,3.0,0.0,0.0,2.0,1.0,0.0,5.0,16:24,4.9,1
19,201156,Nick Young,25.0,9.0,14.0,3.0,3.0,0.0,3.0,0.0,4.0,0.0,2.0,5.0,12.0,31:14,16.7,1
20,203135,Robert Sacre,2.0,1.0,3.0,0.0,0.0,0.0,3.0,0.0,1.0,2.0,2.0,0.0,-1.0,11:10,2.5,1
21,200761,Shawne Williams,2.0,0.0,1.0,2.0,2.0,1.0,8.0,0.0,1.0,1.0,2.0,0.0,18.0,19:57,5.0,1
22,2581,Steve Blake,,,,,,,,,,,,,,,0.0,1
23,200770,Jordan Farmar,,,,,,,,,,,,,,,0.0,1
24,203527,Ryan Kelly,,,,,,,,,,,,,,,0.0,1
25,203088,Kendall Marshall,,,,,,,,,,,,,,,0.0,1
