,id,name,PTS,FG,FGA,FTA,FT,OREB,DREB,STL,AST,BLK,PF,TO,PLUS_MINUS,MIN,GS,WIN
0,2207,Joe Johnson,16.0,6.0,14.0,2.0,2.0,0.0,1.0,1.0,2.0,0.0,3.0,3.0,0.0,38:45,7.1,0
1,1718,Paul Pierce,15.0,3.0,9.0,7.0,7.0,0.0,5.0,6.0,2.0,1.0,4.0,2.0,3.0,32:36,15.9,0
2,708,Kevin Garnett,12.0,6.0,9.0,0.0,0.0,4.0,6.0,0.0,1.0,1.0,4.0,3.0,0.0,24:38,9.5,0
3,2733,Shaun Livingston,24.0,10.0,18.0,4.0,4.0,1.0,2.0,1.0,2.0,0.0,3.0,1.0,-2.0,34:44,16.9,0
4,101114,Deron Williams,13.0,3.0,12.0,5.0,5.0,0.0,2.0,2.0,6.0,1.0,4.0,1.0,3.0,39:11,10.7,0
5,203486,Mason Plumlee,6.0,2.0,4.0,3.0,2.0,1.0,1.0,3.0,0.0,4.0,5.0,0.0,1.0,18:59,8.4,0
6,101187,Alan Anderson,7.0,3.0,5.0,0.0,0.0,0.0,0.0,0.0,0.0,0.0,2.0,2.0,0.0,18:40,1.9,0
7,203141,Mirza Teletovic,2.0,1.0,2.0,0.0,0.0,0.0,3.0,2.0,0.0,0.0,1.0,1.0,-4.0,15:24,2.5,0
8,1891,Jason Terry,1.0,0.0,4.0,2.0,1.0,0.0,1.0,0.0,2.0,0.0,1.0,1.0,-4.0,12:41,-1.9,0
9,2501,Reggie Evans,0.0,0.0,0.0,0.0,0.0,0.0,0.0,0.0,0.0,0.0,1.0,1.0,-2.0,4:23,-1.4,0
10,101154,Andray Blatche,,,,,,,,,,,,,,,0.0,0
11,1905,Andrei Kirilenko,,,,,,,,,,,,,,,0.0,0
12,203104,Marquis Teague,,,,,,,,,,,,,,,0.0,0
13,202331,Paul George,20.0,7.0,19.0,4.0,4.0,0.0,8.0,2.0,1.0,0.0,2.0,4.0,2.0,39:23,9.8,1
14,2561,David West,17.0,5.0,7.0,8.0,7.0,3.0,4.0,0.0,7.0,1.0,1.0,1.0,-2.0,32:12,21.2,1
15,201579,Roy Hibbert,20.0,7.0,13.0,6.0,6.0,3.0,2.0,1.0,1.0,3.0,4.0,5.0,6.0,34:27,13.6,1
16,202362,Lance Stephenson,14.0,5.0,8.0,4.0,4.0,1.0,6.0,1.0,4.0,0.0,4.0,4.0,-1.0,34:40,11.1,1
17,201588,George Hill,10.0,3.0,8.0,4.0,3.0,1.0,3.0,0.0,2.0,0.0,5.0,1.0,2.0,33:30,5.2,1
18,101122,Danny Granger,8.0,1.0,7.0,7.0,6.0,2.0,2.0,0.0,0.0,0.0,0.0,2.0,-3.0,18:02,3.1,1
19,2449,Luis Scola,2.0,1.0,3.0,0.0,0.0,1.0,6.0,1.0,2.0,0.0,2.0,5.0,5.0,15:49,-0.6,1
20,201228,C.J. Watson,3.0,1.0,4.0,2.0,1.0,0.0,1.0,2.0,0.0,1.0,0.0,0.0,1.0,18:33,3.2,1
21,101133,Ian Mahinmi,3.0,1.0,4.0,2.0,1.0,1.0,2.0,0.0,0.0,0.0,2.0,1.0,-5.0,13:25,-0.3,1
22,2446,Rasual Butler,,,,,,,,,,,,,,,0.0,1
23,203142,Chris Copeland,,,,,,,,,,,,,,,0.0,1
24,203111,Orlando Johnson,,,,,,,,,,,,,,,0.0,1
25,202388,Donald Sloan,,,,,,,,,,,,,,,0.0,1
