,id,name,PTS,FG,FGA,FTA,FT,OREB,DREB,STL,AST,BLK,PF,TO,PLUS_MINUS,MIN,GS,WIN
0,202718,Chandler Parsons,11.0,3.0,11.0,4.0,3.0,1.0,3.0,0.0,4.0,1.0,2.0,2.0,2.0,38:03,6.4,1
1,203093,Terrence Jones,18.0,9.0,15.0,1.0,0.0,3.0,4.0,0.0,2.0,0.0,2.0,1.0,-5.0,31:35,13.6,1
2,2730,Dwight Howard,10.0,4.0,9.0,4.0,2.0,3.0,7.0,2.0,4.0,1.0,5.0,2.0,1.0,32:34,10.2,1
3,201935,James Harden,31.0,11.0,19.0,7.0,5.0,0.0,3.0,1.0,5.0,1.0,4.0,3.0,10.0,39:07,22.8,1
4,201976,Patrick Beverley,8.0,3.0,10.0,0.0,0.0,3.0,1.0,0.0,0.0,1.0,3.0,1.0,11.0,34:06,3.1,1
5,202391,Jeremy Lin,10.0,4.0,6.0,2.0,0.0,0.0,4.0,1.0,3.0,0.0,1.0,2.0,6.0,19:50,8.5,1
6,202700,Donatas Motiejunas,4.0,2.0,5.0,0.0,0.0,0.0,4.0,0.0,2.0,0.0,2.0,0.0,16.0,16:25,3.1,1
7,201600,Omer Asik,2.0,1.0,2.0,0.0,0.0,1.0,3.0,0.0,1.0,3.0,3.0,1.0,10.0,15:26,3.2,1
8,202706,Jordan Hamilton,6.0,2.0,5.0,0.0,0.0,0.0,2.0,1.0,1.0,0.0,2.0,0.0,4.0,12:54,4.8,1
9,203477,Isaiah Canaan,,,,,,,,,,,,,,,0.0,1
10,201956,Omri Casspi,,,,,,,,,,,,,,,0.0,1
11,101128,Francisco Garcia,,,,,,,,,,,,,,,0.0,1
12,202962,Greg Smith,,,,,,,,,,,,,,,0.0,1
13,203077,Michael Kidd-Gilchrist,6.0,1.0,4.0,5.0,4.0,3.0,4.0,2.0,0.0,0.0,2.0,0.0,3.0,24:21,7.7,0
14,201177,Josh McRoberts,11.0,5.0,10.0,1.0,0.0,1.0,2.0,0.0,4.0,0.0,3.0,1.0,-3.0,34:04,7.5,0
15,2744,Al Jefferson,20.0,8.0,17.0,6.0,4.0,2.0,9.0,1.0,2.0,1.0,4.0,2.0,-5.0,42:04,14.1,0
16,201945,Gerald Henderson,13.0,5.0,13.0,2.0,2.0,0.0,1.0,0.0,1.0,1.0,1.0,1.0,-4.0,31:26,6.2,0
17,202689,Kemba Walker,22.0,7.0,19.0,6.0,6.0,1.0,3.0,0.0,3.0,1.0,1.0,3.0,0.0,38:37,12.5,0
18,203469,Cody Zeller,10.0,4.0,5.0,2.0,2.0,3.0,1.0,1.0,0.0,0.0,1.0,1.0,-8.0,13:56,10.1,0
19,202390,Gary Neal,0.0,0.0,8.0,0.0,0.0,0.0,1.0,0.0,0.0,0.0,0.0,1.0,-7.0,14:32,-6.3,0
20,201604,Chris Douglas-Roberts,7.0,2.0,6.0,3.0,3.0,0.0,2.0,2.0,2.0,0.0,3.0,0.0,-14.0,25:41,6.4,0
21,2557,Luke Ridnour,0.0,0.0,3.0,0.0,0.0,0.0,0.0,1.0,0.0,1.0,2.0,0.0,-11.0,9:23,-1.2,0
22,202687,Bismack Biyombo,0.0,0.0,1.0,0.0,0.0,3.0,2.0,0.0,0.0,0.0,1.0,0.0,-6.0,5:56,1.6,0
23,2457,Jannero Pargo,,,,,,,,,,,,,,,0.0,0
24,201229,Anthony Tolliver,,,,,,,,,,,,,,,0.0,0
25,201591,DJ White,,,,,,,,,,,,,,,0.0,0
