,id,name,PTS,FG,FGA,FTA,FT,OREB,DREB,STL,AST,BLK,PF,TO,PLUS_MINUS,MIN,GS,WIN
0,202325,Wesley Johnson,10.0,4.0,13.0,0.0,0.0,3.0,1.0,3.0,3.0,0.0,1.0,2.0,2.0,30:51,7.6,0
1,2200,Pau Gasol,21.0,8.0,13.0,6.0,5.0,4.0,8.0,0.0,3.0,2.0,5.0,3.0,-16.0,36:10,18.4,0
2,203135,Robert Sacre,0.0,0.0,1.0,0.0,0.0,0.0,3.0,0.0,0.0,2.0,3.0,0.0,2.0,13:40,0.4,0
3,201975,Jodie Meeks,21.0,5.0,13.0,10.0,9.0,0.0,3.0,2.0,2.0,0.0,3.0,4.0,-9.0,34:45,12.6,0
4,203088,Kendall Marshall,5.0,2.0,13.0,0.0,0.0,0.0,5.0,1.0,8.0,0.0,4.0,6.0,-13.0,37:42,-2.8,0
5,201156,Nick Young,25.0,10.0,20.0,3.0,3.0,0.0,6.0,0.0,1.0,0.0,4.0,0.0,-11.0,37:11,15.9,0
6,201941,Jordan Hill,10.0,5.0,8.0,2.0,0.0,5.0,3.0,0.0,0.0,1.0,2.0,1.0,-13.0,22:08,8.9,0
7,203527,Ryan Kelly,2.0,0.0,3.0,2.0,2.0,0.0,1.0,0.0,0.0,0.0,5.0,1.0,-10.0,13:31,-2.8,0
8,2549,Chris Kaman,5.0,2.0,4.0,2.0,1.0,2.0,3.0,1.0,3.0,2.0,5.0,1.0,-2.0,14:02,6.4,0
9,2581,Steve Blake,,,,,,,,,,,,,,,0.0,0
10,200770,Jordan Farmar,,,,,,,,,,,,,,,0.0,0
11,202333,Xavier Henry,,,,,,,,,,,,,,,0.0,0
12,200758,Ronnie Brewer,0.0,0.0,2.0,0.0,0.0,0.0,2.0,1.0,0.0,0.0,2.0,0.0,-1.0,23:19,-0.6,1
13,203093,Terrence Jones,15.0,7.0,14.0,2.0,1.0,6.0,7.0,0.0,0.0,0.0,1.0,0.0,14.0,30:52,13.5,1
14,2730,Dwight Howard,20.0,5.0,14.0,24.0,10.0,4.0,9.0,4.0,3.0,1.0,4.0,0.0,15.0,38:06,17.3,1
15,201935,James Harden,38.0,14.0,23.0,11.0,8.0,1.0,3.0,5.0,4.0,0.0,2.0,1.0,18.0,38:20,33.9,1
16,202391,Jeremy Lin,13.0,4.0,12.0,7.0,4.0,0.0,4.0,1.0,4.0,1.0,3.0,4.0,14.0,39:21,5.5,1
17,201956,Omri Casspi,9.0,3.0,5.0,4.0,3.0,1.0,5.0,0.0,4.0,0.0,3.0,1.0,5.0,21:11,9.1,1
18,201166,Aaron Brooks,9.0,3.0,6.0,0.0,0.0,1.0,2.0,0.0,1.0,0.0,1.0,2.0,2.0,15:03,5.6,1
19,202700,Donatas Motiejunas,6.0,2.0,7.0,2.0,2.0,2.0,3.0,0.0,1.0,1.0,1.0,0.0,-3.0,10:23,5.2,1
20,101128,Francisco Garcia,3.0,1.0,3.0,0.0,0.0,1.0,1.0,1.0,1.0,0.0,2.0,1.0,9.0,21:53,2.2,1
21,203477,Isaiah Canaan,0.0,0.0,0.0,0.0,0.0,0.0,0.0,0.0,0.0,0.0,0.0,0.0,-3.0,1:32,0.0,1
22,201600,Omer Asik,,,,,,,,,,,,,,,0.0,1
23,202718,Chandler Parsons,,,,,,,,,,,,,,,0.0,1
24,202962,Greg Smith,,,,,,,,,,,,,,,0.0,1
