,id,name,PTS,FG,FGA,FTA,FT,OREB,DREB,STL,AST,BLK,PF,TO,PLUS_MINUS,MIN,GS,WIN
0,203090,Maurice Harkless,22.0,9.0,13.0,3.0,2.0,2.0,3.0,0.0,1.0,0.0,3.0,4.0,-4.0,38:11,13.9,0
1,202699,Tobias Harris,11.0,5.0,11.0,1.0,1.0,1.0,3.0,0.0,1.0,0.0,2.0,0.0,-4.0,32:17,6.8,0
2,202696,Nikola Vucevic,19.0,9.0,14.0,2.0,1.0,4.0,10.0,1.0,2.0,1.0,6.0,3.0,1.0,30:58,15.9,0
3,203506,Victor Oladipo,26.0,10.0,20.0,4.0,4.0,1.0,1.0,1.0,5.0,0.0,4.0,2.0,-9.0,35:02,17.9,0
4,2749,Jameer Nelson,7.0,2.0,8.0,2.0,2.0,1.0,3.0,1.0,8.0,0.0,2.0,6.0,-9.0,33:06,3.6,0
5,202734,E'Twaun Moore,3.0,1.0,4.0,0.0,0.0,0.0,3.0,1.0,1.0,0.0,1.0,1.0,-6.0,15:00,1.8,0
6,203124,Kyle O'Quinn,10.0,4.0,6.0,2.0,2.0,4.0,5.0,0.0,1.0,1.0,5.0,0.0,-8.0,21:16,11.1,0
7,203094,Andrew Nicholson,2.0,1.0,3.0,0.0,0.0,2.0,0.0,1.0,1.0,1.0,1.0,0.0,-7.0,11:29,3.7,0
8,203117,Doron Lamb,6.0,2.0,7.0,0.0,0.0,0.0,2.0,0.0,4.0,0.0,2.0,1.0,1.0,22:41,3.5,0
9,203473,Dewayne Dedmon,,,,,,,,,,,,,,,0.0,0
10,101131,Jason Maxiell,,,,,,,,,,,,,,,0.0,0
11,101179,Ronnie Price,,,,,,,,,,,,,,,0.0,0
12,203519,Adonis Thomas,,,,,,,,,,,,,,,0.0,0
13,202344,Trevor Booker,3.0,1.0,5.0,2.0,1.0,3.0,4.0,2.0,1.0,2.0,2.0,4.0,7.0,30:10,2.1,1
14,2772,Trevor Ariza,22.0,7.0,10.0,3.0,3.0,0.0,3.0,3.0,4.0,0.0,2.0,2.0,7.0,32:19,21.7,1
15,101162,Marcin Gortat,21.0,9.0,13.0,5.0,3.0,2.0,8.0,0.0,2.0,0.0,2.0,1.0,4.0,38:19,18.1,1
16,203078,Bradley Beal,21.0,7.0,13.0,9.0,6.0,0.0,0.0,0.0,4.0,0.0,1.0,0.0,6.0,35:34,15.9,1
17,202322,John Wall,27.0,11.0,19.0,4.0,3.0,0.0,5.0,1.0,7.0,0.0,4.0,1.0,-3.0,33:55,22.5,1
18,202698,Chris Singleton,4.0,2.0,6.0,0.0,0.0,2.0,3.0,0.0,0.0,0.0,1.0,1.0,-1.0,13:55,1.5,1
19,101110,Martell Webster,5.0,1.0,4.0,3.0,3.0,0.0,2.0,0.0,1.0,0.0,1.0,1.0,0.0,26:38,2.5,1
20,1889,Andre Miller,5.0,1.0,3.0,2.0,2.0,2.0,0.0,1.0,3.0,0.0,0.0,1.0,12.0,14:05,6.8,1
21,1733,Al Harrington,7.0,3.0,7.0,0.0,0.0,0.0,2.0,1.0,2.0,0.0,2.0,1.0,8.0,13:36,4.5,1
22,202066,Garrett Temple,0.0,0.0,0.0,0.0,0.0,0.0,0.0,0.0,0.0,0.0,0.0,0.0,5.0,1:29,0.0,1
23,203490,Otto Porter Jr.,,,,,,,,,,,,,,,0.0,1
24,203318,Glen Rice,,,,,,,,,,,,,,,0.0,1
25,202338,Kevin Seraphin,,,,,,,,,,,,,,,0.0,1
