,id,name,PTS,FG,FGA,FTA,FT,OREB,DREB,STL,AST,BLK,PF,TO,PLUS_MINUS,MIN,GS,WIN
0,201145,Jeff Green,22.0,4.0,11.0,15.0,13.0,0.0,2.0,0.0,3.0,1.0,4.0,0.0,3.0,34:44,16.9,0
1,203096,Jared Sullinger,8.0,3.0,8.0,1.0,1.0,3.0,5.0,1.0,0.0,1.0,3.0,0.0,10.0,31:18,7.7,0
2,2743,Kris Humphries,18.0,8.0,15.0,2.0,2.0,5.0,7.0,0.0,0.0,2.0,3.0,1.0,11.0,28:35,15.5,0
3,202340,Avery Bradley,18.0,7.0,21.0,4.0,4.0,1.0,1.0,1.0,0.0,0.0,4.0,1.0,-6.0,37:45,5.5,0
4,200765,Rajon Rondo,6.0,3.0,10.0,0.0,0.0,1.0,5.0,1.0,4.0,0.0,0.0,3.0,3.0,21:20,3.2,0
5,201573,Jerryd Bayless,4.0,2.0,4.0,0.0,0.0,0.0,2.0,0.0,0.0,0.0,1.0,0.0,3.0,8:26,2.2,0
6,101138,Brandon Bass,4.0,2.0,7.0,0.0,0.0,3.0,2.0,0.0,1.0,1.0,3.0,0.0,-15.0,19:09,2.8,0
7,2222,Gerald Wallace,0.0,0.0,1.0,0.0,0.0,0.0,3.0,0.0,1.0,0.0,0.0,1.0,-1.0,19:10,-0.1,0
8,203515,Phil Pressey,2.0,1.0,7.0,0.0,0.0,0.0,1.0,3.0,5.0,0.0,2.0,3.0,-6.0,22:37,0.5,0
9,203482,Kelly Olynyk,9.0,3.0,6.0,2.0,2.0,2.0,3.0,1.0,2.0,0.0,5.0,1.0,-12.0,16:56,7.7,0
10,201202,Joel Anthony,,,,,,,,,,,,,,,0.0,0
11,203543,Vitor Faverani,,,,,,,,,,,,,,,0.0,0
12,203187,Chris Johnson,,,,,,,,,,,,,,,0.0,0
13,201167,Arron Afflalo,20.0,7.0,16.0,5.0,4.0,2.0,11.0,0.0,6.0,0.0,2.0,3.0,-2.0,43:30,16.3,1
14,202699,Tobias Harris,18.0,5.0,10.0,12.0,8.0,2.0,5.0,0.0,1.0,1.0,3.0,2.0,-7.0,36:16,12.5,1
15,201175,Glen Davis,17.0,8.0,16.0,1.0,1.0,3.0,4.0,1.0,0.0,0.0,0.0,0.0,9.0,35:50,13.3,1
16,203506,Victor Oladipo,9.0,2.0,8.0,5.0,5.0,1.0,5.0,2.0,2.0,2.0,3.0,3.0,4.0,39:01,7.0,1
17,2749,Jameer Nelson,16.0,3.0,10.0,10.0,9.0,0.0,5.0,0.0,10.0,0.0,1.0,7.0,-1.0,39:43,10.9,1
18,203124,Kyle O'Quinn,10.0,4.0,6.0,3.0,2.0,3.0,6.0,1.0,1.0,1.0,5.0,2.0,2.0,23:54,9.3,1
19,202734,E'Twaun Moore,3.0,1.0,5.0,0.0,0.0,0.0,2.0,2.0,0.0,1.0,4.0,0.0,5.0,21:46,1.6,1
20,203090,Maurice Harkless,,,,,,,,,,,,,,,0.0,1
21,203117,Doron Lamb,,,,,,,,,,,,,,,0.0,1
22,101131,Jason Maxiell,,,,,,,,,,,,,,,0.0,1
23,203094,Andrew Nicholson,,,,,,,,,,,,,,,0.0,1
24,101179,Ronnie Price,,,,,,,,,,,,,,,0.0,1
25,202696,Nikola Vucevic,,,,,,,,,,,,,,,0.0,1
