,id,name,PTS,FG,FGA,FTA,FT,OREB,DREB,STL,AST,BLK,PF,TO,PLUS_MINUS,MIN,GS,WIN
0,2546,Carmelo Anthony,26.0,9.0,24.0,6.0,5.0,2.0,2.0,0.0,3.0,0.0,2.0,0.0,4.0,41:53,15.7,0
1,2030,Kenyon Martin,8.0,4.0,5.0,0.0,0.0,0.0,7.0,4.0,0.0,0.0,3.0,1.0,3.0,23:36,10.0,0
2,200745,Andrea Bargnani,22.0,9.0,22.0,4.0,4.0,2.0,5.0,1.0,4.0,0.0,2.0,1.0,14.0,37:45,15.1,0
3,203143,Pablo Prigioni,5.0,1.0,6.0,2.0,2.0,3.0,1.0,0.0,8.0,0.0,1.0,0.0,10.0,38:35,8.8,0
4,202697,Iman Shumpert,3.0,1.0,8.0,0.0,0.0,1.0,4.0,0.0,1.0,0.0,0.0,1.0,2.0,23:21,-0.6,0
5,2405,Amar'e Stoudemire,18.0,7.0,9.0,5.0,4.0,0.0,5.0,1.0,0.0,1.0,4.0,0.0,-15.0,30:17,15.7,0
6,2747,JR Smith,2.0,0.0,1.0,2.0,2.0,1.0,5.0,1.0,3.0,0.0,3.0,1.0,-13.0,26:17,4.4,0
7,203501,Tim Hardaway Jr.,0.0,0.0,2.0,0.0,0.0,0.0,0.0,0.0,0.0,0.0,2.0,0.0,-11.0,8:35,-2.2,0
8,2757,Beno Udrih,2.0,1.0,3.0,0.0,0.0,0.0,0.0,0.0,1.0,0.0,2.0,2.0,-14.0,9:19,-1.8,0
9,1897,Metta World Peace,0.0,0.0,0.0,0.0,0.0,0.0,0.0,0.0,0.0,0.0,0.0,0.0,0.0,0:11,0.0,0
10,202332,Cole Aldrich,0.0,0.0,0.0,0.0,0.0,0.0,0.0,0.0,0.0,0.0,0.0,0.0,0.0,0:11,0.0,0
11,101109,Raymond Felton,,,,,,,,,,,,,,,0.0,0
12,203315,Toure' Murry,,,,,,,,,,,,,,,0.0,0
13,201145,Jeff Green,8.0,3.0,7.0,3.0,1.0,1.0,3.0,0.0,2.0,1.0,1.0,0.0,-8.0,28:35,6.8,1
14,101138,Brandon Bass,10.0,5.0,9.0,0.0,0.0,1.0,7.0,0.0,1.0,0.0,3.0,3.0,-11.0,36:32,5.0,1
15,203096,Jared Sullinger,19.0,6.0,9.0,7.0,7.0,2.0,4.0,0.0,3.0,1.0,4.0,2.0,0.0,31:15,16.9,1
16,202340,Avery Bradley,13.0,5.0,12.0,4.0,1.0,0.0,6.0,0.0,0.0,1.0,2.0,0.0,-7.0,31:20,7.1,1
17,202348,Jordan Crawford,2.0,0.0,8.0,3.0,2.0,0.0,2.0,0.0,6.0,0.0,1.0,2.0,-10.0,31:57,-1.6,1
18,203543,Vitor Faverani,7.0,3.0,4.0,0.0,0.0,0.0,4.0,0.0,1.0,1.0,2.0,1.0,11.0,13:54,6.2,1
19,2222,Gerald Wallace,7.0,3.0,6.0,2.0,1.0,1.0,5.0,1.0,2.0,0.0,1.0,1.0,7.0,20:17,6.8,1
20,201584,Courtney Lee,18.0,6.0,8.0,4.0,3.0,0.0,0.0,0.0,0.0,0.0,1.0,1.0,14.0,19:05,13.0,1
21,203482,Kelly Olynyk,4.0,1.0,1.0,2.0,2.0,1.0,3.0,0.0,0.0,1.0,2.0,3.0,8.0,14:20,2.2,1
22,203515,Phil Pressey,2.0,1.0,4.0,0.0,0.0,0.0,2.0,0.0,2.0,0.0,2.0,2.0,16.0,12:48,-1.2,1
23,2586,Keith Bogans,,,,,,,,,,,,,,,0.0,1
24,202705,MarShon Brooks,,,,,,,,,,,,,,,0.0,1
25,2743,Kris Humphries,,,,,,,,,,,,,,,0.0,1
