,id,name,PTS,FG,FGA,FTA,FT,OREB,DREB,STL,AST,BLK,PF,TO,PLUS_MINUS,MIN,GS,WIN
0,202325,Wesley Johnson,2.0,0.0,7.0,2.0,2.0,1.0,4.0,1.0,2.0,0.0,3.0,3.0,-11.0,38:31,-2.8,0
1,201941,Jordan Hill,14.0,6.0,11.0,2.0,2.0,5.0,5.0,0.0,0.0,0.0,3.0,2.0,-6.0,19:60,10.5,0
2,2549,Chris Kaman,10.0,5.0,17.0,0.0,0.0,2.0,15.0,0.0,1.0,3.0,3.0,2.0,-8.0,28:19,5.6,0
3,201975,Jodie Meeks,13.0,4.0,11.0,5.0,4.0,1.0,3.0,3.0,4.0,0.0,0.0,4.0,-13.0,33:26,9.9,0
4,202333,Xavier Henry,13.0,2.0,9.0,10.0,9.0,0.0,3.0,2.0,2.0,0.0,2.0,3.0,-19.0,35:59,7.6,0
5,201156,Nick Young,20.0,5.0,18.0,12.0,9.0,2.0,2.0,1.0,0.0,0.0,3.0,4.0,-13.0,30:38,6.0,0
6,200761,Shawne Williams,3.0,1.0,2.0,0.0,0.0,0.0,2.0,1.0,1.0,0.0,4.0,1.0,-14.0,23:09,1.7,0
7,203135,Robert Sacre,5.0,2.0,4.0,2.0,1.0,1.0,3.0,0.0,1.0,2.0,0.0,1.0,-11.0,19:40,5.3,0
8,203088,Kendall Marshall,3.0,1.0,1.0,0.0,0.0,0.0,0.0,0.0,0.0,0.0,0.0,4.0,-1.0,5:54,-1.3,0
9,203527,Ryan Kelly,0.0,0.0,0.0,0.0,0.0,0.0,1.0,0.0,0.0,0.0,0.0,0.0,1.0,4:24,0.3,0
10,2581,Steve Blake,,,,,,,,,,,,,,,0.0,0
11,200770,Jordan Farmar,,,,,,,,,,,,,,,0.0,0
12,2200,Pau Gasol,,,,,,,,,,,,,,,0.0,0
13,2738,Andre Iguodala,3.0,1.0,6.0,2.0,1.0,1.0,1.0,2.0,1.0,0.0,4.0,3.0,8.0,24:27,-2.1,1
14,101135,David Lee,19.0,8.0,18.0,4.0,3.0,3.0,7.0,1.0,0.0,0.0,3.0,3.0,22.0,32:48,10.2,1
15,101106,Andrew Bogut,12.0,6.0,12.0,0.0,0.0,9.0,11.0,1.0,0.0,2.0,3.0,2.0,10.0,27:45,14.8,1
16,202691,Klay Thompson,17.0,5.0,15.0,4.0,3.0,0.0,3.0,2.0,2.0,0.0,3.0,2.0,19.0,32:46,9.2,1
17,201939,Stephen Curry,18.0,5.0,15.0,4.0,4.0,1.0,5.0,3.0,10.0,0.0,2.0,1.0,26.0,32:46,19.9,1
18,203110,Draymond Green,7.0,2.0,4.0,2.0,2.0,1.0,4.0,2.0,4.0,0.0,2.0,3.0,2.0,20:55,7.9,1
19,203084,Harrison Barnes,8.0,3.0,7.0,1.0,1.0,0.0,2.0,1.0,0.0,0.0,1.0,0.0,14.0,25:46,5.5,1
20,201578,Marreese Speights,10.0,5.0,9.0,0.0,0.0,1.0,2.0,1.0,0.0,2.0,1.0,0.0,7.0,13:29,9.0,1
21,201962,Toney Douglas,3.0,1.0,6.0,0.0,0.0,0.0,3.0,1.0,1.0,1.0,2.0,2.0,-7.0,15:17,-0.3,1
22,203145,Kent Bazemore,5.0,2.0,5.0,0.0,0.0,0.0,1.0,0.0,1.0,0.0,3.0,0.0,-1.0,11:01,2.1,1
23,200756,Hilton Armstrong,0.0,0.0,1.0,2.0,0.0,0.0,0.0,0.0,0.0,0.0,0.0,0.0,-5.0,3:00,-1.5,1
24,203517,Nemanja Nedovic,,,,,,,,,,,,,,,0.0,1
