,id,name,PTS,FG,FGA,FTA,FT,OREB,DREB,STL,AST,BLK,PF,TO,PLUS_MINUS,MIN,GS,WIN
0,201563,Michael Beasley,12.0,5.0,11.0,3.0,2.0,1.0,3.0,1.0,4.0,0.0,1.0,4.0,-2.0,28:09,6.9,0
1,2617,Udonis Haslem,14.0,7.0,8.0,0.0,0.0,1.0,4.0,0.0,3.0,2.0,4.0,1.0,-3.0,27:04,14.0,0
2,2547,Chris Bosh,6.0,3.0,11.0,0.0,0.0,0.0,11.0,2.0,1.0,2.0,1.0,0.0,5.0,36:21,6.5,0
3,2548,Dwyane Wade,17.0,7.0,17.0,3.0,3.0,2.0,1.0,1.0,5.0,1.0,1.0,3.0,-21.0,32:02,11.4,0
4,201596,Mario Chalmers,7.0,3.0,6.0,0.0,0.0,0.0,2.0,0.0,11.0,0.0,5.0,3.0,12.0,24:32,7.3,0
5,951,Ray Allen,14.0,5.0,11.0,4.0,3.0,0.0,1.0,2.0,1.0,0.0,0.0,0.0,3.0,31:56,10.9,0
6,2365,Chris Andersen,16.0,6.0,7.0,5.0,4.0,6.0,2.0,0.0,0.0,0.0,0.0,0.0,-3.0,20:07,17.9,0
7,2203,Shane Battier,0.0,0.0,3.0,0.0,0.0,0.0,0.0,2.0,0.0,0.0,1.0,0.0,-4.0,13:49,-0.5,0
8,202708,Norris Cole,10.0,4.0,7.0,0.0,0.0,1.0,2.0,1.0,4.0,0.0,2.0,1.0,-12.0,26:01,10.0,0
9,201962,Toney Douglas,,,,,,,,,,,,,,,0.0,0
10,203120,Justin Hamilton,,,,,,,,,,,,,,,0.0,0
11,2592,James Jones,,,,,,,,,,,,,,,0.0,0
12,1740,Rashard Lewis,,,,,,,,,,,,,,,0.0,0
13,201145,Jeff Green,13.0,5.0,13.0,0.0,0.0,1.0,3.0,0.0,3.0,0.0,1.0,2.0,6.0,31:23,7.2,1
14,101138,Brandon Bass,18.0,8.0,12.0,2.0,2.0,3.0,1.0,1.0,0.0,0.0,0.0,0.0,0.0,29:46,16.2,1
15,2743,Kris Humphries,7.0,2.0,4.0,4.0,3.0,1.0,1.0,0.0,1.0,0.0,2.0,0.0,0.0,14:33,5.5,1
16,202340,Avery Bradley,23.0,8.0,13.0,1.0,1.0,1.0,3.0,0.0,1.0,0.0,1.0,3.0,12.0,40:30,16.0,1
17,200765,Rajon Rondo,9.0,4.0,8.0,2.0,1.0,0.0,10.0,0.0,15.0,0.0,5.0,4.0,-2.0,38:47,12.1,1
18,203096,Jared Sullinger,14.0,5.0,14.0,2.0,2.0,3.0,1.0,0.0,3.0,1.0,3.0,0.0,11.0,31:04,10.2,1
19,201573,Jerryd Bayless,7.0,3.0,6.0,0.0,0.0,0.0,2.0,0.0,5.0,1.0,3.0,2.0,-2.0,25:58,5.6,1
20,203187,Chris Johnson,0.0,0.0,1.0,0.0,0.0,0.0,1.0,0.0,0.0,0.0,1.0,1.0,1.0,7:22,-1.8,1
21,203482,Kelly Olynyk,10.0,4.0,6.0,1.0,1.0,0.0,5.0,0.0,1.0,0.0,2.0,1.0,0.0,20:21,7.8,1
22,201202,Joel Anthony,0.0,0.0,0.0,0.0,0.0,0.0,0.0,0.0,0.0,0.0,0.0,0.0,-1.0,0:16,0.0,1
23,203569,Chris Babb,,,,,,,,,,,,,,,0.0,1
24,203515,Phil Pressey,,,,,,,,,,,,,,,0.0,1
