,id,name,PTS,FG,FGA,FTA,FT,OREB,DREB,STL,AST,BLK,PF,TO,PLUS_MINUS,MIN,GS,WIN
0,202329,Al-Farouq Aminu,10.0,4.0,7.0,2.0,2.0,2.0,6.0,2.0,2.0,1.0,0.0,1.0,-14.0,26:39,13.0,0
1,201583,Ryan Anderson,21.0,6.0,16.0,7.0,7.0,3.0,3.0,0.0,0.0,0.0,2.0,0.0,-19.0,29:22,14.4,0
2,201160,Jason Smith,12.0,6.0,10.0,0.0,0.0,1.0,3.0,0.0,2.0,1.0,1.0,1.0,-19.0,22:28,9.7,0
3,201569,Eric Gordon,5.0,1.0,9.0,2.0,2.0,0.0,2.0,1.0,1.0,0.0,1.0,2.0,-17.0,24:12,-1.0,0
4,201950,Jrue Holiday,11.0,4.0,9.0,3.0,3.0,1.0,2.0,1.0,6.0,0.0,3.0,3.0,-19.0,27:28,8.6,0
5,200811,Lou Amundson,5.0,2.0,4.0,6.0,1.0,3.0,4.0,2.0,2.0,0.0,6.0,3.0,2.0,16:16,2.3,0
6,203121,Darius Miller,2.0,1.0,5.0,0.0,0.0,0.0,2.0,0.0,3.0,0.0,3.0,0.0,6.0,23:22,0.4,0
7,203085,Austin Rivers,11.0,4.0,12.0,6.0,3.0,0.0,4.0,2.0,0.0,0.0,2.0,0.0,2.0,27:02,5.4,0
8,203148,Brian Roberts,6.0,1.0,6.0,4.0,4.0,0.0,4.0,0.0,4.0,0.0,0.0,0.0,8.0,20:32,6.2,0
9,201627,Anthony Morrow,8.0,3.0,9.0,0.0,0.0,0.0,2.0,0.0,1.0,1.0,1.0,0.0,7.0,15:41,4.5,0
10,203481,Jeff Withey,2.0,1.0,1.0,0.0,0.0,2.0,0.0,0.0,1.0,0.0,1.0,0.0,8.0,6:58,3.4,0
11,201936,Tyreke Evans,,,,,,,,,,,,,,,0.0,0
12,2738,Andre Iguodala,2.0,1.0,4.0,0.0,0.0,0.0,0.0,0.0,3.0,0.0,3.0,1.0,20.0,17:23,-0.5,1
13,101135,David Lee,21.0,10.0,15.0,2.0,1.0,6.0,11.0,2.0,2.0,0.0,2.0,1.0,18.0,33:33,23.2,1
14,101106,Andrew Bogut,8.0,4.0,5.0,0.0,0.0,2.0,8.0,0.0,0.0,1.0,1.0,1.0,13.0,20:40,9.2,1
15,202691,Klay Thompson,16.0,6.0,14.0,4.0,3.0,0.0,1.0,0.0,6.0,0.0,4.0,2.0,17.0,36:47,9.1,1
16,201939,Stephen Curry,28.0,11.0,19.0,4.0,4.0,1.0,3.0,3.0,11.0,0.0,3.0,3.0,22.0,32:40,27.2,1
17,203084,Harrison Barnes,8.0,3.0,8.0,2.0,1.0,1.0,3.0,0.0,1.0,0.0,2.0,0.0,-7.0,23:41,4.7,1
18,203110,Draymond Green,7.0,2.0,10.0,4.0,2.0,2.0,5.0,0.0,1.0,0.0,3.0,1.0,-5.0,27:11,1.4,1
19,201578,Marreese Speights,12.0,4.0,11.0,5.0,4.0,2.0,4.0,0.0,0.0,0.0,2.0,1.0,-4.0,18:07,6.3,1
20,201962,Toney Douglas,1.0,0.0,2.0,1.0,1.0,1.0,1.0,1.0,1.0,0.0,0.0,1.0,-1.0,15:18,1.3,1
21,203145,Kent Bazemore,1.0,0.0,1.0,2.0,1.0,0.0,2.0,0.0,0.0,1.0,2.0,1.0,-9.0,6:21,-0.6,1
22,200756,Hilton Armstrong,0.0,0.0,0.0,0.0,0.0,2.0,3.0,0.0,0.0,0.0,0.0,0.0,-1.0,4:49,2.3,1
23,203517,Nemanja Nedovic,0.0,0.0,2.0,0.0,0.0,0.0,0.0,0.0,0.0,0.0,1.0,0.0,-8.0,3:30,-1.8,1
