,id,name,PTS,FG,FGA,FTA,FT,OREB,DREB,STL,AST,BLK,PF,TO,PLUS_MINUS,MIN,GS,WIN
0,201162,Jared Dudley,5.0,2.0,6.0,0.0,0.0,0.0,3.0,0.0,2.0,0.0,4.0,1.0,0.0,22:43,1.3,0
1,201933,Blake Griffin,19.0,8.0,15.0,10.0,3.0,2.0,5.0,1.0,3.0,0.0,1.0,4.0,-6.0,40:09,10.5,0
2,201599,DeAndre Jordan,17.0,8.0,10.0,2.0,1.0,4.0,7.0,3.0,1.0,3.0,5.0,1.0,-13.0,35:29,20.5,0
3,200755,JJ Redick,13.0,5.0,12.0,1.0,1.0,1.0,1.0,0.0,3.0,0.0,0.0,1.0,-19.0,33:49,8.7,0
4,101108,Chris Paul,15.0,5.0,13.0,5.0,5.0,0.0,6.0,5.0,11.0,0.0,4.0,1.0,-13.0,35:58,19.8,0
5,2440,Matt Barnes,8.0,3.0,6.0,1.0,1.0,2.0,4.0,2.0,3.0,0.0,4.0,3.0,-15.0,28:28,7.1,0
6,2037,Jamal Crawford,15.0,5.0,13.0,2.0,2.0,1.0,2.0,0.0,3.0,0.0,0.0,3.0,-1.0,25:54,8.3,0
7,201954,Darren Collison,9.0,4.0,5.0,0.0,0.0,0.0,1.0,0.0,1.0,0.0,2.0,2.0,2.0,12:29,5.3,0
8,200797,Ryan Hollins,0.0,0.0,2.0,2.0,0.0,0.0,1.0,0.0,0.0,1.0,1.0,0.0,-2.0,3:57,-1.6,0
9,203493,Reggie Bullock,2.0,1.0,1.0,0.0,0.0,0.0,0.0,0.0,0.0,0.0,0.0,0.0,2.0,1:05,1.7,0
10,2584,Willie Green,,,,,,,,,,,,,,,0.0,0
11,1712,Antawn Jamison,,,,,,,,,,,,,,,0.0,0
12,201957,Byron Mullens,,,,,,,,,,,,,,,0.0,0
13,201156,Nick Young,13.0,3.0,10.0,8.0,6.0,0.0,1.0,1.0,0.0,0.0,1.0,2.0,-4.0,22:03,5.3,1
14,200761,Shawne Williams,3.0,1.0,5.0,2.0,1.0,1.0,2.0,1.0,0.0,2.0,3.0,1.0,-2.0,12:50,1.0,1
15,2200,Pau Gasol,15.0,5.0,12.0,4.0,4.0,1.0,12.0,0.0,4.0,0.0,0.0,5.0,-2.0,24:29,10.7,1
16,2581,Steve Blake,6.0,2.0,3.0,0.0,0.0,1.0,1.0,1.0,1.0,0.0,1.0,0.0,-6.0,22:25,7.0,1
17,959,Steve Nash,3.0,1.0,3.0,0.0,0.0,0.0,1.0,0.0,5.0,0.0,3.0,3.0,-2.0,20:44,0.9,1
18,2549,Chris Kaman,10.0,5.0,10.0,0.0,0.0,4.0,4.0,1.0,0.0,2.0,1.0,1.0,0.0,19:40,10.0,1
19,201975,Jodie Meeks,13.0,4.0,8.0,2.0,2.0,0.0,3.0,1.0,2.0,0.0,2.0,2.0,19.0,25:35,9.5,1
20,200770,Jordan Farmar,16.0,6.0,10.0,4.0,2.0,2.0,2.0,1.0,6.0,0.0,5.0,3.0,15.0,27:16,12.8,1
21,202333,Xavier Henry,22.0,8.0,13.0,8.0,3.0,2.0,4.0,1.0,2.0,0.0,1.0,1.0,15.0,26:24,17.7,1
22,202325,Wesley Johnson,3.0,1.0,11.0,0.0,0.0,0.0,3.0,0.0,1.0,1.0,4.0,0.0,15.0,20:32,-3.6,1
23,201941,Jordan Hill,12.0,6.0,8.0,0.0,0.0,7.0,1.0,1.0,2.0,1.0,2.0,1.0,17.0,18:02,15.3,1
24,203527,Ryan Kelly,,,,,,,,,,,,,,,0.0,1
25,203135,Robert Sacre,,,,,,,,,,,,,,,0.0,1
