,id,name,PTS,FG,FGA,FTA,FT,OREB,DREB,STL,AST,BLK,PF,TO,PLUS_MINUS,MIN,GS,WIN
0,2399,Mike Dunleavy,8.0,2.0,3.0,2.0,2.0,0.0,2.0,2.0,3.0,0.0,3.0,1.0,0.0,30:35,9.2,1
1,2430,Carlos Boozer,12.0,5.0,8.0,3.0,2.0,1.0,5.0,0.0,2.0,0.0,1.0,4.0,-2.0,24:00,7.2,1
2,201149,Joakim Noah,10.0,5.0,10.0,0.0,0.0,2.0,8.0,2.0,6.0,0.0,4.0,1.0,5.0,37:57,12.4,1
3,202710,Jimmy Butler,17.0,6.0,16.0,2.0,2.0,1.0,1.0,3.0,2.0,0.0,2.0,0.0,11.0,40:53,12.8,1
4,2550,Kirk Hinrich,17.0,7.0,13.0,2.0,2.0,1.0,2.0,2.0,6.0,0.0,1.0,2.0,0.0,30:51,15.8,1
5,203503,Tony Snell,6.0,2.0,3.0,0.0,0.0,0.0,3.0,0.0,1.0,0.0,2.0,0.0,10.0,13:25,5.5,1
6,201571,D.J. Augustin,23.0,8.0,15.0,4.0,3.0,0.0,1.0,2.0,5.0,0.0,3.0,3.0,18.0,28:16,16.9,1
7,201959,Taj Gibson,10.0,4.0,9.0,2.0,2.0,2.0,4.0,2.0,2.0,2.0,2.0,2.0,22.0,28:12,9.9,1
8,1737,Nazr Mohammed,2.0,1.0,1.0,0.0,0.0,0.0,3.0,0.0,0.0,1.0,1.0,0.0,1.0,5:51,2.9,1
9,202690,Jimmer Fredette,,,,,,,,,,,,,,,0.0,1
10,203513,Erik Murphy,,,,,,,,,,,,,,,0.0,1
11,203129,Tornike Shengelia,,,,,,,,,,,,,,,0.0,1
12,201960,DeMarre Carroll,8.0,3.0,8.0,3.0,2.0,3.0,3.0,0.0,3.0,0.0,2.0,1.0,-5.0,36:26,6.5,0
13,200794,Paul Millsap,22.0,8.0,17.0,7.0,5.0,2.0,9.0,2.0,3.0,1.0,3.0,1.0,-4.0,37:19,19.2,0
14,203544,Pero Antic,0.0,0.0,2.0,0.0,0.0,0.0,1.0,0.0,1.0,0.0,2.0,0.0,-2.0,10:11,-1.2,0
15,2594,Kyle Korver,12.0,4.0,9.0,0.0,0.0,0.0,4.0,0.0,1.0,0.0,0.0,4.0,-4.0,33:30,5.2,0
16,201952,Jeff Teague,21.0,7.0,14.0,5.0,4.0,1.0,1.0,2.0,8.0,0.0,2.0,4.0,1.0,35:04,17.4,0
17,101150,Lou Williams,6.0,1.0,4.0,5.0,4.0,0.0,2.0,1.0,5.0,0.0,1.0,5.0,-8.0,21:03,2.9,0
18,1882,Elton Brand,8.0,4.0,5.0,0.0,0.0,0.0,5.0,2.0,3.0,1.0,3.0,0.0,-5.0,25:52,11.2,0
19,203118,Mike Scott,2.0,1.0,3.0,0.0,0.0,1.0,2.0,0.0,0.0,1.0,1.0,0.0,-9.0,10:41,1.9,0
20,203471,Dennis Schroder,5.0,2.0,5.0,2.0,1.0,0.0,1.0,0.0,0.0,0.0,3.0,1.0,-14.0,12:56,-0.0,0
21,203488,Mike Muscala,8.0,2.0,4.0,4.0,4.0,2.0,1.0,0.0,0.0,0.0,0.0,0.0,-6.0,11:57,7.7,0
22,202714,Shelvin Mack,0.0,0.0,1.0,0.0,0.0,0.0,0.0,0.0,0.0,0.0,0.0,0.0,-9.0,5:01,-0.7,0
23,201858,Cartier Martin,,,,,,,,,,,,,,,0.0,0
