,id,name,PTS,FG,FGA,FTA,FT,OREB,DREB,STL,AST,BLK,PF,TO,PLUS_MINUS,MIN,GS,WIN
0,201147,Corey Brewer,13.0,6.0,15.0,0.0,0.0,1.0,3.0,1.0,2.0,0.0,3.0,1.0,10.0,47:32,6.7,1
1,201567,Kevin Love,35.0,11.0,20.0,14.0,11.0,1.0,7.0,0.0,3.0,1.0,2.0,4.0,-9.0,41:11,25.0,1
2,203476,Gorgui Dieng,10.0,5.0,5.0,0.0,0.0,3.0,8.0,1.0,1.0,1.0,4.0,0.0,15.0,25:06,13.8,1
3,2755,Kevin Martin,19.0,5.0,15.0,6.0,6.0,1.0,1.0,1.0,0.0,0.0,2.0,3.0,-10.0,37:23,8.7,1
4,201937,Ricky Rubio,22.0,8.0,12.0,7.0,6.0,1.0,9.0,4.0,15.0,1.0,2.0,3.0,11.0,49:08,31.2,1
5,200826,J.J. Barea,15.0,6.0,13.0,2.0,1.0,0.0,5.0,1.0,4.0,0.0,2.0,2.0,1.0,19:29,10.4,1
6,201967,Dante Cunningham,3.0,1.0,4.0,2.0,1.0,1.0,0.0,0.0,0.0,1.0,1.0,0.0,5.0,18:18,1.2,1
7,201978,Chase Budinger,0.0,0.0,2.0,0.0,0.0,0.0,1.0,0.0,0.0,0.0,0.0,0.0,-9.0,5:28,-1.1,1
8,203133,Robbie Hummel,6.0,2.0,6.0,0.0,0.0,0.0,4.0,0.0,0.0,0.0,2.0,0.0,-9.0,21:25,3.0,1
9,201601,Luc Mbah a Moute,,,,,,,,,,,,,,,0.0,1
10,203498,Shabazz Muhammad,,,,,,,,,,,,,,,0.0,1
11,201593,Nikola Pekovic,,,,,,,,,,,,,,,0.0,1
12,203144,Alexey Shved,,,,,,,,,,,,,,,0.0,1
13,1890,Shawn Marion,16.0,8.0,12.0,0.0,0.0,2.0,9.0,2.0,5.0,0.0,1.0,2.0,8.0,38:01,18.0,0
14,1717,Dirk Nowitzki,27.0,11.0,27.0,6.0,5.0,0.0,3.0,0.0,0.0,0.0,3.0,2.0,2.0,39:04,9.8,0
15,2223,Samuel Dalembert,7.0,3.0,7.0,2.0,1.0,7.0,7.0,1.0,2.0,3.0,0.0,0.0,2.0,21:36,14.4,0
16,101145,Monta Ellis,22.0,7.0,15.0,5.0,4.0,0.0,6.0,2.0,4.0,0.0,5.0,3.0,11.0,36:48,15.5,0
17,101181,Jose Calderon,12.0,5.0,9.0,0.0,0.0,0.0,3.0,1.0,4.0,0.0,2.0,0.0,8.0,27:44,11.6,0
18,201148,Brandan Wright,7.0,3.0,3.0,4.0,1.0,1.0,2.0,0.0,1.0,0.0,1.0,0.0,-18.0,20:31,6.5,0
19,1713,Vince Carter,14.0,4.0,7.0,3.0,3.0,0.0,5.0,1.0,3.0,1.0,6.0,4.0,-7.0,29:41,9.6,0
20,2734,Devin Harris,13.0,4.0,11.0,5.0,5.0,0.0,4.0,2.0,4.0,0.0,3.0,4.0,-8.0,31:56,7.7,0
21,201961,Wayne Ellington,0.0,0.0,0.0,0.0,0.0,0.0,0.0,0.0,0.0,0.0,0.0,0.0,-13.0,3:18,0.0,0
22,201971,DeJuan Blair,0.0,0.0,0.0,0.0,0.0,0.0,0.0,0.0,0.0,0.0,1.0,1.0,-3.0,1:15,-1.4,0
23,203109,Jae Crowder,4.0,2.0,4.0,0.0,0.0,0.0,2.0,0.0,3.0,0.0,3.0,0.0,13.0,15:07,3.5,0
24,203108,Bernard James,,,,,,,,,,,,,,,0.0,0
25,203499,Shane Larkin,,,,,,,,,,,,,,,0.0,0
