,id,name,PTS,FG,FGA,FTA,FT,OREB,DREB,STL,AST,BLK,PF,TO,PLUS_MINUS,MIN,GS,WIN
0,203121,Darius Miller,6.0,3.0,8.0,0.0,0.0,0.0,0.0,2.0,4.0,1.0,5.0,0.0,0.0,29:53,5.1,0
1,202337,Luke Babbitt,24.0,8.0,18.0,4.0,4.0,2.0,5.0,0.0,2.0,0.0,4.0,3.0,-9.0,34:11,14.3,0
2,201582,Alexis Ajinca,17.0,7.0,12.0,3.0,3.0,3.0,4.0,1.0,2.0,3.0,5.0,2.0,-6.0,32:36,15.2,0
3,203085,Austin Rivers,20.0,8.0,24.0,6.0,2.0,1.0,9.0,1.0,6.0,0.0,4.0,1.0,-8.0,44:32,10.8,0
4,201627,Anthony Morrow,20.0,9.0,14.0,0.0,0.0,0.0,6.0,2.0,5.0,1.0,4.0,3.0,-2.0,41:26,17.2,0
5,202329,Al-Farouq Aminu,8.0,1.0,6.0,6.0,6.0,1.0,1.0,0.0,1.0,1.0,1.0,0.0,-12.0,28:07,6.2,0
6,203480,James Southerland,3.0,1.0,3.0,0.0,0.0,0.0,4.0,1.0,0.0,1.0,2.0,1.0,2.0,10:24,2.4,0
7,203481,Jeff Withey,6.0,2.0,3.0,2.0,2.0,1.0,2.0,0.0,0.0,1.0,1.0,0.0,0.0,18:52,6.3,0
8,203076,Anthony Davis,,,,,,,,,,,,,,,0.0,0
9,201936,Tyreke Evans,,,,,,,,,,,,,,,0.0,0
10,201569,Eric Gordon,,,,,,,,,,,,,,,0.0,0
11,203148,Brian Roberts,,,,,,,,,,,,,,,0.0,0
12,201880,Greg Stiemsma,,,,,,,,,,,,,,,0.0,0
13,201956,Omri Casspi,2.0,0.0,4.0,2.0,2.0,1.0,5.0,0.0,1.0,0.0,1.0,1.0,-4.0,22:20,0.7,1
14,203093,Terrence Jones,10.0,4.0,8.0,2.0,2.0,1.0,1.0,1.0,1.0,4.0,1.0,1.0,-9.0,24:19,10.1,1
15,2730,Dwight Howard,13.0,5.0,8.0,8.0,3.0,0.0,6.0,1.0,2.0,2.0,3.0,1.0,21.0,29:13,10.8,1
16,201935,James Harden,33.0,10.0,22.0,10.0,10.0,1.0,3.0,2.0,13.0,0.0,2.0,4.0,11.0,43:22,29.5,1
17,201976,Patrick Beverley,20.0,6.0,12.0,4.0,4.0,1.0,2.0,2.0,4.0,1.0,5.0,1.0,18.0,33:13,17.8,1
18,201600,Omer Asik,9.0,2.0,2.0,8.0,5.0,1.0,7.0,0.0,0.0,1.0,2.0,2.0,-14.0,18:47,7.9,1
19,202391,Jeremy Lin,18.0,6.0,8.0,5.0,5.0,1.0,3.0,4.0,1.0,0.0,4.0,1.0,2.0,31:14,18.5,1
20,202700,Donatas Motiejunas,0.0,0.0,2.0,0.0,0.0,0.0,2.0,0.0,0.0,0.0,0.0,1.0,-3.0,13:04,-1.8,1
21,202706,Jordan Hamilton,3.0,1.0,3.0,0.0,0.0,0.0,0.0,0.0,1.0,0.0,1.0,0.0,-6.0,11:43,1.6,1
22,203584,Troy Daniels,3.0,1.0,5.0,0.0,0.0,0.0,1.0,0.0,0.0,0.0,0.0,1.0,19.0,12:44,-0.8,1
23,203477,Isaiah Canaan,,,,,,,,,,,,,,,0.0,1
24,203496,Robert Covington,,,,,,,,,,,,,,,0.0,1
25,202718,Chandler Parsons,,,,,,,,,,,,,,,0.0,1
