,id,name,PTS,FG,FGA,FTA,FT,OREB,DREB,STL,AST,BLK,PF,TO,PLUS_MINUS,MIN,GS,WIN
0,202329,Al-Farouq Aminu,8.0,3.0,6.0,2.0,2.0,2.0,6.0,0.0,0.0,0.0,3.0,2.0,-3.0,25:30,5.0,0
1,203076,Anthony Davis,14.0,5.0,13.0,5.0,4.0,5.0,7.0,4.0,1.0,1.0,4.0,1.0,-2.0,36:17,14.9,0
2,201160,Jason Smith,22.0,9.0,12.0,4.0,4.0,3.0,5.0,0.0,3.0,2.0,1.0,0.0,0.0,41:15,23.9,0
3,201569,Eric Gordon,14.0,5.0,14.0,2.0,2.0,2.0,3.0,2.0,5.0,0.0,1.0,3.0,3.0,32:20,10.6,0
4,201950,Jrue Holiday,16.0,8.0,17.0,0.0,0.0,1.0,1.0,0.0,7.0,0.0,4.0,5.0,0.0,35:53,6.6,0
5,201936,Tyreke Evans,0.0,0.0,3.0,0.0,0.0,0.0,2.0,0.0,1.0,0.0,1.0,1.0,-7.0,7:12,-2.2,0
6,201627,Anthony Morrow,16.0,7.0,11.0,0.0,0.0,0.0,3.0,0.0,0.0,0.0,3.0,1.0,-11.0,28:05,9.8,0
7,201880,Greg Stiemsma,0.0,0.0,1.0,0.0,0.0,1.0,1.0,0.0,0.0,0.0,1.0,1.0,-5.0,3:59,-1.1,0
8,203148,Brian Roberts,2.0,1.0,5.0,0.0,0.0,0.0,0.0,0.0,1.0,0.0,2.0,0.0,-4.0,10:24,-1.2,0
9,202498,Lance Thomas,2.0,1.0,4.0,0.0,0.0,0.0,1.0,0.0,1.0,0.0,0.0,0.0,-1.0,7:09,0.6,0
10,203085,Austin Rivers,0.0,0.0,2.0,0.0,0.0,0.0,0.0,0.0,1.0,0.0,0.0,1.0,-5.0,11:57,-1.7,0
11,202620,Arinze Onuaku,,,,,,,,,,,,,,,0.0,0
12,203481,Jeff Withey,,,,,,,,,,,,,,,0.0,0
13,200782,P.J. Tucker,2.0,1.0,5.0,0.0,0.0,0.0,2.0,2.0,1.0,0.0,1.0,1.0,6.0,23:53,0.8,1
14,101112,Channing Frye,3.0,1.0,6.0,2.0,1.0,1.0,4.0,2.0,0.0,1.0,4.0,2.0,0.0,20:24,-0.2,1
15,203101,Miles Plumlee,8.0,4.0,9.0,0.0,0.0,3.0,9.0,1.0,0.0,5.0,1.0,0.0,8.0,27:54,12.2,1
16,101123,Gerald Green,15.0,6.0,12.0,2.0,2.0,2.0,1.0,1.0,2.0,0.0,2.0,2.0,-3.0,24:59,10.3,1
17,202339,Eric Bledsoe,24.0,7.0,11.0,9.0,8.0,0.0,4.0,1.0,6.0,1.0,3.0,5.0,-1.0,33:21,19.6,1
18,201609,Goran Dragic,12.0,4.0,9.0,6.0,3.0,0.0,1.0,0.0,3.0,0.0,0.0,1.0,8.0,29:34,7.5,1
19,202693,Markieff Morris,23.0,9.0,12.0,4.0,4.0,3.0,2.0,2.0,2.0,1.0,1.0,0.0,6.0,33:53,24.6,1
20,203462,Archie Goodwin,6.0,3.0,7.0,0.0,0.0,1.0,2.0,0.0,0.0,3.0,1.0,1.0,10.0,16:41,4.3,1
21,202694,Marcus Morris Sr.,8.0,3.0,7.0,0.0,0.0,0.0,5.0,1.0,0.0,0.0,1.0,2.0,-1.0,22:13,4.4,1
22,203139,Viacheslav Kravtsov,0.0,0.0,0.0,0.0,0.0,0.0,0.0,0.0,0.0,0.0,0.0,0.0,1.0,1:43,0.0,1
23,202091,Dionte Christmas,0.0,0.0,0.0,0.0,0.0,0.0,0.0,0.0,0.0,0.0,2.0,0.0,1.0,5:26,-0.8,1
24,203458,Alex Len,,,,,,,,,,,,,,,0.0,1
25,202397,Ish Smith,,,,,,,,,,,,,,,0.0,1
