,id,name,PTS,FG,FGA,FTA,FT,OREB,DREB,STL,AST,BLK,PF,TO,PLUS_MINUS,MIN,GS,WIN
0,201229,Anthony Tolliver,3.0,1.0,6.0,0.0,0.0,3.0,4.0,0.0,0.0,0.0,1.0,2.0,-3.0,26:27,0.1,0
1,201177,Josh McRoberts,5.0,2.0,6.0,0.0,0.0,4.0,4.0,0.0,2.0,0.0,4.0,0.0,-7.0,32:08,5.4,0
2,2744,Al Jefferson,18.0,8.0,23.0,2.0,1.0,2.0,8.0,3.0,2.0,2.0,1.0,2.0,-1.0,35:40,11.9,0
3,201945,Gerald Henderson,19.0,6.0,13.0,8.0,5.0,0.0,3.0,0.0,2.0,0.0,1.0,1.0,-1.0,35:32,12.0,0
4,202689,Kemba Walker,18.0,6.0,17.0,5.0,5.0,1.0,5.0,1.0,4.0,0.0,2.0,3.0,2.0,41:53,10.7,0
5,203469,Cody Zeller,2.0,1.0,1.0,0.0,0.0,0.0,0.0,0.0,1.0,0.0,1.0,0.0,-2.0,5:18,2.0,0
6,201604,Chris Douglas-Roberts,5.0,2.0,4.0,0.0,0.0,1.0,2.0,0.0,0.0,0.0,1.0,2.0,-1.0,25:18,1.9,0
7,201196,Ramon Sessions,8.0,4.0,13.0,0.0,0.0,1.0,3.0,2.0,2.0,0.0,0.0,1.0,0.0,25:24,4.5,0
8,202687,Bismack Biyombo,2.0,1.0,1.0,0.0,0.0,0.0,4.0,0.0,0.0,1.0,1.0,0.0,-2.0,12:20,3.2,0
9,202399,Jeff Adrien,,,,,,,,,,,,,,,0.0,0
10,2732,Ben Gordon,,,,,,,,,,,,,,,0.0,0
11,2457,Jannero Pargo,,,,,,,,,,,,,,,0.0,0
12,203106,Jeffery Taylor,,,,,,,,,,,,,,,0.0,0
13,2210,Richard Jefferson,9.0,3.0,10.0,2.0,1.0,0.0,5.0,0.0,2.0,1.0,3.0,0.0,-4.0,40:09,5.2,1
14,101107,Marvin Williams,13.0,6.0,8.0,0.0,0.0,3.0,7.0,1.0,0.0,1.0,0.0,0.0,3.0,34:22,15.7,1
15,202324,Derrick Favors,13.0,6.0,10.0,2.0,1.0,2.0,2.0,2.0,2.0,3.0,4.0,6.0,5.0,34:23,7.9,1
16,202330,Gordon Hayward,9.0,3.0,10.0,2.0,2.0,0.0,3.0,0.0,5.0,2.0,3.0,3.0,3.0,28:26,4.8,1
17,203504,Trey Burke,21.0,8.0,17.0,2.0,2.0,1.0,2.0,1.0,5.0,1.0,2.0,1.0,3.0,36:00,17.0,1
18,202692,Alec Burks,14.0,6.0,12.0,1.0,1.0,0.0,6.0,2.0,1.0,1.0,1.0,1.0,7.0,27:25,11.8,1
19,202379,Jeremy Evans,0.0,0.0,3.0,0.0,0.0,2.0,3.0,0.0,1.0,0.0,2.0,0.0,0.0,13:38,0.1,1
20,202683,Enes Kanter,4.0,2.0,8.0,0.0,0.0,2.0,5.0,0.0,1.0,0.0,2.0,2.0,-2.0,13:37,-0.0,1
21,203197,Diante Garrett,0.0,0.0,2.0,0.0,0.0,0.0,3.0,0.0,0.0,0.0,0.0,0.0,0.0,11:60,-0.5,1
22,2740,Andris Biedrins,,,,,,,,,,,,,,,0.0,1
23,203497,Rudy Gobert,,,,,,,,,,,,,,,0.0,1
24,101249,John Lucas III,,,,,,,,,,,,,,,0.0,1
25,201575,Brandon Rush,,,,,,,,,,,,,,,0.0,1
