,id,name,PTS,FG,FGA,FTA,FT,OREB,DREB,STL,AST,BLK,PF,TO,PLUS_MINUS,MIN,GS,WIN
0,203077,Michael Kidd-Gilchrist,3.0,1.0,4.0,2.0,1.0,0.0,3.0,0.0,1.0,1.0,2.0,2.0,-5.0,17:09,-0.3,0
1,201177,Josh McRoberts,9.0,3.0,4.0,2.0,2.0,1.0,5.0,2.0,2.0,0.0,2.0,1.0,-9.0,14:54,11.2,0
2,202687,Bismack Biyombo,0.0,0.0,0.0,2.0,0.0,1.0,5.0,0.0,0.0,1.0,1.0,0.0,-17.0,25:30,1.7,0
3,201945,Gerald Henderson,7.0,3.0,10.0,2.0,1.0,0.0,2.0,1.0,1.0,1.0,4.0,2.0,-15.0,26:59,0.2,0
4,202689,Kemba Walker,14.0,7.0,19.0,0.0,0.0,1.0,1.0,0.0,0.0,0.0,3.0,1.0,-24.0,27:09,2.3,0
5,203106,Jeffery Taylor,5.0,1.0,9.0,7.0,3.0,0.0,0.0,0.0,1.0,0.0,1.0,0.0,-10.0,24:59,-2.2,0
6,203469,Cody Zeller,4.0,2.0,4.0,0.0,0.0,1.0,0.0,2.0,0.0,0.0,4.0,2.0,-9.0,9:34,1.1,0
7,201196,Ramon Sessions,22.0,5.0,11.0,16.0,12.0,1.0,1.0,0.0,6.0,0.0,0.0,2.0,-11.0,34:16,17.9,0
8,202399,Jeff Adrien,8.0,4.0,7.0,1.0,0.0,7.0,6.0,1.0,0.0,1.0,2.0,1.0,-4.0,22:30,10.9,0
9,201229,Anthony Tolliver,6.0,2.0,5.0,0.0,0.0,2.0,3.0,0.0,1.0,0.0,1.0,1.0,-3.0,23:32,4.9,0
10,2732,Ben Gordon,4.0,1.0,3.0,4.0,2.0,0.0,1.0,1.0,1.0,0.0,1.0,0.0,0.0,8:46,3.1,0
11,2457,Jannero Pargo,2.0,1.0,4.0,0.0,0.0,0.0,0.0,1.0,0.0,0.0,1.0,1.0,2.0,4:42,-0.8,0
12,203480,James Southerland,,,,,,,,,,,,,,,0.0,0
13,202329,Al-Farouq Aminu,7.0,2.0,4.0,4.0,3.0,2.0,5.0,1.0,2.0,0.0,1.0,0.0,12.0,22:14,9.5,1
14,203076,Anthony Davis,25.0,9.0,13.0,8.0,7.0,3.0,5.0,6.0,4.0,6.0,3.0,2.0,22.0,36:40,32.5,1
15,201160,Jason Smith,8.0,3.0,8.0,2.0,2.0,0.0,3.0,0.0,0.0,5.0,5.0,1.0,7.0,27:09,5.0,1
16,201569,Eric Gordon,7.0,3.0,7.0,0.0,0.0,0.0,2.0,1.0,2.0,2.0,3.0,3.0,7.0,21:06,3.5,1
17,201950,Jrue Holiday,14.0,5.0,13.0,2.0,2.0,1.0,2.0,0.0,8.0,0.0,2.0,4.0,15.0,32:28,9.0,1
18,201936,Tyreke Evans,15.0,6.0,16.0,3.0,3.0,0.0,6.0,0.0,7.0,0.0,3.0,2.0,17.0,31:07,9.7,1
19,201880,Greg Stiemsma,4.0,2.0,2.0,0.0,0.0,1.0,5.0,0.0,2.0,5.0,5.0,2.0,15.0,16:41,6.5,1
20,202498,Lance Thomas,4.0,1.0,2.0,4.0,2.0,0.0,2.0,0.0,0.0,0.0,1.0,1.0,4.0,13:49,1.4,1
21,201627,Anthony Morrow,8.0,3.0,6.0,0.0,0.0,0.0,3.0,0.0,2.0,0.0,1.0,1.0,6.0,21:33,5.9,1
22,203148,Brian Roberts,13.0,3.0,4.0,5.0,5.0,1.0,2.0,2.0,3.0,0.0,2.0,1.0,6.0,15:32,15.0,1
23,203481,Jeff Withey,0.0,0.0,0.0,0.0,0.0,0.0,0.0,0.0,0.0,0.0,0.0,0.0,-6.0,1:42,0.0,1
24,202620,Arinze Onuaku,,,,,,,,,,,,,,,0.0,1
25,203085,Austin Rivers,,,,,,,,,,,,,,,0.0,1
