,id,name,PTS,FG,FGA,FTA,FT,OREB,DREB,STL,AST,BLK,PF,TO,PLUS_MINUS,MIN,GS,WIN
0,200782,P.J. Tucker,8.0,3.0,5.0,0.0,0.0,0.0,9.0,2.0,2.0,0.0,2.0,1.0,14.0,33:55,10.0,1
1,101112,Channing Frye,10.0,4.0,9.0,0.0,0.0,0.0,3.0,2.0,2.0,0.0,1.0,1.0,4.0,23:47,8.2,1
2,203101,Miles Plumlee,4.0,2.0,3.0,0.0,0.0,1.0,2.0,0.0,0.0,0.0,1.0,3.0,13.0,17:59,0.6,1
3,202339,Eric Bledsoe,23.0,8.0,18.0,4.0,4.0,1.0,5.0,3.0,6.0,0.0,3.0,7.0,1.0,37:18,14.8,1
4,201609,Goran Dragic,25.0,11.0,17.0,0.0,0.0,3.0,4.0,0.0,6.0,1.0,3.0,4.0,15.0,37:21,20.5,1
5,202693,Markieff Morris,8.0,3.0,8.0,2.0,2.0,1.0,3.0,1.0,4.0,1.0,2.0,2.0,0.0,33:21,6.9,1
6,101123,Gerald Green,18.0,5.0,13.0,6.0,5.0,0.0,4.0,0.0,1.0,0.0,3.0,0.0,0.0,30:02,11.2,1
7,203458,Alex Len,0.0,0.0,0.0,0.0,0.0,0.0,1.0,0.0,0.0,1.0,1.0,0.0,-1.0,4:15,0.6,1
8,202694,Marcus Morris Sr.,3.0,1.0,2.0,0.0,0.0,0.0,2.0,0.0,0.0,1.0,0.0,0.0,-8.0,13:56,3.3,1
9,202397,Ish Smith,0.0,0.0,0.0,0.0,0.0,0.0,0.0,0.0,1.0,0.0,2.0,1.0,-8.0,8:06,-1.1,1
10,202091,Dionte Christmas,,,,,,,,,,,,,,,0.0,1
11,203462,Archie Goodwin,,,,,,,,,,,,,,,0.0,1
12,101183,Shavlik Randolph,,,,,,,,,,,,,,,0.0,1
13,2772,Trevor Ariza,14.0,6.0,14.0,2.0,1.0,1.0,7.0,1.0,4.0,0.0,0.0,3.0,-5.0,40:19,9.8,0
14,202344,Trevor Booker,2.0,1.0,4.0,0.0,0.0,1.0,1.0,0.0,1.0,0.0,1.0,0.0,-13.0,16:02,0.9,0
15,101162,Marcin Gortat,17.0,8.0,11.0,4.0,1.0,2.0,3.0,0.0,0.0,0.0,1.0,2.0,-15.0,30:14,11.2,0
16,203078,Bradley Beal,8.0,3.0,11.0,2.0,2.0,0.0,3.0,2.0,5.0,0.0,1.0,2.0,11.0,33:12,5.5,0
17,202322,John Wall,29.0,10.0,22.0,10.0,7.0,0.0,1.0,2.0,6.0,1.0,2.0,4.0,-3.0,41:11,18.8,0
18,101110,Martell Webster,10.0,3.0,4.0,2.0,1.0,0.0,2.0,0.0,0.0,0.0,3.0,0.0,-19.0,24:21,7.4,0
19,2400,Drew Gooden,6.0,3.0,5.0,0.0,0.0,3.0,4.0,0.0,0.0,0.0,1.0,0.0,4.0,18:21,6.6,0
20,1889,Andre Miller,7.0,3.0,6.0,1.0,1.0,0.0,5.0,4.0,2.0,0.0,1.0,1.0,11.0,21:35,9.5,0
21,202338,Kevin Seraphin,0.0,0.0,1.0,0.0,0.0,0.0,0.0,0.0,0.0,0.0,1.0,1.0,-4.0,4:15,-2.1,0
22,1733,Al Harrington,0.0,0.0,2.0,0.0,0.0,0.0,2.0,0.0,3.0,0.0,2.0,1.0,6.0,8:47,-0.5,0
23,202066,Garrett Temple,0.0,0.0,1.0,0.0,0.0,0.0,0.0,0.0,0.0,0.0,0.0,0.0,-3.0,1:44,-0.7,0
24,203490,Otto Porter Jr.,,,,,,,,,,,,,,,0.0,0
25,202698,Chris Singleton,,,,,,,,,,,,,,,0.0,0
