,id,name,PTS,FG,FGA,FTA,FT,OREB,DREB,STL,AST,BLK,PF,TO,PLUS_MINUS,MIN,GS,WIN
0,2210,Richard Jefferson,2.0,0.0,4.0,2.0,2.0,0.0,1.0,0.0,2.0,0.0,0.0,0.0,-13.0,19:53,0.9,1
1,101107,Marvin Williams,9.0,4.0,8.0,0.0,0.0,3.0,4.0,0.0,1.0,0.0,0.0,1.0,-4.0,22:29,8.0,1
2,202324,Derrick Favors,11.0,4.0,9.0,7.0,3.0,2.0,8.0,1.0,1.0,3.0,3.0,1.0,-4.0,27:03,10.1,1
3,202330,Gordon Hayward,15.0,5.0,13.0,4.0,3.0,0.0,8.0,2.0,7.0,0.0,2.0,4.0,12.0,34:46,12.0,1
4,203504,Trey Burke,8.0,3.0,11.0,1.0,1.0,1.0,3.0,1.0,8.0,0.0,1.0,1.0,2.0,28:49,8.3,1
5,202692,Alec Burks,24.0,8.0,11.0,11.0,7.0,2.0,1.0,1.0,0.0,0.0,2.0,1.0,25.0,29:21,18.8,1
6,202379,Jeremy Evans,14.0,7.0,10.0,0.0,0.0,3.0,2.0,3.0,0.0,2.0,3.0,0.0,21.0,25:31,15.7,1
7,202683,Enes Kanter,6.0,3.0,7.0,0.0,0.0,2.0,9.0,0.0,0.0,0.0,1.0,2.0,21.0,20:57,4.0,1
8,201575,Brandon Rush,3.0,1.0,4.0,0.0,0.0,0.0,0.0,1.0,0.0,1.0,1.0,0.0,10.0,11:60,1.9,1
9,203197,Diante Garrett,4.0,2.0,8.0,0.0,0.0,2.0,4.0,1.0,4.0,0.0,1.0,1.0,15.0,19:11,4.2,1
10,2740,Andris Biedrins,,,,,,,,,,,,,,,0.0,1
11,203497,Rudy Gobert,,,,,,,,,,,,,,,0.0,1
12,101249,John Lucas III,,,,,,,,,,,,,,,0.0,1
13,202325,Wesley Johnson,15.0,7.0,14.0,0.0,0.0,0.0,6.0,0.0,0.0,0.0,3.0,2.0,-14.0,37:21,6.6,0
14,200761,Shawne Williams,11.0,4.0,8.0,2.0,1.0,1.0,5.0,0.0,0.0,2.0,3.0,0.0,-10.0,36:13,9.0,0
15,2549,Chris Kaman,25.0,11.0,24.0,3.0,3.0,4.0,10.0,1.0,4.0,3.0,3.0,3.0,-5.0,36:44,20.1,0
16,2581,Steve Blake,5.0,2.0,11.0,0.0,0.0,2.0,3.0,2.0,8.0,0.0,2.0,1.0,-3.0,36:25,6.2,0
17,959,Steve Nash,2.0,1.0,4.0,0.0,0.0,0.0,1.0,0.0,2.0,0.0,0.0,0.0,-6.0,16:35,1.3,0
18,203527,Ryan Kelly,3.0,1.0,1.0,3.0,1.0,1.0,0.0,0.0,0.0,1.0,0.0,0.0,-4.0,17:54,3.3,0
19,203088,Kendall Marshall,7.0,3.0,13.0,1.0,1.0,1.0,2.0,3.0,7.0,0.0,1.0,4.0,-13.0,31:59,3.9,0
20,201941,Jordan Hill,7.0,2.0,6.0,4.0,3.0,0.0,1.0,0.0,0.0,0.0,2.0,0.0,-20.0,17:23,2.7,0
21,203135,Robert Sacre,4.0,2.0,4.0,0.0,0.0,1.0,2.0,0.0,0.0,1.0,1.0,1.0,-10.0,9:26,2.6,0
22,200770,Jordan Farmar,,,,,,,,,,,,,,,0.0,0
23,2200,Pau Gasol,,,,,,,,,,,,,,,0.0,0
24,201975,Jodie Meeks,,,,,,,,,,,,,,,0.0,0
25,201156,Nick Young,,,,,,,,,,,,,,,0.0,0
