,id,name,PTS,FG,FGA,FTA,FT,OREB,DREB,STL,AST,BLK,PF,TO,PLUS_MINUS,MIN,GS,WIN
0,200782,P.J. Tucker,19.0,6.0,11.0,5.0,5.0,2.0,6.0,0.0,0.0,0.0,2.0,2.0,14.0,32:11,14.1,1
1,101112,Channing Frye,6.0,3.0,5.0,0.0,0.0,1.0,2.0,0.0,0.0,0.0,4.0,2.0,-12.0,15:06,1.4,1
2,203101,Miles Plumlee,2.0,1.0,2.0,0.0,0.0,2.0,4.0,0.0,0.0,1.0,0.0,2.0,-8.0,14:41,2.3,1
3,202339,Eric Bledsoe,21.0,6.0,13.0,10.0,8.0,0.0,5.0,1.0,5.0,0.0,5.0,2.0,28.0,35:17,15.5,1
4,201609,Goran Dragic,18.0,8.0,15.0,0.0,0.0,0.0,3.0,2.0,5.0,1.0,4.0,1.0,8.0,34:46,15.2,1
5,101123,Gerald Green,14.0,3.0,7.0,6.0,6.0,0.0,1.0,1.0,2.0,0.0,4.0,3.0,-6.0,25:36,8.4,1
6,202693,Markieff Morris,25.0,10.0,13.0,4.0,2.0,1.0,7.0,0.0,2.0,2.0,3.0,3.0,-3.0,31:22,20.5,1
7,202694,Marcus Morris Sr.,11.0,4.0,6.0,2.0,1.0,1.0,2.0,0.0,0.0,0.0,3.0,2.0,4.0,22:55,6.1,1
8,202397,Ish Smith,8.0,4.0,5.0,0.0,0.0,1.0,3.0,1.0,2.0,0.0,1.0,0.0,9.0,18:57,9.7,1
9,203462,Archie Goodwin,2.0,1.0,1.0,0.0,0.0,0.0,0.0,0.0,0.0,0.0,1.0,1.0,-1.0,3:57,0.3,1
10,203458,Alex Len,1.0,0.0,2.0,2.0,1.0,1.0,0.0,0.0,0.0,0.0,2.0,1.0,2.0,5:12,-1.9,1
11,202091,Dionte Christmas,,,,,,,,,,,,,,,0.0,1
12,101183,Shavlik Randolph,,,,,,,,,,,,,,,0.0,1
13,201147,Corey Brewer,14.0,6.0,15.0,1.0,1.0,2.0,1.0,1.0,0.0,0.0,5.0,1.0,-8.0,37:45,5.6,0
14,201567,Kevin Love,36.0,11.0,27.0,12.0,11.0,5.0,9.0,2.0,9.0,0.0,3.0,3.0,3.0,38:29,31.4,0
15,203476,Gorgui Dieng,6.0,2.0,3.0,2.0,2.0,3.0,6.0,1.0,2.0,0.0,3.0,1.0,10.0,24:37,8.8,0
16,2755,Kevin Martin,25.0,6.0,16.0,12.0,11.0,0.0,0.0,1.0,1.0,0.0,3.0,2.0,-2.0,34:54,14.3,0
17,201937,Ricky Rubio,19.0,7.0,12.0,5.0,3.0,1.0,3.0,3.0,9.0,0.0,4.0,2.0,-4.0,43:56,19.9,0
18,200826,J.J. Barea,2.0,1.0,3.0,0.0,0.0,0.0,0.0,0.0,4.0,0.0,2.0,2.0,-8.0,17:10,0.3,0
19,201967,Dante Cunningham,9.0,4.0,7.0,1.0,1.0,0.0,3.0,1.0,0.0,3.0,4.0,1.0,-19.0,26:28,7.1,0
20,203498,Shabazz Muhammad,9.0,3.0,8.0,4.0,3.0,5.0,0.0,0.0,0.0,0.0,0.0,0.0,-7.0,16:41,7.7,0
21,201978,Chase Budinger,,,,,,,,,,,,,,,0.0,0
22,203133,Robbie Hummel,,,,,,,,,,,,,,,0.0,0
23,201601,Luc Mbah a Moute,,,,,,,,,,,,,,,0.0,0
24,201593,Nikola Pekovic,,,,,,,,,,,,,,,0.0,0
25,203144,Alexey Shved,,,,,,,,,,,,,,,0.0,0
