,id,name,PTS,FG,FGA,FTA,FT,OREB,DREB,STL,AST,BLK,PF,TO,PLUS_MINUS,MIN,GS,WIN
0,202331,Paul George,32.0,9.0,17.0,11.0,10.0,1.0,4.0,3.0,0.0,0.0,2.0,1.0,-19.0,36:26,26.4,0
1,2561,David West,11.0,5.0,11.0,1.0,1.0,0.0,2.0,0.0,3.0,0.0,4.0,4.0,-14.0,26:52,2.4,0
2,201579,Roy Hibbert,12.0,6.0,12.0,0.0,0.0,6.0,3.0,1.0,2.0,0.0,2.0,1.0,-15.0,25:06,11.7,0
3,202362,Lance Stephenson,8.0,4.0,11.0,0.0,0.0,1.0,2.0,0.0,3.0,0.0,3.0,0.0,-16.0,26:25,4.1,0
4,201588,George Hill,4.0,2.0,8.0,0.0,0.0,0.0,3.0,3.0,2.0,1.0,1.0,3.0,-14.0,30:42,1.8,0
5,2449,Luis Scola,6.0,2.0,4.0,2.0,2.0,0.0,1.0,0.0,0.0,0.0,0.0,0.0,-6.0,17:55,4.3,0
6,203111,Orlando Johnson,2.0,0.0,3.0,2.0,2.0,0.0,1.0,0.0,0.0,0.0,2.0,0.0,-7.0,17:39,-0.6,0
7,101133,Ian Mahinmi,3.0,1.0,4.0,1.0,1.0,1.0,1.0,0.0,0.0,2.0,2.0,2.0,-10.0,19:26,0.2,0
8,201228,C.J. Watson,5.0,1.0,4.0,2.0,2.0,0.0,1.0,1.0,0.0,1.0,1.0,1.0,-7.0,12:45,3.2,0
9,203142,Chris Copeland,2.0,1.0,4.0,0.0,0.0,0.0,0.0,0.0,0.0,0.0,0.0,0.0,-3.0,6:41,-0.4,0
10,202388,Donald Sloan,0.0,0.0,1.0,0.0,0.0,0.0,1.0,1.0,2.0,0.0,1.0,1.0,-3.0,6:41,0.6,0
11,203524,Solomon Hill,3.0,1.0,2.0,2.0,1.0,0.0,1.0,0.0,1.0,0.0,0.0,0.0,-3.0,6:41,2.6,0
12,2446,Rasual Butler,6.0,2.0,4.0,0.0,0.0,0.0,0.0,0.0,0.0,0.0,0.0,0.0,-3.0,6:41,4.0,0
13,201142,Kevin Durant,36.0,14.0,23.0,6.0,6.0,2.0,8.0,1.0,5.0,0.0,1.0,3.0,26.0,34:51,30.4,1
14,201586,Serge Ibaka,13.0,6.0,8.0,2.0,1.0,0.0,3.0,2.0,1.0,1.0,4.0,3.0,17.0,30:05,9.1,1
15,2570,Kendrick Perkins,6.0,2.0,2.0,2.0,2.0,2.0,5.0,0.0,0.0,2.0,1.0,1.0,19.0,22:00,8.3,1
16,200757,Thabo Sefolosha,4.0,2.0,4.0,0.0,0.0,0.0,2.0,0.0,1.0,1.0,3.0,0.0,19.0,27:00,2.8,1
17,201566,Russell Westbrook,26.0,11.0,17.0,3.0,3.0,1.0,6.0,1.0,13.0,0.0,2.0,5.0,24.0,31:58,25.3,1
18,203500,Steven Adams,5.0,1.0,1.0,3.0,3.0,2.0,2.0,1.0,2.0,2.0,4.0,2.0,0.0,17:52,6.9,1
19,202704,Reggie Jackson,15.0,6.0,11.0,2.0,2.0,0.0,4.0,1.0,3.0,0.0,3.0,2.0,3.0,26:28,10.8,1
20,203087,Jeremy Lamb,5.0,2.0,6.0,0.0,0.0,1.0,2.0,0.0,0.0,0.0,1.0,0.0,6.0,16:14,2.5,1
21,2555,Nick Collison,2.0,0.0,1.0,2.0,2.0,1.0,2.0,0.0,1.0,2.0,4.0,0.0,6.0,15:31,3.1,1
22,965,Derek Fisher,0.0,0.0,1.0,0.0,0.0,0.0,1.0,0.0,1.0,0.0,1.0,2.0,-4.0,14:03,-2.1,1
23,203103,Perry Jones III,6.0,3.0,3.0,0.0,0.0,1.0,1.0,0.0,0.0,0.0,0.0,0.0,4.0,3:58,6.1,1
24,101155,Ryan Gomes,,,,,,,,,,,,,,,0.0,1
25,201934,Hasheem Thabeet,,,,,,,,,,,,,,,0.0,1
