,id,name,PTS,FG,FGA,FTA,FT,OREB,DREB,STL,AST,BLK,PF,TO,PLUS_MINUS,MIN,GS,WIN
0,202331,Paul George,23.0,9.0,20.0,2.0,2.0,1.0,3.0,1.0,2.0,0.0,1.0,4.0,9.0,35:33,12.2,1
1,2561,David West,17.0,6.0,15.0,7.0,5.0,2.0,3.0,1.0,3.0,2.0,5.0,2.0,2.0,30:31,10.9,1
2,201579,Roy Hibbert,14.0,7.0,11.0,0.0,0.0,4.0,9.0,0.0,1.0,2.0,4.0,1.0,9.0,35:49,14.1,1
3,202362,Lance Stephenson,14.0,6.0,17.0,2.0,1.0,4.0,6.0,0.0,7.0,0.0,1.0,1.0,2.0,42:58,12.2,1
4,201588,George Hill,15.0,5.0,8.0,2.0,2.0,1.0,3.0,2.0,2.0,0.0,2.0,2.0,4.0,32:43,13.6,1
5,201228,C.J. Watson,5.0,2.0,4.0,0.0,0.0,0.0,1.0,2.0,2.0,0.0,1.0,1.0,4.0,15:17,5.3,1
6,2449,Luis Scola,6.0,3.0,9.0,0.0,0.0,2.0,4.0,1.0,1.0,0.0,1.0,1.0,6.0,17:17,3.8,1
7,101122,Danny Granger,2.0,1.0,5.0,0.0,0.0,0.0,5.0,0.0,1.0,1.0,2.0,1.0,5.0,17:49,-0.0,1
8,101133,Ian Mahinmi,6.0,2.0,2.0,2.0,2.0,3.0,1.0,0.0,0.0,0.0,2.0,1.0,-1.0,12:04,6.0,1
9,2446,Rasual Butler,,,,,,,,,,,,,,,0.0,1
10,203142,Chris Copeland,,,,,,,,,,,,,,,0.0,1
11,203111,Orlando Johnson,,,,,,,,,,,,,,,0.0,1
12,202388,Donald Sloan,,,,,,,,,,,,,,,0.0,1
13,2738,Andre Iguodala,7.0,2.0,5.0,2.0,2.0,0.0,2.0,4.0,3.0,0.0,3.0,3.0,-1.0,29:30,6.8,0
14,101135,David Lee,20.0,8.0,19.0,8.0,4.0,5.0,7.0,1.0,2.0,0.0,5.0,0.0,-9.0,35:50,14.3,0
15,101106,Andrew Bogut,10.0,5.0,8.0,0.0,0.0,3.0,10.0,1.0,2.0,2.0,5.0,3.0,4.0,30:53,10.3,0
16,202691,Klay Thompson,17.0,6.0,13.0,0.0,0.0,0.0,0.0,0.0,1.0,0.0,2.0,2.0,-8.0,39:26,8.2,0
17,201939,Stephen Curry,24.0,9.0,20.0,4.0,3.0,0.0,3.0,0.0,9.0,0.0,2.0,2.0,-4.0,41:28,17.6,0
18,203084,Harrison Barnes,7.0,2.0,5.0,2.0,2.0,1.0,4.0,1.0,1.0,0.0,1.0,0.0,-10.0,20:56,7.5,0
19,201578,Marreese Speights,2.0,1.0,4.0,0.0,0.0,1.0,2.0,0.0,0.0,0.0,1.0,2.0,1.0,11:38,-1.5,0
20,202348,Jordan Crawford,2.0,1.0,5.0,0.0,0.0,0.0,1.0,0.0,3.0,0.0,1.0,3.0,-1.0,12:53,-2.1,0
21,203110,Draymond Green,5.0,1.0,7.0,4.0,3.0,3.0,3.0,0.0,0.0,0.0,2.0,0.0,-12.0,17:26,2.3,0
22,203145,Kent Bazemore,,,,,,,,,,,,,,,0.0,0
23,202705,MarShon Brooks,,,,,,,,,,,,,,,0.0,0
24,203517,Nemanja Nedovic,,,,,,,,,,,,,,,0.0,0
