,id,name,PTS,FG,FGA,FTA,FT,OREB,DREB,STL,AST,BLK,PF,TO,PLUS_MINUS,MIN,GS,WIN
0,200752,Rudy Gay,18.0,6.0,12.0,6.0,5.0,1.0,3.0,2.0,0.0,0.0,3.0,5.0,2.0,34:09,9.0,0
1,201946,Tyler Hansbrough,2.0,1.0,4.0,1.0,0.0,2.0,7.0,1.0,3.0,0.0,3.0,1.0,7.0,29:06,3.6,0
2,202685,Jonas Valanciunas,8.0,4.0,7.0,0.0,0.0,0.0,6.0,0.0,0.0,1.0,3.0,3.0,-4.0,26:47,3.0,0
3,201942,DeMar DeRozan,26.0,10.0,18.0,5.0,4.0,0.0,0.0,0.0,3.0,0.0,2.0,3.0,-18.0,42:41,15.3,0
4,200768,Kyle Lowry,20.0,7.0,13.0,4.0,4.0,0.0,4.0,2.0,9.0,0.0,5.0,3.0,3.0,37:52,18.2,0
5,101161,Amir Johnson,16.0,7.0,10.0,2.0,2.0,5.0,5.0,1.0,1.0,1.0,3.0,2.0,-18.0,33:07,16.0,0
6,203082,Terrence Ross,4.0,2.0,5.0,0.0,0.0,1.0,1.0,0.0,0.0,0.0,1.0,1.0,2.0,10:14,0.9,0
7,202933,Julyan Stone,0.0,0.0,1.0,0.0,0.0,0.0,0.0,0.0,1.0,0.0,3.0,0.0,-12.0,10:08,-1.2,0
8,200779,Steve Novak,9.0,3.0,6.0,0.0,0.0,0.0,1.0,0.0,0.0,0.0,1.0,0.0,-13.0,11:29,5.9,0
9,202361,Landry Fields,0.0,0.0,1.0,0.0,0.0,0.0,2.0,0.0,0.0,0.0,1.0,0.0,6.0,4:27,-0.5,0
10,203112,Quincy Acy,,,,,,,,,,,,,,,0.0,0
11,201571,D.J. Augustin,,,,,,,,,,,,,,,0.0,0
12,201189,Aaron Gray,,,,,,,,,,,,,,,0.0,0
13,203084,Harrison Barnes,19.0,7.0,12.0,6.0,3.0,0.0,3.0,2.0,2.0,0.0,2.0,1.0,-8.0,31:23,14.7,1
14,101135,David Lee,18.0,6.0,10.0,6.0,6.0,2.0,6.0,0.0,4.0,0.0,1.0,2.0,8.0,36:29,17.0,1
15,101106,Andrew Bogut,10.0,5.0,7.0,0.0,0.0,2.0,3.0,0.0,1.0,0.0,1.0,2.0,-17.0,25:25,7.7,1
16,202691,Klay Thompson,22.0,8.0,20.0,0.0,0.0,1.0,2.0,1.0,7.0,0.0,4.0,2.0,5.0,41:08,14.8,1
17,201939,Stephen Curry,27.0,8.0,15.0,10.0,8.0,0.0,3.0,5.0,10.0,1.0,1.0,3.0,16.0,43:25,29.1,1
18,979,Jermaine O'Neal,11.0,4.0,7.0,3.0,3.0,4.0,4.0,0.0,1.0,1.0,1.0,1.0,30.0,22:44,11.7,1
19,203110,Draymond Green,3.0,1.0,5.0,0.0,0.0,0.0,5.0,3.0,2.0,0.0,5.0,0.0,26.0,26:40,3.8,1
20,201578,Marreese Speights,2.0,1.0,2.0,0.0,0.0,0.0,1.0,0.0,0.0,0.0,0.0,0.0,-5.0,5:40,1.3,1
21,203517,Nemanja Nedovic,0.0,0.0,0.0,0.0,0.0,0.0,0.0,0.0,0.0,0.0,0.0,1.0,-7.0,4:52,-1.0,1
22,203145,Kent Bazemore,0.0,0.0,1.0,0.0,0.0,0.0,0.0,0.0,0.0,0.0,1.0,0.0,-3.0,1:57,-1.1,1
23,203473,Dewayne Dedmon,0.0,0.0,0.0,0.0,0.0,0.0,0.0,0.0,0.0,0.0,0.0,0.0,0.0,0:17,0.0,1
24,2738,Andre Iguodala,,,,,,,,,,,,,,,0.0,1
