,id,name,PTS,FG,FGA,FTA,FT,OREB,DREB,STL,AST,BLK,PF,TO,PLUS_MINUS,MIN,GS,WIN
0,201142,Kevin Durant,30.0,11.0,23.0,7.0,6.0,0.0,6.0,2.0,3.0,0.0,3.0,2.0,6.0,37:52,20.6,1
1,201586,Serge Ibaka,17.0,7.0,11.0,4.0,3.0,5.0,5.0,0.0,0.0,1.0,3.0,1.0,-1.0,31:08,15.2,1
2,2570,Kendrick Perkins,3.0,1.0,1.0,2.0,1.0,1.0,2.0,0.0,1.0,0.0,3.0,2.0,3.0,12:51,1.1,1
3,200757,Thabo Sefolosha,2.0,1.0,4.0,0.0,0.0,2.0,2.0,1.0,0.0,1.0,2.0,1.0,6.0,22:44,1.5,1
4,201566,Russell Westbrook,21.0,9.0,16.0,4.0,2.0,1.0,12.0,0.0,8.0,0.0,1.0,8.0,5.0,36:13,14.1,1
5,203500,Steven Adams,1.0,0.0,1.0,2.0,1.0,1.0,1.0,0.0,0.0,0.0,3.0,1.0,-1.0,9:22,-1.3,1
6,2555,Nick Collison,8.0,4.0,7.0,0.0,0.0,2.0,4.0,1.0,0.0,2.0,3.0,1.0,18.0,20:47,7.5,1
7,202704,Reggie Jackson,8.0,4.0,10.0,0.0,0.0,0.0,2.0,2.0,2.0,0.0,1.0,2.0,7.0,19:54,4.2,1
8,203087,Jeremy Lamb,9.0,4.0,9.0,0.0,0.0,0.0,6.0,2.0,3.0,1.0,3.0,0.0,8.0,21:34,9.7,1
9,965,Derek Fisher,6.0,2.0,5.0,1.0,1.0,0.0,1.0,1.0,2.0,0.0,0.0,0.0,4.0,19:55,6.0,1
10,203103,Perry Jones III,0.0,0.0,1.0,0.0,0.0,0.0,0.0,1.0,0.0,0.0,0.0,0.0,5.0,6:24,0.3,1
11,203460,Andre Roberson,0.0,0.0,0.0,0.0,0.0,0.0,0.0,0.0,0.0,0.0,0.0,0.0,0.0,1:16,0.0,1
12,201934,Hasheem Thabeet,,,,,,,,,,,,,,,0.0,1
13,201163,Wilson Chandler,13.0,6.0,15.0,1.0,0.0,0.0,2.0,0.0,3.0,0.0,5.0,0.0,5.0,30:39,5.2,0
14,202702,Kenneth Faried,13.0,6.0,12.0,2.0,1.0,3.0,4.0,1.0,1.0,1.0,0.0,1.0,0.0,27:40,11.3,0
15,201581,JJ Hickson,20.0,7.0,13.0,9.0,6.0,5.0,9.0,0.0,1.0,1.0,1.0,1.0,0.0,28:56,18.7,0
16,200751,Randy Foye,3.0,1.0,5.0,1.0,1.0,0.0,1.0,1.0,2.0,0.0,4.0,0.0,10.0,24:08,1.0,0
17,201951,Ty Lawson,17.0,6.0,11.0,5.0,4.0,0.0,3.0,4.0,13.0,0.0,1.0,4.0,-6.0,37:08,20.9,0
18,101126,Nate Robinson,12.0,4.0,9.0,2.0,2.0,0.0,1.0,1.0,2.0,0.0,1.0,4.0,-13.0,24:41,5.6,0
19,202389,Timofey Mozgov,4.0,2.0,5.0,0.0,0.0,3.0,1.0,1.0,0.0,1.0,2.0,3.0,-11.0,15:00,1.6,0
20,201589,Darrell Arthur,2.0,0.0,4.0,2.0,2.0,0.0,5.0,0.0,2.0,0.0,2.0,0.0,-12.0,16:08,1.3,0
21,202706,Jordan Hamilton,4.0,2.0,6.0,0.0,0.0,1.0,4.0,1.0,1.0,0.0,2.0,1.0,-17.0,16:15,2.4,0
22,1889,Andre Miller,0.0,0.0,2.0,0.0,0.0,1.0,0.0,0.0,0.0,0.0,0.0,1.0,-5.0,5:40,-1.7,0
23,203095,Evan Fournier,5.0,2.0,5.0,0.0,0.0,0.0,0.0,0.0,0.0,0.0,2.0,0.0,-11.0,12:39,1.5,0
24,203113,Quincy Miller,0.0,0.0,0.0,0.0,0.0,0.0,0.0,0.0,0.0,0.0,0.0,0.0,0.0,1:06,0.0,0
25,201576,Anthony Randolph,,,,,,,,,,,,,,,0.0,0
