,id,name,PTS,FG,FGA,FTA,FT,OREB,DREB,STL,AST,BLK,PF,TO,PLUS_MINUS,MIN,GS,WIN
0,203084,Harrison Barnes,14.0,6.0,12.0,2.0,1.0,1.0,3.0,1.0,0.0,0.0,0.0,1.0,-7.0,39:07,9.2,1
1,101135,David Lee,19.0,6.0,14.0,7.0,7.0,0.0,7.0,0.0,3.0,0.0,2.0,1.0,-4.0,38:50,14.0,1
2,979,Jermaine O'Neal,18.0,9.0,12.0,0.0,0.0,2.0,6.0,0.0,0.0,0.0,3.0,2.0,-4.0,26:26,13.2,1
3,202691,Klay Thompson,22.0,8.0,18.0,6.0,3.0,2.0,3.0,1.0,8.0,1.0,1.0,4.0,-2.0,42:55,16.6,1
4,201939,Stephen Curry,16.0,7.0,20.0,0.0,0.0,1.0,7.0,3.0,9.0,1.0,2.0,2.0,-2.0,42:05,14.8,1
5,203110,Draymond Green,7.0,2.0,6.0,4.0,2.0,1.0,1.0,3.0,3.0,3.0,1.0,0.0,12.0,23:51,10.6,1
6,201578,Marreese Speights,6.0,2.0,3.0,2.0,2.0,2.0,1.0,0.0,1.0,1.0,3.0,0.0,1.0,11:13,6.6,1
7,203517,Nemanja Nedovic,0.0,0.0,2.0,0.0,0.0,0.0,2.0,0.0,1.0,0.0,2.0,0.0,8.0,12:39,-0.9,1
8,203145,Kent Bazemore,0.0,0.0,1.0,0.0,0.0,0.0,2.0,0.0,0.0,0.0,0.0,0.0,3.0,2:54,-0.1,1
9,101106,Andrew Bogut,,,,,,,,,,,,,,,0.0,1
10,203473,Dewayne Dedmon,,,,,,,,,,,,,,,0.0,1
11,2738,Andre Iguodala,,,,,,,,,,,,,,,0.0,1
12,202329,Al-Farouq Aminu,4.0,2.0,3.0,0.0,0.0,2.0,7.0,0.0,1.0,1.0,0.0,1.0,9.0,24:47,6.6,0
13,203076,Anthony Davis,14.0,6.0,9.0,2.0,2.0,3.0,8.0,0.0,1.0,2.0,4.0,1.0,6.0,30:14,14.1,0
14,201160,Jason Smith,14.0,6.0,14.0,2.0,2.0,3.0,1.0,0.0,1.0,1.0,2.0,0.0,5.0,25:43,9.6,0
15,201569,Eric Gordon,16.0,6.0,12.0,4.0,2.0,0.0,0.0,2.0,7.0,1.0,2.0,3.0,11.0,35:57,13.0,0
16,201950,Jrue Holiday,17.0,7.0,16.0,0.0,0.0,1.0,3.0,2.0,7.0,0.0,2.0,2.0,7.0,37:05,14.3,0
17,201583,Ryan Anderson,21.0,8.0,17.0,2.0,2.0,4.0,8.0,0.0,1.0,0.0,4.0,2.0,-8.0,36:44,14.6,0
18,200811,Lou Amundson,0.0,0.0,1.0,0.0,0.0,1.0,1.0,0.0,0.0,1.0,3.0,1.0,-5.0,3:19,-1.2,0
19,203148,Brian Roberts,0.0,0.0,2.0,0.0,0.0,0.0,0.0,0.0,0.0,1.0,1.0,1.0,-8.0,10:55,-2.1,0
20,201936,Tyreke Evans,12.0,5.0,11.0,3.0,2.0,0.0,4.0,0.0,4.0,1.0,2.0,4.0,-10.0,23:13,5.8,0
21,201627,Anthony Morrow,3.0,1.0,2.0,0.0,0.0,0.0,1.0,1.0,0.0,0.0,1.0,1.0,-12.0,12:03,1.9,0
22,2735,Josh Childress,,,,,,,,,,,,,,,0.0,0
23,203085,Austin Rivers,,,,,,,,,,,,,,,0.0,0
24,203481,Jeff Withey,,,,,,,,,,,,,,,0.0,0
