,id,name,PTS,FG,FGA,FTA,FT,OREB,DREB,STL,AST,BLK,PF,TO,PLUS_MINUS,MIN,GS,WIN
0,2544,LeBron James,37.0,14.0,23.0,7.0,6.0,1.0,5.0,2.0,5.0,0.0,1.0,5.0,-8.0,41:22,28.4,0
1,2203,Shane Battier,9.0,3.0,6.0,0.0,0.0,1.0,2.0,2.0,1.0,0.0,2.0,0.0,1.0,23:39,9.2,0
2,2547,Chris Bosh,13.0,6.0,14.0,0.0,0.0,1.0,5.0,2.0,0.0,2.0,5.0,4.0,3.0,35:19,5.2,0
3,201962,Toney Douglas,0.0,0.0,2.0,0.0,0.0,1.0,0.0,1.0,5.0,0.0,0.0,1.0,6.0,16:58,2.8,0
4,201596,Mario Chalmers,12.0,5.0,10.0,2.0,2.0,2.0,2.0,1.0,3.0,0.0,4.0,1.0,6.0,35:50,9.5,0
5,1740,Rashard Lewis,17.0,5.0,8.0,3.0,3.0,0.0,3.0,0.0,3.0,0.0,1.0,0.0,-6.0,24:01,16.0,0
6,951,Ray Allen,6.0,2.0,4.0,0.0,0.0,0.0,0.0,2.0,2.0,0.0,1.0,1.0,-5.0,25:28,6.0,0
7,202708,Norris Cole,3.0,1.0,4.0,0.0,0.0,0.0,4.0,0.0,5.0,0.0,0.0,3.0,-14.0,24:42,2.3,0
8,203120,Justin Hamilton,5.0,2.0,2.0,0.0,0.0,0.0,0.0,1.0,0.0,0.0,3.0,0.0,-8.0,12:41,4.2,0
9,2365,Chris Andersen,,,,,,,,,,,,,,,0.0,0
10,201563,Michael Beasley,,,,,,,,,,,,,,,0.0,0
11,2617,Udonis Haslem,,,,,,,,,,,,,,,0.0,0
12,2592,James Jones,,,,,,,,,,,,,,,0.0,0
13,201949,James Johnson,5.0,1.0,5.0,4.0,3.0,1.0,3.0,1.0,3.0,3.0,2.0,2.0,-11.0,24:17,5.5,1
14,2216,Zach Randolph,25.0,12.0,15.0,1.0,0.0,3.0,8.0,1.0,2.0,1.0,2.0,3.0,7.0,42:04,22.7,1
15,201188,Marc Gasol,20.0,8.0,16.0,7.0,4.0,3.0,11.0,2.0,3.0,1.0,4.0,2.0,7.0,44:34,17.4,1
16,201584,Courtney Lee,18.0,7.0,11.0,1.0,1.0,0.0,1.0,0.0,3.0,1.0,2.0,4.0,10.0,36:50,11.4,1
17,201144,Mike Conley,26.0,10.0,18.0,4.0,3.0,1.0,2.0,2.0,6.0,0.0,2.0,3.0,9.0,41:21,20.7,1
18,2754,Tony Allen,6.0,3.0,7.0,0.0,0.0,1.0,1.0,3.0,2.0,0.0,4.0,0.0,16.0,24:03,6.1,1
19,201585,Kosta Koufos,2.0,0.0,1.0,2.0,2.0,0.0,0.0,0.0,0.0,0.0,0.0,0.0,-2.0,3:26,1.3,1
20,201979,Nick Calathes,2.0,1.0,1.0,0.0,0.0,1.0,0.0,1.0,2.0,0.0,2.0,0.0,0.0,8:28,4.0,1
21,2034,Mike Miller,0.0,0.0,2.0,0.0,0.0,0.0,2.0,0.0,2.0,0.0,0.0,0.0,-9.0,9:21,0.6,1
22,202334,Ed Davis,3.0,1.0,2.0,2.0,1.0,2.0,1.0,0.0,0.0,0.0,1.0,0.0,-2.0,5:36,2.9,1
23,203479,Jamaal Franklin,,,,,,,,,,,,,,,0.0,1
24,202720,Jon Leuer,,,,,,,,,,,,,,,0.0,1
25,2757,Beno Udrih,,,,,,,,,,,,,,,0.0,1
