,id,name,PTS,FG,FGA,FTA,FT,OREB,DREB,STL,AST,BLK,PF,TO,PLUS_MINUS,MIN,GS,WIN
0,203077,Michael Kidd-Gilchrist,6.0,3.0,8.0,0.0,0.0,1.0,3.0,2.0,0.0,0.0,1.0,1.0,-11.0,20:33,3.8,0
1,201177,Josh McRoberts,8.0,4.0,9.0,0.0,0.0,1.0,2.0,0.0,3.0,1.0,2.0,0.0,0.0,20:58,6.6,0
2,2744,Al Jefferson,17.0,7.0,17.0,4.0,3.0,1.0,6.0,0.0,1.0,0.0,2.0,0.0,-18.0,26:38,9.9,0
3,201604,Chris Douglas-Roberts,15.0,6.0,10.0,4.0,2.0,0.0,2.0,2.0,0.0,0.0,0.0,1.0,-12.0,30:02,11.2,0
4,202689,Kemba Walker,11.0,3.0,13.0,4.0,4.0,1.0,3.0,0.0,5.0,1.0,3.0,3.0,-17.0,28:11,4.7,0
5,203469,Cody Zeller,2.0,1.0,5.0,0.0,0.0,4.0,5.0,0.0,2.0,1.0,5.0,2.0,-21.0,22:35,1.3,0
6,202390,Gary Neal,7.0,3.0,9.0,0.0,0.0,0.0,2.0,1.0,1.0,0.0,2.0,1.0,-14.0,27:27,2.4,0
7,201229,Anthony Tolliver,10.0,4.0,8.0,2.0,1.0,0.0,1.0,0.0,1.0,0.0,0.0,0.0,-8.0,22:25,6.6,0
8,202687,Bismack Biyombo,6.0,3.0,5.0,0.0,0.0,3.0,2.0,0.0,0.0,3.0,3.0,0.0,-3.0,17:38,7.3,0
9,2557,Luke Ridnour,2.0,1.0,6.0,0.0,0.0,2.0,1.0,1.0,3.0,1.0,1.0,1.0,-4.0,15:22,2.3,0
10,2457,Jannero Pargo,5.0,2.0,3.0,0.0,0.0,0.0,0.0,0.0,2.0,0.0,0.0,1.0,-1.0,4:27,4.1,0
11,203120,Justin Hamilton,0.0,0.0,0.0,0.0,0.0,0.0,0.0,1.0,0.0,0.0,0.0,1.0,-1.0,3:44,0.0,0
12,201945,Gerald Henderson,,,,,,,,,,,,,,,0.0,0
13,2419,Tayshaun Prince,4.0,2.0,5.0,0.0,0.0,0.0,2.0,1.0,1.0,1.0,1.0,0.0,5.0,18:10,3.9,1
14,2216,Zach Randolph,16.0,5.0,7.0,8.0,6.0,4.0,3.0,1.0,3.0,0.0,3.0,1.0,17.0,30:40,16.9,1
15,201188,Marc Gasol,14.0,5.0,12.0,4.0,4.0,1.0,8.0,0.0,3.0,2.0,1.0,2.0,18.0,24:48,11.8,1
16,201584,Courtney Lee,9.0,4.0,6.0,1.0,1.0,0.0,4.0,1.0,2.0,1.0,0.0,0.0,21.0,27:05,10.7,1
17,201144,Mike Conley,20.0,7.0,18.0,2.0,1.0,0.0,3.0,2.0,4.0,0.0,1.0,2.0,15.0,30:15,13.1,1
18,2034,Mike Miller,8.0,3.0,4.0,2.0,2.0,0.0,1.0,0.0,3.0,0.0,1.0,1.0,9.0,19:41,7.4,1
19,2754,Tony Allen,8.0,4.0,6.0,2.0,0.0,2.0,4.0,0.0,4.0,0.0,0.0,2.0,12.0,22:07,8.0,1
20,201585,Kosta Koufos,12.0,5.0,11.0,3.0,2.0,2.0,8.0,0.0,0.0,0.0,4.0,2.0,3.0,19:28,6.1,1
21,201979,Nick Calathes,2.0,1.0,5.0,0.0,0.0,0.0,2.0,0.0,1.0,0.0,0.0,0.0,7.0,17:45,0.2,1
22,202720,Jon Leuer,10.0,5.0,8.0,0.0,0.0,1.0,4.0,1.0,1.0,1.0,4.0,1.0,5.0,17:20,8.1,1
23,201949,James Johnson,0.0,0.0,0.0,0.0,0.0,0.0,1.0,0.0,0.0,0.0,1.0,1.0,-4.0,5:13,-1.1,1
24,2757,Beno Udrih,6.0,2.0,4.0,0.0,0.0,0.0,0.0,0.0,1.0,0.0,0.0,0.0,1.0,3:44,4.7,1
25,202334,Ed Davis,2.0,1.0,1.0,0.0,0.0,1.0,0.0,0.0,0.0,0.0,0.0,0.0,1.0,3:44,2.4,1
