,id,name,PTS,FG,FGA,FTA,FT,OREB,DREB,STL,AST,BLK,PF,TO,PLUS_MINUS,MIN,GS,WIN
0,200752,Rudy Gay,4.0,1.0,6.0,3.0,2.0,0.0,3.0,0.0,1.0,0.0,1.0,2.0,-9.0,24:01,-1.0,0
1,201574,Jason Thompson,9.0,4.0,6.0,2.0,1.0,2.0,7.0,1.0,1.0,1.0,6.0,2.0,-5.0,30:30,7.5,0
2,202326,DeMarcus Cousins,30.0,9.0,13.0,15.0,12.0,4.0,13.0,3.0,6.0,0.0,3.0,6.0,-4.0,36:04,30.0,0
3,203463,Ben McLemore,7.0,2.0,10.0,2.0,2.0,0.0,3.0,0.0,3.0,0.0,3.0,1.0,3.0,30:03,1.6,0
4,202738,Isaiah Thomas,21.0,8.0,23.0,3.0,3.0,1.0,1.0,0.0,4.0,0.0,1.0,2.0,-6.0,35:43,9.5,0
5,2566,Travis Outlaw,2.0,1.0,9.0,0.0,0.0,0.0,4.0,1.0,0.0,1.0,2.0,1.0,-11.0,28:48,-2.8,0
6,202682,Derrick Williams,5.0,2.0,4.0,1.0,1.0,0.0,0.0,1.0,1.0,0.0,3.0,1.0,-5.0,22:01,2.5,0
7,203112,Quincy Acy,5.0,2.0,2.0,1.0,1.0,2.0,1.0,1.0,0.0,2.0,3.0,0.0,-1.0,20:08,7.3,0
8,202690,Jimmer Fredette,4.0,1.0,7.0,1.0,1.0,0.0,1.0,1.0,2.0,0.0,1.0,0.0,-2.0,12:42,1.8,0
9,201189,Aaron Gray,,,,,,,,,,,,,,,0.0,0
10,203492,Ray McCallum,,,,,,,,,,,,,,,0.0,0
11,202380,Hamady Ndiaye,,,,,,,,,,,,,,,0.0,0
12,201977,Marcus Thornton,,,,,,,,,,,,,,,0.0,0
13,203106,Jeffery Taylor,8.0,3.0,9.0,0.0,0.0,0.0,3.0,1.0,2.0,0.0,3.0,0.0,3.0,26:05,5.0,1
14,201177,Josh McRoberts,5.0,2.0,5.0,0.0,0.0,0.0,5.0,1.0,4.0,0.0,3.0,1.0,5.0,24:31,5.4,1
15,2744,Al Jefferson,10.0,5.0,13.0,1.0,0.0,1.0,8.0,3.0,1.0,0.0,6.0,1.0,-6.0,28:08,5.9,1
16,201945,Gerald Henderson,20.0,7.0,13.0,8.0,6.0,1.0,4.0,1.0,5.0,2.0,4.0,3.0,4.0,34:40,16.1,1
17,202689,Kemba Walker,24.0,7.0,13.0,7.0,6.0,0.0,3.0,1.0,5.0,1.0,0.0,1.0,3.0,33:18,22.4,1
18,203469,Cody Zeller,7.0,3.0,7.0,1.0,1.0,0.0,5.0,0.0,2.0,1.0,4.0,3.0,3.0,23:29,2.3,1
19,201196,Ramon Sessions,16.0,6.0,11.0,5.0,4.0,0.0,2.0,1.0,6.0,0.0,0.0,1.0,9.0,23:37,15.1,1
20,202687,Bismack Biyombo,0.0,0.0,1.0,2.0,0.0,3.0,6.0,0.0,0.0,2.0,4.0,1.0,14.0,19:52,1.2,1
21,2732,Ben Gordon,5.0,2.0,6.0,0.0,0.0,0.0,1.0,1.0,1.0,0.0,2.0,4.0,5.0,26:20,-1.2,1
22,202399,Jeff Adrien,,,,,,,,,,,,,,,0.0,1
23,201604,Chris Douglas-Roberts,,,,,,,,,,,,,,,0.0,1
24,2457,Jannero Pargo,,,,,,,,,,,,,,,0.0,1
25,201229,Anthony Tolliver,,,,,,,,,,,,,,,0.0,1
