,id,name,PTS,FG,FGA,FTA,FT,OREB,DREB,STL,AST,BLK,PF,TO,PLUS_MINUS,MIN,GS,WIN
0,201229,Anthony Tolliver,3.0,1.0,3.0,0.0,0.0,1.0,2.0,0.0,2.0,0.0,1.0,0.0,-30.0,30:54,3.6,0
1,201177,Josh McRoberts,7.0,3.0,10.0,0.0,0.0,1.0,3.0,1.0,0.0,0.0,0.0,3.0,-27.0,27:25,0.8,0
2,2744,Al Jefferson,19.0,9.0,17.0,2.0,1.0,2.0,3.0,0.0,1.0,1.0,2.0,1.0,-17.0,28:48,12.2,0
3,201945,Gerald Henderson,16.0,5.0,9.0,6.0,5.0,0.0,1.0,1.0,2.0,0.0,2.0,0.0,-25.0,24:03,13.2,0
4,202689,Kemba Walker,6.0,2.0,10.0,2.0,2.0,1.0,2.0,3.0,3.0,0.0,0.0,1.0,-17.0,29:12,5.2,0
5,201196,Ramon Sessions,14.0,3.0,8.0,10.0,8.0,0.0,0.0,1.0,3.0,0.0,1.0,1.0,-14.0,29:22,10.5,0
6,203469,Cody Zeller,5.0,1.0,6.0,4.0,3.0,1.0,4.0,1.0,1.0,0.0,1.0,1.0,0.0,16:46,3.0,0
7,201604,Chris Douglas-Roberts,20.0,6.0,8.0,7.0,6.0,0.0,4.0,1.0,2.0,1.0,0.0,1.0,-6.0,23:32,19.7,0
8,202687,Bismack Biyombo,6.0,2.0,3.0,3.0,2.0,0.0,4.0,1.0,0.0,0.0,1.0,1.0,-13.0,19:12,5.1,0
9,2457,Jannero Pargo,8.0,2.0,5.0,2.0,2.0,0.0,1.0,0.0,1.0,0.0,1.0,0.0,2.0,6:58,5.9,0
10,202399,Jeff Adrien,0.0,0.0,0.0,0.0,0.0,0.0,0.0,1.0,0.0,0.0,1.0,0.0,-3.0,3:49,0.6,0
11,2732,Ben Gordon,,,,,,,,,,,,,,,0.0,0
12,203106,Jeffery Taylor,,,,,,,,,,,,,,,0.0,0
13,201587,Nicolas Batum,8.0,3.0,6.0,0.0,0.0,1.0,6.0,0.0,7.0,1.0,1.0,0.0,15.0,27:34,12.7,1
14,200746,LaMarcus Aldridge,10.0,5.0,13.0,0.0,0.0,2.0,13.0,0.0,3.0,0.0,3.0,0.0,17.0,28:24,9.1,1
15,201577,Robin Lopez,14.0,7.0,10.0,1.0,0.0,3.0,2.0,2.0,0.0,1.0,1.0,3.0,25.0,25:50,11.4,1
16,202083,Wesley Matthews,25.0,8.0,11.0,5.0,4.0,1.0,0.0,0.0,2.0,0.0,2.0,2.0,15.0,26:56,19.4,1
17,203081,Damian Lillard,24.0,9.0,13.0,0.0,0.0,0.0,0.0,2.0,7.0,0.0,2.0,2.0,23.0,29:22,22.6,1
18,2590,Mo Williams,15.0,6.0,9.0,0.0,0.0,0.0,0.0,2.0,10.0,0.0,5.0,3.0,17.0,21:14,15.1,1
19,200777,Joel Freeland,6.0,3.0,7.0,0.0,0.0,1.0,2.0,1.0,0.0,0.0,2.0,0.0,2.0,13:23,3.8,1
20,2748,Dorell Wright,6.0,2.0,6.0,0.0,0.0,0.0,3.0,1.0,1.0,0.0,2.0,3.0,15.0,15:55,1.4,1
21,203086,Meyers Leonard,8.0,4.0,7.0,0.0,0.0,2.0,8.0,0.0,2.0,0.0,2.0,1.0,13.0,19:36,8.1,1
22,203115,Will Barton,10.0,4.0,5.0,0.0,0.0,1.0,2.0,0.0,1.0,0.0,0.0,0.0,3.0,8:47,10.1,1
23,203080,Thomas Robinson,5.0,2.0,3.0,1.0,1.0,1.0,4.0,0.0,0.0,0.0,1.0,0.0,3.0,8:47,5.2,1
24,203459,Allen Crabbe,3.0,1.0,3.0,0.0,0.0,0.0,0.0,0.0,0.0,0.0,1.0,0.0,1.0,7:06,0.9,1
25,2248,Earl Watson,0.0,0.0,0.0,0.0,0.0,0.0,0.0,0.0,1.0,0.0,3.0,1.0,1.0,7:06,-1.5,1
