,id,name,PTS,FG,FGA,FTA,FT,OREB,DREB,STL,AST,BLK,PF,TO,PLUS_MINUS,MIN,GS,WIN
0,2210,Richard Jefferson,20.0,7.0,9.0,4.0,3.0,0.0,1.0,1.0,3.0,0.0,0.0,0.0,23.0,21:13,19.5,1
1,101107,Marvin Williams,8.0,3.0,8.0,0.0,0.0,1.0,3.0,2.0,5.0,0.0,2.0,0.0,18.0,27:34,9.9,1
2,202324,Derrick Favors,17.0,6.0,9.0,5.0,5.0,4.0,3.0,0.0,0.0,3.0,5.0,2.0,31.0,24:37,14.9,1
3,202330,Gordon Hayward,17.0,7.0,15.0,2.0,2.0,1.0,3.0,0.0,4.0,0.0,1.0,0.0,16.0,30:17,13.3,1
4,203504,Trey Burke,11.0,4.0,8.0,2.0,2.0,0.0,2.0,1.0,9.0,0.0,5.0,0.0,17.0,21:27,12.9,1
5,202692,Alec Burks,17.0,7.0,11.0,1.0,0.0,1.0,2.0,0.0,2.0,1.0,3.0,1.0,-2.0,25:00,12.9,1
6,202683,Enes Kanter,8.0,4.0,7.0,0.0,0.0,1.0,2.0,1.0,1.0,0.0,5.0,2.0,-6.0,17:15,3.7,1
7,203197,Diante Garrett,6.0,3.0,5.0,0.0,0.0,1.0,2.0,2.0,4.0,0.0,3.0,0.0,8.0,22:16,8.6,1
8,202379,Jeremy Evans,9.0,4.0,8.0,1.0,1.0,1.0,5.0,0.0,3.0,1.0,1.0,0.0,3.0,20:26,9.6,1
9,201575,Brandon Rush,9.0,3.0,4.0,0.0,0.0,0.0,2.0,0.0,2.0,2.0,0.0,0.0,5.0,19:30,10.8,1
10,203497,Rudy Gobert,0.0,0.0,2.0,0.0,0.0,2.0,2.0,0.0,0.0,1.0,0.0,1.0,-4.0,6:08,0.3,1
11,101249,John Lucas III,0.0,0.0,3.0,0.0,0.0,0.0,0.0,0.0,2.0,0.0,2.0,0.0,-4.0,4:17,-1.5,1
12,2740,Andris Biedrins,,,,,,,,,,,,,,,0.0,1
13,202682,Derrick Williams,13.0,6.0,11.0,2.0,1.0,1.0,6.0,0.0,1.0,1.0,1.0,2.0,-13.0,32:13,8.8,0
14,201574,Jason Thompson,11.0,3.0,8.0,5.0,5.0,2.0,4.0,0.0,1.0,0.0,3.0,0.0,-18.0,34:19,8.7,0
15,202326,DeMarcus Cousins,21.0,7.0,14.0,11.0,7.0,6.0,5.0,0.0,2.0,0.0,3.0,3.0,-24.0,23:06,15.3,0
16,203463,Ben McLemore,4.0,1.0,8.0,2.0,1.0,0.0,2.0,0.0,0.0,0.0,2.0,1.0,-34.0,33:29,-2.8,0
17,202738,Isaiah Thomas,20.0,7.0,13.0,5.0,5.0,0.0,3.0,1.0,7.0,0.0,5.0,5.0,-16.0,36:22,13.5,0
18,2566,Travis Outlaw,6.0,2.0,6.0,2.0,2.0,1.0,1.0,0.0,1.0,0.0,2.0,0.0,-1.0,23:04,3.5,0
19,201977,Marcus Thornton,11.0,4.0,11.0,2.0,2.0,2.0,2.0,1.0,0.0,1.0,3.0,0.0,-3.0,34:05,7.4,0
20,202380,Hamady Ndiaye,2.0,1.0,1.0,0.0,0.0,0.0,2.0,0.0,0.0,2.0,1.0,0.0,2.0,9:14,3.3,0
21,202690,Jimmer Fredette,13.0,4.0,6.0,4.0,4.0,1.0,1.0,0.0,1.0,0.0,0.0,1.0,-5.0,11:38,11.1,0
22,203492,Ray McCallum,0.0,0.0,0.0,0.0,0.0,0.0,1.0,0.0,0.0,0.0,0.0,0.0,7.0,2:30,0.3,0
23,203112,Quincy Acy,,,,,,,,,,,,,,,0.0,0
24,200752,Rudy Gay,,,,,,,,,,,,,,,0.0,0
25,201189,Aaron Gray,,,,,,,,,,,,,,,0.0,0
