,id,name,PTS,FG,FGA,FTA,FT,OREB,DREB,STL,AST,BLK,PF,TO,PLUS_MINUS,MIN,GS,WIN
0,201167,Arron Afflalo,20.0,8.0,15.0,2.0,2.0,0.0,1.0,0.0,3.0,0.0,1.0,1.0,-18.0,35:42,13.7,0
1,203094,Andrew Nicholson,8.0,4.0,6.0,0.0,0.0,0.0,3.0,0.0,0.0,1.0,4.0,2.0,-20.0,27:48,3.4,0
2,201175,Glen Davis,4.0,1.0,7.0,4.0,2.0,0.0,9.0,1.0,2.0,0.0,4.0,2.0,-8.0,29:55,0.2,0
3,2749,Jameer Nelson,13.0,4.0,8.0,2.0,2.0,0.0,2.0,3.0,9.0,0.0,2.0,0.0,-11.0,30:15,18.1,0
4,203506,Victor Oladipo,17.0,5.0,13.0,8.0,5.0,1.0,8.0,1.0,3.0,2.0,0.0,3.0,-23.0,39:45,13.3,0
5,203090,Maurice Harkless,6.0,3.0,6.0,0.0,0.0,1.0,1.0,0.0,1.0,0.0,5.0,0.0,-23.0,19:54,2.7,0
6,202734,E'Twaun Moore,2.0,1.0,5.0,0.0,0.0,0.0,0.0,0.0,1.0,0.0,0.0,2.0,-33.0,19:42,-2.4,0
7,101131,Jason Maxiell,1.0,0.0,0.0,2.0,1.0,1.0,0.0,0.0,0.0,0.0,0.0,0.0,-9.0,5:11,1.3,0
8,101179,Ronnie Price,6.0,2.0,4.0,0.0,0.0,0.0,1.0,0.0,0.0,0.0,1.0,0.0,-12.0,7:38,3.9,0
9,200780,Solomon Jones,0.0,0.0,0.0,0.0,0.0,0.0,0.0,0.0,0.0,0.0,1.0,0.0,-9.0,6:18,-0.4,0
10,203117,Doron Lamb,4.0,1.0,2.0,2.0,1.0,0.0,0.0,0.0,0.0,0.0,0.0,1.0,-12.0,8:56,1.6,0
11,203124,Kyle O'Quinn,2.0,1.0,4.0,0.0,0.0,1.0,2.0,0.0,0.0,0.0,1.0,1.0,-12.0,8:56,-0.5,0
12,202696,Nikola Vucevic,,,,,,,,,,,,,,,0.0,0
13,2546,Carmelo Anthony,20.0,6.0,10.0,9.0,8.0,0.0,11.0,3.0,4.0,1.0,1.0,1.0,11.0,29:42,23.4,1
14,2030,Kenyon Martin,3.0,1.0,3.0,2.0,1.0,1.0,3.0,0.0,0.0,2.0,3.0,0.0,6.0,19:34,2.7,1
15,200745,Andrea Bargnani,17.0,6.0,16.0,4.0,3.0,6.0,2.0,0.0,0.0,2.0,0.0,1.0,11.0,28:23,13.0,1
16,101109,Raymond Felton,14.0,6.0,10.0,0.0,0.0,2.0,2.0,0.0,5.0,0.0,2.0,0.0,4.0,26:38,14.1,1
17,202697,Iman Shumpert,10.0,4.0,9.0,2.0,2.0,0.0,4.0,0.0,0.0,0.0,4.0,1.0,4.0,25:22,3.9,1
18,2747,JR Smith,17.0,6.0,11.0,0.0,0.0,0.0,6.0,0.0,1.0,0.0,3.0,2.0,33.0,28:29,11.0,1
19,203143,Pablo Prigioni,3.0,1.0,1.0,0.0,0.0,0.0,0.0,3.0,6.0,0.0,1.0,2.0,26.0,14:49,7.5,1
20,1897,Metta World Peace,12.0,4.0,7.0,2.0,2.0,0.0,2.0,1.0,2.0,0.0,4.0,0.0,39.0,24:46,10.1,1
21,203501,Tim Hardaway Jr.,15.0,5.0,7.0,0.0,0.0,0.0,1.0,1.0,3.0,0.0,0.0,0.0,32.0,22:38,15.5,1
22,203315,Toure' Murry,6.0,3.0,5.0,0.0,0.0,0.0,2.0,0.0,0.0,0.0,2.0,2.0,8.0,6:33,1.5,1
23,202332,Cole Aldrich,2.0,1.0,2.0,0.0,0.0,1.0,1.0,0.0,1.0,0.0,0.0,0.0,8.0,6:33,2.7,1
24,2757,Beno Udrih,2.0,1.0,2.0,0.0,0.0,0.0,1.0,0.0,3.0,0.0,0.0,1.0,8.0,6:33,2.4,1
25,2405,Amar'e Stoudemire,,,,,,,,,,,,,,,0.0,1
