,id,name,PTS,FG,FGA,FTA,FT,OREB,DREB,STL,AST,BLK,PF,TO,PLUS_MINUS,MIN,GS,WIN
0,101141,Ersan Ilyasova,8.0,3.0,10.0,2.0,2.0,2.0,1.0,0.0,1.0,0.0,2.0,0.0,-16.0,24:56,3.8,0
1,203114,Khris Middleton,6.0,3.0,10.0,0.0,0.0,0.0,1.0,0.0,2.0,0.0,3.0,1.0,-15.0,26:48,-0.3,0
2,2585,Zaza Pachulia,4.0,2.0,3.0,0.0,0.0,2.0,3.0,1.0,4.0,0.0,1.0,1.0,-12.0,19:33,7.4,0
3,202688,Brandon Knight,14.0,5.0,13.0,5.0,4.0,2.0,0.0,0.0,2.0,0.0,1.0,3.0,-18.0,26:32,5.9,0
4,203489,Nate Wolters,15.0,5.0,7.0,4.0,3.0,0.0,3.0,0.0,2.0,0.0,0.0,1.0,-14.0,29:19,13.0,0
5,203089,John Henson,9.0,4.0,8.0,4.0,1.0,3.0,2.0,1.0,0.0,0.0,3.0,3.0,-8.0,20:25,3.3,0
6,203507,Giannis Antetokounmpo,7.0,2.0,5.0,2.0,2.0,2.0,1.0,2.0,1.0,1.0,4.0,0.0,-6.0,26:33,7.8,0
7,201196,Ramon Sessions,14.0,4.0,9.0,6.0,5.0,0.0,1.0,0.0,4.0,0.0,1.0,0.0,-7.0,28:14,11.6,0
8,202399,Jeff Adrien,10.0,5.0,10.0,0.0,0.0,3.0,4.0,1.0,1.0,0.0,3.0,1.0,-5.0,23:04,7.8,0
9,202327,Ekpe Udoh,4.0,2.0,4.0,0.0,0.0,1.0,1.0,0.0,0.0,0.0,2.0,0.0,-1.0,8:00,2.2,0
10,202874,Chris Wright,3.0,0.0,2.0,4.0,3.0,0.0,0.0,1.0,0.0,0.0,1.0,0.0,-3.0,6:36,1.8,0
11,201564,O.J. Mayo,,,,,,,,,,,,,,,0.0,0
12,203545,Miroslav Raduljica,,,,,,,,,,,,,,,0.0,0
13,2546,Carmelo Anthony,23.0,8.0,16.0,6.0,6.0,2.0,5.0,0.0,2.0,2.0,3.0,3.0,19.0,32:31,16.5,1
14,2405,Amar'e Stoudemire,15.0,6.0,13.0,4.0,3.0,3.0,3.0,0.0,1.0,1.0,3.0,1.0,14.0,26:27,10.1,1
15,2199,Tyson Chandler,2.0,1.0,2.0,0.0,0.0,1.0,4.0,0.0,0.0,0.0,2.0,0.0,18.0,25:12,2.1,1
16,101109,Raymond Felton,9.0,4.0,6.0,0.0,0.0,1.0,1.0,0.0,1.0,1.0,3.0,1.0,13.0,23:26,6.6,1
17,2747,JR Smith,15.0,5.0,7.0,3.0,3.0,2.0,6.0,1.0,4.0,0.0,0.0,0.0,18.0,22:34,19.1,1
18,202697,Iman Shumpert,14.0,5.0,12.0,2.0,2.0,3.0,1.0,1.0,4.0,0.0,2.0,1.0,-2.0,26:38,12.0,1
19,203501,Tim Hardaway Jr.,20.0,8.0,12.0,3.0,2.0,0.0,1.0,0.0,0.0,1.0,3.0,2.0,4.0,25:11,12.2,1
20,203143,Pablo Prigioni,0.0,0.0,1.0,0.0,0.0,0.0,0.0,1.0,1.0,0.0,2.0,2.0,7.0,18:29,-1.8,1
21,202719,Jeremy Tyler,6.0,1.0,2.0,6.0,4.0,1.0,5.0,0.0,0.0,1.0,3.0,1.0,1.0,18:16,4.9,1
22,202332,Cole Aldrich,4.0,1.0,1.0,2.0,2.0,0.0,2.0,0.0,0.0,1.0,0.0,0.0,3.0,6:36,5.0,1
23,203315,Toure' Murry,3.0,1.0,2.0,2.0,1.0,0.0,0.0,0.0,1.0,0.0,1.0,0.0,1.0,6:05,1.9,1
24,200769,Shannon Brown,2.0,1.0,1.0,0.0,0.0,0.0,0.0,0.0,0.0,0.0,1.0,0.0,4.0,5:12,1.3,1
25,201947,Earl Clark,2.0,1.0,1.0,0.0,0.0,0.0,0.0,0.0,0.0,0.0,0.0,0.0,5.0,3:23,1.7,1
