,id,name,PTS,FG,FGA,FTA,FT,OREB,DREB,STL,AST,BLK,PF,TO,PLUS_MINUS,MIN,GS,WIN
0,2546,Carmelo Anthony,19.0,7.0,14.0,2.0,2.0,0.0,3.0,0.0,2.0,0.0,1.0,0.0,14.0,24:26,13.9,1
1,200745,Andrea Bargnani,13.0,5.0,12.0,3.0,3.0,1.0,4.0,0.0,0.0,1.0,2.0,0.0,-6.0,28:10,8.4,1
2,2199,Tyson Chandler,10.0,5.0,9.0,2.0,0.0,2.0,11.0,2.0,2.0,1.0,4.0,0.0,11.0,39:50,12.1,1
3,202697,Iman Shumpert,9.0,4.0,7.0,0.0,0.0,3.0,3.0,1.0,0.0,0.0,2.0,2.0,8.0,27:14,6.9,1
4,101109,Raymond Felton,13.0,4.0,11.0,4.0,3.0,0.0,2.0,0.0,4.0,0.0,4.0,3.0,-8.0,25:27,5.3,1
5,2747,JR Smith,18.0,7.0,17.0,2.0,1.0,1.0,9.0,0.0,4.0,2.0,3.0,1.0,11.0,36:56,13.9,1
6,2757,Beno Udrih,10.0,2.0,3.0,6.0,6.0,0.0,1.0,0.0,6.0,0.0,1.0,1.0,13.0,22:33,11.8,1
7,2405,Amar'e Stoudemire,6.0,3.0,9.0,0.0,0.0,2.0,4.0,0.0,0.0,0.0,4.0,2.0,-9.0,17:41,-0.1,1
8,203501,Tim Hardaway Jr.,5.0,2.0,4.0,0.0,0.0,0.0,1.0,0.0,1.0,0.0,0.0,0.0,-9.0,17:43,4.0,1
9,202332,Cole Aldrich,,,,,,,,,,,,,,,0.0,1
10,203315,Toure' Murry,,,,,,,,,,,,,,,0.0,1
11,203147,Chris Smith,,,,,,,,,,,,,,,0.0,1
12,1897,Metta World Peace,,,,,,,,,,,,,,,0.0,1
13,202699,Tobias Harris,14.0,4.0,13.0,7.0,6.0,2.0,5.0,0.0,4.0,0.0,5.0,1.0,1.0,43:52,8.8,0
14,201175,Glen Davis,20.0,9.0,21.0,5.0,2.0,3.0,4.0,2.0,3.0,0.0,2.0,2.0,6.0,39:00,12.3,0
15,202696,Nikola Vucevic,14.0,6.0,12.0,2.0,2.0,4.0,8.0,0.0,1.0,3.0,5.0,2.0,0.0,36:13,12.0,0
16,201167,Arron Afflalo,26.0,9.0,17.0,5.0,3.0,0.0,5.0,0.0,5.0,0.0,3.0,1.0,4.0,42:39,19.7,0
17,2749,Jameer Nelson,17.0,6.0,14.0,2.0,2.0,1.0,7.0,1.0,10.0,0.0,5.0,2.0,-1.0,41:53,16.4,0
18,203506,Victor Oladipo,3.0,1.0,4.0,1.0,1.0,0.0,1.0,0.0,1.0,0.0,1.0,1.0,-23.0,16:18,0.2,0
19,203090,Maurice Harkless,2.0,1.0,3.0,0.0,0.0,0.0,1.0,0.0,0.0,1.0,0.0,0.0,-5.0,7:46,1.3,0
20,203094,Andrew Nicholson,0.0,0.0,1.0,0.0,0.0,0.0,0.0,1.0,0.0,0.0,0.0,0.0,-6.0,4:08,0.3,0
21,203117,Doron Lamb,0.0,0.0,1.0,0.0,0.0,0.0,0.0,0.0,0.0,0.0,0.0,0.0,-3.0,1:49,-0.7,0
22,101131,Jason Maxiell,2.0,1.0,3.0,0.0,0.0,2.0,1.0,0.0,0.0,0.0,0.0,0.0,2.0,6:22,2.0,0
23,200780,Solomon Jones,,,,,,,,,,,,,,,0.0,0
24,203124,Kyle O'Quinn,,,,,,,,,,,,,,,0.0,0
25,101179,Ronnie Price,,,,,,,,,,,,,,,0.0,0
