,id,name,PTS,FG,FGA,FTA,FT,OREB,DREB,STL,AST,BLK,PF,TO,PLUS_MINUS,MIN,GS,WIN
0,2738,Andre Iguodala,8.0,3.0,7.0,2.0,2.0,0.0,3.0,1.0,3.0,2.0,1.0,2.0,18.0,35:50,7.3,1
1,101135,David Lee,22.0,9.0,19.0,4.0,4.0,2.0,6.0,0.0,1.0,2.0,3.0,0.0,17.0,34:46,16.4,1
2,101106,Andrew Bogut,10.0,5.0,5.0,0.0,0.0,5.0,10.0,0.0,2.0,5.0,5.0,2.0,12.0,33:44,15.9,1
3,202691,Klay Thompson,8.0,3.0,14.0,0.0,0.0,0.0,2.0,2.0,1.0,0.0,1.0,1.0,14.0,36:38,1.3,1
4,201939,Stephen Curry,28.0,10.0,22.0,6.0,6.0,1.0,5.0,4.0,8.0,0.0,2.0,0.0,15.0,37:49,27.6,1
5,203084,Harrison Barnes,0.0,0.0,4.0,0.0,0.0,0.0,2.0,0.0,1.0,0.0,3.0,1.0,-7.0,17:31,-3.7,1
6,202348,Jordan Crawford,10.0,4.0,6.0,0.0,0.0,2.0,0.0,0.0,1.0,0.0,0.0,2.0,-9.0,13:29,7.5,1
7,203110,Draymond Green,4.0,1.0,1.0,4.0,2.0,0.0,3.0,0.0,0.0,1.0,3.0,0.0,-2.0,15:44,3.3,1
8,201578,Marreese Speights,7.0,2.0,5.0,3.0,3.0,0.0,2.0,0.0,0.0,1.0,2.0,0.0,-9.0,11:01,4.8,1
9,203145,Kent Bazemore,0.0,0.0,1.0,0.0,0.0,0.0,0.0,0.0,0.0,0.0,0.0,0.0,1.0,3:12,-0.7,1
10,202705,MarShon Brooks,0.0,0.0,0.0,0.0,0.0,0.0,0.0,0.0,0.0,0.0,0.0,0.0,0.0,0:16,0.0,1
11,203517,Nemanja Nedovic,,,,,,,,,,,,,,,0.0,1
12,979,Jermaine O'Neal,,,,,,,,,,,,,,,0.0,1
13,202329,Al-Farouq Aminu,12.0,5.0,12.0,4.0,2.0,4.0,5.0,0.0,1.0,1.0,1.0,0.0,-13.0,33:07,10.1,0
14,203076,Anthony Davis,31.0,11.0,17.0,12.0,9.0,4.0,13.0,0.0,1.0,1.0,5.0,4.0,-9.0,43:01,24.4,0
15,201880,Greg Stiemsma,2.0,1.0,4.0,0.0,0.0,0.0,2.0,0.0,0.0,1.0,1.0,0.0,3.0,12:21,0.5,0
16,201569,Eric Gordon,8.0,3.0,17.0,2.0,2.0,2.0,3.0,2.0,6.0,0.0,3.0,3.0,-15.0,32:38,1.6,0
17,203148,Brian Roberts,9.0,3.0,7.0,3.0,2.0,0.0,3.0,0.0,5.0,0.0,2.0,1.0,-6.0,34:52,7.5,0
18,201582,Alexis Ajinca,2.0,0.0,1.0,2.0,2.0,2.0,2.0,0.0,0.0,1.0,2.0,0.0,-4.0,11:36,3.2,0
19,201936,Tyreke Evans,14.0,6.0,14.0,2.0,2.0,1.0,3.0,1.0,2.0,0.0,1.0,4.0,-2.0,30:45,6.2,0
20,203085,Austin Rivers,0.0,0.0,4.0,0.0,0.0,0.0,0.0,0.0,2.0,0.0,1.0,1.0,5.0,12:30,-2.8,0
21,203121,Darius Miller,6.0,2.0,4.0,1.0,1.0,1.0,0.0,1.0,1.0,0.0,0.0,0.0,0.0,15:03,6.4,0
22,203481,Jeff Withey,3.0,1.0,3.0,2.0,1.0,1.0,1.0,0.0,0.0,1.0,1.0,0.0,-9.0,14:07,2.2,0
23,201950,Jrue Holiday,,,,,,,,,,,,,,,0.0,0
24,201627,Anthony Morrow,,,,,,,,,,,,,,,0.0,0
25,201160,Jason Smith,,,,,,,,,,,,,,,0.0,0
