,id,name,PTS,FG,FGA,FTA,FT,OREB,DREB,STL,AST,BLK,PF,TO,PLUS_MINUS,MIN,GS,WIN
0,2736,Luol Deng,4.0,2.0,8.0,0.0,0.0,1.0,4.0,2.0,4.0,0.0,4.0,3.0,6.0,29:28,1.3,0
1,2430,Carlos Boozer,31.0,13.0,18.0,5.0,5.0,3.0,4.0,1.0,2.0,1.0,4.0,2.0,-2.0,32:24,26.4,0
2,201149,Joakim Noah,2.0,1.0,4.0,2.0,0.0,2.0,9.0,2.0,2.0,2.0,2.0,2.0,-4.0,20:09,4.9,0
3,202710,Jimmy Butler,20.0,6.0,12.0,7.0,6.0,0.0,3.0,5.0,3.0,1.0,4.0,2.0,10.0,29:55,18.7,0
4,201565,Derrick Rose,12.0,4.0,15.0,4.0,3.0,0.0,1.0,0.0,4.0,0.0,2.0,5.0,-9.0,34:21,-0.0,0
5,2399,Mike Dunleavy,10.0,3.0,9.0,2.0,2.0,0.0,3.0,0.0,1.0,0.0,1.0,1.0,-10.0,22:56,5.1,0
6,201959,Taj Gibson,10.0,4.0,8.0,3.0,2.0,4.0,4.0,0.0,3.0,0.0,1.0,0.0,-13.0,29:19,11.3,0
7,2550,Kirk Hinrich,6.0,2.0,6.0,0.0,0.0,0.0,1.0,0.0,3.0,0.0,6.0,2.0,-19.0,29:29,0.6,0
8,1737,Nazr Mohammed,0.0,0.0,0.0,0.0,0.0,1.0,1.0,0.0,1.0,0.0,1.0,0.0,-9.0,5:16,1.3,0
9,203503,Tony Snell,0.0,0.0,3.0,0.0,0.0,0.0,0.0,1.0,0.0,0.0,2.0,1.0,-10.0,6:44,-2.9,0
10,2229,Mike James,,,,,,,,,,,,,,,0.0,0
11,203513,Erik Murphy,,,,,,,,,,,,,,,0.0,0
12,203104,Marquis Teague,,,,,,,,,,,,,,,0.0,0
13,2544,LeBron James,17.0,5.0,11.0,9.0,7.0,0.0,6.0,1.0,8.0,0.0,0.0,2.0,8.0,38:01,16.9,1
14,2617,Udonis Haslem,6.0,2.0,4.0,2.0,2.0,1.0,2.0,0.0,0.0,0.0,3.0,3.0,0.0,21:28,1.1,1
15,2547,Chris Bosh,16.0,6.0,11.0,4.0,3.0,1.0,5.0,0.0,0.0,3.0,3.0,1.0,0.0,31:22,12.4,1
16,2548,Dwyane Wade,13.0,5.0,13.0,5.0,2.0,0.0,4.0,1.0,3.0,1.0,4.0,3.0,2.0,36:07,5.1,1
17,201596,Mario Chalmers,13.0,3.0,8.0,7.0,6.0,2.0,1.0,5.0,4.0,0.0,2.0,3.0,-5.0,26:50,13.9,1
18,951,Ray Allen,11.0,3.0,7.0,2.0,2.0,0.0,1.0,0.0,7.0,1.0,4.0,3.0,9.0,26:19,8.6,1
19,2203,Shane Battier,14.0,5.0,6.0,0.0,0.0,0.0,2.0,0.0,1.0,0.0,3.0,0.0,15.0,22:10,11.9,1
20,202708,Norris Cole,11.0,5.0,7.0,0.0,0.0,0.0,7.0,1.0,3.0,0.0,0.0,3.0,17.0,21:10,10.3,1
21,2365,Chris Andersen,6.0,3.0,5.0,0.0,0.0,1.0,7.0,2.0,0.0,2.0,2.0,0.0,14.0,16:33,9.1,1
22,201202,Joel Anthony,,,,,,,,,,,,,,,0.0,1
23,201563,Michael Beasley,,,,,,,,,,,,,,,0.0,1
24,2592,James Jones,,,,,,,,,,,,,,,0.0,1
25,1740,Rashard Lewis,,,,,,,,,,,,,,,0.0,1
