,id,name,PTS,FG,FGA,FTA,FT,OREB,DREB,STL,AST,BLK,PF,TO,PLUS_MINUS,MIN,GS,WIN
0,200752,Rudy Gay,32.0,12.0,23.0,9.0,8.0,3.0,8.0,3.0,3.0,1.0,2.0,1.0,19.0,37:57,28.8,1
1,201574,Jason Thompson,4.0,2.0,3.0,0.0,0.0,1.0,2.0,0.0,0.0,1.0,2.0,3.0,21.0,15:30,0.9,1
2,202326,DeMarcus Cousins,27.0,8.0,16.0,12.0,11.0,1.0,8.0,1.0,5.0,5.0,2.0,4.0,36.0,34:22,24.9,1
3,203463,Ben McLemore,6.0,2.0,10.0,1.0,1.0,2.0,2.0,3.0,1.0,1.0,2.0,2.0,16.0,35:32,3.4,1
4,202738,Isaiah Thomas,33.0,12.0,16.0,6.0,5.0,0.0,3.0,3.0,6.0,0.0,4.0,6.0,26.0,41:50,26.7,1
5,201189,Aaron Gray,0.0,0.0,0.0,0.0,0.0,0.0,0.0,0.0,0.0,1.0,2.0,0.0,-7.0,4:27,-0.1,1
6,201171,Carl Landry,3.0,1.0,2.0,2.0,1.0,1.0,0.0,0.0,1.0,0.0,0.0,1.0,-17.0,11:22,2.0,1
7,202682,Derrick Williams,2.0,0.0,4.0,4.0,2.0,0.0,2.0,0.0,0.0,0.0,0.0,0.0,-12.0,21:19,-1.0,1
8,2566,Travis Outlaw,0.0,0.0,0.0,0.0,0.0,0.0,0.0,0.0,0.0,0.0,0.0,0.0,-2.0,1:54,0.0,1
9,203112,Quincy Acy,0.0,0.0,0.0,0.0,0.0,0.0,4.0,1.0,0.0,1.0,2.0,3.0,-3.0,11:03,-0.9,1
10,203492,Ray McCallum,2.0,0.0,4.0,2.0,2.0,1.0,2.0,0.0,2.0,0.0,3.0,0.0,-12.0,16:44,0.7,1
11,2501,Reggie Evans,0.0,0.0,0.0,0.0,0.0,1.0,4.0,1.0,0.0,0.0,2.0,1.0,5.0,8:00,1.1,1
12,202690,Jimmer Fredette,,,,,,,,,,,,,,,0.0,1
13,201163,Wilson Chandler,6.0,2.0,7.0,0.0,0.0,0.0,2.0,1.0,3.0,0.0,5.0,0.0,-25.0,29:56,3.6,0
14,202702,Kenneth Faried,10.0,5.0,10.0,0.0,0.0,1.0,5.0,1.0,1.0,1.0,2.0,4.0,-26.0,29:37,4.8,0
15,201581,JJ Hickson,1.0,0.0,2.0,6.0,1.0,0.0,6.0,0.0,3.0,0.0,4.0,3.0,1.0,16:14,-3.1,0
16,200751,Randy Foye,27.0,8.0,18.0,5.0,5.0,1.0,5.0,0.0,1.0,1.0,5.0,0.0,-2.0,33:57,19.2,0
17,201166,Aaron Brooks,9.0,3.0,12.0,2.0,1.0,2.0,0.0,2.0,8.0,0.0,4.0,5.0,-30.0,31:55,3.8,0
18,202389,Timofey Mozgov,6.0,3.0,15.0,0.0,0.0,2.0,2.0,0.0,0.0,0.0,2.0,0.0,-20.0,18:56,-2.1,0
19,203113,Quincy Miller,3.0,1.0,7.0,0.0,0.0,2.0,3.0,1.0,1.0,2.0,1.0,3.0,14.0,24:35,0.5,0
20,203095,Evan Fournier,27.0,8.0,11.0,8.0,7.0,0.0,4.0,1.0,5.0,1.0,1.0,3.0,4.0,35:37,25.1,0
21,202686,Jan Vesely,6.0,3.0,5.0,0.0,0.0,2.0,2.0,3.0,0.0,2.0,3.0,0.0,10.0,15:40,8.9,0
22,201576,Anthony Randolph,0.0,0.0,1.0,0.0,0.0,0.0,1.0,2.0,1.0,0.0,1.0,1.0,4.0,3:33,0.9,0
23,201589,Darrell Arthur,,,,,,,,,,,,,,,0.0,0
24,201951,Ty Lawson,,,,,,,,,,,,,,,0.0,0
25,101126,Nate Robinson,,,,,,,,,,,,,,,0.0,0
