,id,name,PTS,FG,FGA,FTA,FT,OREB,DREB,STL,AST,BLK,PF,TO,PLUS_MINUS,MIN,GS,WIN
0,2210,Richard Jefferson,15.0,6.0,11.0,2.0,2.0,0.0,5.0,0.0,3.0,0.0,1.0,2.0,2.0,30:51,10.9,1
1,101107,Marvin Williams,14.0,6.0,11.0,0.0,0.0,1.0,5.0,1.0,3.0,0.0,3.0,1.0,9.0,33:09,11.8,1
2,202324,Derrick Favors,14.0,5.0,7.0,5.0,4.0,5.0,3.0,1.0,0.0,1.0,5.0,2.0,9.0,27:33,12.8,1
3,202330,Gordon Hayward,13.0,3.0,11.0,8.0,7.0,0.0,4.0,0.0,4.0,0.0,1.0,2.0,7.0,34:06,7.7,1
4,203504,Trey Burke,20.0,6.0,15.0,4.0,4.0,2.0,4.0,2.0,3.0,0.0,4.0,1.0,2.0,32:12,16.0,1
5,202692,Alec Burks,13.0,5.0,9.0,3.0,2.0,1.0,2.0,0.0,5.0,0.0,2.0,1.0,7.0,32:16,11.3,1
6,203197,Diante Garrett,3.0,1.0,2.0,0.0,0.0,0.0,0.0,1.0,2.0,0.0,2.0,3.0,6.0,15:48,0.6,1
7,202379,Jeremy Evans,12.0,4.0,4.0,5.0,4.0,1.0,2.0,1.0,1.0,0.0,4.0,0.0,0.0,19:54,11.8,1
8,202683,Enes Kanter,8.0,3.0,6.0,2.0,2.0,2.0,2.0,0.0,0.0,0.0,1.0,0.0,-2.0,14:11,6.6,1
9,2740,Andris Biedrins,,,,,,,,,,,,,,,0.0,1
10,203497,Rudy Gobert,,,,,,,,,,,,,,,0.0,1
11,101249,John Lucas III,,,,,,,,,,,,,,,0.0,1
12,201575,Brandon Rush,,,,,,,,,,,,,,,0.0,1
13,200782,P.J. Tucker,13.0,5.0,7.0,2.0,1.0,2.0,3.0,3.0,0.0,0.0,4.0,2.0,1.0,29:13,11.4,0
14,101112,Channing Frye,17.0,7.0,12.0,0.0,0.0,3.0,3.0,1.0,2.0,0.0,4.0,1.0,-4.0,33:41,14.2,0
15,203101,Miles Plumlee,9.0,4.0,8.0,2.0,1.0,2.0,5.0,1.0,1.0,3.0,2.0,0.0,-4.0,24:51,10.5,0
16,101123,Gerald Green,14.0,5.0,9.0,0.0,0.0,0.0,3.0,2.0,1.0,0.0,6.0,0.0,3.0,25:57,10.9,0
17,201609,Goran Dragic,24.0,6.0,13.0,13.0,11.0,2.0,0.0,1.0,9.0,0.0,4.0,2.0,-1.0,39:53,21.6,0
18,202339,Eric Bledsoe,13.0,4.0,9.0,6.0,4.0,0.0,2.0,0.0,2.0,0.0,4.0,4.0,-12.0,28:01,3.9,0
19,202693,Markieff Morris,5.0,2.0,8.0,2.0,1.0,3.0,4.0,0.0,2.0,0.0,2.0,3.0,-1.0,24:58,0.7,0
20,203462,Archie Goodwin,0.0,0.0,1.0,0.0,0.0,0.0,1.0,0.0,0.0,0.0,1.0,1.0,-3.0,6:41,-1.8,0
21,202694,Marcus Morris Sr.,9.0,4.0,11.0,0.0,0.0,0.0,1.0,0.0,0.0,0.0,1.0,0.0,-16.0,23:01,2.8,0
22,202091,Dionte Christmas,0.0,0.0,0.0,0.0,0.0,0.0,1.0,0.0,0.0,0.0,0.0,0.0,-3.0,3:45,0.3,0
23,203139,Viacheslav Kravtsov,,,,,,,,,,,,,,,0.0,0
24,202397,Ish Smith,,,,,,,,,,,,,,,0.0,0
