,id,name,PTS,FG,FGA,FTA,FT,OREB,DREB,STL,AST,BLK,PF,TO,PLUS_MINUS,MIN,GS,WIN
0,201162,Jared Dudley,3.0,1.0,4.0,0.0,0.0,1.0,1.0,0.0,0.0,0.0,5.0,3.0,-1.0,18:55,-3.4,1
1,201933,Blake Griffin,32.0,12.0,20.0,9.0,7.0,0.0,7.0,3.0,2.0,1.0,5.0,4.0,9.0,39:41,23.2,1
2,201599,DeAndre Jordan,11.0,4.0,8.0,4.0,3.0,4.0,12.0,3.0,2.0,3.0,4.0,3.0,15.0,42:40,14.9,1
3,201954,Darren Collison,12.0,2.0,9.0,9.0,8.0,1.0,4.0,0.0,7.0,0.0,0.0,0.0,10.0,35:58,12.9,1
4,200755,JJ Redick,12.0,3.0,11.0,5.0,5.0,0.0,3.0,2.0,1.0,0.0,2.0,0.0,3.0,33:17,8.3,1
5,2440,Matt Barnes,5.0,2.0,9.0,2.0,1.0,1.0,3.0,1.0,1.0,0.0,5.0,0.0,9.0,22:11,0.4,1
6,2037,Jamal Crawford,29.0,7.0,14.0,11.0,10.0,1.0,2.0,0.0,4.0,0.0,2.0,1.0,21.0,28:54,23.9,1
7,200797,Ryan Hollins,1.0,0.0,0.0,2.0,1.0,0.0,1.0,0.0,0.0,0.0,1.0,0.0,-3.0,5:05,0.5,1
8,202721,Darius Morris,2.0,1.0,2.0,0.0,0.0,0.0,1.0,0.0,0.0,0.0,2.0,0.0,-2.0,4:21,0.5,1
9,2045,Hedo Turkoglu,2.0,1.0,1.0,0.0,0.0,0.0,1.0,0.0,0.0,0.0,0.0,0.0,6.0,6:43,2.0,1
10,203493,Reggie Bullock,0.0,0.0,0.0,0.0,0.0,0.0,1.0,0.0,0.0,0.0,1.0,0.0,3.0,2:16,-0.1,1
11,2584,Willie Green,,,,,,,,,,,,,,,0.0,1
12,1712,Antawn Jamison,,,,,,,,,,,,,,,0.0,1
13,2546,Carmelo Anthony,26.0,4.0,23.0,16.0,16.0,7.0,13.0,2.0,3.0,0.0,5.0,4.0,-12.0,40:20,18.4,0
14,200745,Andrea Bargnani,13.0,5.0,12.0,4.0,3.0,3.0,3.0,0.0,1.0,1.0,3.0,3.0,-18.0,36:06,6.4,0
15,2199,Tyson Chandler,12.0,3.0,8.0,8.0,6.0,6.0,8.0,0.0,3.0,0.0,6.0,2.0,-8.0,36:38,11.1,0
16,101109,Raymond Felton,5.0,2.0,8.0,2.0,1.0,2.0,2.0,0.0,9.0,0.0,5.0,4.0,-6.0,31:57,2.1,0
17,202697,Iman Shumpert,0.0,0.0,4.0,0.0,0.0,1.0,2.0,0.0,1.0,0.0,2.0,3.0,-4.0,24:50,-4.6,0
18,2747,JR Smith,24.0,9.0,18.0,4.0,3.0,1.0,3.0,0.0,2.0,0.0,4.0,0.0,-5.0,34:34,16.0,0
19,202719,Jeremy Tyler,6.0,3.0,3.0,0.0,0.0,0.0,2.0,0.0,0.0,0.0,3.0,0.0,-4.0,14:16,4.5,0
20,203315,Toure' Murry,3.0,1.0,3.0,2.0,1.0,0.0,1.0,0.0,1.0,0.0,3.0,2.0,-9.0,9:56,-1.3,0
21,203501,Tim Hardaway Jr.,6.0,2.0,4.0,0.0,0.0,0.0,1.0,0.0,0.0,0.0,1.0,0.0,-4.0,11:23,3.9,0
22,202332,Cole Aldrich,,,,,,,,,,,,,,,0.0,0
23,2030,Kenyon Martin,,,,,,,,,,,,,,,0.0,0
24,2405,Amar'e Stoudemire,,,,,,,,,,,,,,,0.0,0
25,2757,Beno Udrih,,,,,,,,,,,,,,,0.0,0
