,id,name,PTS,FG,FGA,FTA,FT,OREB,DREB,STL,AST,BLK,PF,TO,PLUS_MINUS,MIN,GS,WIN
0,203082,Terrence Ross,2.0,1.0,6.0,0.0,0.0,0.0,6.0,0.0,0.0,0.0,1.0,0.0,-12.0,24:03,-0.4,0
1,101161,Amir Johnson,4.0,2.0,3.0,2.0,0.0,1.0,5.0,0.0,1.0,0.0,4.0,1.0,-17.0,23:50,2.2,0
2,202685,Jonas Valanciunas,14.0,7.0,9.0,0.0,0.0,2.0,8.0,1.0,0.0,0.0,4.0,2.0,-6.0,32:29,11.7,0
3,201942,DeMar DeRozan,16.0,8.0,14.0,1.0,0.0,0.0,2.0,2.0,7.0,0.0,3.0,2.0,-8.0,39:17,13.3,0
4,200768,Kyle Lowry,11.0,4.0,11.0,3.0,2.0,1.0,0.0,0.0,4.0,0.0,2.0,5.0,-19.0,25:53,2.2,0
5,202335,Patrick Patterson,2.0,1.0,4.0,0.0,0.0,1.0,0.0,0.0,0.0,0.0,3.0,0.0,-3.0,8:08,-0.9,0
6,200779,Steve Novak,13.0,4.0,6.0,1.0,1.0,0.0,2.0,2.0,0.0,0.0,3.0,0.0,3.0,25:44,11.8,0
7,2422,John Salmons,2.0,1.0,3.0,0.0,0.0,0.0,0.0,1.0,3.0,0.0,2.0,0.0,6.0,18:49,2.6,0
8,202349,Greivis Vasquez,17.0,6.0,11.0,3.0,2.0,0.0,0.0,0.0,1.0,0.0,3.0,4.0,6.0,23:08,6.8,0
9,101236,Chuck Hayes,0.0,0.0,0.0,0.0,0.0,0.0,1.0,0.0,0.0,0.0,0.0,0.0,3.0,5:49,0.3,0
10,201986,Nando De Colo,2.0,1.0,3.0,0.0,0.0,0.0,1.0,1.0,1.0,1.0,0.0,0.0,2.0,10:33,3.0,0
11,202361,Landry Fields,0.0,0.0,0.0,0.0,0.0,0.0,0.0,0.0,0.0,0.0,0.0,0.0,-5.0,2:17,0.0,0
12,201946,Tyler Hansbrough,,,,,,,,,,,,,,,0.0,0
13,2544,LeBron James,32.0,11.0,20.0,11.0,9.0,0.0,7.0,1.0,8.0,0.0,2.0,6.0,22.0,38:53,23.5,1
14,2617,Udonis Haslem,2.0,1.0,3.0,0.0,0.0,1.0,4.0,1.0,1.0,0.0,0.0,0.0,2.0,16:37,3.9,1
15,2547,Chris Bosh,18.0,8.0,16.0,3.0,2.0,1.0,3.0,1.0,2.0,0.0,0.0,1.0,27.0,34:17,12.6,1
16,201962,Toney Douglas,5.0,2.0,4.0,0.0,0.0,0.0,3.0,0.0,0.0,0.0,4.0,1.0,10.0,24:08,1.3,1
17,201596,Mario Chalmers,12.0,4.0,8.0,1.0,1.0,0.0,3.0,0.0,4.0,0.0,1.0,0.0,9.0,36:30,11.3,1
18,1740,Rashard Lewis,2.0,1.0,4.0,0.0,0.0,1.0,2.0,1.0,2.0,0.0,2.0,1.0,-5.0,19:30,1.5,1
19,202708,Norris Cole,1.0,0.0,1.0,2.0,1.0,0.0,0.0,1.0,2.0,0.0,1.0,3.0,-6.0,20:11,-1.1,1
20,2592,James Jones,8.0,2.0,5.0,2.0,2.0,0.0,4.0,0.0,0.0,0.0,1.0,2.0,-5.0,24:42,4.1,1
21,2365,Chris Andersen,13.0,5.0,5.0,3.0,3.0,3.0,4.0,0.0,0.0,2.0,3.0,1.0,-4.0,25:12,14.0,1
22,2203,Shane Battier,,,,,,,,,,,,,,,0.0,1
23,201563,Michael Beasley,,,,,,,,,,,,,,,0.0,1
24,203120,Justin Hamilton,,,,,,,,,,,,,,,0.0,1
25,2548,Dwyane Wade,,,,,,,,,,,,,,,0.0,1
