,id,name,PTS,FG,FGA,FTA,FT,OREB,DREB,STL,AST,BLK,PF,TO,PLUS_MINUS,MIN,GS,WIN
0,2440,Matt Barnes,0.0,0.0,3.0,0.0,0.0,0.0,3.0,0.0,2.0,0.0,3.0,0.0,-14.0,27:14,-1.0,0
1,201933,Blake Griffin,27.0,11.0,21.0,10.0,5.0,1.0,2.0,3.0,2.0,0.0,1.0,2.0,-8.0,39:33,18.0,0
2,201599,DeAndre Jordan,9.0,3.0,4.0,9.0,3.0,5.0,15.0,0.0,0.0,1.0,2.0,2.0,-16.0,40:07,10.9,0
3,200755,JJ Redick,12.0,4.0,11.0,0.0,0.0,0.0,1.0,1.0,1.0,0.0,0.0,3.0,-10.0,30:30,4.9,0
4,201954,Darren Collison,22.0,6.0,11.0,7.0,7.0,0.0,0.0,0.0,5.0,0.0,2.0,1.0,-8.0,29:31,18.4,0
5,2037,Jamal Crawford,9.0,1.0,9.0,8.0,7.0,0.0,2.0,1.0,4.0,0.0,1.0,1.0,-11.0,18:57,5.7,0
6,201162,Jared Dudley,4.0,2.0,5.0,0.0,0.0,1.0,1.0,0.0,0.0,0.0,0.0,0.0,-6.0,18:39,2.3,0
7,2584,Willie Green,2.0,1.0,4.0,0.0,0.0,0.0,0.0,0.0,2.0,0.0,4.0,3.0,-6.0,15:29,-3.6,0
8,2045,Hedo Turkoglu,2.0,1.0,3.0,0.0,0.0,0.0,0.0,1.0,1.0,0.0,2.0,0.0,-10.0,9:00,1.2,0
9,200797,Ryan Hollins,2.0,1.0,1.0,0.0,0.0,0.0,1.0,0.0,0.0,0.0,0.0,1.0,-2.0,3:40,1.0,0
10,201957,Byron Mullens,3.0,1.0,3.0,0.0,0.0,1.0,1.0,0.0,0.0,0.0,0.0,0.0,-2.0,3:40,2.3,0
11,203493,Reggie Bullock,0.0,0.0,1.0,0.0,0.0,0.0,0.0,0.0,0.0,0.0,0.0,0.0,-2.0,3:40,-0.7,0
12,1712,Antawn Jamison,,,,,,,,,,,,,,,0.0,0
13,2738,Andre Iguodala,8.0,3.0,7.0,3.0,2.0,0.0,3.0,1.0,3.0,0.0,1.0,1.0,19.0,30:08,6.5,1
14,101135,David Lee,22.0,10.0,15.0,2.0,2.0,3.0,8.0,0.0,4.0,0.0,4.0,2.0,19.0,35:40,19.2,1
15,101106,Andrew Bogut,14.0,7.0,11.0,0.0,0.0,7.0,10.0,1.0,0.0,3.0,5.0,1.0,18.0,28:03,17.1,1
16,202691,Klay Thompson,16.0,6.0,14.0,4.0,3.0,0.0,1.0,3.0,3.0,0.0,1.0,0.0,16.0,34:15,13.2,1
17,201939,Stephen Curry,22.0,8.0,10.0,2.0,2.0,0.0,4.0,1.0,7.0,1.0,3.0,3.0,23.0,33:41,21.8,1
18,203084,Harrison Barnes,10.0,4.0,13.0,3.0,2.0,5.0,3.0,1.0,0.0,0.0,2.0,0.0,5.0,23:39,6.7,1
19,202348,Jordan Crawford,5.0,1.0,7.0,2.0,2.0,0.0,2.0,0.0,5.0,0.0,1.0,2.0,0.0,17:52,2.2,1
20,203110,Draymond Green,2.0,1.0,3.0,2.0,0.0,0.0,1.0,0.0,0.0,1.0,3.0,0.0,1.0,13:52,-0.7,1
21,201578,Marreese Speights,12.0,5.0,8.0,2.0,2.0,1.0,4.0,1.0,1.0,0.0,1.0,2.0,0.0,17:48,9.6,1
22,203145,Kent Bazemore,0.0,0.0,1.0,0.0,0.0,0.0,0.0,0.0,1.0,0.0,0.0,0.0,-3.0,2:31,0.0,1
23,202705,MarShon Brooks,0.0,0.0,2.0,0.0,0.0,0.0,1.0,0.0,0.0,0.0,0.0,0.0,-3.0,2:31,-1.1,1
24,203517,Nemanja Nedovic,,,,,,,,,,,,,,,0.0,1
