,id,name,PTS,FG,FGA,FTA,FT,OREB,DREB,STL,AST,BLK,PF,TO,PLUS_MINUS,MIN,GS,WIN
0,2399,Mike Dunleavy,22.0,9.0,14.0,0.0,0.0,0.0,2.0,1.0,4.0,0.0,3.0,1.0,19.0,38:43,18.0,1
1,201959,Taj Gibson,26.0,11.0,15.0,6.0,4.0,1.0,4.0,1.0,2.0,3.0,3.0,0.0,13.0,42:53,24.3,1
2,201149,Joakim Noah,9.0,3.0,7.0,4.0,3.0,3.0,15.0,1.0,6.0,2.0,2.0,4.0,15.0,38:58,13.3,1
3,202710,Jimmy Butler,10.0,4.0,12.0,2.0,1.0,1.0,4.0,2.0,1.0,1.0,2.0,1.0,5.0,42:02,6.3,1
4,201571,D.J. Augustin,27.0,8.0,14.0,6.0,6.0,0.0,5.0,0.0,7.0,0.0,1.0,2.0,14.0,38:42,24.4,1
5,203503,Tony Snell,0.0,0.0,1.0,0.0,0.0,1.0,5.0,0.0,1.0,0.0,3.0,1.0,-5.0,18:29,0.0,1
6,1737,Nazr Mohammed,2.0,1.0,5.0,0.0,0.0,1.0,0.0,0.0,0.0,2.0,2.0,0.0,-4.0,9:02,0.2,1
7,2229,Mike James,2.0,1.0,2.0,0.0,0.0,0.0,1.0,0.0,3.0,0.0,2.0,1.0,-3.0,9:13,1.6,1
8,201858,Cartier Martin,0.0,0.0,0.0,0.0,0.0,0.0,0.0,0.0,0.0,0.0,1.0,0.0,1.0,1:58,-0.4,1
9,2430,Carlos Boozer,,,,,,,,,,,,,,,0.0,1
10,203513,Erik Murphy,,,,,,,,,,,,,,,0.0,1
11,203129,Tornike Shengelia,,,,,,,,,,,,,,,0.0,1
12,2736,Luol Deng,11.0,2.0,11.0,9.0,7.0,1.0,4.0,1.0,1.0,0.0,4.0,1.0,-10.0,39:53,4.3,0
13,202684,Tristan Thompson,6.0,3.0,14.0,1.0,0.0,5.0,2.0,1.0,3.0,1.0,2.0,0.0,-15.0,36:43,4.1,0
14,2760,Anderson Varejao,10.0,5.0,10.0,1.0,0.0,7.0,4.0,2.0,5.0,0.0,3.0,3.0,-13.0,34:05,12.0,0
15,101139,CJ Miles,8.0,3.0,9.0,0.0,0.0,1.0,3.0,1.0,1.0,0.0,0.0,1.0,-16.0,20:29,5.2,0
16,202681,Kyrie Irving,26.0,10.0,19.0,1.0,1.0,3.0,3.0,1.0,5.0,0.0,2.0,1.0,-12.0,37:22,22.4,0
17,203079,Dion Waiters,15.0,6.0,13.0,2.0,2.0,0.0,1.0,0.0,3.0,0.0,4.0,0.0,-3.0,27:43,9.1,0
18,101127,Jarrett Jack,2.0,0.0,4.0,2.0,2.0,0.0,3.0,0.0,5.0,0.0,1.0,0.0,11.0,21:60,3.2,0
19,203092,Tyler Zeller,4.0,2.0,3.0,1.0,0.0,2.0,2.0,0.0,0.0,1.0,0.0,3.0,3.0,15:39,2.0,0
20,201947,Earl Clark,5.0,2.0,5.0,1.0,1.0,0.0,0.0,1.0,0.0,0.0,2.0,0.0,0.0,6:06,2.5,0
21,203461,Anthony Bennett,,,,,,,,,,,,,,,0.0,0
22,203521,Matthew Dellavedova,,,,,,,,,,,,,,,0.0,0
23,202087,Alonzo Gee,,,,,,,,,,,,,,,0.0,0
24,203156,Henry Sims,,,,,,,,,,,,,,,0.0,0
