,id,name,PTS,FG,FGA,FTA,FT,OREB,DREB,STL,AST,BLK,PF,TO,PLUS_MINUS,MIN,GS,WIN
0,202331,Paul George,17.0,4.0,17.0,8.0,7.0,0.0,8.0,1.0,3.0,0.0,5.0,4.0,-5.0,36:24,5.8,0
1,2561,David West,8.0,4.0,9.0,0.0,0.0,1.0,5.0,0.0,0.0,2.0,1.0,2.0,3.0,36:27,4.5,0
2,201579,Roy Hibbert,20.0,8.0,10.0,4.0,4.0,1.0,2.0,0.0,1.0,0.0,3.0,0.0,0.0,29:53,17.0,0
3,201588,George Hill,7.0,3.0,7.0,0.0,0.0,0.0,6.0,0.0,4.0,1.0,2.0,2.0,4.0,40:12,5.8,0
4,202362,Lance Stephenson,21.0,8.0,16.0,6.0,3.0,2.0,7.0,2.0,2.0,0.0,2.0,3.0,1.0,37:06,14.9,0
5,101133,Ian Mahinmi,3.0,1.0,3.0,2.0,1.0,2.0,3.0,0.0,0.0,2.0,3.0,0.0,-9.0,13:52,3.4,0
6,202323,Evan Turner,3.0,1.0,5.0,1.0,1.0,0.0,1.0,0.0,1.0,0.0,3.0,0.0,-13.0,17:20,-0.3,0
7,202388,Donald Sloan,0.0,0.0,1.0,0.0,0.0,0.0,0.0,0.0,0.0,0.0,0.0,0.0,-11.0,6:02,-0.7,0
8,2449,Luis Scola,4.0,1.0,2.0,4.0,2.0,0.0,2.0,0.0,0.0,0.0,4.0,2.0,-9.0,11:33,-0.8,0
9,202730,Lavoy Allen,1.0,0.0,0.0,2.0,1.0,0.0,0.0,0.0,0.0,0.0,0.0,0.0,0.0,3:52,0.6,0
10,203142,Chris Copeland,2.0,1.0,3.0,0.0,0.0,0.0,0.0,0.0,1.0,0.0,2.0,0.0,9.0,7:19,0.2,0
11,2446,Rasual Butler,,,,,,,,,,,,,,,0.0,0
12,203524,Solomon Hill,,,,,,,,,,,,,,,0.0,0
13,2546,Carmelo Anthony,34.0,12.0,23.0,12.0,10.0,0.0,3.0,3.0,5.0,0.0,4.0,4.0,13.0,42:32,23.7,1
14,2405,Amar'e Stoudemire,21.0,8.0,15.0,6.0,5.0,0.0,4.0,0.0,0.0,0.0,3.0,1.0,8.0,28:51,12.3,1
15,2199,Tyson Chandler,7.0,2.0,5.0,4.0,3.0,6.0,8.0,1.0,0.0,1.0,4.0,2.0,5.0,39:25,8.6,1
16,101109,Raymond Felton,11.0,4.0,11.0,3.0,2.0,1.0,5.0,2.0,6.0,0.0,2.0,1.0,5.0,28:12,11.1,1
17,2747,JR Smith,7.0,3.0,9.0,0.0,0.0,1.0,5.0,0.0,2.0,0.0,4.0,1.0,7.0,28:31,2.9,1
18,202697,Iman Shumpert,3.0,1.0,5.0,0.0,0.0,1.0,2.0,0.0,1.0,0.0,4.0,0.0,-4.0,28:36,0.3,1
19,203143,Pablo Prigioni,5.0,2.0,5.0,0.0,0.0,0.0,2.0,0.0,1.0,0.0,2.0,0.0,1.0,19:48,2.8,1
20,203501,Tim Hardaway Jr.,2.0,0.0,7.0,2.0,2.0,1.0,4.0,0.0,0.0,0.0,2.0,0.0,-3.0,15:15,-1.8,1
21,202332,Cole Aldrich,2.0,0.0,2.0,2.0,2.0,0.0,2.0,0.0,0.0,1.0,1.0,1.0,-2.0,8:50,0.5,1
22,200769,Shannon Brown,0.0,0.0,0.0,0.0,0.0,0.0,0.0,0.0,0.0,0.0,0.0,0.0,0.0,0:01,0.0,1
23,201947,Earl Clark,,,,,,,,,,,,,,,0.0,1
24,203315,Toure' Murry,,,,,,,,,,,,,,,0.0,1
25,202719,Jeremy Tyler,,,,,,,,,,,,,,,0.0,1
