,id,name,PTS,FG,FGA,FTA,FT,OREB,DREB,STL,AST,BLK,PF,TO,PLUS_MINUS,MIN,GS,WIN
0,202331,Paul George,25.0,9.0,15.0,4.0,3.0,0.0,4.0,2.0,6.0,1.0,1.0,5.0,10.0,35:39,20.4,1
1,2561,David West,18.0,8.0,13.0,4.0,2.0,1.0,6.0,0.0,1.0,4.0,1.0,4.0,15.0,32:46,12.9,1
2,201579,Roy Hibbert,4.0,2.0,5.0,0.0,0.0,1.0,2.0,1.0,1.0,5.0,4.0,3.0,13.0,30:24,3.2,1
3,202362,Lance Stephenson,13.0,6.0,8.0,0.0,0.0,0.0,12.0,1.0,4.0,0.0,3.0,4.0,7.0,40:14,12.0,1
4,201588,George Hill,14.0,4.0,11.0,4.0,3.0,1.0,5.0,2.0,9.0,0.0,2.0,2.0,9.0,39:08,15.2,1
5,202730,Lavoy Allen,13.0,6.0,6.0,2.0,1.0,0.0,4.0,0.0,0.0,2.0,2.0,0.0,-6.0,17:36,12.6,1
6,202323,Evan Turner,2.0,1.0,4.0,0.0,0.0,0.0,4.0,1.0,4.0,0.0,2.0,1.0,-8.0,21:28,2.8,1
7,201228,C.J. Watson,3.0,1.0,2.0,0.0,0.0,0.0,0.0,0.0,1.0,0.0,1.0,1.0,3.0,7:31,1.3,1
8,2449,Luis Scola,9.0,2.0,3.0,8.0,5.0,1.0,2.0,0.0,1.0,0.0,3.0,1.0,-8.0,15:14,6.3,1
9,2446,Rasual Butler,,,,,,,,,,,,,,,0.0,1
10,203142,Chris Copeland,,,,,,,,,,,,,,,0.0,1
11,203524,Solomon Hill,,,,,,,,,,,,,,,0.0,1
12,101133,Ian Mahinmi,,,,,,,,,,,,,,,0.0,1
13,203138,Hollis Thompson,8.0,3.0,5.0,0.0,0.0,0.0,1.0,1.0,1.0,0.0,0.0,0.0,-1.0,32:43,7.7,0
14,201152,Thaddeus Young,25.0,10.0,31.0,6.0,5.0,1.0,5.0,2.0,10.0,0.0,3.0,2.0,-1.0,45:10,14.9,0
15,203156,Henry Sims,6.0,2.0,8.0,2.0,2.0,2.0,2.0,2.0,2.0,0.0,1.0,0.0,-7.0,20:48,6.2,0
16,202341,James Anderson,11.0,5.0,11.0,0.0,0.0,0.0,4.0,2.0,2.0,1.0,3.0,0.0,-7.0,38:31,9.4,0
17,203487,Michael Carter-Williams,12.0,5.0,16.0,1.0,1.0,2.0,7.0,1.0,8.0,1.0,4.0,3.0,-7.0,41:24,9.0,0
18,203100,Tony Wroten,8.0,1.0,4.0,6.0,6.0,0.0,1.0,3.0,0.0,0.0,2.0,1.0,-3.0,13:18,7.1,0
19,202363,Jarvis Varnado,1.0,0.0,0.0,2.0,1.0,0.0,1.0,0.0,0.0,0.0,0.0,0.0,-5.0,6:00,0.9,0
20,202343,Elliot Williams,8.0,3.0,6.0,1.0,1.0,2.0,1.0,0.0,1.0,0.0,4.0,2.0,-3.0,18:13,3.8,0
21,201957,Byron Mullens,15.0,6.0,9.0,0.0,0.0,2.0,3.0,2.0,1.0,0.0,3.0,2.0,-1.0,23:53,12.9,0
22,203561,Brandon Davies,,,,,,,,,,,,,,,0.0,0
23,203130,Darius Johnson-Odom,,,,,,,,,,,,,,,0.0,0
24,201953,Eric Maynor,,,,,,,,,,,,,,,0.0,0
