,id,name,PTS,FG,FGA,FTA,FT,OREB,DREB,STL,AST,BLK,PF,TO,PLUS_MINUS,MIN,GS,WIN
0,203090,Maurice Harkless,2.0,1.0,3.0,0.0,0.0,0.0,3.0,2.0,1.0,3.0,1.0,1.0,-21.0,30:55,4.6,0
1,203124,Kyle O'Quinn,10.0,5.0,20.0,0.0,0.0,2.0,4.0,3.0,1.0,5.0,4.0,2.0,-6.0,29:38,4.2,0
2,203094,Andrew Nicholson,0.0,0.0,1.0,0.0,0.0,1.0,2.0,0.0,0.0,0.0,4.0,0.0,-18.0,13:11,-1.0,0
3,201167,Arron Afflalo,8.0,2.0,10.0,4.0,4.0,1.0,2.0,0.0,0.0,0.0,1.0,1.0,-21.0,23:06,1.7,0
4,2749,Jameer Nelson,11.0,5.0,11.0,0.0,0.0,1.0,1.0,0.0,7.0,0.0,1.0,1.0,-20.0,21:27,9.8,0
5,202699,Tobias Harris,15.0,5.0,12.0,5.0,4.0,2.0,6.0,1.0,1.0,1.0,3.0,2.0,7.0,31:28,10.6,0
6,203473,Dewayne Dedmon,7.0,2.0,5.0,5.0,3.0,5.0,3.0,0.0,0.0,0.0,4.0,1.0,-5.0,18:22,5.3,0
7,203506,Victor Oladipo,21.0,8.0,18.0,4.0,4.0,2.0,4.0,2.0,2.0,0.0,4.0,2.0,7.0,30:22,14.0,0
8,202734,E'Twaun Moore,6.0,3.0,7.0,0.0,0.0,0.0,2.0,0.0,2.0,1.0,1.0,2.0,8.0,20:36,2.6,0
9,203117,Doron Lamb,0.0,0.0,0.0,0.0,0.0,0.0,2.0,0.0,1.0,0.0,2.0,1.0,14.0,20:55,-0.5,0
10,101131,Jason Maxiell,,,,,,,,,,,,,,,0.0,0
11,101179,Ronnie Price,,,,,,,,,,,,,,,0.0,0
12,202696,Nikola Vucevic,,,,,,,,,,,,,,,0.0,0
13,203077,Michael Kidd-Gilchrist,0.0,0.0,3.0,0.0,0.0,0.0,2.0,1.0,1.0,0.0,0.0,0.0,5.0,16:46,0.2,1
14,203469,Cody Zeller,8.0,2.0,4.0,6.0,4.0,1.0,3.0,0.0,0.0,2.0,2.0,2.0,11.0,24:47,5.4,1
15,2744,Al Jefferson,29.0,13.0,24.0,3.0,3.0,4.0,12.0,0.0,0.0,1.0,1.0,2.0,7.0,36:45,22.1,1
16,201945,Gerald Henderson,7.0,2.0,7.0,3.0,3.0,0.0,3.0,1.0,2.0,2.0,5.0,3.0,15.0,22:53,2.6,1
17,202689,Kemba Walker,13.0,5.0,15.0,2.0,2.0,2.0,8.0,1.0,10.0,0.0,2.0,4.0,20.0,34:49,11.5,1
18,2557,Luke Ridnour,2.0,1.0,2.0,0.0,0.0,0.0,0.0,1.0,1.0,0.0,2.0,0.0,-9.0,13:11,1.9,1
19,202390,Gary Neal,12.0,4.0,10.0,3.0,3.0,0.0,3.0,0.0,2.0,0.0,1.0,2.0,-4.0,25:07,6.5,1
20,201604,Chris Douglas-Roberts,5.0,1.0,5.0,4.0,3.0,0.0,3.0,1.0,3.0,0.0,1.0,1.0,6.0,31:14,4.1,1
21,201229,Anthony Tolliver,13.0,4.0,7.0,2.0,1.0,1.0,1.0,0.0,1.0,0.0,1.0,0.0,0.0,23:13,10.6,1
22,202687,Bismack Biyombo,2.0,1.0,1.0,0.0,0.0,1.0,2.0,0.0,0.0,2.0,0.0,0.0,4.0,11:15,4.4,1
23,201177,Josh McRoberts,,,,,,,,,,,,,,,0.0,1
24,2457,Jannero Pargo,,,,,,,,,,,,,,,0.0,1
25,201591,DJ White,,,,,,,,,,,,,,,0.0,1
