,id,name,PTS,FG,FGA,FTA,FT,OREB,DREB,STL,AST,BLK,PF,TO,PLUS_MINUS,MIN,GS,WIN
0,201167,Arron Afflalo,25.0,9.0,14.0,8.0,6.0,0.0,2.0,2.0,2.0,0.0,4.0,6.0,-1.0,39:53,14.4,0
1,202699,Tobias Harris,17.0,7.0,14.0,3.0,3.0,1.0,8.0,0.0,1.0,0.0,4.0,2.0,-8.0,37:51,10.2,0
2,201175,Glen Davis,9.0,4.0,10.0,1.0,1.0,1.0,6.0,0.0,1.0,1.0,3.0,1.0,3.0,32:05,5.3,0
3,203506,Victor Oladipo,18.0,6.0,12.0,6.0,6.0,0.0,3.0,5.0,2.0,0.0,2.0,1.0,-8.0,39:30,17.5,0
4,2749,Jameer Nelson,15.0,6.0,14.0,1.0,1.0,0.0,3.0,0.0,8.0,0.0,2.0,2.0,-1.0,36:47,11.3,0
5,202734,E'Twaun Moore,6.0,3.0,7.0,0.0,0.0,1.0,2.0,0.0,0.0,0.0,3.0,0.0,0.0,14:17,2.4,0
6,203124,Kyle O'Quinn,0.0,0.0,4.0,0.0,0.0,0.0,4.0,0.0,1.0,1.0,4.0,1.0,-10.0,17:36,-2.8,0
7,203090,Maurice Harkless,2.0,1.0,2.0,0.0,0.0,1.0,0.0,0.0,0.0,0.0,0.0,0.0,-13.0,10:27,1.7,0
8,203117,Doron Lamb,0.0,0.0,0.0,0.0,0.0,0.0,0.0,0.0,0.0,0.0,2.0,2.0,-5.0,4:42,-2.8,0
9,203094,Andrew Nicholson,0.0,0.0,0.0,0.0,0.0,0.0,0.0,0.0,0.0,0.0,0.0,1.0,3.0,6:52,-1.0,0
10,101131,Jason Maxiell,,,,,,,,,,,,,,,0.0,0
11,101179,Ronnie Price,,,,,,,,,,,,,,,0.0,0
12,202696,Nikola Vucevic,,,,,,,,,,,,,,,0.0,0
13,202329,Al-Farouq Aminu,7.0,2.0,4.0,4.0,3.0,4.0,5.0,1.0,1.0,0.0,2.0,1.0,-5.0,29:33,8.8,1
14,203076,Anthony Davis,22.0,9.0,21.0,6.0,4.0,7.0,12.0,2.0,3.0,7.0,4.0,3.0,4.0,41:55,23.0,1
15,201582,Alexis Ajinca,0.0,0.0,1.0,0.0,0.0,1.0,0.0,0.0,0.0,0.0,4.0,2.0,-1.0,7:52,-3.6,1
16,201569,Eric Gordon,14.0,6.0,17.0,2.0,1.0,0.0,3.0,3.0,5.0,0.0,1.0,2.0,-2.0,36:36,9.1,1
17,203148,Brian Roberts,15.0,6.0,9.0,2.0,2.0,0.0,2.0,0.0,2.0,0.0,1.0,4.0,-2.0,30:45,8.7,1
18,201936,Tyreke Evans,23.0,7.0,13.0,11.0,9.0,1.0,6.0,2.0,7.0,1.0,3.0,1.0,7.0,27:42,23.8,1
19,203121,Darius Miller,9.0,3.0,4.0,0.0,0.0,0.0,1.0,0.0,1.0,1.0,4.0,0.0,19.0,9:44,7.5,1
20,203085,Austin Rivers,6.0,2.0,4.0,2.0,2.0,0.0,0.0,2.0,2.0,1.0,2.0,0.0,10.0,17:15,7.3,1
21,201627,Anthony Morrow,2.0,1.0,2.0,0.0,0.0,0.0,0.0,0.0,0.0,0.0,1.0,0.0,11.0,15:40,0.6,1
22,203481,Jeff Withey,2.0,1.0,6.0,0.0,0.0,3.0,3.0,0.0,0.0,0.0,4.0,1.0,-1.0,22:58,-1.4,1
23,201950,Jrue Holiday,,,,,,,,,,,,,,,0.0,1
24,201160,Jason Smith,,,,,,,,,,,,,,,0.0,1
25,201880,Greg Stiemsma,,,,,,,,,,,,,,,0.0,1
