,id,name,PTS,FG,FGA,FTA,FT,OREB,DREB,STL,AST,BLK,PF,TO,PLUS_MINUS,MIN,GS,WIN
0,2440,Matt Barnes,24.0,8.0,14.0,2.0,2.0,3.0,4.0,2.0,1.0,0.0,5.0,0.0,21.0,32:44,21.4,1
1,201933,Blake Griffin,20.0,6.0,15.0,10.0,7.0,2.0,5.0,0.0,6.0,1.0,5.0,4.0,15.0,36:30,12.5,1
2,201599,DeAndre Jordan,18.0,6.0,6.0,11.0,6.0,1.0,11.0,2.0,0.0,1.0,4.0,3.0,13.0,40:41,16.3,1
3,2037,Jamal Crawford,36.0,13.0,20.0,5.0,5.0,0.0,2.0,1.0,4.0,0.0,2.0,5.0,9.0,39:19,25.8,1
4,101108,Chris Paul,18.0,5.0,12.0,7.0,7.0,1.0,7.0,0.0,12.0,0.0,2.0,1.0,11.0,39:07,21.0,1
5,201954,Darren Collison,7.0,3.0,8.0,2.0,1.0,2.0,2.0,2.0,2.0,0.0,1.0,2.0,-3.0,22:13,5.2,1
6,201162,Jared Dudley,2.0,1.0,2.0,2.0,0.0,1.0,2.0,0.0,0.0,0.0,1.0,0.0,-11.0,11:54,1.1,1
7,200797,Ryan Hollins,0.0,0.0,0.0,0.0,0.0,0.0,1.0,0.0,0.0,0.0,1.0,1.0,-10.0,5:05,-1.1,1
8,203493,Reggie Bullock,0.0,0.0,4.0,0.0,0.0,0.0,0.0,1.0,1.0,0.0,2.0,1.0,-5.0,12:28,-2.9,1
9,2584,Willie Green,,,,,,,,,,,,,,,0.0,1
10,200755,JJ Redick,,,,,,,,,,,,,,,0.0,1
11,2045,Hedo Turkoglu,,,,,,,,,,,,,,,0.0,1
12,201142,Kevin Durant,42.0,15.0,30.0,12.0,10.0,0.0,3.0,2.0,10.0,0.0,3.0,5.0,1.0,45:42,29.9,0
13,201586,Serge Ibaka,20.0,10.0,16.0,0.0,0.0,3.0,3.0,0.0,0.0,2.0,5.0,0.0,-23.0,38:52,15.2,0
14,203500,Steven Adams,1.0,0.0,1.0,2.0,1.0,2.0,4.0,0.0,0.0,1.0,3.0,1.0,-16.0,16:08,1.0,0
15,200757,Thabo Sefolosha,10.0,4.0,8.0,0.0,0.0,1.0,2.0,3.0,3.0,0.0,2.0,0.0,-14.0,23:24,11.6,0
16,201566,Russell Westbrook,13.0,3.0,13.0,6.0,5.0,2.0,3.0,1.0,6.0,0.0,5.0,3.0,-14.0,24:49,7.2,0
17,2555,Nick Collison,5.0,2.0,3.0,2.0,1.0,2.0,4.0,0.0,3.0,0.0,3.0,1.0,9.0,19:34,5.8,0
18,202704,Reggie Jackson,7.0,3.0,12.0,0.0,0.0,0.0,2.0,0.0,4.0,0.0,4.0,3.0,3.0,34:01,-1.4,0
19,203087,Jeremy Lamb,4.0,1.0,2.0,2.0,2.0,0.0,2.0,1.0,0.0,0.0,1.0,1.0,13.0,16:10,3.2,0
20,965,Derek Fisher,15.0,5.0,8.0,0.0,0.0,0.0,4.0,2.0,0.0,0.0,4.0,0.0,3.0,20:49,13.0,0
21,203103,Perry Jones III,0.0,0.0,0.0,0.0,0.0,0.0,0.0,0.0,0.0,0.0,0.0,0.0,-2.0,0:31,0.0,0
22,203460,Andre Roberson,,,,,,,,,,,,,,,0.0,0
23,201934,Hasheem Thabeet,,,,,,,,,,,,,,,0.0,0
