,id,name,PTS,FG,FGA,FTA,FT,OREB,DREB,STL,AST,BLK,PF,TO,PLUS_MINUS,MIN,GS,WIN
0,2446,Rasual Butler,10.0,3.0,14.0,4.0,2.0,0.0,2.0,0.0,0.0,2.0,0.0,0.0,7.0,30:24,2.6,1
1,2449,Luis Scola,24.0,11.0,17.0,2.0,2.0,2.0,7.0,0.0,3.0,0.0,1.0,1.0,7.0,30:58,20.7,1
2,101133,Ian Mahinmi,3.0,1.0,1.0,2.0,1.0,1.0,5.0,0.0,0.0,1.0,5.0,1.0,-6.0,19:41,2.2,1
3,202323,Evan Turner,23.0,9.0,18.0,3.0,2.0,2.0,5.0,0.0,9.0,0.0,2.0,2.0,3.0,41:18,20.0,1
4,202388,Donald Sloan,8.0,4.0,11.0,2.0,0.0,0.0,4.0,0.0,8.0,0.0,2.0,0.0,-6.0,31:52,7.1,1
5,203524,Solomon Hill,2.0,0.0,2.0,2.0,2.0,0.0,2.0,1.0,1.0,0.0,5.0,1.0,-2.0,22:57,-0.1,1
6,202730,Lavoy Allen,8.0,3.0,9.0,4.0,2.0,2.0,6.0,1.0,1.0,1.0,4.0,1.0,4.0,28:22,5.1,1
7,201228,C.J. Watson,8.0,3.0,5.0,0.0,0.0,0.0,1.0,2.0,1.0,0.0,1.0,3.0,2.0,17:24,5.3,1
8,203142,Chris Copeland,18.0,7.0,8.0,0.0,0.0,1.0,1.0,0.0,3.0,1.0,4.0,2.0,1.0,17:04,15.4,1
9,202331,Paul George,,,,,,,,,,,,,,,0.0,1
10,201588,George Hill,,,,,,,,,,,,,,,0.0,1
11,202362,Lance Stephenson,,,,,,,,,,,,,,,0.0,1
12,2561,David West,,,,,,,,,,,,,,,0.0,1
13,203114,Khris Middleton,16.0,6.0,14.0,3.0,3.0,1.0,6.0,1.0,2.0,0.0,5.0,2.0,2.0,36:27,9.5,0
14,202399,Jeff Adrien,13.0,6.0,14.0,2.0,1.0,6.0,11.0,2.0,1.0,1.0,4.0,0.0,5.0,36:54,14.5,0
15,2585,Zaza Pachulia,15.0,6.0,10.0,4.0,3.0,2.0,7.0,0.0,1.0,1.0,3.0,1.0,10.0,32:45,12.7,0
16,201196,Ramon Sessions,20.0,6.0,15.0,7.0,6.0,1.0,1.0,0.0,4.0,0.0,2.0,2.0,1.0,38:17,12.5,0
17,202688,Brandon Knight,25.0,8.0,21.0,12.0,8.0,0.0,4.0,0.0,10.0,0.0,0.0,1.0,-3.0,39:08,19.1,0
18,203089,John Henson,7.0,3.0,5.0,1.0,1.0,2.0,2.0,0.0,2.0,1.0,0.0,1.0,-9.0,20:26,7.8,0
19,203507,Giannis Antetokounmpo,2.0,1.0,4.0,0.0,0.0,0.0,3.0,1.0,1.0,0.0,2.0,2.0,-10.0,21:19,-0.6,0
20,202874,Chris Wright,4.0,2.0,4.0,0.0,0.0,2.0,0.0,2.0,0.0,2.0,4.0,2.0,-6.0,14:44,3.2,0
21,201564,O.J. Mayo,,,,,,,,,,,,,,,0.0,0
22,203545,Miroslav Raduljica,,,,,,,,,,,,,,,0.0,0
23,202336,Larry Sanders,,,,,,,,,,,,,,,0.0,0
24,202327,Ekpe Udoh,,,,,,,,,,,,,,,0.0,0
