,id,name,PTS,FG,FGA,FTA,FT,OREB,DREB,STL,AST,BLK,PF,TO,PLUS_MINUS,MIN,GS,WIN
0,2207,Joe Johnson,15.0,4.0,14.0,6.0,6.0,2.0,4.0,0.0,4.0,0.0,1.0,3.0,-15.0,36:02,8.8,0
1,1718,Paul Pierce,24.0,7.0,16.0,6.0,6.0,0.0,4.0,2.0,1.0,1.0,4.0,1.0,-9.0,34:33,17.6,0
2,203486,Mason Plumlee,6.0,2.0,3.0,4.0,2.0,4.0,7.0,0.0,0.0,1.0,1.0,4.0,-10.0,30:58,5.1,0
3,2733,Shaun Livingston,10.0,4.0,11.0,3.0,2.0,1.0,4.0,2.0,1.0,0.0,4.0,0.0,-9.0,32:39,6.5,0
4,101114,Deron Williams,23.0,8.0,17.0,4.0,4.0,2.0,6.0,1.0,5.0,1.0,1.0,2.0,-5.0,40:51,20.3,0
5,101187,Alan Anderson,2.0,1.0,6.0,0.0,0.0,2.0,0.0,1.0,1.0,0.0,3.0,0.0,0.0,23:32,0.1,0
6,201977,Marcus Thornton,3.0,1.0,6.0,1.0,1.0,1.0,0.0,1.0,0.0,0.0,0.0,0.0,9.0,9:33,0.9,0
7,203141,Mirza Teletovic,9.0,3.0,7.0,1.0,1.0,1.0,1.0,0.0,0.0,0.0,4.0,0.0,6.0,18:39,4.7,0
8,101154,Andray Blatche,12.0,3.0,8.0,7.0,6.0,2.0,3.0,1.0,1.0,1.0,2.0,1.0,3.0,21:50,10.1,0
9,203268,Jorge Gutierrez,0.0,0.0,2.0,0.0,0.0,0.0,2.0,1.0,3.0,0.0,1.0,0.0,5.0,16:23,1.9,0
10,2215,Jason Collins,,,,,,,,,,,,,,,0.0,0
11,1905,Andrei Kirilenko,,,,,,,,,,,,,,,0.0,0
12,203104,Marquis Teague,,,,,,,,,,,,,,,0.0,0
13,202329,Al-Farouq Aminu,3.0,0.0,5.0,4.0,3.0,1.0,4.0,1.0,3.0,0.0,2.0,1.0,-12.0,29:09,2.3,1
14,203076,Anthony Davis,24.0,9.0,17.0,6.0,6.0,3.0,11.0,0.0,1.0,3.0,4.0,2.0,8.0,45:05,20.3,1
15,201880,Greg Stiemsma,0.0,0.0,0.0,0.0,0.0,0.0,2.0,0.0,0.0,0.0,4.0,0.0,-3.0,10:30,-1.0,1
16,201936,Tyreke Evans,33.0,13.0,19.0,10.0,6.0,2.0,8.0,3.0,7.0,0.0,4.0,7.0,9.0,43:12,26.4,1
17,203148,Brian Roberts,17.0,6.0,11.0,2.0,2.0,0.0,3.0,1.0,6.0,1.0,1.0,3.0,9.0,35:59,15.1,1
18,201582,Alexis Ajinca,6.0,3.0,6.0,0.0,0.0,4.0,5.0,1.0,1.0,1.0,4.0,1.0,7.0,21:31,7.1,1
19,201627,Anthony Morrow,11.0,4.0,12.0,0.0,0.0,3.0,1.0,1.0,1.0,0.0,2.0,0.0,15.0,28:58,7.5,1
20,203085,Austin Rivers,10.0,4.0,9.0,3.0,1.0,0.0,2.0,0.0,0.0,0.0,3.0,1.0,6.0,29:21,2.9,1
21,202337,Luke Babbitt,5.0,1.0,5.0,2.0,2.0,1.0,3.0,0.0,0.0,0.0,2.0,0.0,-2.0,16:42,2.7,1
22,203121,Darius Miller,0.0,0.0,1.0,0.0,0.0,0.0,0.0,0.0,0.0,0.0,0.0,0.0,-5.0,2:44,-0.7,1
23,203481,Jeff Withey,0.0,0.0,0.0,0.0,0.0,0.0,0.0,0.0,0.0,0.0,0.0,0.0,-7.0,1:49,0.0,1
24,201569,Eric Gordon,,,,,,,,,,,,,,,0.0,1
25,201160,Jason Smith,,,,,,,,,,,,,,,0.0,1
