,id,name,PTS,FG,FGA,FTA,FT,OREB,DREB,STL,AST,BLK,PF,TO,PLUS_MINUS,MIN,GS,WIN
0,2419,Tayshaun Prince,9.0,4.0,11.0,0.0,0.0,0.0,2.0,0.0,1.0,0.0,1.0,0.0,-7.0,19:48,3.8,0
1,2216,Zach Randolph,2.0,1.0,6.0,0.0,0.0,2.0,5.0,0.0,1.0,1.0,1.0,1.0,-21.0,25:44,1.1,0
2,201188,Marc Gasol,14.0,7.0,15.0,0.0,0.0,1.0,8.0,1.0,2.0,0.0,1.0,2.0,-18.0,34:01,9.4,0
3,2754,Tony Allen,15.0,6.0,8.0,3.0,0.0,1.0,2.0,2.0,2.0,1.0,0.0,3.0,-11.0,28:08,13.0,0
4,201144,Mike Conley,14.0,7.0,17.0,0.0,0.0,0.0,2.0,2.0,8.0,0.0,5.0,3.0,-9.0,27:10,8.1,0
5,2034,Mike Miller,11.0,3.0,6.0,3.0,3.0,0.0,4.0,0.0,3.0,0.0,2.0,1.0,-6.0,24:47,9.5,0
6,201573,Jerryd Bayless,5.0,2.0,9.0,2.0,1.0,2.0,2.0,0.0,3.0,0.0,2.0,1.0,4.0,22:00,1.4,0
7,202334,Ed Davis,0.0,0.0,2.0,0.0,0.0,1.0,2.0,0.0,0.0,0.0,0.0,0.0,-2.0,7:54,-0.1,0
8,202347,Quincy Pondexter,13.0,4.0,9.0,3.0,3.0,2.0,0.0,1.0,3.0,1.0,0.0,1.0,9.0,21:54,12.5,0
9,201585,Kosta Koufos,7.0,3.0,4.0,4.0,1.0,1.0,2.0,0.0,0.0,0.0,2.0,0.0,11.0,13:59,4.7,0
10,201979,Nick Calathes,2.0,1.0,3.0,0.0,0.0,1.0,1.0,0.0,1.0,0.0,0.0,1.0,4.0,4:46,1.0,0
11,202720,Jon Leuer,2.0,1.0,3.0,0.0,0.0,0.0,3.0,0.0,0.0,0.0,1.0,1.0,11.0,9:49,-0.2,0
12,203479,Jamaal Franklin,,,,,,,,,,,,,,,0.0,0
13,202695,Kawhi Leonard,14.0,5.0,9.0,2.0,2.0,1.0,6.0,0.0,1.0,2.0,2.0,4.0,2.0,30:15,9.5,1
14,1495,Tim Duncan,3.0,1.0,6.0,3.0,1.0,0.0,6.0,0.0,2.0,0.0,2.0,0.0,-1.0,17:17,0.8,1
15,201168,Tiago Splitter,11.0,5.0,8.0,2.0,1.0,2.0,6.0,0.0,2.0,0.0,2.0,0.0,1.0,28:32,10.8,1
16,201980,Danny Green,7.0,3.0,7.0,0.0,0.0,0.0,1.0,0.0,1.0,2.0,0.0,4.0,-1.0,22:37,1.7,1
17,2225,Tony Parker,13.0,4.0,14.0,4.0,3.0,0.0,1.0,1.0,9.0,0.0,0.0,1.0,0.0,31:17,11.0,1
18,1938,Manu Ginobili,12.0,6.0,9.0,0.0,0.0,0.0,4.0,2.0,5.0,0.0,2.0,1.0,10.0,24:09,13.0,1
19,2588,Matt Bonner,8.0,3.0,4.0,0.0,0.0,0.0,2.0,0.0,0.0,0.0,2.0,1.0,11.0,16:31,5.2,1
20,201158,Marco Belinelli,5.0,2.0,5.0,2.0,1.0,0.0,4.0,0.0,1.0,0.0,1.0,1.0,3.0,18:59,2.4,1
21,201988,Patty Mills,12.0,4.0,4.0,1.0,1.0,1.0,0.0,0.0,1.0,0.0,0.0,0.0,7.0,16:43,12.2,1
22,201965,Jeff Ayres,2.0,1.0,1.0,0.0,0.0,0.0,2.0,0.0,2.0,1.0,4.0,2.0,-1.0,11:21,0.8,1
23,2564,Boris Diaw,14.0,6.0,9.0,2.0,1.0,0.0,4.0,0.0,1.0,1.0,2.0,0.0,12.0,20:20,11.5,1
24,203382,Aron Baynes,0.0,0.0,0.0,0.0,0.0,0.0,0.0,0.0,0.0,0.0,1.0,1.0,-8.0,1:59,-1.4,1
25,202709,Cory Joseph,,,,,,,,,,,,,,,0.0,1
