,id,name,PTS,FG,FGA,FTA,FT,OREB,DREB,STL,AST,BLK,PF,TO,PLUS_MINUS,MIN,GS,WIN
0,2440,Matt Barnes,4.0,2.0,7.0,0.0,0.0,1.0,0.0,0.0,0.0,0.0,3.0,0.0,0.0,17:29,-0.6,0
1,201933,Blake Griffin,27.0,11.0,20.0,6.0,5.0,1.0,6.0,1.0,6.0,0.0,3.0,3.0,7.0,37:26,20.5,0
2,201599,DeAndre Jordan,4.0,2.0,2.0,0.0,0.0,5.0,15.0,2.0,3.0,2.0,4.0,3.0,1.0,32:14,12.3,0
3,200755,JJ Redick,15.0,7.0,14.0,0.0,0.0,0.0,2.0,1.0,1.0,0.0,2.0,4.0,-4.0,35:51,5.5,0
4,201954,Darren Collison,12.0,5.0,11.0,0.0,0.0,1.0,1.0,1.0,5.0,0.0,1.0,2.0,2.0,29:50,9.4,0
5,201162,Jared Dudley,5.0,2.0,8.0,0.0,0.0,1.0,5.0,0.0,2.0,1.0,2.0,0.0,-2.0,29:48,3.7,0
6,2037,Jamal Crawford,20.0,8.0,21.0,3.0,2.0,0.0,1.0,0.0,4.0,1.0,1.0,1.0,-8.0,27:33,10.5,0
7,200797,Ryan Hollins,2.0,1.0,1.0,0.0,0.0,1.0,2.0,0.0,1.0,0.0,0.0,0.0,-6.0,11:02,3.7,0
8,202721,Darius Morris,2.0,1.0,3.0,0.0,0.0,0.0,0.0,0.0,0.0,0.0,1.0,0.0,0.0,4:42,-0.1,0
9,201957,Byron Mullens,0.0,0.0,2.0,0.0,0.0,0.0,0.0,0.0,0.0,0.0,0.0,0.0,-5.0,2:14,-1.4,0
10,2045,Hedo Turkoglu,0.0,0.0,1.0,0.0,0.0,0.0,1.0,0.0,2.0,0.0,2.0,0.0,-5.0,11:51,0.2,0
11,203493,Reggie Bullock,,,,,,,,,,,,,,,0.0,0
12,1712,Antawn Jamison,,,,,,,,,,,,,,,0.0,0
13,203077,Michael Kidd-Gilchrist,8.0,3.0,7.0,2.0,2.0,0.0,2.0,2.0,0.0,2.0,3.0,0.0,-12.0,25:17,7.1,1
14,201177,Josh McRoberts,13.0,4.0,6.0,4.0,3.0,0.0,8.0,1.0,5.0,0.0,3.0,2.0,-1.0,30:46,13.7,1
15,2744,Al Jefferson,24.0,12.0,23.0,2.0,0.0,3.0,7.0,1.0,1.0,1.0,1.0,4.0,-3.0,35:44,14.1,1
16,201945,Gerald Henderson,13.0,6.0,14.0,4.0,1.0,1.0,6.0,1.0,3.0,0.0,1.0,0.0,-1.0,35:45,9.6,1
17,201196,Ramon Sessions,10.0,4.0,12.0,4.0,2.0,0.0,2.0,0.0,8.0,1.0,0.0,3.0,-1.0,36:01,6.3,1
18,203469,Cody Zeller,4.0,1.0,4.0,2.0,2.0,1.0,1.0,0.0,1.0,1.0,3.0,0.0,7.0,17:04,2.8,1
19,201604,Chris Douglas-Roberts,2.0,1.0,3.0,0.0,0.0,0.0,1.0,0.0,1.0,1.0,3.0,0.0,5.0,12:15,0.8,1
20,201229,Anthony Tolliver,10.0,3.0,7.0,2.0,2.0,1.0,2.0,0.0,1.0,0.0,2.0,0.0,14.0,22:53,7.5,1
21,202687,Bismack Biyombo,0.0,0.0,0.0,0.0,0.0,1.0,4.0,0.0,0.0,0.0,0.0,0.0,7.0,12:16,1.9,1
22,2457,Jannero Pargo,11.0,5.0,8.0,0.0,0.0,0.0,1.0,1.0,2.0,0.0,1.0,1.0,5.0,11:59,8.7,1
23,202399,Jeff Adrien,,,,,,,,,,,,,,,0.0,1
24,2732,Ben Gordon,,,,,,,,,,,,,,,0.0,1
25,202689,Kemba Walker,,,,,,,,,,,,,,,0.0,1
