,id,name,PTS,FG,FGA,FTA,FT,OREB,DREB,STL,AST,BLK,PF,TO,PLUS_MINUS,MIN,GS,WIN
0,202718,Chandler Parsons,14.0,6.0,18.0,0.0,0.0,2.0,3.0,0.0,2.0,0.0,3.0,0.0,-5.0,37:57,6.3,0
1,203093,Terrence Jones,10.0,5.0,10.0,0.0,0.0,0.0,2.0,1.0,2.0,1.0,5.0,1.0,-26.0,29:03,5.7,0
2,2730,Dwight Howard,32.0,14.0,22.0,6.0,4.0,5.0,12.0,2.0,1.0,3.0,2.0,1.0,4.0,42:07,31.5,0
3,201935,James Harden,25.0,8.0,18.0,9.0,7.0,0.0,6.0,1.0,7.0,0.0,2.0,3.0,2.0,41:54,18.7,0
4,201976,Patrick Beverley,9.0,3.0,10.0,3.0,3.0,5.0,6.0,3.0,2.0,1.0,4.0,2.0,-15.0,39:23,10.0,0
5,202391,Jeremy Lin,5.0,1.0,4.0,4.0,3.0,0.0,2.0,1.0,2.0,0.0,3.0,0.0,-1.0,14:43,4.0,0
6,201956,Omri Casspi,6.0,2.0,6.0,2.0,2.0,1.0,2.0,0.0,0.0,1.0,3.0,0.0,7.0,16:07,3.4,0
7,101128,Francisco Garcia,3.0,1.0,6.0,0.0,0.0,2.0,0.0,3.0,0.0,0.0,1.0,1.0,-1.0,18:46,2.2,0
8,201600,Omer Asik,,,,,,,,,,,,,,,0.0,0
9,200758,Ronnie Brewer,,,,,,,,,,,,,,,0.0,0
10,201166,Aaron Brooks,,,,,,,,,,,,,,,0.0,0
11,202700,Donatas Motiejunas,,,,,,,,,,,,,,,0.0,0
12,202962,Greg Smith,,,,,,,,,,,,,,,0.0,0
13,201587,Nicolas Batum,15.0,5.0,11.0,4.0,3.0,2.0,4.0,0.0,6.0,2.0,1.0,4.0,7.0,37:44,12.7,1
14,200746,LaMarcus Aldridge,31.0,12.0,22.0,9.0,7.0,5.0,20.0,2.0,2.0,2.0,3.0,1.0,16.0,41:03,31.7,1
15,201577,Robin Lopez,16.0,7.0,9.0,3.0,2.0,4.0,6.0,0.0,1.0,2.0,5.0,1.0,5.0,36:28,15.8,1
16,202083,Wesley Matthews,18.0,6.0,16.0,5.0,4.0,0.0,2.0,1.0,2.0,0.0,3.0,3.0,3.0,35:08,7.6,1
17,203081,Damian Lillard,8.0,1.0,10.0,5.0,5.0,0.0,0.0,0.0,6.0,1.0,2.0,2.0,20.0,34:22,3.5,1
18,2590,Mo Williams,13.0,5.0,10.0,2.0,2.0,1.0,1.0,1.0,4.0,0.0,4.0,2.0,-13.0,24:05,9.2,1
19,200777,Joel Freeland,2.0,1.0,2.0,0.0,0.0,0.0,3.0,0.0,0.0,0.0,1.0,0.0,-1.0,13:11,1.5,1
20,2748,Dorell Wright,6.0,2.0,6.0,0.0,0.0,1.0,1.0,0.0,1.0,0.0,0.0,1.0,4.0,12:52,3.3,1
21,203080,Thomas Robinson,2.0,0.0,3.0,2.0,2.0,2.0,0.0,0.0,0.0,0.0,1.0,0.0,-6.0,5:07,0.9,1
22,203115,Will Barton,,,,,,,,,,,,,,,0.0,1
23,203459,Allen Crabbe,,,,,,,,,,,,,,,0.0,1
24,203086,Meyers Leonard,,,,,,,,,,,,,,,0.0,1
25,2248,Earl Watson,,,,,,,,,,,,,,,0.0,1
