,id,name,PTS,FG,FGA,FTA,FT,OREB,DREB,STL,AST,BLK,PF,TO,PLUS_MINUS,MIN,GS,WIN
0,1890,Shawn Marion,10.0,4.0,8.0,0.0,0.0,1.0,5.0,1.0,1.0,1.0,0.0,1.0,8.0,33:16,9.6,1
1,1717,Dirk Nowitzki,21.0,9.0,11.0,1.0,1.0,0.0,6.0,0.0,3.0,0.0,0.0,0.0,3.0,32:52,20.8,1
2,2223,Samuel Dalembert,10.0,5.0,6.0,0.0,0.0,1.0,5.0,0.0,2.0,2.0,2.0,0.0,10.0,27:15,12.0,1
3,101145,Monta Ellis,16.0,7.0,17.0,2.0,1.0,1.0,3.0,0.0,5.0,0.0,0.0,2.0,8.0,38:25,9.6,1
4,101181,Jose Calderon,10.0,4.0,6.0,4.0,2.0,0.0,3.0,0.0,4.0,1.0,2.0,2.0,9.0,30:42,8.2,1
5,1713,Vince Carter,13.0,5.0,11.0,0.0,0.0,0.0,2.0,0.0,3.0,0.0,4.0,1.0,16.0,22:16,7.4,1
6,201971,DeJuan Blair,4.0,2.0,3.0,0.0,0.0,0.0,2.0,0.0,0.0,1.0,2.0,0.0,9.0,10:09,3.2,1
7,2734,Devin Harris,9.0,3.0,5.0,4.0,2.0,0.0,1.0,2.0,6.0,0.0,0.0,2.0,4.0,17:21,10.4,1
8,203109,Jae Crowder,0.0,0.0,1.0,0.0,0.0,0.0,1.0,0.0,0.0,0.0,1.0,0.0,1.0,10:47,-0.8,1
9,201961,Wayne Ellington,2.0,1.0,1.0,0.0,0.0,1.0,1.0,0.0,0.0,0.0,1.0,0.0,-1.0,6:07,2.3,1
10,201148,Brandan Wright,0.0,0.0,3.0,0.0,0.0,2.0,1.0,0.0,0.0,0.0,0.0,1.0,-7.0,10:36,-1.4,1
11,203499,Shane Larkin,0.0,0.0,0.0,0.0,0.0,0.0,0.0,0.0,0.0,0.0,0.0,0.0,0.0,0:15,0.0,1
12,203108,Bernard James,,,,,,,,,,,,,,,0.0,1
13,2210,Richard Jefferson,15.0,6.0,17.0,3.0,1.0,0.0,1.0,0.0,1.0,0.0,1.0,1.0,-5.0,26:17,4.3,0
14,101107,Marvin Williams,0.0,0.0,2.0,0.0,0.0,0.0,0.0,0.0,0.0,0.0,0.0,0.0,-4.0,7:57,-1.4,0
15,202324,Derrick Favors,19.0,8.0,13.0,3.0,3.0,4.0,3.0,1.0,0.0,0.0,3.0,1.0,-2.0,27:03,15.6,0
16,202330,Gordon Hayward,11.0,5.0,14.0,2.0,0.0,2.0,2.0,2.0,5.0,0.0,2.0,1.0,-7.0,41:16,8.1,0
17,203504,Trey Burke,4.0,2.0,8.0,0.0,0.0,1.0,1.0,0.0,5.0,0.0,2.0,0.0,-14.0,31:14,2.9,0
18,202692,Alec Burks,10.0,5.0,10.0,1.0,0.0,1.0,0.0,2.0,2.0,0.0,3.0,1.0,-10.0,29:26,6.5,0
19,202379,Jeremy Evans,6.0,3.0,9.0,0.0,0.0,6.0,5.0,1.0,0.0,1.0,2.0,2.0,-15.0,32:17,5.5,0
20,202683,Enes Kanter,15.0,6.0,12.0,4.0,3.0,9.0,10.0,0.0,1.0,2.0,1.0,1.0,-5.0,27:44,18.6,0
21,203197,Diante Garrett,3.0,1.0,2.0,0.0,0.0,0.0,2.0,1.0,2.0,0.0,1.0,2.0,2.0,16:46,2.6,0
22,203546,Ian Clark,,,,,,,,,,,,,,,0.0,0
23,203497,Rudy Gobert,,,,,,,,,,,,,,,0.0,0
24,101249,John Lucas III,,,,,,,,,,,,,,,0.0,0
25,201575,Brandon Rush,,,,,,,,,,,,,,,0.0,0
