,id,name,PTS,FG,FGA,FTA,FT,OREB,DREB,STL,AST,BLK,PF,TO,PLUS_MINUS,MIN,GS,WIN
0,202329,Al-Farouq Aminu,2,1,1,2,0,0,1,4,2,0,0,1,-11.0,11:26,5.6,0
1,203076,Anthony Davis,10,3,8,4,4,1,5,1,1,4,4,2,-20.0,32:45,8.7,0
2,201160,Jason Smith,8,4,9,0,0,1,6,0,2,0,4,1,-16.0,22:05,4.6,0
3,201569,Eric Gordon,4,2,9,0,0,0,0,0,2,0,1,4,-22.0,19:16,-4.5,0
4,201950,Jrue Holiday,12,6,17,0,0,4,5,3,7,2,1,3,-21.0,32:31,12.7,0
5,201936,Tyreke Evans,12,5,14,2,2,4,5,1,3,0,3,2,-14.0,24:45,8.4,0
6,201583,Ryan Anderson,17,6,15,4,4,2,1,0,0,0,2,0,-20.0,29:04,9.8,0
7,201627,Anthony Morrow,9,4,10,0,0,1,3,0,1,0,1,0,-9.0,26:18,5.5,0
8,200811,Lou Amundson,1,0,3,2,1,3,2,0,0,0,2,0,10.0,8:27,0.4,0
9,203085,Austin Rivers,10,3,5,4,4,1,0,0,2,0,0,1,2.0,15:29,8.8,0
10,203481,Jeff Withey,2,1,1,0,0,0,2,1,1,0,0,0,8.0,3:39,4.0,0
11,203148,Brian Roberts,6,2,5,2,2,0,1,0,0,0,0,1,10.0,8:57,2.6,0
12,2735,Josh Childress,0,0,0,0,0,0,0,1,0,0,0,0,8.0,5:18,1.0,0
13,202695,Kawhi Leonard,7,3,8,1,1,2,9,2,1,0,1,1,12.0,20:42,8.0,1
14,1495,Tim Duncan,10,4,8,4,2,1,4,1,3,3,0,3,17.0,24:40,9.3,1
15,201168,Tiago Splitter,11,5,6,1,1,3,3,0,1,1,1,1,5.0,13:26,11.8,1
16,201980,Danny Green,5,2,6,0,0,0,0,5,2,1,0,2,12.0,19:57,6.7,1
17,2225,Tony Parker,14,5,8,4,4,0,2,1,7,0,1,2,17.0,24:40,14.5,1
18,1938,Manu Ginobili,16,6,7,0,0,0,5,0,6,0,2,2,17.0,19:06,16.4,1
19,2564,Boris Diaw,13,5,11,4,3,0,5,1,2,0,3,1,8.0,30:34,8.6,1
20,201158,Marco Belinelli,14,5,7,0,0,0,3,0,2,1,2,1,15.0,21:11,12.3,1
21,201988,Patty Mills,12,5,10,1,1,1,0,1,2,1,3,1,-3.0,22:24,8.6,1
22,2588,Matt Bonner,2,1,3,0,0,0,1,0,1,0,2,0,-4.0,13:29,0.5,1
23,201965,Jeff Ayres,2,1,2,2,0,0,2,0,1,0,2,1,12.0,13:51,-0.3,1
24,202709,Cory Joseph,6,2,3,2,2,0,3,0,2,0,0,1,-5.0,9:53,6.0,1
25,201986,Nando De Colo,0,0,2,0,0,0,1,1,0,0,1,3,-8.0,6:07,-3.5,1
