,id,name,PTS,FG,FGA,FTA,FT,OREB,DREB,STL,AST,BLK,PF,TO,PLUS_MINUS,MIN,GS,WIN
0,2546,Carmelo Anthony,15.0,5.0,19.0,5.0,4.0,4.0,3.0,1.0,5.0,0.0,5.0,1.0,-9.0,36:29,8.5,0
1,202697,Iman Shumpert,12.0,4.0,9.0,0.0,0.0,1.0,2.0,0.0,2.0,0.0,3.0,2.0,-5.0,22:22,6.8,0
2,2199,Tyson Chandler,12.0,5.0,6.0,3.0,2.0,1.0,6.0,2.0,1.0,2.0,1.0,1.0,-10.0,32:27,14.6,0
3,101109,Raymond Felton,16.0,7.0,14.0,0.0,0.0,2.0,5.0,1.0,7.0,0.0,4.0,3.0,-14.0,33:54,13.2,0
4,203143,Pablo Prigioni,5.0,2.0,2.0,0.0,0.0,0.0,1.0,1.0,4.0,0.0,1.0,1.0,1.0,21:48,7.1,0
5,2747,JR Smith,7.0,3.0,10.0,1.0,0.0,0.0,2.0,1.0,5.0,0.0,1.0,2.0,-10.0,30:34,3.5,0
6,203501,Tim Hardaway Jr.,5.0,2.0,6.0,2.0,1.0,0.0,2.0,0.0,1.0,0.0,2.0,0.0,-7.0,21:35,1.7,0
7,2405,Amar'e Stoudemire,16.0,5.0,11.0,7.0,6.0,3.0,1.0,0.0,0.0,0.0,2.0,0.0,-14.0,25:34,11.5,0
8,202719,Jeremy Tyler,10.0,4.0,8.0,2.0,2.0,1.0,4.0,0.0,0.0,1.0,1.0,2.0,2.0,11:05,6.2,0
9,202332,Cole Aldrich,0.0,0.0,0.0,0.0,0.0,0.0,0.0,0.0,1.0,0.0,0.0,0.0,2.0,1:24,0.7,0
10,203315,Toure' Murry,0.0,0.0,0.0,0.0,0.0,0.0,0.0,0.0,1.0,0.0,1.0,0.0,2.0,1:24,0.3,0
11,1897,Metta World Peace,2.0,1.0,1.0,0.0,0.0,0.0,0.0,0.0,0.0,0.0,0.0,0.0,2.0,1:24,1.7,0
12,2757,Beno Udrih,,,,,,,,,,,,,,,0.0,0
13,201142,Kevin Durant,41.0,12.0,22.0,18.0,13.0,0.0,10.0,1.0,9.0,2.0,3.0,3.0,10.0,40:08,35.9,1
14,201586,Serge Ibaka,16.0,8.0,11.0,0.0,0.0,2.0,7.0,0.0,3.0,1.0,5.0,2.0,13.0,35:19,13.8,1
15,2570,Kendrick Perkins,5.0,2.0,2.0,2.0,1.0,0.0,11.0,0.0,1.0,0.0,3.0,1.0,3.0,23:42,5.8,1
16,200757,Thabo Sefolosha,12.0,4.0,7.0,2.0,2.0,2.0,0.0,4.0,2.0,0.0,1.0,1.0,10.0,29:07,14.1,1
17,202704,Reggie Jackson,19.0,8.0,15.0,0.0,0.0,0.0,0.0,0.0,6.0,0.0,1.0,1.0,7.0,31:54,14.5,1
18,203087,Jeremy Lamb,5.0,1.0,7.0,2.0,2.0,0.0,2.0,0.0,3.0,1.0,1.0,0.0,1.0,17:47,3.5,1
19,965,Derek Fisher,10.0,3.0,6.0,3.0,2.0,0.0,1.0,1.0,2.0,0.0,0.0,0.0,8.0,19:09,9.3,1
20,2555,Nick Collison,2.0,1.0,2.0,0.0,0.0,1.0,5.0,0.0,2.0,1.0,2.0,2.0,8.0,20:32,2.5,1
21,203103,Perry Jones III,2.0,1.0,1.0,0.0,0.0,0.0,0.0,0.0,0.0,0.0,2.0,0.0,1.0,16:42,0.9,1
22,203500,Steven Adams,0.0,0.0,0.0,0.0,0.0,0.0,0.0,0.0,0.0,0.0,1.0,0.0,-1.0,5:40,-0.4,1
23,201934,Hasheem Thabeet,,,,,,,,,,,,,,,0.0,1
