,id,name,PTS,FG,FGA,FTA,FT,OREB,DREB,STL,AST,BLK,PF,TO,PLUS_MINUS,MIN,GS,WIN
0,201158,Marco Belinelli,12.0,4.0,9.0,5.0,4.0,1.0,2.0,1.0,3.0,0.0,1.0,1.0,-22.0,31:02,9.9,0
1,1495,Tim Duncan,23.0,9.0,13.0,5.0,5.0,1.0,2.0,2.0,0.0,1.0,3.0,1.0,-20.0,24:25,19.3,0
2,2564,Boris Diaw,15.0,6.0,10.0,0.0,0.0,0.0,1.0,0.0,3.0,0.0,2.0,3.0,-17.0,27:11,9.0,0
3,202709,Cory Joseph,6.0,2.0,6.0,2.0,2.0,1.0,1.0,2.0,2.0,1.0,2.0,0.0,6.0,26:46,6.9,0
4,2225,Tony Parker,11.0,4.0,9.0,2.0,2.0,0.0,1.0,1.0,7.0,0.0,2.0,2.0,-18.0,24:05,9.7,0
5,1938,Manu Ginobili,3.0,1.0,7.0,1.0,1.0,0.0,1.0,0.0,1.0,1.0,2.0,2.0,-21.0,24:39,-2.6,0
6,201965,Jeff Ayres,7.0,3.0,3.0,2.0,1.0,1.0,3.0,0.0,2.0,0.0,1.0,1.0,-4.0,15:09,7.3,0
7,201988,Patty Mills,3.0,1.0,6.0,0.0,0.0,1.0,1.0,1.0,0.0,0.0,1.0,1.0,-7.0,17:18,-0.2,0
8,201785,Othyus Jeffers,5.0,2.0,3.0,2.0,1.0,0.0,2.0,0.0,1.0,0.0,1.0,0.0,17.0,9:47,4.2,0
9,2588,Matt Bonner,3.0,1.0,3.0,0.0,0.0,0.0,1.0,0.0,0.0,0.0,1.0,1.0,17.0,9:38,0.2,0
10,203382,Aron Baynes,6.0,3.0,3.0,0.0,0.0,1.0,5.0,1.0,2.0,1.0,1.0,0.0,8.0,15:10,10.0,0
11,201986,Nando De Colo,7.0,2.0,4.0,4.0,3.0,0.0,2.0,0.0,3.0,0.0,0.0,0.0,1.0,14:50,7.3,0
12,2544,LeBron James,18.0,8.0,15.0,1.0,1.0,0.0,7.0,1.0,6.0,0.0,4.0,4.0,21.0,27:43,12.4,1
13,2203,Shane Battier,0.0,0.0,1.0,0.0,0.0,0.0,2.0,0.0,0.0,2.0,2.0,0.0,16.0,19:19,0.5,1
14,2547,Chris Bosh,24.0,9.0,10.0,5.0,5.0,1.0,4.0,1.0,3.0,0.0,1.0,1.0,15.0,25:36,24.2,1
15,951,Ray Allen,10.0,3.0,5.0,2.0,2.0,0.0,3.0,1.0,3.0,0.0,2.0,0.0,22.0,25:24,10.9,1
16,201596,Mario Chalmers,16.0,6.0,8.0,2.0,2.0,1.0,0.0,0.0,7.0,0.0,2.0,2.0,9.0,32:39,15.6,1
17,2548,Dwyane Wade,8.0,3.0,8.0,2.0,2.0,0.0,3.0,1.0,5.0,0.0,3.0,2.0,7.0,23:42,5.8,1
18,202708,Norris Cole,11.0,4.0,9.0,2.0,2.0,2.0,3.0,0.0,2.0,0.0,2.0,3.0,-4.0,27:25,6.2,1
19,2365,Chris Andersen,8.0,3.0,4.0,2.0,2.0,2.0,3.0,0.0,0.0,2.0,2.0,1.0,11.0,16:35,8.3,1
20,201563,Michael Beasley,12.0,5.0,8.0,2.0,2.0,0.0,4.0,1.0,2.0,0.0,3.0,1.0,-14.0,19:36,9.8,1
21,201141,Greg Oden,3.0,1.0,3.0,2.0,1.0,1.0,1.0,1.0,0.0,1.0,1.0,0.0,-9.0,12:53,3.2,1
22,2427,Roger Mason Jr.,3.0,1.0,2.0,0.0,0.0,0.0,0.0,0.0,0.0,0.0,0.0,0.0,-7.0,4:34,2.0,1
23,1740,Rashard Lewis,0.0,0.0,1.0,0.0,0.0,0.0,0.0,0.0,0.0,0.0,0.0,0.0,-7.0,4:34,-0.7,1
24,2617,Udonis Haslem,,,,,,,,,,,,,,,0.0,1
