,id,name,PTS,FG,FGA,FTA,FT,OREB,DREB,STL,AST,BLK,PF,TO,PLUS_MINUS,MIN,GS,WIN
0,2544,LeBron James,21.0,9.0,12.0,5.0,3.0,4.0,10.0,2.0,8.0,0.0,3.0,7.0,9.0,30:34,20.6,1
1,2203,Shane Battier,3.0,1.0,6.0,0.0,0.0,1.0,0.0,0.0,1.0,2.0,3.0,0.0,1.0,18:09,0.8,1
2,2547,Chris Bosh,8.0,4.0,8.0,0.0,0.0,0.0,9.0,1.0,1.0,2.0,2.0,0.0,18.0,23:48,9.0,1
3,2548,Dwyane Wade,19.0,7.0,14.0,5.0,5.0,0.0,5.0,1.0,4.0,1.0,4.0,5.0,15.0,32:05,11.4,1
4,201596,Mario Chalmers,9.0,4.0,6.0,2.0,1.0,0.0,1.0,3.0,1.0,0.0,3.0,3.0,6.0,25:56,5.8,1
5,2365,Chris Andersen,9.0,4.0,5.0,4.0,1.0,2.0,2.0,0.0,0.0,3.0,1.0,0.0,6.0,19:39,9.6,1
6,951,Ray Allen,11.0,4.0,8.0,3.0,3.0,0.0,3.0,2.0,2.0,0.0,2.0,2.0,13.0,21:25,8.5,1
7,1740,Rashard Lewis,10.0,4.0,7.0,0.0,0.0,0.0,3.0,2.0,2.0,0.0,4.0,2.0,20.0,28:32,7.4,1
8,202708,Norris Cole,4.0,2.0,6.0,0.0,0.0,0.0,3.0,0.0,4.0,0.0,3.0,1.0,22.0,27:05,2.1,1
9,2427,Roger Mason Jr.,9.0,4.0,5.0,0.0,0.0,0.0,0.0,0.0,0.0,0.0,2.0,0.0,-3.0,4:33,6.3,1
10,2617,Udonis Haslem,0.0,0.0,0.0,0.0,0.0,0.0,0.0,0.0,0.0,0.0,1.0,0.0,-3.0,4:33,-0.4,1
11,2592,James Jones,0.0,0.0,1.0,0.0,0.0,0.0,1.0,0.0,0.0,0.0,0.0,0.0,1.0,3:41,-0.4,1
12,201202,Joel Anthony,,,,,,,,,,,,,,,0.0,1
13,201147,Corey Brewer,13.0,3.0,10.0,6.0,5.0,4.0,2.0,0.0,0.0,0.0,3.0,3.0,-8.0,32:06,6.0,0
14,201601,Luc Mbah a Moute,11.0,4.0,9.0,4.0,3.0,1.0,1.0,1.0,1.0,0.0,2.0,1.0,-3.0,26:20,6.8,0
15,201593,Nikola Pekovic,18.0,7.0,18.0,7.0,4.0,7.0,5.0,0.0,0.0,0.0,1.0,3.0,-13.0,38:14,10.0,0
16,2755,Kevin Martin,19.0,5.0,16.0,10.0,8.0,1.0,3.0,4.0,0.0,0.0,4.0,1.0,-9.0,33:53,12.0,0
17,201937,Ricky Rubio,1.0,0.0,4.0,2.0,1.0,0.0,5.0,3.0,6.0,0.0,0.0,6.0,-7.0,27:16,0.5,0
18,201967,Dante Cunningham,4.0,2.0,9.0,0.0,0.0,1.0,1.0,2.0,1.0,1.0,1.0,0.0,-29.0,17:26,2.5,0
19,203476,Gorgui Dieng,5.0,1.0,3.0,4.0,3.0,2.0,4.0,0.0,0.0,0.0,2.0,0.0,-6.0,9:21,4.7,0
20,200826,J.J. Barea,2.0,0.0,5.0,2.0,2.0,0.0,3.0,1.0,1.0,0.0,1.0,2.0,-21.0,19:29,-1.3,0
21,203133,Robbie Hummel,8.0,2.0,3.0,2.0,2.0,1.0,2.0,0.0,0.0,0.0,1.0,0.0,-8.0,12:25,7.6,0
22,201985,AJ Price,0.0,0.0,1.0,0.0,0.0,0.0,1.0,0.0,2.0,0.0,0.0,0.0,-3.0,9:18,1.0,0
23,203144,Alexey Shved,1.0,0.0,3.0,2.0,1.0,0.0,1.0,0.0,2.0,0.0,0.0,2.0,1.0,8:33,-1.8,0
24,203498,Shabazz Muhammad,0.0,0.0,1.0,0.0,0.0,0.0,0.0,0.0,0.0,0.0,0.0,0.0,1.0,5:39,-0.7,0
25,201567,Kevin Love,,,,,,,,,,,,,,,0.0,0
