,id,name,PTS,FG,FGA,FTA,FT,OREB,DREB,STL,AST,BLK,PF,TO,PLUS_MINUS,MIN,GS,WIN
0,101110,Martell Webster,8.0,3.0,6.0,0.0,0.0,1.0,4.0,0.0,1.0,0.0,0.0,2.0,-9.0,36:38,5.6,0
1,202686,Jan Vesely,0.0,0.0,0.0,0.0,0.0,2.0,0.0,1.0,0.0,2.0,0.0,0.0,-16.0,20:29,3.8,0
2,101162,Marcin Gortat,17.0,6.0,12.0,7.0,5.0,1.0,9.0,1.0,1.0,1.0,2.0,2.0,-17.0,34:24,13.2,0
3,2772,Trevor Ariza,14.0,6.0,14.0,0.0,0.0,0.0,4.0,1.0,0.0,2.0,1.0,2.0,-28.0,33:43,7.8,0
4,202322,John Wall,8.0,4.0,14.0,0.0,0.0,0.0,3.0,0.0,9.0,0.0,2.0,3.0,-15.0,34:42,3.2,0
5,202066,Garrett Temple,2.0,1.0,7.0,0.0,0.0,1.0,1.0,1.0,0.0,1.0,2.0,3.0,-13.0,22:11,-3.6,0
6,202344,Trevor Booker,4.0,2.0,5.0,1.0,0.0,0.0,8.0,1.0,3.0,1.0,4.0,0.0,-9.0,25:04,5.5,0
7,201953,Eric Maynor,8.0,3.0,4.0,2.0,1.0,0.0,0.0,0.0,1.0,1.0,1.0,4.0,-8.0,8:46,3.0,0
8,202338,Kevin Seraphin,9.0,3.0,7.0,3.0,3.0,1.0,1.0,0.0,1.0,0.0,0.0,1.0,9.0,12:07,6.0,0
9,202698,Chris Singleton,3.0,1.0,3.0,0.0,0.0,0.0,1.0,0.0,0.0,1.0,0.0,0.0,3.0,8:02,2.3,0
10,203318,Glen Rice,0.0,0.0,1.0,0.0,0.0,0.0,0.0,0.0,0.0,1.0,0.0,0.0,3.0,3:54,0.0,0
11,1733,Al Harrington,,,,,,,,,,,,,,,0.0,0
12,2403,Nene,,,,,,,,,,,,,,,0.0,0
13,202331,Paul George,23.0,10.0,19.0,0.0,0.0,1.0,3.0,4.0,4.0,0.0,0.0,0.0,30.0,35:35,22.1,1
14,2561,David West,8.0,4.0,9.0,0.0,0.0,0.0,5.0,1.0,4.0,0.0,0.0,0.0,14.0,27:24,8.6,1
15,201579,Roy Hibbert,13.0,4.0,10.0,6.0,5.0,4.0,4.0,1.0,2.0,1.0,4.0,2.0,21.0,27:55,10.7,1
16,202362,Lance Stephenson,7.0,3.0,7.0,0.0,0.0,3.0,8.0,0.0,10.0,0.0,3.0,8.0,11.0,36:37,5.6,1
17,201588,George Hill,13.0,5.0,16.0,1.0,1.0,1.0,5.0,1.0,3.0,0.0,0.0,2.0,10.0,29:57,7.1,1
18,203524,Solomon Hill,6.0,2.0,4.0,0.0,0.0,2.0,2.0,1.0,0.0,0.0,1.0,0.0,4.0,20:44,6.6,1
19,2449,Luis Scola,8.0,4.0,8.0,0.0,0.0,0.0,6.0,1.0,0.0,0.0,3.0,2.0,6.0,20:51,3.6,1
20,201228,C.J. Watson,7.0,3.0,5.0,0.0,0.0,1.0,1.0,1.0,3.0,0.0,0.0,1.0,12.0,15:56,7.8,1
21,101133,Ian Mahinmi,6.0,2.0,4.0,2.0,2.0,2.0,0.0,1.0,0.0,0.0,3.0,0.0,2.0,15:56,5.2,1
22,203142,Chris Copeland,0.0,0.0,1.0,0.0,0.0,0.0,0.0,0.0,1.0,0.0,1.0,0.0,-3.0,3:54,-0.4,1
23,203111,Orlando Johnson,0.0,0.0,1.0,0.0,0.0,0.0,0.0,1.0,0.0,0.0,0.0,1.0,-5.0,3:04,-0.7,1
24,202388,Donald Sloan,2.0,1.0,1.0,1.0,0.0,0.0,1.0,0.0,0.0,0.0,0.0,0.0,-2.0,2:07,1.6,1
25,2446,Rasual Butler,,,,,,,,,,,,,,,0.0,1
