,id,name,PTS,FG,FGA,FTA,FT,OREB,DREB,STL,AST,BLK,PF,TO,PLUS_MINUS,MIN,GS,WIN
0,2419,Tayshaun Prince,6.0,3.0,8.0,0.0,0.0,1.0,8.0,0.0,4.0,1.0,2.0,1.0,11.0,31:23,6.4,1
1,2216,Zach Randolph,22.0,9.0,12.0,8.0,4.0,2.0,8.0,0.0,2.0,0.0,3.0,3.0,18.0,33:50,16.6,1
2,201188,Marc Gasol,19.0,8.0,14.0,3.0,3.0,1.0,7.0,0.0,9.0,0.0,2.0,3.0,9.0,39:23,17.7,1
3,2754,Tony Allen,12.0,5.0,10.0,2.0,2.0,2.0,3.0,2.0,4.0,0.0,4.0,2.0,15.0,29:31,10.5,1
4,201144,Mike Conley,19.0,8.0,12.0,0.0,0.0,1.0,0.0,1.0,9.0,1.0,0.0,2.0,9.0,38:16,20.5,1
5,2034,Mike Miller,0.0,0.0,0.0,0.0,0.0,0.0,3.0,1.0,2.0,0.0,1.0,3.0,-8.0,20:53,-0.1,1
6,201573,Jerryd Bayless,8.0,3.0,9.0,1.0,1.0,0.0,2.0,0.0,0.0,0.0,5.0,1.0,2.0,16:18,0.5,1
7,202347,Quincy Pondexter,5.0,2.0,3.0,2.0,1.0,0.0,5.0,0.0,0.0,0.0,2.0,1.0,-4.0,14:36,3.0,1
8,201585,Kosta Koufos,6.0,2.0,3.0,2.0,2.0,0.0,6.0,0.0,0.0,2.0,1.0,0.0,1.0,13:28,7.5,1
9,202334,Ed Davis,0.0,0.0,1.0,0.0,0.0,0.0,0.0,0.0,0.0,0.0,0.0,0.0,2.0,2:22,-0.7,1
10,201979,Nick Calathes,,,,,,,,,,,,,,,0.0,1
11,203479,Jamaal Franklin,,,,,,,,,,,,,,,0.0,1
12,202720,Jon Leuer,,,,,,,,,,,,,,,0.0,1
13,201601,Luc Mbah a Moute,4.0,1.0,6.0,4.0,2.0,3.0,0.0,0.0,2.0,1.0,2.0,0.0,-12.0,26:16,2.8,0
14,201574,Jason Thompson,3.0,1.0,2.0,2.0,1.0,0.0,0.0,0.0,2.0,0.0,2.0,0.0,-7.0,9:52,2.2,0
15,202326,DeMarcus Cousins,9.0,4.0,11.0,1.0,1.0,1.0,4.0,1.0,1.0,0.0,2.0,3.0,-15.0,18:11,2.7,0
16,203463,Ben McLemore,5.0,2.0,6.0,0.0,0.0,1.0,4.0,0.0,1.0,0.0,1.0,2.0,-16.0,19:28,1.8,0
17,202349,Greivis Vasquez,8.0,4.0,7.0,0.0,0.0,0.0,1.0,1.0,3.0,0.0,1.0,1.0,-16.0,19:28,6.7,0
18,101236,Chuck Hayes,0.0,0.0,2.0,0.0,0.0,2.0,1.0,1.0,0.0,0.0,3.0,1.0,9.0,11:29,-0.9,0
19,2422,John Salmons,10.0,4.0,12.0,2.0,2.0,0.0,3.0,1.0,5.0,0.0,0.0,0.0,-2.0,33:31,8.6,0
20,202738,Isaiah Thomas,15.0,5.0,17.0,2.0,2.0,1.0,1.0,2.0,4.0,0.0,2.0,1.0,5.0,31:53,9.1,0
21,201977,Marcus Thornton,12.0,5.0,13.0,1.0,1.0,0.0,1.0,2.0,1.0,0.0,1.0,0.0,5.0,28:32,7.5,0
22,202380,Hamady Ndiaye,2.0,1.0,2.0,1.0,0.0,1.0,5.0,0.0,1.0,1.0,2.0,0.0,-14.0,24:35,3.4,0
23,2566,Travis Outlaw,18.0,6.0,9.0,4.0,4.0,2.0,4.0,0.0,1.0,0.0,4.0,0.0,8.0,16:45,15.8,0
24,202690,Jimmer Fredette,,,,,,,,,,,,,,,0.0,0
25,202335,Patrick Patterson,,,,,,,,,,,,,,,0.0,0
