,id,name,PTS,FG,FGA,FTA,FT,OREB,DREB,STL,AST,BLK,PF,TO,PLUS_MINUS,MIN,GS,WIN
0,2207,Joe Johnson,11.0,4.0,13.0,4.0,3.0,2.0,4.0,1.0,6.0,0.0,2.0,0.0,-3.0,31:30,10.1,0
1,1718,Paul Pierce,15.0,5.0,9.0,5.0,3.0,1.0,3.0,2.0,2.0,1.0,1.0,1.0,10.0,31:09,14.2,0
2,203486,Mason Plumlee,6.0,3.0,5.0,1.0,0.0,0.0,5.0,2.0,0.0,4.0,6.0,0.0,7.0,28:20,7.2,0
3,101187,Alan Anderson,13.0,3.0,8.0,4.0,4.0,2.0,3.0,0.0,0.0,3.0,3.0,3.0,-6.0,31:18,8.8,0
4,2733,Shaun Livingston,8.0,3.0,11.0,4.0,2.0,0.0,4.0,0.0,3.0,1.0,3.0,2.0,-1.0,30:39,1.5,0
5,2501,Reggie Evans,0.0,0.0,1.0,0.0,0.0,2.0,3.0,1.0,0.0,0.0,1.0,0.0,-15.0,9:16,2.2,0
6,203141,Mirza Teletovic,8.0,3.0,10.0,0.0,0.0,2.0,3.0,0.0,1.0,1.0,2.0,2.0,-22.0,21:45,3.1,0
7,1891,Jason Terry,5.0,2.0,4.0,0.0,0.0,0.0,0.0,0.0,1.0,0.0,1.0,1.0,-12.0,15:50,2.3,0
8,1905,Andrei Kirilenko,6.0,3.0,6.0,0.0,0.0,0.0,1.0,1.0,0.0,0.0,1.0,2.0,-19.0,19:08,1.9,0
9,101154,Andray Blatche,6.0,3.0,5.0,0.0,0.0,0.0,4.0,0.0,0.0,0.0,5.0,2.0,-10.0,9:25,0.9,0
10,203116,Tyshawn Taylor,0.0,0.0,2.0,0.0,0.0,0.0,0.0,0.0,1.0,0.0,0.0,1.0,-7.0,7:58,-1.7,0
11,203129,Tornike Shengelia,2.0,1.0,1.0,0.0,0.0,0.0,0.0,0.0,0.0,0.0,1.0,0.0,-2.0,3:42,1.3,0
12,708,Kevin Garnett,,,,,,,,,,,,,,,0.0,0
13,203082,Terrence Ross,14.0,4.0,10.0,4.0,3.0,2.0,3.0,0.0,0.0,0.0,4.0,2.0,-7.0,34:04,6.9,1
14,101161,Amir Johnson,3.0,1.0,6.0,2.0,1.0,2.0,2.0,0.0,2.0,2.0,2.0,2.0,-8.0,31:52,0.8,1
15,202685,Jonas Valanciunas,8.0,2.0,9.0,6.0,4.0,3.0,6.0,0.0,0.0,1.0,1.0,0.0,-22.0,21:34,5.9,1
16,201942,DeMar DeRozan,26.0,9.0,18.0,8.0,7.0,2.0,5.0,1.0,5.0,1.0,3.0,2.0,7.0,37:14,21.5,1
17,200768,Kyle Lowry,12.0,4.0,11.0,2.0,1.0,1.0,5.0,0.0,4.0,1.0,3.0,2.0,10.0,35:22,8.0,1
18,2422,John Salmons,13.0,5.0,5.0,0.0,0.0,0.0,2.0,3.0,1.0,0.0,3.0,0.0,32.0,23:33,14.6,1
19,202335,Patrick Patterson,14.0,5.0,12.0,4.0,3.0,5.0,7.0,3.0,1.0,1.0,2.0,2.0,40.0,27:40,14.4,1
20,101236,Chuck Hayes,4.0,1.0,3.0,2.0,2.0,1.0,1.0,0.0,0.0,0.0,1.0,1.0,22.0,13:45,1.9,1
21,202349,Greivis Vasquez,2.0,1.0,5.0,0.0,0.0,0.0,1.0,1.0,3.0,0.0,2.0,1.0,6.0,12:38,0.5,1
22,202933,Julyan Stone,0.0,0.0,0.0,0.0,0.0,0.0,0.0,0.0,0.0,0.0,0.0,0.0,0.0,1:09,0.0,1
23,200779,Steve Novak,0.0,0.0,0.0,0.0,0.0,0.0,1.0,0.0,0.0,0.0,0.0,0.0,0.0,1:09,0.3,1
24,201948,Austin Daye,,,,,,,,,,,,,,,0.0,1
25,202361,Landry Fields,,,,,,,,,,,,,,,0.0,1
