,id,name,PTS,FG,FGA,FTA,FT,OREB,DREB,STL,AST,BLK,PF,TO,PLUS_MINUS,MIN,GS,WIN
0,2746,Josh Smith,22.0,8.0,17.0,10.0,6.0,0.0,8.0,2.0,1.0,1.0,5.0,4.0,-5.0,35:26,11.5,1
1,202328,Greg Monroe,12.0,5.0,7.0,5.0,2.0,5.0,5.0,1.0,1.0,0.0,2.0,3.0,0.0,30:49,10.8,1
2,203083,Andre Drummond,10.0,5.0,6.0,2.0,0.0,2.0,11.0,0.0,0.0,0.0,4.0,1.0,-2.0,27:13,9.1,1
3,203484,Kentavious Caldwell-Pope,5.0,2.0,10.0,0.0,0.0,0.0,5.0,1.0,0.0,1.0,1.0,0.0,10.0,40:55,1.6,1
4,201943,Brandon Jennings,14.0,4.0,13.0,4.0,3.0,1.0,1.0,3.0,8.0,0.0,1.0,3.0,-6.0,31:58,12.3,1
5,201155,Rodney Stuckey,20.0,8.0,15.0,5.0,4.0,0.0,0.0,1.0,0.0,1.0,3.0,2.0,9.0,31:27,10.8,1
6,202713,Kyle Singler,14.0,5.0,6.0,4.0,2.0,3.0,1.0,1.0,1.0,0.0,5.0,0.0,21.0,22:23,13.1,1
7,101198,Will Bynum,7.0,3.0,7.0,1.0,1.0,0.0,2.0,0.0,6.0,0.0,3.0,1.0,3.0,19:49,5.9,1
8,203540,Gigi Datome,,,,,,,,,,,,,,,0.0,1
9,202725,Josh Harrellson,,,,,,,,,,,,,,,0.0,1
10,201973,Jonas Jerebko,,,,,,,,,,,,,,,0.0,1
11,203502,Tony Mitchell,,,,,,,,,,,,,,,0.0,1
12,101111,Charlie Villanueva,,,,,,,,,,,,,,,0.0,1
13,2772,Trevor Ariza,7.0,1.0,7.0,4.0,4.0,1.0,7.0,3.0,7.0,0.0,4.0,1.0,-3.0,40:18,10.6,0
14,2403,Nene,14.0,5.0,9.0,10.0,4.0,0.0,4.0,0.0,3.0,1.0,2.0,4.0,-9.0,35:10,6.5,0
15,101162,Marcin Gortat,10.0,4.0,6.0,2.0,2.0,3.0,9.0,0.0,0.0,0.0,2.0,2.0,7.0,35:05,9.4,0
16,203078,Bradley Beal,7.0,2.0,14.0,3.0,2.0,0.0,3.0,2.0,2.0,0.0,2.0,3.0,-7.0,30:10,-1.9,0
17,202322,John Wall,34.0,15.0,23.0,4.0,2.0,0.0,4.0,1.0,6.0,0.0,2.0,4.0,3.0,36:43,24.7,0
18,202344,Trevor Booker,0.0,0.0,0.0,0.0,0.0,0.0,0.0,0.0,1.0,0.0,1.0,0.0,2.0,6:24,0.3,0
19,101110,Martell Webster,15.0,6.0,8.0,0.0,0.0,0.0,2.0,1.0,2.0,0.0,6.0,4.0,-1.0,28:38,8.4,0
20,202066,Garrett Temple,4.0,1.0,4.0,2.0,1.0,0.0,0.0,0.0,0.0,0.0,2.0,1.0,-11.0,12:14,-0.6,0
21,202686,Jan Vesely,7.0,3.0,5.0,4.0,1.0,2.0,0.0,0.0,1.0,0.0,5.0,0.0,-11.0,15:18,3.6,0
22,201953,Eric Maynor,,,,,,,,,,,,,,,0.0,0
23,203490,Otto Porter Jr.,,,,,,,,,,,,,,,0.0,0
24,202338,Kevin Seraphin,,,,,,,,,,,,,,,0.0,0
25,202698,Chris Singleton,,,,,,,,,,,,,,,0.0,0
