,id,name,PTS,FG,FGA,FTA,FT,OREB,DREB,STL,AST,BLK,PF,TO,PLUS_MINUS,MIN,GS,WIN
0,2546,Carmelo Anthony,27.0,10.0,20.0,5.0,5.0,1.0,11.0,1.0,4.0,1.0,5.0,3.0,10.0,38:40,20.5,1
1,200745,Andrea Bargnani,10.0,3.0,8.0,4.0,4.0,2.0,1.0,0.0,1.0,1.0,2.0,2.0,19.0,22:19,5.9,1
2,2199,Tyson Chandler,4.0,2.0,5.0,0.0,0.0,1.0,5.0,0.0,0.0,1.0,3.0,0.0,5.0,21:54,3.0,1
3,202697,Iman Shumpert,27.0,10.0,13.0,1.0,1.0,2.0,4.0,3.0,1.0,0.0,2.0,2.0,10.0,31:09,25.4,1
4,2757,Beno Udrih,10.0,4.0,9.0,2.0,2.0,1.0,1.0,1.0,7.0,0.0,0.0,2.0,7.0,32:17,10.2,1
5,2405,Amar'e Stoudemire,11.0,4.0,6.0,4.0,3.0,2.0,1.0,0.0,0.0,2.0,2.0,2.0,-15.0,23:36,8.3,1
6,2747,JR Smith,4.0,2.0,5.0,0.0,0.0,0.0,5.0,0.0,3.0,0.0,4.0,2.0,-5.0,28:45,1.3,1
7,2030,Kenyon Martin,4.0,2.0,6.0,0.0,0.0,0.0,0.0,0.0,0.0,0.0,4.0,0.0,-4.0,13:54,-1.0,1
8,203501,Tim Hardaway Jr.,3.0,0.0,1.0,4.0,3.0,0.0,1.0,0.0,1.0,0.0,0.0,0.0,-7.0,12:16,2.9,1
9,203315,Toure' Murry,5.0,2.0,3.0,0.0,0.0,0.0,2.0,2.0,2.0,0.0,1.0,0.0,0.0,15:10,7.3,1
10,202332,Cole Aldrich,,,,,,,,,,,,,,,0.0,1
11,202719,Jeremy Tyler,,,,,,,,,,,,,,,0.0,1
12,1897,Metta World Peace,,,,,,,,,,,,,,,0.0,1
13,202695,Kawhi Leonard,8.0,1.0,5.0,8.0,5.0,1.0,3.0,1.0,4.0,1.0,4.0,1.0,-9.0,28:07,7.2,0
14,1495,Tim Duncan,9.0,3.0,8.0,4.0,3.0,1.0,6.0,0.0,2.0,2.0,0.0,1.0,-6.0,31:43,8.5,0
15,201168,Tiago Splitter,6.0,3.0,6.0,0.0,0.0,3.0,2.0,1.0,1.0,0.0,2.0,2.0,-8.0,19:12,4.6,0
16,201158,Marco Belinelli,32.0,12.0,16.0,2.0,2.0,1.0,4.0,0.0,2.0,0.0,1.0,2.0,0.0,32:40,26.5,0
17,2225,Tony Parker,12.0,5.0,13.0,2.0,1.0,0.0,3.0,0.0,7.0,0.0,3.0,1.0,-10.0,34:20,8.1,0
18,2564,Boris Diaw,0.0,0.0,0.0,0.0,0.0,1.0,0.0,0.0,0.0,0.0,0.0,2.0,-11.0,10:48,-1.3,0
19,1938,Manu Ginobili,11.0,4.0,11.0,3.0,2.0,0.0,2.0,2.0,12.0,1.0,2.0,3.0,16.0,28:24,12.4,0
20,201965,Jeff Ayres,2.0,1.0,2.0,0.0,0.0,1.0,3.0,0.0,0.0,0.0,2.0,0.0,4.0,9:45,1.8,0
21,2588,Matt Bonner,9.0,3.0,5.0,0.0,0.0,0.0,2.0,0.0,0.0,0.0,0.0,0.0,5.0,12:50,7.3,0
22,201988,Patty Mills,8.0,3.0,4.0,0.0,0.0,1.0,0.0,0.0,0.0,0.0,1.0,0.0,6.0,13:40,6.7,0
23,201980,Danny Green,4.0,2.0,7.0,0.0,0.0,0.0,0.0,1.0,1.0,0.0,1.0,0.0,-7.0,18:31,1.2,0
24,203382,Aron Baynes,,,,,,,,,,,,,,,0.0,0
25,202709,Cory Joseph,,,,,,,,,,,,,,,0.0,0
