,id,name,PTS,FG,FGA,FTA,FT,OREB,DREB,STL,AST,BLK,PF,TO,PLUS_MINUS,MIN,GS,WIN
0,202695,Kawhi Leonard,16.0,5.0,14.0,4.0,4.0,2.0,5.0,1.0,0.0,2.0,2.0,2.0,12.0,33:43,10.7,1
1,2564,Boris Diaw,5.0,2.0,14.0,2.0,1.0,0.0,3.0,1.0,5.0,0.0,1.0,0.0,14.0,31:40,0.6,1
2,201168,Tiago Splitter,17.0,6.0,10.0,8.0,5.0,1.0,13.0,1.0,3.0,1.0,4.0,1.0,9.0,35:29,17.0,1
3,201980,Danny Green,18.0,6.0,13.0,2.0,1.0,1.0,5.0,2.0,1.0,1.0,2.0,0.0,8.0,40:11,15.7,1
4,2225,Tony Parker,20.0,8.0,16.0,4.0,4.0,0.0,0.0,1.0,5.0,0.0,0.0,2.0,-1.0,27:51,14.5,1
5,201988,Patty Mills,4.0,1.0,9.0,1.0,1.0,1.0,0.0,4.0,5.0,0.0,2.0,1.0,10.0,20:09,4.5,1
6,201158,Marco Belinelli,15.0,5.0,9.0,4.0,3.0,0.0,3.0,0.0,3.0,0.0,3.0,1.0,1.0,27:07,11.1,1
7,203382,Aron Baynes,2.0,1.0,2.0,0.0,0.0,2.0,2.0,0.0,1.0,0.0,1.0,1.0,-1.0,8:26,2.3,1
8,202709,Cory Joseph,0.0,0.0,0.0,0.0,0.0,0.0,0.0,0.0,0.0,0.0,1.0,0.0,0.0,4:49,-0.4,1
9,201965,Jeff Ayres,2.0,1.0,1.0,0.0,0.0,2.0,0.0,0.0,0.0,1.0,2.0,3.0,-5.0,6:59,0.0,1
10,201948,Austin Daye,0.0,0.0,1.0,0.0,0.0,0.0,0.0,0.0,1.0,1.0,0.0,0.0,-2.0,3:36,0.7,1
11,2588,Matt Bonner,,,,,,,,,,,,,,,0.0,1
12,1938,Manu Ginobili,,,,,,,,,,,,,,,0.0,1
13,203084,Harrison Barnes,4.0,1.0,6.0,2.0,2.0,1.0,4.0,0.0,2.0,0.0,0.0,0.0,1.0,26:46,3.5,0
14,101135,David Lee,13.0,5.0,11.0,4.0,3.0,1.0,6.0,0.0,1.0,0.0,3.0,5.0,-3.0,28:06,3.9,0
15,101106,Andrew Bogut,2.0,1.0,7.0,0.0,0.0,6.0,11.0,0.0,2.0,4.0,4.0,1.0,-7.0,26:48,6.6,0
16,202691,Klay Thompson,16.0,7.0,16.0,2.0,1.0,0.0,2.0,1.0,3.0,0.0,3.0,3.0,-3.0,37:09,6.7,0
17,201939,Stephen Curry,20.0,5.0,13.0,9.0,9.0,0.0,6.0,1.0,6.0,0.0,0.0,6.0,-7.0,39:25,13.9,0
18,203110,Draymond Green,8.0,3.0,5.0,2.0,2.0,0.0,6.0,2.0,1.0,2.0,3.0,0.0,-1.0,21:42,10.4,0
19,2581,Steve Blake,5.0,2.0,4.0,0.0,0.0,0.0,1.0,0.0,3.0,0.0,3.0,3.0,-10.0,21:37,1.2,0
20,979,Jermaine O'Neal,9.0,3.0,6.0,4.0,3.0,3.0,4.0,0.0,1.0,2.0,3.0,0.0,-12.0,17:53,9.8,0
21,202348,Jordan Crawford,7.0,2.0,7.0,4.0,3.0,0.0,2.0,0.0,1.0,0.0,0.0,0.0,-6.0,13:28,3.8,0
22,201578,Marreese Speights,6.0,2.0,2.0,2.0,2.0,0.0,1.0,0.0,1.0,0.0,1.0,0.0,3.0,7:06,6.0,0
23,2738,Andre Iguodala,,,,,,,,,,,,,,,0.0,0
