,id,name,PTS,FG,FGA,FTA,FT,OREB,DREB,STL,AST,BLK,PF,TO,PLUS_MINUS,MIN,GS,WIN
0,200782,P.J. Tucker,15.0,5.0,11.0,6.0,5.0,4.0,4.0,2.0,1.0,1.0,2.0,2.0,18.0,28:57,13.5,1
1,101112,Channing Frye,7.0,1.0,6.0,4.0,4.0,1.0,4.0,0.0,2.0,0.0,4.0,1.0,12.0,22:03,3.9,1
2,203101,Miles Plumlee,14.0,6.0,15.0,4.0,2.0,6.0,7.0,0.0,2.0,0.0,2.0,3.0,7.0,32:25,9.0,1
3,101123,Gerald Green,30.0,10.0,12.0,7.0,6.0,0.0,2.0,1.0,2.0,3.0,4.0,4.0,8.0,27:50,24.7,1
4,201609,Goran Dragic,24.0,9.0,13.0,5.0,3.0,1.0,3.0,3.0,7.0,0.0,3.0,3.0,13.0,32:26,23.0,1
5,202693,Markieff Morris,13.0,5.0,7.0,3.0,3.0,1.0,2.0,0.0,3.0,4.0,5.0,0.0,-1.0,23:22,14.3,1
6,203458,Alex Len,6.0,2.0,2.0,2.0,2.0,0.0,2.0,0.0,0.0,1.0,1.0,2.0,6.0,13:48,4.3,1
7,202694,Marcus Morris Sr.,4.0,1.0,3.0,2.0,2.0,0.0,3.0,3.0,1.0,0.0,1.0,1.0,-9.0,23:25,5.5,1
8,2571,Leandro Barbosa,9.0,3.0,5.0,2.0,2.0,0.0,2.0,0.0,2.0,1.0,1.0,0.0,7.0,20:57,9.0,1
9,202397,Ish Smith,2.0,1.0,6.0,0.0,0.0,0.0,0.0,2.0,5.0,2.0,2.0,3.0,-6.0,14:47,1.3,1
10,202091,Dionte Christmas,,,,,,,,,,,,,,,0.0,1
11,203462,Archie Goodwin,,,,,,,,,,,,,,,0.0,1
12,203139,Viacheslav Kravtsov,,,,,,,,,,,,,,,0.0,1
13,202323,Evan Turner,21.0,7.0,12.0,6.0,6.0,1.0,5.0,3.0,3.0,0.0,3.0,2.0,-7.0,33:42,19.5,0
14,201152,Thaddeus Young,21.0,9.0,15.0,3.0,2.0,0.0,2.0,3.0,3.0,0.0,3.0,4.0,-10.0,36:50,14.2,0
15,201150,Spencer Hawes,18.0,6.0,12.0,4.0,4.0,4.0,5.0,0.0,1.0,1.0,6.0,4.0,-9.0,33:43,11.3,0
16,202341,James Anderson,9.0,3.0,9.0,2.0,2.0,3.0,5.0,0.0,1.0,0.0,1.0,2.0,-5.0,32:27,5.8,0
17,203487,Michael Carter-Williams,22.0,7.0,19.0,7.0,7.0,0.0,2.0,1.0,11.0,1.0,2.0,3.0,-11.0,38:52,17.7,0
18,203138,Hollis Thompson,10.0,4.0,5.0,0.0,0.0,1.0,1.0,1.0,2.0,0.0,1.0,0.0,-4.0,18:39,11.1,0
19,202730,Lavoy Allen,2.0,1.0,2.0,0.0,0.0,2.0,2.0,1.0,1.0,1.0,5.0,0.0,-2.0,18:00,3.4,0
20,203100,Tony Wroten,6.0,1.0,6.0,4.0,4.0,2.0,0.0,2.0,1.0,0.0,4.0,3.0,2.0,11:06,1.7,0
21,202343,Elliot Williams,2.0,1.0,4.0,0.0,0.0,1.0,1.0,0.0,0.0,0.0,1.0,2.0,-6.0,12:20,-1.8,0
22,203473,Dewayne Dedmon,2.0,1.0,3.0,0.0,0.0,0.0,0.0,0.0,0.0,0.0,1.0,1.0,-3.0,4:16,-1.1,0
23,203485,Lorenzo Brown,0.0,0.0,0.0,0.0,0.0,0.0,0.0,0.0,0.0,0.0,0.0,0.0,0.0,0:05,0.0,0
24,203102,Arnett Moultrie,,,,,,,,,,,,,,,0.0,0
