,id,name,PTS,FG,FGA,FTA,FT,OREB,DREB,STL,AST,BLK,PF,TO,PLUS_MINUS,MIN,GS,WIN
0,202329,Al-Farouq Aminu,8.0,4.0,8.0,0.0,0.0,0.0,4.0,1.0,3.0,1.0,4.0,3.0,-1.0,28:29,4.4,0
1,203076,Anthony Davis,10.0,4.0,12.0,4.0,2.0,0.0,8.0,1.0,0.0,3.0,4.0,2.0,-10.0,34:01,4.3,0
2,201582,Alexis Ajinca,17.0,5.0,7.0,10.0,7.0,3.0,4.0,1.0,1.0,1.0,2.0,2.0,3.0,31:30,15.8,0
3,201569,Eric Gordon,21.0,9.0,16.0,0.0,0.0,2.0,4.0,0.0,2.0,0.0,0.0,4.0,-6.0,38:43,13.4,0
4,201950,Jrue Holiday,8.0,4.0,9.0,2.0,0.0,0.0,1.0,3.0,7.0,0.0,2.0,3.0,-1.0,33:36,6.9,0
5,201880,Greg Stiemsma,0.0,0.0,2.0,0.0,0.0,0.0,3.0,1.0,0.0,1.0,3.0,0.0,-19.0,20:37,-0.0,0
6,201936,Tyreke Evans,12.0,3.0,9.0,7.0,6.0,0.0,2.0,2.0,1.0,0.0,2.0,3.0,-18.0,25:34,6.0,0
7,203121,Darius Miller,0.0,0.0,0.0,0.0,0.0,0.0,0.0,0.0,0.0,0.0,1.0,0.0,-11.0,9:17,-0.4,0
8,203148,Brian Roberts,6.0,2.0,5.0,3.0,2.0,0.0,1.0,0.0,1.0,0.0,0.0,0.0,-16.0,14:24,3.9,0
9,203481,Jeff Withey,0.0,0.0,0.0,0.0,0.0,0.0,1.0,0.0,0.0,0.0,0.0,0.0,-6.0,3:50,0.3,0
10,201627,Anthony Morrow,,,,,,,,,,,,,,,0.0,0
11,203085,Austin Rivers,,,,,,,,,,,,,,,0.0,0
12,202331,Paul George,24.0,8.0,24.0,7.0,6.0,3.0,7.0,2.0,5.0,0.0,2.0,1.0,10.0,36:42,17.9,1
13,2561,David West,8.0,4.0,8.0,0.0,0.0,1.0,3.0,1.0,5.0,2.0,4.0,2.0,6.0,29:26,7.9,1
14,201579,Roy Hibbert,6.0,2.0,7.0,4.0,2.0,3.0,5.0,0.0,2.0,5.0,3.0,3.0,8.0,33:35,5.4,1
15,202362,Lance Stephenson,19.0,8.0,12.0,4.0,3.0,2.0,4.0,1.0,4.0,0.0,2.0,4.0,13.0,36:14,15.0,1
16,201588,George Hill,10.0,4.0,9.0,0.0,0.0,0.0,1.0,0.0,1.0,1.0,3.0,0.0,0.0,31:10,5.8,1
17,101122,Danny Granger,13.0,4.0,7.0,3.0,3.0,1.0,4.0,1.0,1.0,0.0,0.0,1.0,7.0,20:32,12.3,1
18,2449,Luis Scola,8.0,4.0,7.0,0.0,0.0,2.0,7.0,0.0,0.0,0.0,2.0,4.0,9.0,17:18,3.4,1
19,201228,C.J. Watson,6.0,3.0,5.0,0.0,0.0,0.0,0.0,0.0,2.0,0.0,3.0,0.0,17.0,16:50,3.9,1
20,101133,Ian Mahinmi,2.0,1.0,3.0,1.0,0.0,2.0,0.0,0.0,0.0,1.0,3.0,0.0,9.0,14:25,0.8,1
21,2446,Rasual Butler,3.0,1.0,1.0,0.0,0.0,0.0,0.0,0.0,0.0,0.0,0.0,0.0,2.0,1:16,2.7,1
22,203111,Orlando Johnson,0.0,0.0,0.0,0.0,0.0,0.0,0.0,0.0,0.0,0.0,1.0,0.0,2.0,1:16,-0.4,1
23,202388,Donald Sloan,0.0,0.0,0.0,0.0,0.0,0.0,0.0,0.0,0.0,0.0,0.0,0.0,2.0,1:16,0.0,1
24,203142,Chris Copeland,,,,,,,,,,,,,,,0.0,1
