,id,name,PTS,FG,FGA,FTA,FT,OREB,DREB,STL,AST,BLK,PF,TO,PLUS_MINUS,MIN,GS,WIN
0,203114,Khris Middleton,4.0,2.0,10.0,0.0,0.0,1.0,3.0,1.0,2.0,0.0,4.0,3.0,-15.0,32:35,-2.8,0
1,202399,Jeff Adrien,14.0,7.0,15.0,0.0,0.0,1.0,6.0,0.0,2.0,1.0,2.0,2.0,-1.0,34:29,8.1,0
2,2585,Zaza Pachulia,8.0,3.0,5.0,2.0,2.0,6.0,10.0,0.0,4.0,0.0,2.0,0.0,-14.0,25:27,14.9,0
3,201196,Ramon Sessions,19.0,6.0,12.0,6.0,6.0,0.0,3.0,1.0,6.0,0.0,1.0,5.0,-13.0,45:24,13.7,0
4,202688,Brandon Knight,11.0,4.0,11.0,1.0,1.0,1.0,4.0,1.0,2.0,1.0,2.0,5.0,-27.0,41:42,4.1,0
5,203089,John Henson,10.0,5.0,9.0,0.0,0.0,0.0,1.0,0.0,0.0,0.0,3.0,0.0,-19.0,15:01,4.8,0
6,202327,Ekpe Udoh,2.0,1.0,3.0,0.0,0.0,0.0,2.0,0.0,1.0,0.0,1.0,0.0,-12.0,15:33,1.2,0
7,203507,Giannis Antetokounmpo,5.0,2.0,5.0,0.0,0.0,1.0,1.0,0.0,1.0,1.0,1.0,1.0,-6.0,21:45,3.3,0
8,203545,Miroslav Raduljica,2.0,1.0,1.0,0.0,0.0,1.0,0.0,0.0,0.0,0.0,0.0,1.0,8.0,5:31,1.4,0
9,203474,DJ Stephens,2.0,1.0,2.0,0.0,0.0,0.0,1.0,0.0,0.0,0.0,0.0,0.0,4.0,2:34,1.3,0
10,101141,Ersan Ilyasova,,,,,,,,,,,,,,,0.0,0
11,201564,O.J. Mayo,,,,,,,,,,,,,,,0.0,0
12,203489,Nate Wolters,,,,,,,,,,,,,,,0.0,0
13,2544,LeBron James,17.0,7.0,12.0,5.0,2.0,0.0,4.0,1.0,8.0,1.0,0.0,2.0,18.0,29:21,16.7,1
14,2617,Udonis Haslem,6.0,3.0,5.0,0.0,0.0,1.0,4.0,1.0,0.0,0.0,1.0,0.0,12.0,24:57,6.2,1
15,2547,Chris Bosh,15.0,7.0,13.0,0.0,0.0,0.0,0.0,1.0,2.0,1.0,1.0,2.0,13.0,26:15,9.4,1
16,201962,Toney Douglas,9.0,3.0,7.0,4.0,3.0,4.0,3.0,2.0,3.0,0.0,2.0,0.0,13.0,26:15,11.9,1
17,201596,Mario Chalmers,14.0,6.0,8.0,1.0,0.0,0.0,4.0,2.0,3.0,0.0,2.0,1.0,8.0,32:34,13.9,1
18,2592,James Jones,9.0,3.0,6.0,0.0,0.0,0.0,2.0,1.0,0.0,0.0,1.0,0.0,17.0,25:01,7.2,1
19,2365,Chris Andersen,8.0,2.0,4.0,4.0,4.0,2.0,5.0,1.0,0.0,2.0,1.0,1.0,15.0,17:32,9.9,1
20,1740,Rashard Lewis,7.0,3.0,6.0,0.0,0.0,1.0,2.0,0.0,2.0,0.0,3.0,2.0,14.0,16:14,3.5,1
21,202708,Norris Cole,7.0,3.0,9.0,0.0,0.0,0.0,2.0,1.0,3.0,1.0,1.0,0.0,9.0,25:18,5.9,1
22,203120,Justin Hamilton,2.0,1.0,2.0,0.0,0.0,0.0,0.0,0.0,0.0,0.0,0.0,0.0,-8.0,5:31,1.0,1
23,201563,Michael Beasley,2.0,1.0,5.0,0.0,0.0,0.0,0.0,1.0,1.0,0.0,0.0,0.0,-8.0,5:31,0.6,1
24,2203,Shane Battier,0.0,0.0,0.0,0.0,0.0,0.0,1.0,1.0,0.0,0.0,0.0,1.0,-8.0,5:31,0.3,1
25,951,Ray Allen,,,,,,,,,,,,,,,0.0,1
