,id,name,PTS,FG,FGA,FTA,FT,OREB,DREB,STL,AST,BLK,PF,TO,PLUS_MINUS,MIN,GS,WIN
0,2746,Josh Smith,13.0,5.0,12.0,9.0,3.0,2.0,4.0,1.0,2.0,2.0,4.0,1.0,-10.0,31:11,8.0,0
1,202328,Greg Monroe,11.0,5.0,12.0,2.0,1.0,3.0,8.0,0.0,1.0,0.0,2.0,2.0,3.0,28:44,6.6,0
2,203083,Andre Drummond,6.0,2.0,6.0,6.0,2.0,5.0,11.0,1.0,0.0,2.0,5.0,2.0,-24.0,35:23,6.2,0
3,203484,Kentavious Caldwell-Pope,13.0,6.0,8.0,0.0,0.0,0.0,3.0,4.0,2.0,0.0,3.0,1.0,2.0,30:16,13.9,0
4,201943,Brandon Jennings,22.0,6.0,19.0,9.0,7.0,0.0,3.0,0.0,9.0,0.0,3.0,3.0,-11.0,33:49,13.3,0
5,202713,Kyle Singler,4.0,2.0,3.0,0.0,0.0,1.0,2.0,0.0,0.0,0.0,2.0,1.0,-11.0,25:32,2.2,0
6,201155,Rodney Stuckey,14.0,4.0,13.0,8.0,6.0,0.0,1.0,0.0,2.0,1.0,1.0,2.0,-12.0,20:05,5.7,0
7,101198,Will Bynum,4.0,2.0,7.0,0.0,0.0,0.0,1.0,1.0,4.0,0.0,4.0,1.0,-21.0,13:44,1.4,0
8,101111,Charlie Villanueva,2.0,1.0,4.0,1.0,0.0,0.0,1.0,0.0,0.0,0.0,1.0,1.0,-11.0,11:26,-1.9,0
9,201973,Jonas Jerebko,0.0,0.0,0.0,0.0,0.0,0.0,0.0,0.0,0.0,0.0,0.0,0.0,-4.0,3:57,0.0,0
10,202725,Josh Harrellson,0.0,0.0,0.0,0.0,0.0,0.0,2.0,0.0,0.0,0.0,1.0,0.0,-4.0,3:32,0.2,0
11,203540,Gigi Datome,2.0,1.0,2.0,0.0,0.0,0.0,0.0,0.0,0.0,0.0,0.0,1.0,-2.0,2:21,0.0,0
12,1497,Chauncey Billups,,,,,,,,,,,,,,,0.0,0
13,203082,Terrence Ross,17.0,6.0,13.0,0.0,0.0,0.0,3.0,0.0,0.0,0.0,4.0,0.0,19.0,29:19,9.6,1
14,101161,Amir Johnson,10.0,4.0,13.0,2.0,2.0,5.0,6.0,1.0,1.0,4.0,4.0,3.0,12.0,33:26,7.7,1
15,202685,Jonas Valanciunas,16.0,7.0,9.0,2.0,2.0,2.0,9.0,0.0,2.0,2.0,5.0,2.0,7.0,26:27,15.4,1
16,201942,DeMar DeRozan,19.0,3.0,15.0,16.0,13.0,1.0,5.0,2.0,4.0,2.0,0.0,3.0,14.0,35:30,13.9,1
17,200768,Kyle Lowry,21.0,4.0,9.0,9.0,9.0,1.0,4.0,1.0,9.0,0.0,4.0,1.0,17.0,33:58,22.9,1
18,202335,Patrick Patterson,8.0,3.0,5.0,2.0,2.0,0.0,3.0,0.0,4.0,1.0,5.0,0.0,15.0,18:07,8.1,1
19,2422,John Salmons,7.0,2.0,8.0,2.0,2.0,0.0,2.0,0.0,1.0,1.0,0.0,2.0,9.0,22:32,2.2,1
20,101236,Chuck Hayes,5.0,2.0,4.0,1.0,1.0,3.0,4.0,0.0,1.0,0.0,5.0,1.0,6.0,16:33,4.0,1
21,202349,Greivis Vasquez,7.0,3.0,8.0,0.0,0.0,0.0,6.0,0.0,3.0,0.0,3.0,0.0,0.0,19:31,5.3,1
22,202933,Julyan Stone,0.0,0.0,0.0,0.0,0.0,0.0,0.0,1.0,0.0,0.0,0.0,0.0,2.0,2:21,1.0,1
23,202361,Landry Fields,2.0,1.0,1.0,0.0,0.0,0.0,0.0,0.0,0.0,0.0,0.0,0.0,2.0,1:08,1.7,1
24,200779,Steve Novak,0.0,0.0,1.0,0.0,0.0,0.0,1.0,0.0,0.0,0.0,0.0,0.0,2.0,1:08,-0.4,1
25,201948,Austin Daye,,,,,,,,,,,,,,,0.0,1
