,id,name,PTS,FG,FGA,FTA,FT,OREB,DREB,STL,AST,BLK,PF,TO,PLUS_MINUS,MIN,GS,WIN
0,202695,Kawhi Leonard,8.0,3.0,8.0,1.0,1.0,2.0,5.0,1.0,4.0,0.0,2.0,1.0,9.0,29:02,8.5,1
1,1495,Tim Duncan,14.0,6.0,11.0,5.0,2.0,2.0,5.0,0.0,1.0,0.0,1.0,3.0,5.0,24:15,7.7,1
2,201965,Jeff Ayres,4.0,2.0,2.0,0.0,0.0,0.0,1.0,0.0,0.0,0.0,3.0,1.0,-18.0,9:10,1.5,1
3,201980,Danny Green,14.0,5.0,7.0,2.0,2.0,0.0,3.0,1.0,2.0,2.0,3.0,0.0,15.0,25:54,14.6,1
4,2225,Tony Parker,15.0,6.0,16.0,2.0,2.0,0.0,2.0,0.0,6.0,0.0,0.0,1.0,-2.0,28:11,10.0,1
5,2564,Boris Diaw,2.0,1.0,3.0,0.0,0.0,0.0,1.0,0.0,1.0,0.0,1.0,1.0,6.0,18:20,-0.1,1
6,1938,Manu Ginobili,16.0,5.0,10.0,2.0,2.0,0.0,5.0,1.0,9.0,1.0,1.0,1.0,21.0,23:10,19.1,1
7,201158,Marco Belinelli,12.0,4.0,5.0,2.0,2.0,0.0,1.0,3.0,4.0,0.0,2.0,0.0,22.0,23:13,15.4,1
8,203382,Aron Baynes,14.0,7.0,9.0,0.0,0.0,4.0,2.0,0.0,1.0,0.0,4.0,1.0,19.0,20:50,12.0,1
9,201988,Patty Mills,11.0,3.0,6.0,2.0,2.0,0.0,0.0,1.0,0.0,0.0,1.0,2.0,8.0,16:29,6.6,1
10,202709,Cory Joseph,4.0,2.0,3.0,0.0,0.0,0.0,1.0,1.0,1.0,0.0,0.0,0.0,-4.0,7:40,4.7,1
11,2588,Matt Bonner,0.0,0.0,0.0,0.0,0.0,0.0,2.0,0.0,0.0,0.0,0.0,2.0,-8.0,6:53,-1.4,1
12,201986,Nando De Colo,2.0,1.0,2.0,0.0,0.0,0.0,0.0,0.0,1.0,0.0,0.0,1.0,-8.0,6:53,0.7,1
13,203082,Terrence Ross,14.0,4.0,13.0,2.0,2.0,1.0,3.0,0.0,1.0,1.0,3.0,5.0,-6.0,38:24,3.3,0
14,101161,Amir Johnson,19.0,9.0,11.0,2.0,1.0,3.0,6.0,0.0,0.0,1.0,4.0,1.0,-2.0,28:22,16.5,0
15,202685,Jonas Valanciunas,14.0,6.0,8.0,2.0,2.0,2.0,2.0,0.0,2.0,0.0,3.0,4.0,-10.0,28:13,9.0,0
16,201942,DeMar DeRozan,19.0,6.0,16.0,7.0,7.0,0.0,0.0,0.0,7.0,1.0,2.0,2.0,-7.0,29:52,13.0,0
17,200768,Kyle Lowry,11.0,4.0,10.0,0.0,0.0,1.0,6.0,1.0,7.0,0.0,3.0,4.0,-4.0,32:29,8.8,0
18,202361,Landry Fields,4.0,1.0,5.0,2.0,2.0,3.0,2.0,1.0,2.0,0.0,0.0,1.0,-13.0,18:57,5.0,0
19,200779,Steve Novak,6.0,2.0,4.0,0.0,0.0,0.0,3.0,1.0,0.0,0.0,1.0,0.0,-15.0,27:57,5.5,0
20,202933,Julyan Stone,2.0,1.0,2.0,0.0,0.0,0.0,0.0,0.0,0.0,0.0,1.0,0.0,-11.0,3:31,0.6,0
21,201948,Austin Daye,4.0,1.0,5.0,3.0,2.0,1.0,0.0,0.0,1.0,0.0,0.0,0.0,6.0,14:12,1.9,0
22,202779,Dwight Buycks,10.0,4.0,9.0,1.0,1.0,0.0,5.0,3.0,3.0,0.0,1.0,0.0,-3.0,18:03,11.5,0
23,101236,Chuck Hayes,,,,,,,,,,,,,,,0.0,0
24,202335,Patrick Patterson,,,,,,,,,,,,,,,0.0,0
