,id,name,PTS,FG,FGA,FTA,FT,OREB,DREB,STL,AST,BLK,PF,TO,PLUS_MINUS,MIN,GS,WIN
0,1718,Paul Pierce,14.0,5.0,12.0,4.0,3.0,0.0,4.0,0.0,0.0,0.0,1.0,1.0,6.0,40:57,7.0,1
1,708,Kevin Garnett,4.0,2.0,8.0,0.0,0.0,3.0,11.0,1.0,2.0,0.0,2.0,0.0,5.0,27:36,6.2,1
2,201572,Brook Lopez,27.0,9.0,16.0,10.0,9.0,4.0,3.0,0.0,0.0,3.0,4.0,4.0,1.0,36:03,19.2,1
3,2207,Joe Johnson,13.0,6.0,19.0,2.0,1.0,2.0,3.0,0.0,1.0,0.0,3.0,2.0,10.0,44:47,1.5,1
4,101114,Deron Williams,2.0,1.0,2.0,0.0,0.0,0.0,1.0,0.0,0.0,0.0,0.0,0.0,-4.0,4:40,1.3,1
5,101154,Andray Blatche,7.0,2.0,6.0,4.0,3.0,3.0,4.0,1.0,1.0,0.0,2.0,2.0,-15.0,17:47,5.4,1
6,2733,Shaun Livingston,18.0,7.0,12.0,5.0,4.0,2.0,1.0,2.0,6.0,1.0,3.0,2.0,16.0,37:00,17.4,1
7,1891,Jason Terry,3.0,1.0,3.0,2.0,1.0,0.0,0.0,1.0,1.0,0.0,2.0,1.0,-14.0,18:13,0.8,1
8,203486,Mason Plumlee,7.0,3.0,3.0,2.0,1.0,0.0,3.0,0.0,2.0,0.0,5.0,0.0,0.0,13:15,6.0,1
9,101187,Alan Anderson,3.0,1.0,4.0,0.0,0.0,0.0,1.0,0.0,1.0,0.0,0.0,0.0,-7.0,11:22,1.6,1
10,203141,Mirza Teletovic,2.0,1.0,1.0,0.0,0.0,0.0,2.0,0.0,0.0,0.0,2.0,0.0,12.0,7:37,1.5,1
11,2501,Reggie Evans,0.0,0.0,1.0,0.0,0.0,0.0,2.0,1.0,0.0,0.0,1.0,0.0,1.0,3:42,0.5,1
12,203116,Tyshawn Taylor,0.0,0.0,0.0,0.0,0.0,0.0,0.0,2.0,0.0,0.0,0.0,0.0,-1.0,2:01,2.0,1
13,200782,P.J. Tucker,17.0,7.0,11.0,0.0,0.0,2.0,3.0,0.0,0.0,0.0,2.0,0.0,-1.0,35:51,13.6,0
14,101112,Channing Frye,13.0,4.0,8.0,3.0,3.0,1.0,4.0,1.0,1.0,1.0,4.0,0.0,19.0,28:39,11.7,0
15,203101,Miles Plumlee,6.0,3.0,10.0,0.0,0.0,2.0,5.0,0.0,1.0,2.0,5.0,4.0,-18.0,35:17,-0.8,0
16,201609,Goran Dragic,19.0,5.0,12.0,10.0,9.0,0.0,1.0,2.0,10.0,0.0,1.0,4.0,0.0,46:19,17.1,0
17,202339,Eric Bledsoe,15.0,5.0,13.0,4.0,4.0,1.0,6.0,2.0,4.0,0.0,1.0,2.0,-15.0,39:44,12.8,0
18,202693,Markieff Morris,4.0,1.0,9.0,2.0,1.0,1.0,5.0,2.0,1.0,1.0,0.0,1.0,-17.0,21:06,2.3,0
19,203462,Archie Goodwin,3.0,1.0,2.0,1.0,1.0,0.0,1.0,0.0,0.0,0.0,0.0,1.0,7.0,7:50,1.3,0
20,203139,Viacheslav Kravtsov,0.0,0.0,0.0,0.0,0.0,0.0,1.0,0.0,0.0,0.0,2.0,1.0,-1.0,4:48,-1.5,0
21,202694,Marcus Morris Sr.,13.0,5.0,7.0,2.0,1.0,2.0,7.0,1.0,0.0,0.0,3.0,2.0,10.0,25:58,11.0,0
22,202397,Ish Smith,0.0,0.0,0.0,0.0,0.0,0.0,0.0,0.0,0.0,0.0,1.0,0.0,-3.0,1:32,-0.4,0
23,101123,Gerald Green,8.0,3.0,7.0,3.0,1.0,0.0,0.0,0.0,0.0,0.0,4.0,1.0,9.0,17:57,0.9,0
24,202091,Dionte Christmas,,,,,,,,,,,,,,,0.0,0
25,203458,Alex Len,,,,,,,,,,,,,,,0.0,0
