,id,name,PTS,FG,FGA,FTA,FT,OREB,DREB,STL,AST,BLK,PF,TO,PLUS_MINUS,MIN,GS,WIN
0,200752,Rudy Gay,25.0,9.0,19.0,6.0,6.0,2.0,4.0,1.0,2.0,0.0,4.0,2.0,10.0,42:10,16.7,1
1,201574,Jason Thompson,8.0,3.0,3.0,2.0,2.0,2.0,1.0,1.0,1.0,0.0,4.0,0.0,9.0,28:00,8.9,1
2,202326,DeMarcus Cousins,17.0,7.0,13.0,4.0,3.0,2.0,14.0,4.0,2.0,1.0,3.0,4.0,6.0,33:23,16.8,1
3,203463,Ben McLemore,13.0,5.0,12.0,2.0,1.0,1.0,3.0,0.0,3.0,0.0,5.0,0.0,0.0,25:07,7.9,1
4,202738,Isaiah Thomas,17.0,6.0,17.0,6.0,4.0,0.0,1.0,1.0,10.0,0.0,1.0,0.0,6.0,35:11,14.6,1
5,201189,Aaron Gray,0.0,0.0,0.0,0.0,0.0,0.0,2.0,0.0,0.0,0.0,2.0,1.0,-6.0,8:17,-1.2,1
6,201977,Marcus Thornton,15.0,6.0,9.0,0.0,0.0,2.0,1.0,1.0,2.0,0.0,4.0,1.0,4.0,19:60,12.6,1
7,202682,Derrick Williams,0.0,0.0,1.0,0.0,0.0,0.0,1.0,1.0,2.0,1.0,0.0,2.0,-4.0,18:30,0.7,1
8,2566,Travis Outlaw,0.0,0.0,0.0,0.0,0.0,0.0,0.0,0.0,0.0,0.0,1.0,1.0,0.0,6:43,-1.4,1
9,202690,Jimmer Fredette,10.0,4.0,8.0,2.0,2.0,0.0,0.0,0.0,0.0,0.0,1.0,1.0,-1.0,13:11,4.6,1
10,203112,Quincy Acy,5.0,2.0,3.0,1.0,1.0,0.0,3.0,0.0,0.0,0.0,1.0,1.0,-4.0,9:28,3.2,1
11,203492,Ray McCallum,,,,,,,,,,,,,,,0.0,1
12,202380,Hamady Ndiaye,,,,,,,,,,,,,,,0.0,1
13,202718,Chandler Parsons,13.0,5.0,11.0,6.0,2.0,1.0,4.0,1.0,1.0,1.0,4.0,3.0,2.0,40:09,5.4,0
14,203093,Terrence Jones,12.0,6.0,10.0,0.0,0.0,2.0,9.0,2.0,1.0,4.0,2.0,2.0,-5.0,35:49,14.2,0
15,2730,Dwight Howard,15.0,5.0,9.0,11.0,5.0,3.0,5.0,0.0,2.0,1.0,3.0,3.0,-4.0,44:42,9.8,0
16,201935,James Harden,38.0,12.0,26.0,10.0,9.0,3.0,7.0,2.0,1.0,0.0,5.0,5.0,-8.0,38:42,24.1,0
17,202391,Jeremy Lin,14.0,7.0,10.0,0.0,0.0,0.0,2.0,2.0,6.0,1.0,4.0,2.0,-2.0,34:36,13.7,0
18,201166,Aaron Brooks,4.0,1.0,5.0,2.0,2.0,2.0,0.0,0.0,3.0,0.0,3.0,0.0,-4.0,14:38,3.2,0
19,201956,Omri Casspi,6.0,2.0,7.0,2.0,1.0,3.0,2.0,3.0,2.0,0.0,1.0,1.0,2.0,15:28,7.2,0
20,101128,Francisco Garcia,4.0,1.0,3.0,2.0,2.0,0.0,0.0,0.0,0.0,0.0,1.0,0.0,-1.0,15:56,1.9,0
21,201600,Omer Asik,,,,,,,,,,,,,,,0.0,0
22,200758,Ronnie Brewer,,,,,,,,,,,,,,,0.0,0
23,203477,Isaiah Canaan,,,,,,,,,,,,,,,0.0,0
24,202700,Donatas Motiejunas,,,,,,,,,,,,,,,0.0,0
25,202962,Greg Smith,,,,,,,,,,,,,,,0.0,0
