,id,name,PTS,FG,FGA,FTA,FT,OREB,DREB,STL,AST,BLK,PF,TO,PLUS_MINUS,MIN,GS,WIN
0,2210,Richard Jefferson,8.0,3.0,4.0,2.0,2.0,0.0,2.0,1.0,3.0,0.0,1.0,0.0,-15.0,17:30,9.7,0
1,101107,Marvin Williams,6.0,2.0,7.0,0.0,0.0,2.0,4.0,0.0,0.0,1.0,3.0,2.0,-18.0,17:55,2.0,0
2,202324,Derrick Favors,6.0,3.0,7.0,0.0,0.0,1.0,7.0,0.0,2.0,0.0,2.0,1.0,-25.0,20:35,4.7,0
3,202330,Gordon Hayward,11.0,4.0,14.0,2.0,2.0,1.0,1.0,0.0,3.0,3.0,0.0,2.0,-23.0,29:05,6.0,0
4,203504,Trey Burke,2.0,1.0,8.0,0.0,0.0,1.0,2.0,0.0,3.0,0.0,3.0,1.0,-17.0,20:27,-2.0,0
5,202692,Alec Burks,13.0,6.0,12.0,2.0,1.0,1.0,2.0,1.0,4.0,0.0,3.0,1.0,-15.0,28:17,9.5,0
6,203197,Diante Garrett,0.0,0.0,1.0,0.0,0.0,1.0,2.0,0.0,2.0,0.0,0.0,1.0,-13.0,13:50,1.0,0
7,202683,Enes Kanter,13.0,5.0,11.0,5.0,3.0,5.0,8.0,1.0,1.0,2.0,0.0,3.0,-8.0,27:25,12.5,0
8,202379,Jeremy Evans,10.0,4.0,10.0,2.0,2.0,3.0,2.0,0.0,1.0,1.0,3.0,1.0,-9.0,22:41,6.5,0
9,201575,Brandon Rush,0.0,0.0,4.0,0.0,0.0,1.0,2.0,0.0,1.0,1.0,0.0,2.0,-7.0,16:06,-2.1,0
10,101249,John Lucas III,8.0,4.0,13.0,0.0,0.0,0.0,0.0,3.0,1.0,0.0,0.0,1.0,-9.0,18:45,3.2,0
11,200839,Mike Harris,8.0,3.0,3.0,2.0,2.0,1.0,0.0,0.0,0.0,0.0,2.0,0.0,-6.0,7:24,7.0,0
12,2740,Andris Biedrins,,,,,,,,,,,,,,,0.0,0
13,201960,DeMarre Carroll,4.0,2.0,7.0,1.0,0.0,1.0,4.0,4.0,4.0,1.0,2.0,0.0,27.0,26:17,8.1,1
14,200794,Paul Millsap,14.0,4.0,10.0,8.0,6.0,3.0,7.0,1.0,3.0,1.0,1.0,1.0,23.0,26:50,14.4,1
15,201143,Al Horford,23.0,11.0,15.0,3.0,1.0,1.0,3.0,0.0,1.0,0.0,2.0,1.0,12.0,22:38,16.6,1
16,2594,Kyle Korver,6.0,2.0,5.0,0.0,0.0,0.0,3.0,0.0,2.0,0.0,1.0,1.0,23.0,23:32,4.2,1
17,201952,Jeff Teague,9.0,3.0,8.0,3.0,3.0,1.0,1.0,1.0,8.0,0.0,2.0,2.0,21.0,24:46,9.4,1
18,1882,Elton Brand,4.0,2.0,2.0,0.0,0.0,1.0,7.0,0.0,1.0,5.0,4.0,0.0,18.0,19:30,8.8,1
19,101150,Lou Williams,25.0,8.0,13.0,4.0,3.0,0.0,2.0,4.0,2.0,0.0,1.0,0.0,12.0,23:59,24.3,1
20,202714,Shelvin Mack,6.0,3.0,6.0,0.0,0.0,0.0,1.0,0.0,2.0,0.0,1.0,1.0,6.0,15:10,3.3,1
21,203098,John Jenkins,7.0,3.0,8.0,1.0,1.0,2.0,1.0,0.0,2.0,0.0,1.0,1.0,-2.0,17:10,4.3,1
22,203118,Mike Scott,11.0,3.0,5.0,4.0,4.0,1.0,5.0,0.0,3.0,0.0,0.0,0.0,10.0,21:10,13.0,1
23,203544,Pero Antic,7.0,3.0,4.0,0.0,0.0,0.0,2.0,0.0,1.0,0.0,4.0,2.0,9.0,10:54,3.1,1
24,203471,Dennis Schroder,2.0,1.0,3.0,0.0,0.0,0.0,0.0,0.0,3.0,0.0,1.0,1.0,6.0,8:04,1.0,1
25,201858,Cartier Martin,,,,,,,,,,,,,,,0.0,1
