,id,name,PTS,FG,FGA,FTA,FT,OREB,DREB,STL,AST,BLK,PF,TO,PLUS_MINUS,MIN,GS,WIN
0,2419,Tayshaun Prince,14.0,7.0,13.0,0.0,0.0,1.0,4.0,0.0,1.0,0.0,1.0,1.0,10.0,35:18,8.9,1
1,2216,Zach Randolph,20.0,8.0,14.0,5.0,4.0,1.0,4.0,0.0,2.0,0.0,1.0,2.0,-3.0,36:53,13.9,1
2,201188,Marc Gasol,4.0,2.0,5.0,0.0,0.0,1.0,4.0,1.0,1.0,0.0,2.0,0.0,1.0,22:48,4.1,1
3,201584,Courtney Lee,17.0,6.0,14.0,4.0,4.0,1.0,5.0,1.0,2.0,0.0,3.0,0.0,-2.0,32:16,13.0,1
4,201979,Nick Calathes,12.0,6.0,14.0,0.0,0.0,1.0,4.0,4.0,6.0,2.0,2.0,2.0,8.0,36:51,13.3,1
5,2034,Mike Miller,0.0,0.0,1.0,0.0,0.0,0.0,0.0,0.0,2.0,0.0,0.0,1.0,4.0,13:05,-0.3,1
6,201585,Kosta Koufos,7.0,3.0,5.0,4.0,1.0,1.0,3.0,1.0,0.0,1.0,2.0,0.0,0.0,20:03,6.0,1
7,202334,Ed Davis,2.0,1.0,4.0,0.0,0.0,0.0,1.0,0.0,0.0,0.0,1.0,0.0,6.0,6:16,-0.5,1
8,202721,Darius Morris,6.0,2.0,4.0,3.0,1.0,0.0,1.0,0.0,1.0,0.0,1.0,1.0,-3.0,11:09,2.8,1
9,201949,James Johnson,4.0,1.0,3.0,2.0,2.0,2.0,1.0,0.0,2.0,3.0,1.0,1.0,0.0,21:40,6.1,1
10,202720,Jon Leuer,0.0,0.0,0.0,0.0,0.0,0.0,1.0,0.0,0.0,1.0,0.0,0.0,4.0,3:42,1.0,1
11,2754,Tony Allen,,,,,,,,,,,,,,,0.0,1
12,203479,Jamaal Franklin,,,,,,,,,,,,,,,0.0,1
13,202699,Tobias Harris,13.0,4.0,10.0,5.0,5.0,2.0,5.0,0.0,2.0,1.0,1.0,1.0,8.0,34:04,11.2,0
14,201175,Glen Davis,12.0,6.0,11.0,0.0,0.0,2.0,1.0,1.0,0.0,0.0,1.0,1.0,-3.0,28:49,8.0,0
15,202696,Nikola Vucevic,13.0,6.0,12.0,1.0,1.0,4.0,6.0,0.0,3.0,2.0,2.0,1.0,-5.0,36:56,13.3,0
16,201167,Arron Afflalo,10.0,4.0,9.0,2.0,1.0,2.0,2.0,0.0,3.0,0.0,3.0,1.0,-3.0,29:43,6.8,0
17,2749,Jameer Nelson,8.0,3.0,10.0,0.0,0.0,1.0,4.0,1.0,7.0,0.0,0.0,4.0,2.0,30:04,6.0,0
18,203506,Victor Oladipo,7.0,2.0,11.0,2.0,2.0,0.0,1.0,1.0,2.0,1.0,2.0,2.0,-8.0,26:06,0.7,0
19,203090,Maurice Harkless,4.0,2.0,5.0,0.0,0.0,1.0,1.0,0.0,0.0,1.0,0.0,0.0,-7.0,17:56,3.0,0
20,203094,Andrew Nicholson,2.0,1.0,3.0,0.0,0.0,1.0,3.0,0.0,0.0,1.0,2.0,1.0,-5.0,7:38,0.8,0
21,202734,E'Twaun Moore,8.0,4.0,7.0,0.0,0.0,0.0,0.0,0.0,0.0,0.0,0.0,0.0,-5.0,14:07,4.7,0
22,203124,Kyle O'Quinn,4.0,2.0,5.0,0.0,0.0,2.0,4.0,0.0,1.0,3.0,2.0,2.0,1.0,14:37,3.9,0
23,203117,Doron Lamb,,,,,,,,,,,,,,,0.0,0
24,101131,Jason Maxiell,,,,,,,,,,,,,,,0.0,0
25,101179,Ronnie Price,,,,,,,,,,,,,,,0.0,0
