,id,name,PTS,FG,FGA,FTA,FT,OREB,DREB,STL,AST,BLK,PF,TO,PLUS_MINUS,MIN,GS,WIN
0,201587,Nicolas Batum,7.0,2.0,5.0,2.0,2.0,0.0,6.0,1.0,1.0,0.0,2.0,4.0,-3.0,34:13,3.0,1
1,200746,LaMarcus Aldridge,27.0,9.0,16.0,9.0,9.0,2.0,6.0,0.0,0.0,2.0,4.0,4.0,-3.0,35:01,18.4,1
2,201577,Robin Lopez,6.0,3.0,4.0,0.0,0.0,2.0,5.0,0.0,2.0,1.0,3.0,1.0,8.0,24:34,7.2,1
3,202083,Wesley Matthews,24.0,9.0,13.0,2.0,1.0,1.0,5.0,1.0,1.0,0.0,3.0,0.0,4.0,36:53,20.8,1
4,203081,Damian Lillard,19.0,6.0,13.0,5.0,5.0,0.0,2.0,0.0,9.0,0.0,4.0,1.0,-2.0,36:17,16.6,1
5,200777,Joel Freeland,4.0,2.0,5.0,0.0,0.0,1.0,3.0,0.0,0.0,0.0,3.0,2.0,4.0,18:13,-0.3,1
6,2590,Mo Williams,12.0,6.0,14.0,0.0,0.0,1.0,4.0,3.0,6.0,2.0,5.0,1.0,18.0,30:34,12.1,1
7,2748,Dorell Wright,0.0,0.0,0.0,0.0,0.0,1.0,0.0,0.0,0.0,0.0,0.0,0.0,11.0,11:17,0.7,1
8,203080,Thomas Robinson,9.0,4.0,6.0,3.0,1.0,1.0,6.0,0.0,0.0,0.0,1.0,1.0,13.0,12:59,6.7,1
9,203115,Will Barton,,,,,,,,,,,,,,,0.0,1
10,201964,Victor Claver,,,,,,,,,,,,,,,0.0,1
11,203459,Allen Crabbe,,,,,,,,,,,,,,,0.0,1
12,2248,Earl Watson,,,,,,,,,,,,,,,0.0,1
13,1718,Paul Pierce,11.0,2.0,12.0,8.0,7.0,1.0,2.0,1.0,2.0,0.0,2.0,2.0,2.0,32:14,3.9,0
14,708,Kevin Garnett,16.0,8.0,19.0,0.0,0.0,3.0,5.0,2.0,0.0,2.0,3.0,2.0,-10.0,24:23,9.7,0
15,2501,Reggie Evans,5.0,1.0,4.0,3.0,3.0,3.0,6.0,0.0,1.0,0.0,1.0,0.0,3.0,27:24,6.8,0
16,2207,Joe Johnson,13.0,4.0,12.0,4.0,4.0,2.0,2.0,0.0,3.0,0.0,0.0,1.0,-18.0,37:56,9.3,0
17,2733,Shaun Livingston,23.0,8.0,14.0,7.0,7.0,1.0,1.0,1.0,2.0,0.0,3.0,0.0,3.0,28:52,18.6,0
18,101154,Andray Blatche,10.0,4.0,10.0,2.0,2.0,1.0,4.0,2.0,1.0,2.0,2.0,0.0,-2.0,22:54,9.8,0
19,101187,Alan Anderson,11.0,2.0,4.0,7.0,6.0,1.0,1.0,1.0,0.0,0.0,3.0,0.0,-5.0,20:13,9.4,0
20,203486,Mason Plumlee,4.0,0.0,1.0,4.0,4.0,2.0,2.0,1.0,0.0,0.0,1.0,0.0,-13.0,16:06,5.9,0
21,203116,Tyshawn Taylor,0.0,0.0,2.0,0.0,0.0,0.0,1.0,1.0,2.0,0.0,2.0,2.0,-10.0,11:08,-1.5,0
22,1891,Jason Terry,5.0,2.0,7.0,0.0,0.0,0.0,2.0,0.0,1.0,0.0,1.0,0.0,-2.0,18:07,1.8,0
23,203129,Tornike Shengelia,0.0,0.0,0.0,0.0,0.0,0.0,0.0,0.0,0.0,0.0,0.0,0.0,2.0,0:43,0.0,0
24,203141,Mirza Teletovic,,,,,,,,,,,,,,,0.0,0
25,101114,Deron Williams,,,,,,,,,,,,,,,0.0,0
