,id,name,PTS,FG,FGA,FTA,FT,OREB,DREB,STL,AST,BLK,PF,TO,PLUS_MINUS,MIN,GS,WIN
0,201142,Kevin Durant,20.0,5.0,13.0,9.0,8.0,1.0,6.0,0.0,8.0,0.0,5.0,5.0,-2.0,41:54,13.6,0
1,201586,Serge Ibaka,27.0,9.0,14.0,9.0,9.0,5.0,8.0,0.0,0.0,3.0,3.0,3.0,-3.0,42:09,24.6,0
2,203500,Steven Adams,3.0,1.0,1.0,2.0,1.0,0.0,0.0,0.0,0.0,0.0,2.0,1.0,-10.0,14:10,0.5,0
3,200757,Thabo Sefolosha,9.0,3.0,8.0,1.0,1.0,2.0,7.0,0.0,1.0,0.0,0.0,0.0,1.0,33:39,8.8,0
4,201566,Russell Westbrook,31.0,13.0,20.0,5.0,3.0,2.0,7.0,3.0,5.0,0.0,3.0,5.0,-3.0,35:58,25.2,0
5,201934,Hasheem Thabeet,0.0,0.0,0.0,0.0,0.0,0.0,1.0,0.0,0.0,0.0,2.0,1.0,8.0,4:07,-1.5,0
6,2555,Nick Collison,2.0,1.0,5.0,0.0,0.0,2.0,2.0,1.0,1.0,0.0,1.0,1.0,-8.0,20:37,1.2,0
7,203087,Jeremy Lamb,9.0,3.0,9.0,0.0,0.0,0.0,0.0,0.0,1.0,0.0,1.0,0.0,-1.0,18:02,4.2,0
8,202704,Reggie Jackson,12.0,5.0,9.0,2.0,2.0,1.0,4.0,0.0,3.0,0.0,0.0,3.0,10.0,22:22,8.7,0
9,203103,Perry Jones III,2.0,1.0,1.0,0.0,0.0,0.0,0.0,0.0,1.0,0.0,0.0,0.0,3.0,7:02,2.4,0
10,965,Derek Fisher,,,,,,,,,,,,,,,0.0,0
11,101155,Ryan Gomes,,,,,,,,,,,,,,,0.0,0
12,203460,Andre Roberson,,,,,,,,,,,,,,,0.0,0
13,2738,Andre Iguodala,14.0,5.0,6.0,2.0,2.0,0.0,1.0,1.0,9.0,1.0,5.0,0.0,5.0,37:25,18.1,1
14,101135,David Lee,20.0,10.0,22.0,0.0,0.0,3.0,1.0,1.0,3.0,0.0,2.0,2.0,0.0,35:34,11.3,1
15,101106,Andrew Bogut,6.0,3.0,7.0,0.0,0.0,2.0,5.0,3.0,2.0,0.0,4.0,1.0,-1.0,29:02,7.0,1
16,202691,Klay Thompson,27.0,10.0,15.0,1.0,1.0,2.0,3.0,0.0,2.0,3.0,3.0,0.0,0.0,38:02,25.1,1
17,201939,Stephen Curry,22.0,8.0,22.0,3.0,2.0,0.0,5.0,1.0,9.0,0.0,4.0,2.0,-4.0,43:07,14.6,1
18,203084,Harrison Barnes,16.0,6.0,14.0,4.0,3.0,0.0,3.0,1.0,1.0,0.0,2.0,2.0,3.0,23:04,8.0,1
19,979,Jermaine O'Neal,4.0,0.0,2.0,4.0,4.0,0.0,2.0,3.0,0.0,1.0,1.0,0.0,5.0,17:09,6.5,1
20,201578,Marreese Speights,3.0,1.0,2.0,0.0,0.0,0.0,1.0,1.0,0.0,0.0,0.0,0.0,-5.0,6:32,3.3,1
21,203110,Draymond Green,4.0,2.0,4.0,0.0,0.0,2.0,1.0,1.0,0.0,0.0,1.0,0.0,2.0,10:05,4.3,1
22,203145,Kent Bazemore,,,,,,,,,,,,,,,0.0,1
23,203136,Ognjen Kuzmic,,,,,,,,,,,,,,,0.0,1
24,203517,Nemanja Nedovic,,,,,,,,,,,,,,,0.0,1
