,id,name,PTS,FG,FGA,FTA,FT,OREB,DREB,STL,AST,BLK,PF,TO,PLUS_MINUS,MIN,GS,WIN
0,203077,Michael Kidd-Gilchrist,9.0,4.0,6.0,2.0,1.0,3.0,1.0,0.0,1.0,2.0,0.0,1.0,13.0,27:23,9.5,1
1,201177,Josh McRoberts,9.0,3.0,7.0,0.0,0.0,1.0,5.0,0.0,6.0,1.0,3.0,2.0,13.0,32:18,9.2,1
2,2744,Al Jefferson,20.0,10.0,17.0,0.0,0.0,0.0,7.0,2.0,2.0,2.0,1.0,6.0,8.0,36:52,12.6,1
3,201945,Gerald Henderson,14.0,6.0,7.0,0.0,0.0,0.0,5.0,1.0,6.0,1.0,0.0,2.0,18.0,30:55,16.9,1
4,202689,Kemba Walker,21.0,7.0,13.0,6.0,5.0,0.0,2.0,1.0,8.0,0.0,0.0,2.0,13.0,31:18,19.5,1
5,203469,Cody Zeller,4.0,1.0,1.0,4.0,2.0,0.0,6.0,0.0,0.0,0.0,2.0,1.0,-4.0,15:42,2.9,1
6,202390,Gary Neal,18.0,5.0,6.0,6.0,6.0,0.0,2.0,1.0,0.0,0.0,4.0,1.0,-1.0,24:46,14.8,1
7,201604,Chris Douglas-Roberts,0.0,0.0,3.0,0.0,0.0,1.0,2.0,0.0,1.0,1.0,5.0,1.0,-12.0,12:56,-2.4,1
8,2557,Luke Ridnour,2.0,1.0,5.0,0.0,0.0,1.0,1.0,0.0,2.0,0.0,1.0,0.0,-4.0,16:42,0.9,1
9,202687,Bismack Biyombo,4.0,2.0,3.0,0.0,0.0,0.0,2.0,0.0,0.0,1.0,0.0,1.0,1.0,11:08,3.0,1
10,2457,Jannero Pargo,,,,,,,,,,,,,,,0.0,1
11,201229,Anthony Tolliver,,,,,,,,,,,,,,,0.0,1
12,203114,Khris Middleton,8.0,3.0,12.0,0.0,0.0,1.0,1.0,0.0,0.0,0.0,1.0,1.0,-20.0,31:51,0.4,0
13,203089,John Henson,12.0,6.0,15.0,0.0,0.0,6.0,1.0,0.0,3.0,0.0,1.0,0.0,-13.0,35:33,10.1,0
14,2585,Zaza Pachulia,8.0,3.0,9.0,4.0,2.0,3.0,6.0,3.0,3.0,0.0,1.0,2.0,-13.0,38:21,8.7,0
15,203489,Nate Wolters,11.0,5.0,7.0,0.0,0.0,0.0,3.0,1.0,3.0,0.0,4.0,1.0,-1.0,28:19,9.5,0
16,202688,Brandon Knight,21.0,9.0,21.0,0.0,0.0,3.0,5.0,3.0,7.0,0.0,2.0,2.0,-14.0,35:41,18.6,0
17,203507,Giannis Antetokounmpo,2.0,0.0,4.0,2.0,2.0,0.0,3.0,2.0,1.0,2.0,2.0,2.0,8.0,21:56,1.4,0
18,202399,Jeff Adrien,12.0,4.0,6.0,5.0,4.0,2.0,2.0,1.0,1.0,0.0,3.0,0.0,6.0,14:27,11.5,0
19,201196,Ramon Sessions,18.0,7.0,14.0,5.0,3.0,0.0,0.0,0.0,6.0,0.0,1.0,1.0,-2.0,29:30,13.0,0
20,202327,Ekpe Udoh,0.0,0.0,1.0,0.0,0.0,0.0,1.0,0.0,0.0,0.0,2.0,0.0,4.0,4:22,-1.2,0
21,101141,Ersan Ilyasova,,,,,,,,,,,,,,,0.0,0
22,201564,O.J. Mayo,,,,,,,,,,,,,,,0.0,0
23,203545,Miroslav Raduljica,,,,,,,,,,,,,,,0.0,0
24,202874,Chris Wright,,,,,,,,,,,,,,,0.0,0
