,id,name,PTS,FG,FGA,FTA,FT,OREB,DREB,STL,AST,BLK,PF,TO,PLUS_MINUS,MIN,GS,WIN
0,201145,Jeff Green,19.0,6.0,18.0,6.0,4.0,0.0,8.0,1.0,2.0,2.0,4.0,1.0,21.0,31:19,11.6,1
1,101138,Brandon Bass,19.0,7.0,11.0,5.0,5.0,2.0,3.0,0.0,3.0,1.0,5.0,1.0,10.0,34:24,16.2,1
2,203482,Kelly Olynyk,25.0,11.0,23.0,1.0,1.0,0.0,12.0,0.0,3.0,0.0,6.0,4.0,10.0,38:52,12.6,1
3,202340,Avery Bradley,25.0,9.0,15.0,2.0,2.0,1.0,7.0,1.0,2.0,0.0,1.0,1.0,31.0,31:11,21.9,1
4,203515,Phil Pressey,9.0,4.0,8.0,0.0,0.0,2.0,3.0,1.0,13.0,0.0,2.0,2.0,6.0,42:11,14.6,1
5,203187,Chris Johnson,7.0,2.0,7.0,4.0,3.0,1.0,3.0,1.0,2.0,0.0,1.0,0.0,-13.0,22:38,6.1,1
6,201202,Joel Anthony,4.0,2.0,5.0,0.0,0.0,0.0,3.0,0.0,1.0,2.0,3.0,0.0,5.0,21:35,3.1,1
7,203569,Chris Babb,3.0,1.0,3.0,0.0,0.0,1.0,1.0,1.0,1.0,0.0,2.0,0.0,-10.0,17:50,3.2,1
8,201573,Jerryd Bayless,,,,,,,,,,,,,,,0.0,1
9,2743,Kris Humphries,,,,,,,,,,,,,,,0.0,1
10,200765,Rajon Rondo,,,,,,,,,,,,,,,0.0,1
11,203096,Jared Sullinger,,,,,,,,,,,,,,,0.0,1
12,202087,Alonzo Gee,11.0,5.0,9.0,4.0,1.0,4.0,3.0,1.0,3.0,0.0,5.0,1.0,12.0,20:20,9.3,0
13,202684,Tristan Thompson,14.0,6.0,12.0,3.0,2.0,4.0,6.0,0.0,1.0,1.0,2.0,1.0,-1.0,32:55,11.8,0
14,201150,Spencer Hawes,3.0,1.0,4.0,0.0,0.0,2.0,8.0,0.0,4.0,0.0,3.0,3.0,-18.0,20:31,3.0,0
15,203079,Dion Waiters,15.0,6.0,15.0,6.0,3.0,1.0,3.0,0.0,2.0,1.0,0.0,1.0,-26.0,27:07,8.4,0
16,202681,Kyrie Irving,15.0,3.0,15.0,8.0,8.0,0.0,1.0,0.0,2.0,0.0,2.0,1.0,-27.0,31:00,5.6,0
17,101127,Jarrett Jack,15.0,6.0,14.0,2.0,2.0,1.0,2.0,1.0,6.0,0.0,3.0,0.0,-2.0,33:24,12.9,0
18,203521,Matthew Dellavedova,10.0,4.0,9.0,0.0,0.0,0.0,1.0,0.0,2.0,0.0,0.0,3.0,7.0,32:15,4.0,0
19,2760,Anderson Varejao,4.0,2.0,4.0,0.0,0.0,1.0,5.0,0.0,0.0,0.0,2.0,1.0,-9.0,16:11,2.4,0
20,203092,Tyler Zeller,12.0,4.0,8.0,7.0,4.0,2.0,5.0,0.0,2.0,0.0,3.0,0.0,4.0,26:18,9.9,0
21,203461,Anthony Bennett,,,,,,,,,,,,,,,0.0,0
22,2736,Luol Deng,,,,,,,,,,,,,,,0.0,0
23,203508,Sergey Karasev,,,,,,,,,,,,,,,0.0,0
24,101139,CJ Miles,,,,,,,,,,,,,,,0.0,0
