,id,name,PTS,FG,FGA,FTA,FT,OREB,DREB,STL,AST,BLK,PF,TO,PLUS_MINUS,MIN,GS,WIN
0,1890,Shawn Marion,8.0,3.0,6.0,0.0,0.0,0.0,2.0,3.0,1.0,0.0,2.0,1.0,-5.0,33:22,7.5,1
1,1717,Dirk Nowitzki,26.0,10.0,14.0,4.0,3.0,0.0,6.0,2.0,3.0,0.0,1.0,2.0,14.0,34:28,23.3,1
2,2223,Samuel Dalembert,14.0,6.0,10.0,3.0,2.0,6.0,4.0,0.0,0.0,0.0,4.0,1.0,-4.0,23:22,11.8,1
3,101145,Monta Ellis,14.0,5.0,16.0,4.0,3.0,2.0,4.0,2.0,4.0,1.0,2.0,2.0,4.0,39:30,9.7,1
4,101181,Jose Calderon,5.0,2.0,9.0,0.0,0.0,0.0,1.0,0.0,4.0,0.0,1.0,2.0,3.0,31:02,0.2,1
5,1713,Vince Carter,13.0,5.0,8.0,2.0,2.0,1.0,1.0,0.0,7.0,0.0,2.0,1.0,22.0,24:08,13.5,1
6,2734,Devin Harris,3.0,1.0,3.0,3.0,1.0,0.0,1.0,0.0,3.0,0.0,1.0,2.0,11.0,16:58,0.5,1
7,201971,DeJuan Blair,6.0,2.0,2.0,2.0,2.0,0.0,2.0,0.0,1.0,2.0,4.0,2.0,4.0,9:10,4.5,1
8,203109,Jae Crowder,4.0,2.0,2.0,0.0,0.0,0.0,1.0,0.0,0.0,0.0,1.0,0.0,6.0,9:47,3.3,1
9,201148,Brandan Wright,17.0,6.0,8.0,7.0,5.0,2.0,2.0,0.0,1.0,0.0,2.0,0.0,15.0,18:13,14.9,1
10,201961,Wayne Ellington,,,,,,,,,,,,,,,0.0,1
11,203108,Bernard James,,,,,,,,,,,,,,,0.0,1
12,203499,Shane Larkin,,,,,,,,,,,,,,,0.0,1
13,2419,Tayshaun Prince,0.0,0.0,3.0,0.0,0.0,0.0,4.0,0.0,2.0,0.0,0.0,0.0,-10.0,23:29,0.5,0
14,2216,Zach Randolph,25.0,10.0,16.0,8.0,5.0,2.0,7.0,0.0,4.0,1.0,3.0,2.0,-12.0,40:06,20.4,0
15,201188,Marc Gasol,12.0,3.0,6.0,8.0,6.0,1.0,3.0,2.0,5.0,0.0,4.0,6.0,-8.0,37:32,7.7,0
16,201584,Courtney Lee,22.0,10.0,15.0,0.0,0.0,3.0,2.0,1.0,4.0,1.0,5.0,1.0,-11.0,39:48,19.7,0
17,201979,Nick Calathes,16.0,6.0,12.0,2.0,2.0,2.0,3.0,3.0,5.0,0.0,5.0,6.0,-10.0,41:17,10.8,0
18,201585,Kosta Koufos,4.0,2.0,3.0,0.0,0.0,0.0,1.0,1.0,0.0,0.0,1.0,0.0,6.0,7:51,3.6,0
19,202721,Darius Morris,0.0,0.0,1.0,0.0,0.0,0.0,0.0,0.0,1.0,0.0,1.0,1.0,-6.0,7:25,-1.4,0
20,201949,James Johnson,17.0,6.0,11.0,4.0,3.0,0.0,1.0,0.0,1.0,4.0,3.0,1.0,-12.0,25:02,12.9,0
21,2034,Mike Miller,0.0,0.0,1.0,0.0,0.0,0.0,0.0,0.0,1.0,0.0,1.0,0.0,1.0,7:35,-0.4,0
22,202720,Jon Leuer,0.0,0.0,1.0,0.0,0.0,0.0,3.0,0.0,1.0,0.0,0.0,0.0,-8.0,9:55,0.9,0
23,2754,Tony Allen,,,,,,,,,,,,,,,0.0,0
24,202334,Ed Davis,,,,,,,,,,,,,,,0.0,0
25,203479,Jamaal Franklin,,,,,,,,,,,,,,,0.0,0
