,id,name,PTS,FG,FGA,FTA,FT,OREB,DREB,STL,AST,BLK,PF,TO,PLUS_MINUS,MIN,GS,WIN
0,1890,Shawn Marion,7.0,2.0,5.0,4.0,3.0,3.0,6.0,0.0,2.0,3.0,0.0,3.0,3.0,30:51,8.3,1
1,1717,Dirk Nowitzki,26.0,10.0,18.0,2.0,2.0,0.0,11.0,2.0,1.0,1.0,4.0,2.0,2.0,34:48,20.5,1
2,2223,Samuel Dalembert,12.0,3.0,4.0,6.0,6.0,3.0,3.0,0.0,1.0,2.0,4.0,2.0,-7.0,28:35,11.9,1
3,101145,Monta Ellis,12.0,4.0,12.0,4.0,3.0,0.0,4.0,0.0,9.0,1.0,0.0,2.0,-4.0,36:49,11.0,1
4,101181,Jose Calderon,19.0,8.0,13.0,0.0,0.0,0.0,2.0,0.0,1.0,0.0,4.0,1.0,-15.0,26:53,11.8,1
5,1713,Vince Carter,16.0,6.0,12.0,0.0,0.0,0.0,2.0,1.0,1.0,0.0,3.0,0.0,8.0,25:22,11.1,1
6,2734,Devin Harris,6.0,2.0,6.0,0.0,0.0,0.0,3.0,0.0,7.0,0.0,1.0,0.0,17.0,23:22,8.0,1
7,201148,Brandan Wright,8.0,4.0,7.0,0.0,0.0,0.0,3.0,1.0,1.0,1.0,3.0,0.0,16.0,16:25,6.8,1
8,203109,Jae Crowder,5.0,2.0,3.0,2.0,1.0,1.0,4.0,0.0,1.0,1.0,2.0,1.0,13.0,13:55,4.8,1
9,201971,DeJuan Blair,2.0,0.0,2.0,2.0,2.0,1.0,0.0,0.0,0.0,0.0,0.0,0.0,-3.0,3:00,1.3,1
10,201961,Wayne Ellington,,,,,,,,,,,,,,,0.0,1
11,203108,Bernard James,,,,,,,,,,,,,,,0.0,1
12,203499,Shane Larkin,,,,,,,,,,,,,,,0.0,1
13,2440,Matt Barnes,6.0,2.0,9.0,2.0,1.0,1.0,5.0,0.0,2.0,1.0,2.0,2.0,-5.0,38:09,1.6,0
14,201933,Blake Griffin,25.0,9.0,23.0,7.0,7.0,4.0,6.0,1.0,11.0,1.0,5.0,1.0,-5.0,39:39,23.5,0
15,201599,DeAndre Jordan,21.0,9.0,12.0,8.0,3.0,5.0,10.0,2.0,0.0,2.0,3.0,0.0,1.0,38:37,22.9,0
16,201954,Darren Collison,22.0,7.0,14.0,6.0,6.0,0.0,2.0,3.0,1.0,0.0,3.0,1.0,5.0,37:55,17.1,0
17,101108,Chris Paul,17.0,7.0,14.0,2.0,2.0,2.0,3.0,1.0,9.0,0.0,3.0,1.0,-1.0,39:33,17.4,0
18,200755,JJ Redick,12.0,3.0,10.0,4.0,4.0,0.0,2.0,0.0,1.0,0.0,0.0,0.0,-15.0,23:36,7.5,0
19,201175,Glen Davis,4.0,2.0,4.0,0.0,0.0,0.0,1.0,0.0,0.0,0.0,2.0,1.0,-10.0,9:48,0.5,0
20,201162,Jared Dudley,0.0,0.0,4.0,0.0,0.0,0.0,0.0,0.0,2.0,0.0,1.0,0.0,1.0,10:39,-1.8,0
21,203493,Reggie Bullock,0.0,0.0,1.0,0.0,0.0,0.0,0.0,0.0,0.0,0.0,1.0,0.0,-1.0,2:04,-1.1,0
22,2037,Jamal Crawford,,,,,,,,,,,,,,,0.0,0
23,2584,Willie Green,,,,,,,,,,,,,,,0.0,0
24,200797,Ryan Hollins,,,,,,,,,,,,,,,0.0,0
25,2045,Hedo Turkoglu,,,,,,,,,,,,,,,0.0,0
