,id,name,PTS,FG,FGA,FTA,FT,OREB,DREB,STL,AST,BLK,PF,TO,PLUS_MINUS,MIN,GS,WIN
0,2406,Caron Butler,20.0,7.0,17.0,3.0,3.0,1.0,4.0,1.0,3.0,0.0,1.0,2.0,-3.0,42:00,13.5,0
1,203114,Khris Middleton,19.0,6.0,11.0,6.0,6.0,0.0,8.0,3.0,4.0,0.0,4.0,3.0,1.0,43:04,17.3,0
2,202327,Ekpe Udoh,0.0,0.0,2.0,0.0,0.0,2.0,2.0,2.0,2.0,2.0,3.0,1.0,6.0,18:30,3.2,0
3,201564,O.J. Mayo,25.0,10.0,22.0,4.0,4.0,1.0,6.0,0.0,2.0,0.0,4.0,6.0,-4.0,43:39,9.9,0
4,203489,Nate Wolters,9.0,3.0,8.0,4.0,3.0,1.0,2.0,1.0,3.0,0.0,2.0,1.0,2.0,39:48,6.8,0
5,203089,John Henson,10.0,5.0,11.0,1.0,0.0,1.0,8.0,0.0,1.0,5.0,2.0,3.0,-6.0,27:18,7.4,0
6,203507,Giannis Antetokounmpo,6.0,1.0,2.0,4.0,4.0,1.0,1.0,2.0,1.0,0.0,0.0,1.0,-5.0,19:27,7.7,0
7,203545,Miroslav Raduljica,2.0,1.0,1.0,0.0,0.0,0.0,1.0,0.0,0.0,0.0,3.0,1.0,-6.0,6:14,-0.2,0
8,101141,Ersan Ilyasova,,,,,,,,,,,,,,,0.0,0
9,202688,Brandon Knight,,,,,,,,,,,,,,,0.0,0
10,202390,Gary Neal,,,,,,,,,,,,,,,0.0,0
11,2585,Zaza Pachulia,,,,,,,,,,,,,,,0.0,0
12,202336,Larry Sanders,,,,,,,,,,,,,,,0.0,0
13,203090,Maurice Harkless,10.0,5.0,11.0,4.0,0.0,3.0,6.0,1.0,1.0,3.0,2.0,2.0,6.0,37:43,7.6,1
14,101131,Jason Maxiell,0.0,0.0,1.0,0.0,0.0,0.0,0.0,0.0,0.0,0.0,0.0,0.0,-6.0,4:38,-0.7,1
15,202696,Nikola Vucevic,17.0,6.0,10.0,6.0,5.0,4.0,7.0,2.0,3.0,1.0,3.0,4.0,2.0,37:18,16.5,1
16,201167,Arron Afflalo,36.0,11.0,15.0,6.0,6.0,1.0,7.0,2.0,6.0,0.0,2.0,4.0,4.0,40:08,34.1,1
17,2749,Jameer Nelson,8.0,3.0,11.0,2.0,2.0,0.0,2.0,0.0,5.0,1.0,3.0,1.0,0.0,30:30,4.1,1
18,202734,E'Twaun Moore,2.0,1.0,8.0,0.0,0.0,0.0,0.0,0.0,0.0,1.0,2.0,0.0,0.0,17:23,-3.3,1
19,203124,Kyle O'Quinn,7.0,3.0,5.0,2.0,1.0,2.0,2.0,0.0,0.0,0.0,1.0,0.0,1.0,10:42,5.9,1
20,203506,Victor Oladipo,10.0,4.0,14.0,1.0,1.0,0.0,2.0,1.0,2.0,1.0,1.0,2.0,6.0,22:20,3.1,1
21,203117,Doron Lamb,0.0,0.0,2.0,0.0,0.0,0.0,1.0,0.0,1.0,0.0,1.0,0.0,-4.0,11:25,-0.8,1
22,203094,Andrew Nicholson,2.0,1.0,2.0,0.0,0.0,1.0,0.0,0.0,0.0,0.0,0.0,0.0,-2.0,3:05,1.7,1
23,101179,Ronnie Price,2.0,1.0,3.0,0.0,0.0,2.0,5.0,1.0,2.0,1.0,2.0,2.0,8.0,24:49,3.5,1
24,202699,Tobias Harris,,,,,,,,,,,,,,,0.0,1
25,200780,Solomon Jones,,,,,,,,,,,,,,,0.0,1
