,id,name,PTS,FG,FGA,FTA,FT,OREB,DREB,STL,AST,BLK,PF,TO,PLUS_MINUS,MIN,GS,WIN
0,202331,Paul George,30.0,9.0,19.0,10.0,10.0,2.0,6.0,3.0,7.0,0.0,2.0,2.0,17.0,46:02,28.6,1
1,2561,David West,15.0,6.0,13.0,4.0,3.0,2.0,6.0,0.0,3.0,0.0,3.0,0.0,16.0,35:33,12.0,1
2,201579,Roy Hibbert,12.0,4.0,10.0,4.0,4.0,3.0,2.0,1.0,0.0,2.0,5.0,2.0,13.0,32:42,7.7,1
3,202362,Lance Stephenson,13.0,5.0,15.0,0.0,0.0,2.0,7.0,0.0,6.0,1.0,3.0,1.0,1.0,35:35,10.7,1
4,201588,George Hill,2.0,1.0,7.0,0.0,0.0,0.0,7.0,2.0,3.0,0.0,4.0,1.0,2.0,34:02,1.1,1
5,202323,Evan Turner,20.0,8.0,15.0,3.0,3.0,2.0,3.0,0.0,2.0,0.0,1.0,2.0,2.0,29:39,14.0,1
6,2449,Luis Scola,2.0,1.0,6.0,0.0,0.0,4.0,4.0,0.0,1.0,0.0,4.0,0.0,-8.0,17:27,1.3,1
7,101115,Andrew Bynum,15.0,6.0,18.0,4.0,3.0,3.0,6.0,0.0,1.0,1.0,0.0,1.0,-5.0,19:60,8.7,1
8,2446,Rasual Butler,3.0,1.0,1.0,0.0,0.0,0.0,3.0,0.0,1.0,1.0,2.0,1.0,0.0,13:30,3.2,1
9,203524,Solomon Hill,0.0,0.0,0.0,0.0,0.0,0.0,0.0,0.0,0.0,0.0,0.0,0.0,2.0,0:30,0.0,1
10,202730,Lavoy Allen,,,,,,,,,,,,,,,0.0,1
11,203142,Chris Copeland,,,,,,,,,,,,,,,0.0,1
12,101133,Ian Mahinmi,,,,,,,,,,,,,,,0.0,1
13,2746,Josh Smith,23.0,10.0,23.0,3.0,2.0,0.0,4.0,2.0,1.0,4.0,3.0,3.0,-12.0,35:24,13.0,0
14,202328,Greg Monroe,17.0,6.0,12.0,6.0,5.0,3.0,10.0,3.0,1.0,3.0,5.0,1.0,-4.0,40:46,18.5,0
15,203083,Andre Drummond,4.0,2.0,4.0,0.0,0.0,0.0,3.0,0.0,0.0,0.0,1.0,1.0,-1.0,5:28,1.5,0
16,202713,Kyle Singler,14.0,3.0,7.0,6.0,6.0,2.0,4.0,0.0,1.0,0.0,4.0,0.0,-9.0,46:17,12.0,0
17,201943,Brandon Jennings,10.0,3.0,13.0,3.0,2.0,0.0,4.0,2.0,12.0,0.0,1.0,2.0,-10.0,37:16,10.9,0
18,201155,Rodney Stuckey,19.0,6.0,17.0,9.0,7.0,0.0,3.0,1.0,5.0,0.0,2.0,2.0,-2.0,44:13,11.3,0
19,201973,Jonas Jerebko,4.0,2.0,5.0,0.0,0.0,2.0,3.0,0.0,2.0,0.0,1.0,0.0,4.0,17:36,4.6,0
20,101198,Will Bynum,4.0,2.0,4.0,1.0,0.0,0.0,2.0,0.0,1.0,0.0,1.0,2.0,2.0,15:44,0.5,0
21,101111,Charlie Villanueva,9.0,3.0,5.0,2.0,1.0,1.0,3.0,0.0,0.0,0.0,1.0,0.0,-4.0,12:14,7.5,0
22,203484,Kentavious Caldwell-Pope,0.0,0.0,1.0,0.0,0.0,0.0,0.0,1.0,1.0,0.0,2.0,0.0,-4.0,10:02,0.2,0
23,203540,Gigi Datome,,,,,,,,,,,,,,,0.0,0
24,203502,Tony Mitchell,,,,,,,,,,,,,,,0.0,0
25,203491,Peyton Siva,,,,,,,,,,,,,,,0.0,0
