,id,name,PTS,FG,FGA,FTA,FT,OREB,DREB,STL,AST,BLK,PF,TO,PLUS_MINUS,MIN,GS,WIN
0,2736,Luol Deng,18.0,8.0,16.0,5.0,2.0,4.0,4.0,4.0,3.0,0.0,3.0,2.0,-14.0,42:02,15.7,0
1,202684,Tristan Thompson,17.0,5.0,10.0,8.0,7.0,3.0,5.0,0.0,1.0,2.0,4.0,0.0,-18.0,38:46,15.7,0
2,2760,Anderson Varejao,10.0,3.0,8.0,4.0,4.0,2.0,3.0,3.0,0.0,0.0,1.0,0.0,-4.0,24:47,10.5,0
3,101127,Jarrett Jack,12.0,5.0,7.0,2.0,1.0,0.0,3.0,0.0,8.0,0.0,3.0,3.0,-12.0,39:42,11.0,0
4,202681,Kyrie Irving,27.0,8.0,18.0,8.0,7.0,0.0,3.0,0.0,8.0,1.0,2.0,3.0,-19.0,39:42,20.6,0
5,203461,Anthony Bennett,11.0,3.0,8.0,4.0,4.0,0.0,1.0,1.0,0.0,1.0,6.0,0.0,-15.0,26:21,6.2,0
6,203079,Dion Waiters,0.0,0.0,4.0,2.0,0.0,0.0,1.0,0.0,1.0,0.0,2.0,0.0,-7.0,10:45,-3.4,0
7,203092,Tyler Zeller,2.0,1.0,1.0,0.0,0.0,1.0,1.0,0.0,0.0,0.0,1.0,1.0,1.0,3:29,1.3,0
8,101139,CJ Miles,10.0,4.0,7.0,0.0,0.0,0.0,0.0,1.0,0.0,0.0,2.0,0.0,-1.0,12:38,6.9,0
9,203156,Henry Sims,0.0,0.0,1.0,0.0,0.0,0.0,0.0,0.0,0.0,0.0,0.0,0.0,2.0,0:54,-0.7,0
10,203521,Matthew Dellavedova,0.0,0.0,0.0,0.0,0.0,0.0,0.0,0.0,0.0,0.0,0.0,0.0,2.0,0:54,0.0,0
11,201947,Earl Clark,,,,,,,,,,,,,,,0.0,0
12,202087,Alonzo Gee,,,,,,,,,,,,,,,0.0,0
13,203109,Jae Crowder,8.0,3.0,9.0,2.0,2.0,1.0,2.0,0.0,1.0,0.0,3.0,0.0,9.0,21:52,3.7,1
14,1717,Dirk Nowitzki,23.0,9.0,16.0,2.0,2.0,0.0,8.0,0.0,2.0,0.0,2.0,2.0,-3.0,29:34,16.4,1
15,2223,Samuel Dalembert,18.0,7.0,8.0,4.0,4.0,4.0,4.0,0.0,0.0,2.0,2.0,0.0,10.0,24:30,19.8,1
16,101145,Monta Ellis,22.0,8.0,12.0,5.0,4.0,0.0,2.0,2.0,7.0,1.0,5.0,6.0,10.0,33:43,16.6,1
17,101181,Jose Calderon,11.0,4.0,7.0,0.0,0.0,0.0,2.0,0.0,10.0,0.0,0.0,1.0,19.0,32:59,14.3,1
18,201961,Wayne Ellington,3.0,1.0,5.0,0.0,0.0,0.0,3.0,1.0,2.0,0.0,1.0,1.0,-4.0,19:22,1.8,1
19,1713,Vince Carter,7.0,3.0,6.0,0.0,0.0,0.0,7.0,0.0,2.0,2.0,4.0,0.0,26.0,22:04,7.3,1
20,201148,Brandan Wright,14.0,4.0,7.0,7.0,6.0,4.0,3.0,1.0,0.0,0.0,1.0,1.0,13.0,22:26,13.6,1
21,201971,DeJuan Blair,2.0,1.0,2.0,0.0,0.0,1.0,3.0,0.0,1.0,0.0,3.0,1.0,5.0,9:45,1.1,1
22,2734,Devin Harris,16.0,4.0,8.0,6.0,6.0,0.0,1.0,0.0,4.0,0.0,1.0,1.0,6.0,19:06,13.7,1
23,203499,Shane Larkin,0.0,0.0,0.0,0.0,0.0,0.0,0.0,0.0,1.0,0.0,1.0,0.0,-4.0,3:46,0.3,1
24,203108,Bernard James,0.0,0.0,0.0,0.0,0.0,0.0,0.0,0.0,0.0,0.0,0.0,0.0,-2.0,0:54,0.0,1
