,id,name,PTS,FG,FGA,FTA,FT,OREB,DREB,STL,AST,BLK,PF,TO,PLUS_MINUS,MIN,GS,WIN
0,200752,Rudy Gay,6.0,3.0,7.0,0.0,0.0,0.0,2.0,0.0,4.0,0.0,2.0,3.0,-19.0,26:44,1.9,0
1,201574,Jason Thompson,11.0,5.0,10.0,2.0,1.0,6.0,4.0,0.0,0.0,2.0,2.0,0.0,-10.0,29:41,11.6,0
2,202326,DeMarcus Cousins,16.0,6.0,17.0,6.0,4.0,3.0,11.0,2.0,1.0,3.0,3.0,7.0,-12.0,32:34,7.7,0
3,201977,Marcus Thornton,0.0,0.0,3.0,0.0,0.0,1.0,1.0,2.0,3.0,0.0,0.0,3.0,-6.0,20:20,0.0,0
4,202738,Isaiah Thomas,38.0,11.0,18.0,13.0,12.0,0.0,1.0,0.0,6.0,0.0,2.0,1.0,-6.0,39:06,32.1,0
5,201189,Aaron Gray,2.0,1.0,1.0,0.0,0.0,0.0,1.0,0.0,0.0,0.0,1.0,1.0,2.0,11:16,0.6,0
6,202682,Derrick Williams,5.0,1.0,5.0,4.0,3.0,1.0,2.0,2.0,2.0,0.0,3.0,3.0,-9.0,30:19,2.0,0
7,203112,Quincy Acy,0.0,0.0,3.0,0.0,0.0,2.0,2.0,1.0,0.0,1.0,6.0,1.0,-10.0,11:39,-1.8,0
8,203463,Ben McLemore,9.0,3.0,6.0,2.0,2.0,0.0,3.0,0.0,1.0,0.0,2.0,1.0,-3.0,20:36,5.8,0
9,202690,Jimmer Fredette,0.0,0.0,3.0,0.0,0.0,0.0,0.0,0.0,0.0,0.0,0.0,0.0,-9.0,8:54,-2.1,0
10,201171,Carl Landry,6.0,3.0,4.0,1.0,0.0,1.0,3.0,0.0,0.0,0.0,1.0,0.0,7.0,8:51,5.2,0
11,2566,Travis Outlaw,,,,,,,,,,,,,,,0.0,0
12,201142,Kevin Durant,30.0,10.0,15.0,9.0,7.0,1.0,5.0,4.0,9.0,2.0,1.0,3.0,23.0,32:06,33.2,1
13,201586,Serge Ibaka,20.0,9.0,13.0,3.0,2.0,3.0,3.0,0.0,0.0,2.0,2.0,2.0,13.0,28:38,15.7,1
14,2570,Kendrick Perkins,7.0,2.0,8.0,7.0,3.0,3.0,3.0,1.0,3.0,0.0,1.0,4.0,11.0,25:06,2.3,1
15,200757,Thabo Sefolosha,10.0,4.0,5.0,0.0,0.0,1.0,3.0,3.0,2.0,0.0,1.0,1.0,10.0,29:17,12.7,1
16,202704,Reggie Jackson,16.0,4.0,16.0,6.0,6.0,1.0,4.0,0.0,4.0,0.0,4.0,2.0,12.0,33:31,7.5,1
17,965,Derek Fisher,4.0,2.0,9.0,0.0,0.0,0.0,0.0,3.0,2.0,0.0,3.0,0.0,5.0,25:13,1.7,1
18,203500,Steven Adams,0.0,0.0,2.0,0.0,0.0,3.0,4.0,2.0,1.0,0.0,6.0,2.0,6.0,19:23,0.2,1
19,2555,Nick Collison,10.0,4.0,6.0,3.0,2.0,3.0,4.0,0.0,2.0,0.0,3.0,1.0,3.0,17:03,9.5,1
20,203087,Jeremy Lamb,10.0,4.0,10.0,0.0,0.0,1.0,1.0,0.0,0.0,0.0,2.0,0.0,3.0,21:31,4.8,1
21,203103,Perry Jones III,1.0,0.0,0.0,2.0,1.0,1.0,0.0,0.0,0.0,0.0,0.0,0.0,-3.0,2:11,1.3,1
22,2767,Royal Ivey,0.0,0.0,1.0,0.0,0.0,0.0,1.0,0.0,0.0,0.0,0.0,0.0,-3.0,2:11,-0.4,1
23,203460,Andre Roberson,0.0,0.0,1.0,0.0,0.0,0.0,0.0,0.0,0.0,0.0,0.0,0.0,-3.0,2:11,-0.7,1
24,201934,Hasheem Thabeet,0.0,0.0,0.0,0.0,0.0,0.0,0.0,0.0,0.0,0.0,1.0,1.0,-2.0,1:40,-1.4,1
