,id,name,PTS,FG,FGA,FTA,FT,OREB,DREB,STL,AST,BLK,PF,TO,PLUS_MINUS,MIN,GS,WIN
0,201162,Jared Dudley,4.0,2.0,5.0,0.0,0.0,0.0,0.0,1.0,0.0,1.0,3.0,0.0,0.0,28:39,1.8,0
1,201933,Blake Griffin,20.0,8.0,16.0,6.0,4.0,3.0,11.0,0.0,5.0,0.0,3.0,4.0,1.0,32:31,14.9,0
2,201599,DeAndre Jordan,13.0,6.0,6.0,2.0,1.0,2.0,11.0,1.0,1.0,6.0,4.0,3.0,-11.0,38:59,16.8,0
3,2037,Jamal Crawford,19.0,9.0,21.0,0.0,0.0,0.0,0.0,0.0,0.0,1.0,2.0,2.0,-11.0,36:23,5.8,0
4,101108,Chris Paul,26.0,9.0,20.0,7.0,7.0,0.0,2.0,2.0,11.0,0.0,3.0,3.0,-1.0,39:58,21.7,0
5,2584,Willie Green,5.0,1.0,2.0,2.0,2.0,0.0,2.0,0.0,0.0,0.0,3.0,0.0,9.0,11:37,3.4,0
6,2440,Matt Barnes,0.0,0.0,3.0,0.0,0.0,0.0,4.0,1.0,4.0,1.0,4.0,1.0,0.0,20:52,1.0,0
7,200797,Ryan Hollins,1.0,0.0,0.0,2.0,1.0,0.0,0.0,0.0,0.0,0.0,1.0,0.0,8.0,7:46,0.2,0
8,201954,Darren Collison,11.0,4.0,6.0,2.0,2.0,1.0,0.0,1.0,1.0,0.0,1.0,0.0,-6.0,18:11,10.4,0
9,1712,Antawn Jamison,4.0,1.0,2.0,2.0,2.0,0.0,2.0,0.0,0.0,0.0,0.0,0.0,1.0,5:06,3.6,0
10,203493,Reggie Bullock,,,,,,,,,,,,,,,0.0,0
11,1536,Stephen Jackson,,,,,,,,,,,,,,,0.0,0
12,201957,Byron Mullens,,,,,,,,,,,,,,,0.0,0
13,2738,Andre Iguodala,9.0,3.0,5.0,2.0,0.0,2.0,2.0,2.0,4.0,0.0,0.0,1.0,13.0,33:19,11.7,1
14,101135,David Lee,23.0,10.0,20.0,3.0,3.0,5.0,8.0,0.0,3.0,1.0,4.0,5.0,10.0,39:05,15.1,1
15,101106,Andrew Bogut,10.0,5.0,8.0,0.0,0.0,6.0,8.0,2.0,1.0,0.0,2.0,0.0,1.0,27:48,14.9,1
16,202691,Klay Thompson,23.0,10.0,22.0,2.0,0.0,0.0,5.0,2.0,4.0,2.0,4.0,1.0,8.0,41:49,15.9,1
17,201939,Stephen Curry,15.0,5.0,17.0,3.0,3.0,1.0,5.0,1.0,11.0,0.0,1.0,2.0,8.0,42:29,13.6,1
18,203084,Harrison Barnes,14.0,3.0,13.0,9.0,7.0,0.0,5.0,0.0,1.0,1.0,0.0,1.0,-1.0,25:08,7.2,1
19,201578,Marreese Speights,8.0,3.0,5.0,2.0,2.0,1.0,0.0,1.0,0.0,0.0,5.0,2.0,-8.0,11:08,3.4,1
20,201962,Toney Douglas,3.0,1.0,2.0,1.0,0.0,0.0,0.0,0.0,1.0,0.0,3.0,0.0,-6.0,5:31,1.1,1
21,203110,Draymond Green,0.0,0.0,3.0,0.0,0.0,0.0,0.0,0.0,1.0,0.0,2.0,1.0,-9.0,7:48,-3.2,1
22,203145,Kent Bazemore,0.0,0.0,0.0,0.0,0.0,0.0,0.0,0.0,1.0,0.0,1.0,0.0,-4.0,4:48,0.3,1
23,200756,Hilton Armstrong,0.0,0.0,0.0,0.0,0.0,1.0,0.0,0.0,0.0,0.0,0.0,0.0,-2.0,1:08,0.7,1
24,203517,Nemanja Nedovic,,,,,,,,,,,,,,,0.0,1
