,id,name,PTS,FG,FGA,FTA,FT,OREB,DREB,STL,AST,BLK,PF,TO,PLUS_MINUS,MIN,GS,WIN
0,202331,Paul George,24.0,8.0,14.0,5.0,5.0,0.0,6.0,1.0,2.0,0.0,3.0,3.0,5.0,36:05,17.4,1
1,2561,David West,18.0,7.0,15.0,4.0,3.0,2.0,6.0,2.0,4.0,0.0,2.0,2.0,9.0,32:43,15.1,1
2,201579,Roy Hibbert,15.0,7.0,17.0,2.0,1.0,4.0,7.0,1.0,1.0,2.0,3.0,2.0,4.0,31:54,10.3,1
3,202362,Lance Stephenson,15.0,7.0,12.0,1.0,0.0,2.0,1.0,0.0,7.0,0.0,2.0,2.0,10.0,39:26,12.8,1
4,201588,George Hill,6.0,1.0,6.0,5.0,4.0,0.0,1.0,0.0,7.0,0.0,1.0,1.0,8.0,31:09,5.6,1
5,201228,C.J. Watson,6.0,2.0,5.0,0.0,0.0,1.0,0.0,2.0,0.0,0.0,0.0,2.0,-3.0,16:51,4.0,1
6,203524,Solomon Hill,0.0,0.0,0.0,0.0,0.0,1.0,0.0,0.0,1.0,0.0,1.0,0.0,-8.0,6:39,1.0,1
7,2449,Luis Scola,6.0,2.0,6.0,3.0,2.0,1.0,4.0,0.0,2.0,1.0,2.0,1.0,-4.0,15:17,4.4,1
8,101133,Ian Mahinmi,2.0,1.0,1.0,0.0,0.0,0.0,2.0,2.0,0.0,0.0,2.0,0.0,1.0,16:06,3.5,1
9,203111,Orlando Johnson,4.0,2.0,4.0,0.0,0.0,0.0,4.0,1.0,0.0,0.0,2.0,0.0,3.0,13:50,3.4,1
10,2446,Rasual Butler,,,,,,,,,,,,,,,0.0,1
11,203142,Chris Copeland,,,,,,,,,,,,,,,0.0,1
12,202388,Donald Sloan,,,,,,,,,,,,,,,0.0,1
13,1718,Paul Pierce,15.0,5.0,12.0,2.0,2.0,1.0,7.0,2.0,4.0,0.0,4.0,5.0,-15.0,32:44,9.6,0
14,708,Kevin Garnett,6.0,3.0,7.0,0.0,0.0,1.0,7.0,3.0,2.0,0.0,4.0,3.0,-11.0,27:11,4.9,0
15,201572,Brook Lopez,16.0,6.0,13.0,4.0,4.0,2.0,5.0,1.0,0.0,1.0,4.0,2.0,0.0,32:06,10.3,0
16,2207,Joe Johnson,17.0,6.0,10.0,2.0,2.0,0.0,3.0,0.0,0.0,0.0,1.0,0.0,-3.0,32:15,12.9,0
17,101114,Deron Williams,17.0,7.0,14.0,2.0,2.0,0.0,0.0,1.0,10.0,0.0,2.0,2.0,-8.0,32:44,15.2,0
18,101154,Andray Blatche,7.0,3.0,7.0,2.0,1.0,1.0,4.0,1.0,2.0,0.0,1.0,2.0,6.0,19:26,4.8,0
19,101187,Alan Anderson,4.0,1.0,1.0,3.0,1.0,0.0,1.0,0.0,0.0,1.0,2.0,0.0,10.0,16:39,3.1,0
20,2733,Shaun Livingston,3.0,1.0,3.0,1.0,1.0,0.0,1.0,1.0,2.0,0.0,0.0,0.0,3.0,15:16,4.0,0
21,1891,Jason Terry,0.0,0.0,4.0,0.0,0.0,0.0,2.0,0.0,0.0,0.0,1.0,1.0,-4.0,16:02,-3.6,0
22,203486,Mason Plumlee,6.0,3.0,5.0,0.0,0.0,2.0,1.0,0.0,0.0,0.0,2.0,0.0,-3.0,15:38,4.6,0
23,2501,Reggie Evans,,,,,,,,,,,,,,,0.0,0
24,203129,Tornike Shengelia,,,,,,,,,,,,,,,0.0,0
25,203141,Mirza Teletovic,,,,,,,,,,,,,,,0.0,0
