,id,name,PTS,FG,FGA,FTA,FT,OREB,DREB,STL,AST,BLK,PF,TO,PLUS_MINUS,MIN,GS,WIN
0,202330,Gordon Hayward,23.0,8.0,23.0,8.0,7.0,3.0,7.0,1.0,9.0,2.0,2.0,3.0,4.0,46:35,18.8,1
1,202324,Derrick Favors,21.0,8.0,12.0,6.0,5.0,4.0,8.0,2.0,4.0,2.0,5.0,1.0,5.0,43:02,23.8,1
2,202379,Jeremy Evans,18.0,8.0,13.0,2.0,2.0,6.0,5.0,3.0,0.0,3.0,6.0,4.0,5.0,38:07,16.5,1
3,202692,Alec Burks,11.0,5.0,13.0,0.0,0.0,1.0,3.0,0.0,4.0,0.0,6.0,2.0,0.0,37:41,3.9,1
4,203504,Trey Burke,32.0,10.0,21.0,10.0,10.0,3.0,4.0,1.0,9.0,0.0,3.0,5.0,19.0,48:21,25.7,1
5,202952,Malcolm Thomas,9.0,4.0,6.0,0.0,0.0,1.0,3.0,0.0,0.0,0.0,3.0,3.0,6.0,20:45,3.8,1
6,2210,Richard Jefferson,11.0,5.0,12.0,2.0,0.0,1.0,1.0,1.0,2.0,0.0,3.0,0.0,11.0,26:39,6.0,1
7,203197,Diante Garrett,3.0,1.0,2.0,0.0,0.0,0.0,1.0,1.0,1.0,0.0,1.0,0.0,-13.0,9:39,3.6,1
8,203497,Rudy Gobert,8.0,4.0,5.0,1.0,0.0,3.0,6.0,0.0,1.0,2.0,3.0,0.0,-4.0,14:06,10.5,1
9,203546,Ian Clark,0.0,0.0,1.0,0.0,0.0,0.0,0.0,1.0,0.0,0.0,2.0,0.0,-3.0,5:05,-0.5,1
10,101249,John Lucas III,,,,,,,,,,,,,,,0.0,1
11,203513,Erik Murphy,,,,,,,,,,,,,,,0.0,1
12,201575,Brandon Rush,,,,,,,,,,,,,,,0.0,1
13,201147,Corey Brewer,11.0,4.0,8.0,5.0,3.0,1.0,1.0,4.0,1.0,0.0,2.0,1.0,-22.0,30:39,10.1,0
14,201567,Kevin Love,19.0,4.0,15.0,12.0,10.0,0.0,10.0,0.0,9.0,0.0,2.0,5.0,-12.0,46:38,12.8,0
15,203476,Gorgui Dieng,4.0,1.0,8.0,4.0,2.0,3.0,4.0,0.0,1.0,2.0,2.0,1.0,-6.0,27:33,1.6,0
16,2755,Kevin Martin,36.0,12.0,24.0,10.0,9.0,1.0,1.0,2.0,1.0,0.0,6.0,1.0,-2.0,39:57,23.9,0
17,201937,Ricky Rubio,14.0,4.0,13.0,5.0,5.0,0.0,2.0,1.0,6.0,0.0,5.0,2.0,3.0,45:29,8.3,0
18,101142,Ronny Turiaf,12.0,3.0,5.0,8.0,6.0,3.0,5.0,1.0,0.0,3.0,1.0,2.0,-1.0,15:53,13.2,0
19,201601,Luc Mbah a Moute,0.0,0.0,1.0,0.0,0.0,0.0,1.0,0.0,1.0,0.0,1.0,0.0,-2.0,8:30,-0.1,0
20,203144,Alexey Shved,11.0,3.0,6.0,6.0,4.0,0.0,1.0,0.0,3.0,0.0,1.0,1.0,-4.0,17:30,8.2,0
21,203133,Robbie Hummel,10.0,3.0,5.0,2.0,2.0,2.0,7.0,2.0,1.0,0.0,2.0,0.0,9.0,31:55,13.1,0
22,201967,Dante Cunningham,13.0,6.0,12.0,2.0,1.0,3.0,0.0,2.0,1.0,0.0,2.0,2.0,7.0,25:56,8.6,0
23,200826,J.J. Barea,,,,,,,,,,,,,,,0.0,0
24,201978,Chase Budinger,,,,,,,,,,,,,,,0.0,0
25,201785,Othyus Jeffers,,,,,,,,,,,,,,,0.0,0
