,id,name,PTS,FG,FGA,FTA,FT,OREB,DREB,STL,AST,BLK,PF,TO,PLUS_MINUS,MIN,GS,WIN
0,201587,Nicolas Batum,8.0,4.0,10.0,0.0,0.0,5.0,7.0,1.0,6.0,2.0,4.0,7.0,-7.0,43:26,6.2,0
1,200746,LaMarcus Aldridge,28.0,10.0,27.0,10.0,7.0,4.0,8.0,0.0,0.0,2.0,3.0,0.0,-2.0,42:06,17.3,0
2,201577,Robin Lopez,11.0,4.0,7.0,4.0,3.0,4.0,7.0,0.0,0.0,5.0,5.0,1.0,7.0,37:53,12.7,0
3,202083,Wesley Matthews,26.0,5.0,15.0,13.0,12.0,2.0,2.0,3.0,2.0,1.0,5.0,0.0,-7.0,41:09,22.2,0
4,203081,Damian Lillard,21.0,7.0,13.0,4.0,4.0,0.0,4.0,2.0,4.0,0.0,6.0,7.0,-2.0,33:04,11.3,0
5,203086,Meyers Leonard,2.0,1.0,1.0,0.0,0.0,1.0,2.0,0.0,0.0,0.0,2.0,0.0,-4.0,8:03,2.2,0
6,203080,Thomas Robinson,0.0,0.0,0.0,2.0,0.0,4.0,0.0,0.0,0.0,0.0,3.0,1.0,-6.0,11:21,-0.2,0
7,2590,Mo Williams,10.0,5.0,15.0,0.0,0.0,1.0,1.0,1.0,11.0,0.0,5.0,3.0,-13.0,33:12,6.2,0
8,203468,CJ McCollum,7.0,3.0,8.0,0.0,0.0,1.0,3.0,0.0,1.0,0.0,1.0,1.0,9.0,14:46,3.5,0
9,203115,Will Barton,,,,,,,,,,,,,,,0.0,0
10,201964,Victor Claver,,,,,,,,,,,,,,,0.0,0
11,2248,Earl Watson,,,,,,,,,,,,,,,0.0,0
12,2748,Dorell Wright,,,,,,,,,,,,,,,0.0,0
13,202718,Chandler Parsons,16.0,7.0,15.0,2.0,2.0,1.0,6.0,2.0,3.0,1.0,5.0,1.0,9.0,48:59,12.6,1
14,203093,Terrence Jones,2.0,1.0,2.0,0.0,0.0,0.0,4.0,0.0,1.0,0.0,2.0,1.0,-20.0,19:40,1.1,1
15,2730,Dwight Howard,17.0,5.0,10.0,13.0,7.0,4.0,8.0,1.0,1.0,3.0,3.0,5.0,0.0,38:43,12.4,1
16,201935,James Harden,41.0,12.0,28.0,11.0,10.0,2.0,8.0,6.0,6.0,1.0,5.0,4.0,9.0,47:12,34.5,1
17,201976,Patrick Beverley,12.0,4.0,8.0,7.0,4.0,1.0,1.0,4.0,0.0,0.0,6.0,0.0,-3.0,36:27,9.4,1
18,201600,Omer Asik,0.0,0.0,0.0,0.0,0.0,1.0,2.0,0.0,1.0,0.0,2.0,0.0,4.0,16:12,1.2,1
19,202700,Donatas Motiejunas,0.0,0.0,1.0,0.0,0.0,0.0,3.0,0.0,0.0,0.0,1.0,1.0,4.0,8:03,-1.2,1
20,202391,Jeremy Lin,26.0,7.0,17.0,12.0,10.0,1.0,2.0,2.0,1.0,0.0,2.0,0.0,21.0,34:03,19.3,1
21,202706,Jordan Hamilton,4.0,2.0,8.0,0.0,0.0,3.0,1.0,0.0,0.0,0.0,1.0,1.0,1.0,15:41,0.2,1
22,203477,Isaiah Canaan,,,,,,,,,,,,,,,0.0,1
23,201956,Omri Casspi,,,,,,,,,,,,,,,0.0,1
24,101128,Francisco Garcia,,,,,,,,,,,,,,,0.0,1
