,id,name,PTS,FG,FGA,FTA,FT,OREB,DREB,STL,AST,BLK,PF,TO,PLUS_MINUS,MIN,GS,WIN
0,203077,Michael Kidd-Gilchrist,10.0,5.0,9.0,1.0,0.0,2.0,4.0,1.0,3.0,2.0,4.0,0.0,-1.0,19:48,10.8,0
1,201177,Josh McRoberts,9.0,3.0,5.0,0.0,0.0,0.0,3.0,0.0,10.0,0.0,2.0,3.0,13.0,30:24,10.8,0
2,2744,Al Jefferson,32.0,16.0,26.0,0.0,0.0,2.0,8.0,1.0,4.0,0.0,2.0,3.0,-4.0,39:20,24.0,0
3,201945,Gerald Henderson,11.0,4.0,8.0,2.0,1.0,1.0,2.0,0.0,3.0,0.0,4.0,2.0,2.0,24:44,6.4,0
4,2557,Luke Ridnour,9.0,4.0,9.0,0.0,0.0,0.0,2.0,3.0,5.0,0.0,1.0,0.0,11.0,31:09,11.0,0
5,203469,Cody Zeller,3.0,1.0,3.0,2.0,1.0,2.0,1.0,1.0,0.0,0.0,1.0,1.0,-16.0,17:36,2.2,0
6,202390,Gary Neal,13.0,6.0,8.0,0.0,0.0,0.0,0.0,1.0,2.0,0.0,1.0,0.0,-5.0,23:19,11.8,0
7,2457,Jannero Pargo,4.0,2.0,10.0,0.0,0.0,0.0,2.0,3.0,4.0,0.0,1.0,2.0,-14.0,16:52,1.8,0
8,201604,Chris Douglas-Roberts,12.0,3.0,8.0,7.0,6.0,0.0,2.0,2.0,2.0,0.0,0.0,1.0,-2.0,28:10,10.2,0
9,202687,Bismack Biyombo,0.0,0.0,1.0,0.0,0.0,0.0,3.0,0.0,0.0,2.0,4.0,0.0,1.0,8:40,-0.0,0
10,201229,Anthony Tolliver,,,,,,,,,,,,,,,0.0,0
11,202689,Kemba Walker,,,,,,,,,,,,,,,0.0,0
12,201591,DJ White,,,,,,,,,,,,,,,0.0,0
13,201145,Jeff Green,18.0,8.0,11.0,1.0,1.0,0.0,3.0,1.0,3.0,0.0,4.0,6.0,9.0,34:06,9.9,1
14,101138,Brandon Bass,18.0,7.0,12.0,4.0,4.0,3.0,6.0,0.0,3.0,2.0,0.0,0.0,9.0,34:22,19.8,1
15,203096,Jared Sullinger,20.0,8.0,13.0,2.0,2.0,1.0,6.0,1.0,0.0,1.0,2.0,3.0,1.0,28:05,14.5,1
16,202340,Avery Bradley,22.0,8.0,16.0,2.0,2.0,0.0,2.0,2.0,1.0,0.0,2.0,3.0,4.0,37:35,13.5,1
17,203515,Phil Pressey,10.0,4.0,11.0,0.0,0.0,0.0,5.0,3.0,13.0,0.0,1.0,4.0,-2.0,39:23,13.1,1
18,201573,Jerryd Bayless,2.0,0.0,4.0,2.0,2.0,1.0,0.0,0.0,2.0,0.0,2.0,1.0,4.0,18:55,-0.5,1
19,2743,Kris Humphries,4.0,2.0,5.0,0.0,0.0,2.0,5.0,0.0,0.0,0.0,1.0,0.0,0.0,11:26,3.8,1
20,203482,Kelly Olynyk,12.0,4.0,6.0,2.0,2.0,0.0,2.0,0.0,0.0,0.0,2.0,2.0,-4.0,22:05,7.2,1
21,203187,Chris Johnson,0.0,0.0,1.0,0.0,0.0,0.0,1.0,0.0,0.0,0.0,2.0,1.0,-6.0,14:03,-2.2,1
22,201202,Joel Anthony,,,,,,,,,,,,,,,0.0,1
23,203569,Chris Babb,,,,,,,,,,,,,,,0.0,1
24,200765,Rajon Rondo,,,,,,,,,,,,,,,0.0,1
