,id,name,PTS,FG,FGA,FTA,FT,OREB,DREB,STL,AST,BLK,PF,TO,PLUS_MINUS,MIN,GS,WIN
0,2210,Richard Jefferson,2.0,1.0,2.0,2.0,0.0,0.0,1.0,2.0,1.0,1.0,3.0,1.0,-13.0,20:24,1.7,0
1,101107,Marvin Williams,7.0,2.0,5.0,2.0,2.0,0.0,4.0,1.0,0.0,0.0,1.0,1.0,-31.0,22:04,5.1,0
2,202324,Derrick Favors,10.0,5.0,11.0,0.0,0.0,0.0,4.0,2.0,0.0,0.0,0.0,0.0,-25.0,22:35,7.5,0
3,202330,Gordon Hayward,10.0,4.0,9.0,2.0,2.0,0.0,0.0,0.0,3.0,0.0,3.0,4.0,-30.0,28:37,2.2,0
4,203504,Trey Burke,24.0,10.0,21.0,2.0,2.0,1.0,3.0,1.0,15.0,0.0,1.0,3.0,-18.0,40:12,23.0,0
5,202692,Alec Burks,24.0,5.0,10.0,16.0,14.0,0.0,4.0,4.0,5.0,0.0,2.0,2.0,-15.0,33:37,24.1,0
6,203197,Diante Garrett,0.0,0.0,2.0,0.0,0.0,0.0,0.0,0.0,0.0,0.0,0.0,0.0,-6.0,9:32,-1.4,0
7,202683,Enes Kanter,8.0,4.0,11.0,2.0,0.0,4.0,8.0,0.0,1.0,0.0,2.0,1.0,-1.0,22:47,5.2,0
8,202379,Jeremy Evans,8.0,4.0,8.0,2.0,0.0,3.0,2.0,2.0,1.0,0.0,1.0,0.0,-2.0,22:59,8.2,0
9,203546,Ian Clark,7.0,3.0,6.0,0.0,0.0,0.0,2.0,1.0,1.0,0.0,0.0,0.0,0.0,12:00,6.3,0
10,203497,Rudy Gobert,2.0,1.0,1.0,0.0,0.0,0.0,1.0,0.0,0.0,0.0,0.0,0.0,1.0,5:13,2.0,0
11,101249,John Lucas III,,,,,,,,,,,,,,,0.0,0
12,201575,Brandon Rush,,,,,,,,,,,,,,,0.0,0
13,2738,Andre Iguodala,11.0,4.0,6.0,2.0,2.0,0.0,1.0,1.0,1.0,0.0,0.0,2.0,15.0,21:35,8.4,1
14,203110,Draymond Green,11.0,5.0,6.0,0.0,0.0,0.0,4.0,1.0,1.0,1.0,2.0,2.0,26.0,26:39,9.6,1
15,101106,Andrew Bogut,6.0,3.0,4.0,0.0,0.0,1.0,10.0,1.0,2.0,0.0,4.0,1.0,16.0,22:32,7.9,1
16,202691,Klay Thompson,33.0,11.0,20.0,4.0,4.0,0.0,3.0,1.0,1.0,0.0,1.0,0.0,28.0,30:36,25.6,1
17,201939,Stephen Curry,31.0,12.0,18.0,2.0,2.0,0.0,1.0,3.0,16.0,0.0,2.0,5.0,31.0,29:28,31.9,1
18,979,Jermaine O'Neal,7.0,3.0,7.0,1.0,1.0,3.0,7.0,0.0,2.0,1.0,4.0,0.0,13.0,17:32,8.0,1
19,203084,Harrison Barnes,10.0,5.0,8.0,0.0,0.0,0.0,5.0,2.0,1.0,0.0,4.0,0.0,11.0,27:32,9.0,1
20,2581,Steve Blake,3.0,1.0,3.0,0.0,0.0,0.0,0.0,0.0,5.0,0.0,1.0,2.0,1.0,24:09,2.4,1
21,202348,Jordan Crawford,10.0,4.0,8.0,0.0,0.0,0.0,2.0,0.0,4.0,0.0,0.0,1.0,-5.0,18:54,8.4,1
22,201578,Marreese Speights,8.0,4.0,9.0,0.0,0.0,1.0,5.0,0.0,0.0,0.0,5.0,3.0,2.0,16:27,0.5,1
23,200756,Hilton Armstrong,0.0,0.0,1.0,0.0,0.0,1.0,1.0,0.0,1.0,0.0,0.0,0.0,2.0,4:36,1.0,1
24,101135,David Lee,,,,,,,,,,,,,,,0.0,1
