,id,name,PTS,FG,FGA,FTA,FT,OREB,DREB,STL,AST,BLK,PF,TO,PLUS_MINUS,MIN,GS,WIN
0,203114,Khris Middleton,7.0,3.0,8.0,0.0,0.0,2.0,3.0,0.0,0.0,0.0,2.0,0.0,-30.0,23:43,4.1,0
1,101141,Ersan Ilyasova,14.0,4.0,7.0,6.0,6.0,1.0,3.0,0.0,0.0,0.0,0.0,0.0,-11.0,23:57,12.3,0
2,2585,Zaza Pachulia,8.0,4.0,8.0,2.0,0.0,3.0,0.0,0.0,0.0,0.0,5.0,2.0,-15.0,19:51,1.3,0
3,203507,Giannis Antetokounmpo,9.0,3.0,7.0,2.0,2.0,1.0,5.0,0.0,2.0,0.0,4.0,2.0,-5.0,22:55,5.3,0
4,202688,Brandon Knight,6.0,2.0,12.0,3.0,2.0,0.0,2.0,0.0,7.0,2.0,2.0,3.0,-24.0,23:00,1.1,0
5,201564,O.J. Mayo,21.0,9.0,14.0,2.0,1.0,0.0,2.0,0.0,4.0,0.0,1.0,1.0,-1.0,27:53,16.4,0
6,202399,Jeff Adrien,13.0,4.0,8.0,8.0,5.0,0.0,4.0,1.0,1.0,0.0,5.0,0.0,-6.0,24:03,8.7,0
7,203089,John Henson,7.0,3.0,8.0,2.0,1.0,2.0,2.0,1.0,2.0,3.0,3.0,0.0,11.0,24:02,7.5,0
8,201196,Ramon Sessions,13.0,6.0,8.0,2.0,1.0,0.0,5.0,0.0,6.0,0.0,2.0,3.0,1.0,20:22,11.3,0
9,202874,Chris Wright,9.0,4.0,5.0,3.0,1.0,2.0,2.0,1.0,3.0,1.0,4.0,0.0,8.0,26:07,10.5,0
10,203545,Miroslav Raduljica,0.0,0.0,0.0,0.0,0.0,0.0,1.0,0.0,0.0,0.0,3.0,1.0,-13.0,4:07,-1.9,0
11,202327,Ekpe Udoh,,,,,,,,,,,,,,,0.0,0
12,203489,Nate Wolters,,,,,,,,,,,,,,,0.0,0
13,200752,Rudy Gay,24.0,9.0,16.0,7.0,6.0,2.0,6.0,0.0,4.0,1.0,3.0,3.0,10.0,41:03,18.5,1
14,2501,Reggie Evans,6.0,1.0,5.0,4.0,4.0,5.0,5.0,1.0,0.0,0.0,4.0,2.0,35.0,27:14,5.3,1
15,202326,DeMarcus Cousins,32.0,14.0,19.0,6.0,4.0,2.0,10.0,2.0,4.0,1.0,3.0,1.0,37.0,29:07,31.2,1
16,203463,Ben McLemore,15.0,6.0,15.0,0.0,0.0,1.0,3.0,1.0,0.0,0.0,1.0,0.0,26.0,34:06,9.1,1
17,202738,Isaiah Thomas,30.0,9.0,13.0,11.0,9.0,1.0,2.0,0.0,8.0,0.0,3.0,1.0,34.0,36:45,28.4,1
18,202682,Derrick Williams,2.0,0.0,3.0,2.0,2.0,0.0,2.0,0.0,1.0,0.0,1.0,0.0,-16.0,24:02,0.8,1
19,201574,Jason Thompson,4.0,1.0,2.0,4.0,2.0,0.0,2.0,0.0,0.0,1.0,3.0,2.0,-11.0,17:17,0.3,1
20,203492,Ray McCallum,2.0,1.0,4.0,0.0,0.0,0.0,0.0,0.0,2.0,0.0,2.0,1.0,-17.0,11:15,-0.8,1
21,2566,Travis Outlaw,5.0,2.0,6.0,0.0,0.0,0.0,0.0,0.0,0.0,0.0,3.0,0.0,-11.0,14:00,0.4,1
22,201189,Aaron Gray,4.0,1.0,2.0,2.0,2.0,2.0,1.0,1.0,0.0,0.0,0.0,0.0,-2.0,4:22,5.7,1
23,203091,Royce White,0.0,0.0,1.0,0.0,0.0,0.0,0.0,0.0,0.0,0.0,0.0,0.0,0.0,0:48,-0.7,1
