,id,name,PTS,FG,FGA,FTA,FT,OREB,DREB,STL,AST,BLK,PF,TO,PLUS_MINUS,MIN,GS,WIN
0,203527,Ryan Kelly,12.0,4.0,8.0,2.0,2.0,1.0,3.0,0.0,6.0,2.0,2.0,1.0,-12.0,28:54,13.4,0
1,202325,Wesley Johnson,10.0,4.0,11.0,0.0,0.0,2.0,2.0,0.0,0.0,0.0,3.0,0.0,-22.0,30:01,4.7,0
2,2200,Pau Gasol,14.0,5.0,12.0,6.0,4.0,3.0,3.0,0.0,2.0,2.0,1.0,2.0,-18.0,26:20,10.2,0
3,201975,Jodie Meeks,19.0,6.0,15.0,4.0,4.0,2.0,1.0,1.0,2.0,0.0,2.0,2.0,-21.0,31:02,12.2,0
4,203088,Kendall Marshall,8.0,3.0,5.0,4.0,1.0,0.0,2.0,1.0,6.0,0.0,1.0,2.0,-9.0,22:05,7.9,0
5,200770,Jordan Farmar,13.0,4.0,9.0,4.0,2.0,0.0,2.0,1.0,3.0,0.0,2.0,2.0,-20.0,25:55,8.4,0
6,203145,Kent Bazemore,16.0,7.0,17.0,1.0,0.0,0.0,7.0,1.0,1.0,0.0,4.0,2.0,-19.0,27:17,6.7,0
7,202333,Xavier Henry,7.0,3.0,14.0,2.0,1.0,2.0,3.0,3.0,3.0,0.0,1.0,1.0,-9.0,21:53,4.0,0
8,203135,Robert Sacre,3.0,1.0,2.0,2.0,1.0,2.0,2.0,0.0,0.0,1.0,3.0,1.0,-11.0,21:40,2.1,0
9,202705,MarShon Brooks,0.0,0.0,1.0,0.0,0.0,0.0,0.0,0.0,0.0,0.0,0.0,1.0,-4.0,4:53,-1.7,0
10,201941,Jordan Hill,,,,,,,,,,,,,,,0.0,0
11,2549,Chris Kaman,,,,,,,,,,,,,,,0.0,0
12,201156,Nick Young,,,,,,,,,,,,,,,0.0,0
13,201142,Kevin Durant,29.0,8.0,17.0,11.0,11.0,0.0,4.0,1.0,3.0,3.0,4.0,3.0,20.0,30:24,22.1,1
14,201586,Serge Ibaka,15.0,6.0,9.0,2.0,2.0,5.0,8.0,2.0,0.0,7.0,2.0,1.0,21.0,28:55,22.1,1
15,203500,Steven Adams,4.0,2.0,3.0,0.0,0.0,1.0,2.0,0.0,1.0,0.0,3.0,1.0,8.0,11:38,2.5,1
16,203460,Andre Roberson,8.0,3.0,6.0,2.0,2.0,2.0,5.0,1.0,0.0,0.0,4.0,1.0,8.0,24:07,6.3,1
17,201566,Russell Westbrook,29.0,9.0,17.0,9.0,7.0,1.0,1.0,3.0,9.0,1.0,2.0,3.0,17.0,23:20,27.1,1
18,203103,Perry Jones III,7.0,2.0,5.0,2.0,2.0,2.0,3.0,0.0,0.0,0.0,1.0,2.0,22.0,23:20,4.2,1
19,2406,Caron Butler,11.0,4.0,10.0,0.0,0.0,0.0,6.0,0.0,2.0,0.0,3.0,1.0,19.0,28:31,6.6,1
20,202704,Reggie Jackson,8.0,3.0,8.0,2.0,2.0,0.0,8.0,0.0,6.0,0.0,1.0,0.0,1.0,21:56,9.8,1
21,2555,Nick Collison,6.0,2.0,2.0,2.0,2.0,2.0,4.0,1.0,0.0,0.0,3.0,1.0,0.0,12:13,6.8,1
22,965,Derek Fisher,5.0,2.0,5.0,0.0,0.0,0.0,1.0,2.0,0.0,0.0,3.0,1.0,9.0,17:16,2.4,1
23,201934,Hasheem Thabeet,2.0,1.0,1.0,0.0,0.0,0.0,3.0,0.0,0.0,0.0,1.0,1.0,8.0,6:52,1.2,1
24,203087,Jeremy Lamb,2.0,1.0,2.0,0.0,0.0,0.0,2.0,0.0,3.0,0.0,0.0,1.0,8.0,6:52,2.7,1
25,202130,Reggie Williams,5.0,2.0,4.0,0.0,0.0,0.0,0.0,0.0,0.0,0.0,0.0,1.0,4.0,4:36,2.0,1
