,id,name,PTS,FG,FGA,FTA,FT,OREB,DREB,STL,AST,BLK,PF,TO,PLUS_MINUS,MIN,GS,WIN
0,2419,Tayshaun Prince,4.0,2.0,10.0,0.0,0.0,0.0,0.0,0.0,5.0,0.0,1.0,0.0,-5.0,28:39,0.9,0
1,2216,Zach Randolph,13.0,6.0,15.0,2.0,1.0,4.0,9.0,2.0,1.0,0.0,2.0,2.0,-13.0,37:36,9.9,0
2,201188,Marc Gasol,13.0,5.0,11.0,4.0,3.0,0.0,3.0,0.0,1.0,0.0,2.0,1.0,-9.0,37:36,6.7,0
3,201584,Courtney Lee,11.0,3.0,10.0,5.0,4.0,0.0,4.0,1.0,1.0,1.0,4.0,2.0,-6.0,36:32,4.8,0
4,201979,Nick Calathes,8.0,4.0,11.0,0.0,0.0,1.0,2.0,4.0,3.0,0.0,3.0,0.0,-4.0,28:48,8.1,0
5,201585,Kosta Koufos,7.0,3.0,6.0,2.0,1.0,3.0,1.0,1.0,0.0,1.0,3.0,0.0,4.0,13:45,6.5,0
6,2034,Mike Miller,11.0,4.0,9.0,2.0,2.0,1.0,0.0,0.0,1.0,0.0,0.0,1.0,-4.0,23:54,6.7,0
7,201949,James Johnson,8.0,4.0,8.0,0.0,0.0,2.0,4.0,0.0,4.0,2.0,4.0,3.0,-11.0,23:39,6.2,0
8,202334,Ed Davis,2.0,1.0,1.0,0.0,0.0,0.0,1.0,0.0,2.0,0.0,0.0,0.0,1.0,6:12,3.4,0
9,203479,Jamaal Franklin,0.0,0.0,0.0,0.0,0.0,0.0,0.0,0.0,0.0,0.0,2.0,2.0,2.0,3:19,-2.8,0
10,2754,Tony Allen,,,,,,,,,,,,,,,0.0,0
11,202720,Jon Leuer,,,,,,,,,,,,,,,0.0,0
12,201142,Kevin Durant,31.0,11.0,21.0,10.0,7.0,2.0,6.0,1.0,8.0,1.0,2.0,5.0,12.0,40:11,24.2,1
13,201586,Serge Ibaka,21.0,10.0,17.0,1.0,1.0,3.0,9.0,0.0,1.0,1.0,3.0,1.0,7.0,37:02,17.1,1
14,2570,Kendrick Perkins,1.0,0.0,1.0,2.0,1.0,0.0,8.0,1.0,0.0,2.0,4.0,3.0,9.0,25:24,0.1,1
15,200757,Thabo Sefolosha,7.0,2.0,5.0,3.0,2.0,0.0,2.0,1.0,2.0,0.0,0.0,1.0,14.0,30:28,5.9,1
16,202704,Reggie Jackson,12.0,6.0,15.0,0.0,0.0,0.0,2.0,1.0,2.0,0.0,1.0,3.0,7.0,33:31,3.5,1
17,965,Derek Fisher,3.0,1.0,3.0,0.0,0.0,0.0,1.0,0.0,0.0,0.0,1.0,1.0,2.0,14:29,0.2,1
18,203500,Steven Adams,3.0,1.0,2.0,4.0,1.0,3.0,2.0,1.0,1.0,4.0,5.0,1.0,0.0,22:36,5.0,1
19,203087,Jeremy Lamb,4.0,2.0,6.0,1.0,0.0,0.0,1.0,1.0,1.0,0.0,3.0,0.0,-6.0,12:18,1.0,1
20,203460,Andre Roberson,0.0,0.0,0.0,0.0,0.0,0.0,1.0,0.0,0.0,0.0,0.0,0.0,0.0,0:18,0.3,1
21,2555,Nick Collison,2.0,1.0,2.0,0.0,0.0,2.0,1.0,0.0,2.0,1.0,1.0,0.0,2.0,10:49,4.4,1
22,203103,Perry Jones III,2.0,0.0,4.0,2.0,2.0,0.0,1.0,1.0,0.0,0.0,0.0,1.0,-2.0,12:53,-0.5,1
23,201934,Hasheem Thabeet,,,,,,,,,,,,,,,0.0,1
