,id,name,PTS,FG,FGA,FTA,FT,OREB,DREB,STL,AST,BLK,PF,TO,PLUS_MINUS,MIN,GS,WIN
0,202325,Wesley Johnson,11.0,5.0,17.0,0.0,0.0,1.0,10.0,0.0,2.0,0.0,1.0,0.0,3.0,34:38,5.8,1
1,203527,Ryan Kelly,12.0,6.0,11.0,0.0,0.0,1.0,7.0,0.0,2.0,0.0,3.0,1.0,9.0,36:36,8.7,1
2,201941,Jordan Hill,18.0,7.0,13.0,6.0,4.0,3.0,11.0,1.0,2.0,2.0,1.0,0.0,16.0,27:51,19.7,1
3,201975,Jodie Meeks,14.0,5.0,6.0,2.0,2.0,0.0,3.0,2.0,3.0,0.0,1.0,1.0,18.0,30:25,15.4,1
4,203088,Kendall Marshall,15.0,5.0,7.0,2.0,1.0,0.0,2.0,0.0,11.0,0.0,2.0,4.0,13.0,27:32,15.2,1
5,201156,Nick Young,16.0,6.0,12.0,3.0,2.0,0.0,6.0,1.0,2.0,0.0,2.0,0.0,3.0,29:50,13.0,1
6,203135,Robert Sacre,10.0,4.0,10.0,2.0,2.0,1.0,2.0,0.0,1.0,0.0,5.0,0.0,1.0,23:55,4.6,1
7,200770,Jordan Farmar,10.0,4.0,11.0,0.0,0.0,0.0,2.0,0.0,6.0,0.0,1.0,2.0,0.0,20:28,6.3,1
8,202705,MarShon Brooks,7.0,3.0,4.0,2.0,1.0,0.0,1.0,0.0,0.0,0.0,1.0,1.0,2.0,8:45,3.9,1
9,203145,Kent Bazemore,,,,,,,,,,,,,,,0.0,1
10,2200,Pau Gasol,,,,,,,,,,,,,,,0.0,1
11,2549,Chris Kaman,,,,,,,,,,,,,,,0.0,1
12,959,Steve Nash,,,,,,,,,,,,,,,0.0,1
13,202695,Kawhi Leonard,14.0,6.0,10.0,0.0,0.0,0.0,5.0,0.0,4.0,2.0,3.0,0.0,-1.0,23:43,13.9,0
14,203382,Aron Baynes,2.0,1.0,3.0,0.0,0.0,3.0,1.0,0.0,0.0,0.0,1.0,0.0,-9.0,14:30,2.3,0
15,201168,Tiago Splitter,12.0,6.0,13.0,0.0,0.0,4.0,4.0,0.0,1.0,1.0,1.0,1.0,-8.0,26:20,9.3,0
16,201980,Danny Green,8.0,3.0,13.0,0.0,0.0,1.0,5.0,0.0,0.0,1.0,1.0,0.0,-20.0,19:40,2.6,0
17,2225,Tony Parker,12.0,5.0,10.0,2.0,2.0,0.0,2.0,1.0,4.0,0.0,2.0,0.0,-5.0,15:51,10.6,0
18,1938,Manu Ginobili,10.0,4.0,9.0,0.0,0.0,0.0,1.0,1.0,5.0,0.0,3.0,2.0,-5.0,22:56,6.9,0
19,2564,Boris Diaw,0.0,0.0,4.0,0.0,0.0,0.0,3.0,0.0,4.0,0.0,0.0,1.0,-5.0,16:45,-0.1,0
20,201965,Jeff Ayres,2.0,1.0,4.0,0.0,0.0,2.0,4.0,0.0,2.0,1.0,3.0,1.0,-5.0,21:40,2.1,0
21,201988,Patty Mills,9.0,4.0,9.0,0.0,0.0,0.0,2.0,0.0,1.0,0.0,0.0,1.0,3.0,14:11,4.6,0
22,202709,Cory Joseph,12.0,5.0,11.0,2.0,2.0,0.0,2.0,1.0,3.0,0.0,2.0,2.0,-5.0,21:29,7.2,0
23,2588,Matt Bonner,6.0,2.0,5.0,0.0,0.0,0.0,8.0,0.0,0.0,1.0,0.0,0.0,1.0,16:45,6.4,0
24,201948,Austin Daye,13.0,4.0,6.0,6.0,4.0,0.0,2.0,0.0,0.0,0.0,2.0,1.0,-4.0,14:10,8.4,0
25,202345,Damion James,0.0,0.0,2.0,0.0,0.0,0.0,0.0,0.0,1.0,0.0,1.0,0.0,-2.0,12:00,-1.1,0
