,id,name,PTS,FG,FGA,FTA,FT,OREB,DREB,STL,AST,BLK,PF,TO,PLUS_MINUS,MIN,GS,WIN
0,2546,Carmelo Anthony,19.0,6.0,16.0,8.0,6.0,2.0,5.0,3.0,5.0,1.0,1.0,1.0,12.0,36:30,18.1,1
1,200745,Andrea Bargnani,13.0,6.0,12.0,0.0,0.0,1.0,5.0,0.0,0.0,0.0,3.0,3.0,7.0,26:22,5.0,1
2,2199,Tyson Chandler,0.0,0.0,1.0,0.0,0.0,0.0,1.0,0.0,0.0,0.0,0.0,1.0,-4.0,4:24,-1.4,1
3,202697,Iman Shumpert,9.0,3.0,5.0,2.0,2.0,1.0,5.0,3.0,0.0,0.0,2.0,2.0,9.0,30:24,9.1,1
4,2757,Beno Udrih,4.0,2.0,6.0,0.0,0.0,0.0,3.0,2.0,8.0,0.0,2.0,3.0,9.0,32:54,5.3,1
5,2030,Kenyon Martin,14.0,7.0,8.0,0.0,0.0,3.0,3.0,0.0,2.0,1.0,3.0,2.0,15.0,28:57,13.1,1
6,2747,JR Smith,7.0,3.0,8.0,0.0,0.0,0.0,7.0,0.0,3.0,0.0,2.0,1.0,11.0,30:56,5.0,1
7,203315,Toure' Murry,5.0,2.0,5.0,2.0,1.0,0.0,2.0,0.0,2.0,0.0,2.0,0.0,0.0,14:42,3.1,1
8,202332,Cole Aldrich,0.0,0.0,0.0,0.0,0.0,0.0,0.0,0.0,0.0,0.0,0.0,0.0,0.0,0:50,0.0,1
9,2405,Amar'e Stoudemire,11.0,4.0,9.0,3.0,3.0,2.0,5.0,0.0,0.0,1.0,2.0,1.0,1.0,21:44,8.1,1
10,203501,Tim Hardaway Jr.,10.0,4.0,6.0,1.0,1.0,0.0,2.0,0.0,0.0,0.0,1.0,0.0,0.0,11:30,7.6,1
11,202719,Jeremy Tyler,0.0,0.0,0.0,0.0,0.0,0.0,0.0,0.0,0.0,0.0,0.0,0.0,0.0,0:48,0.0,1
12,1897,Metta World Peace,,,,,,,,,,,,,,,0.0,1
13,1890,Shawn Marion,2.0,1.0,6.0,0.0,0.0,1.0,3.0,2.0,0.0,0.0,2.0,1.0,2.0,31:25,0.0,0
14,1717,Dirk Nowitzki,18.0,6.0,11.0,9.0,5.0,0.0,9.0,1.0,1.0,0.0,0.0,1.0,-8.0,34:09,14.5,0
15,201971,DeJuan Blair,11.0,5.0,6.0,1.0,1.0,1.0,4.0,1.0,0.0,0.0,4.0,3.0,-9.0,25:39,7.1,0
16,101145,Monta Ellis,13.0,6.0,13.0,0.0,0.0,0.0,3.0,2.0,3.0,0.0,0.0,3.0,-11.0,38:49,8.3,0
17,101181,Jose Calderon,12.0,5.0,13.0,0.0,0.0,1.0,1.0,0.0,6.0,0.0,1.0,2.0,-5.0,36:26,7.7,0
18,201148,Brandan Wright,7.0,3.0,5.0,2.0,1.0,4.0,1.0,0.0,1.0,0.0,5.0,0.0,-3.0,21:31,6.1,0
19,1713,Vince Carter,13.0,4.0,13.0,6.0,3.0,0.0,4.0,0.0,1.0,1.0,3.0,0.0,-8.0,23:55,5.7,0
20,203109,Jae Crowder,0.0,0.0,3.0,0.0,0.0,0.0,2.0,0.0,0.0,0.0,2.0,0.0,-7.0,11:49,-2.3,0
21,203499,Shane Larkin,4.0,2.0,5.0,0.0,0.0,0.0,0.0,0.0,0.0,0.0,0.0,0.0,-4.0,7:23,1.3,0
22,201961,Wayne Ellington,0.0,0.0,1.0,0.0,0.0,0.0,0.0,0.0,0.0,0.0,0.0,0.0,-4.0,4:04,-0.7,0
23,203539,Gal Mekel,0.0,0.0,2.0,0.0,0.0,0.0,0.0,0.0,1.0,0.0,0.0,0.0,-3.0,4:02,-0.7,0
24,203108,Bernard James,0.0,0.0,0.0,0.0,0.0,0.0,0.0,0.0,0.0,0.0,0.0,0.0,0.0,0:48,0.0,0
25,2223,Samuel Dalembert,,,,,,,,,,,,,,,0.0,0
