,id,name,PTS,FG,FGA,FTA,FT,OREB,DREB,STL,AST,BLK,PF,TO,PLUS_MINUS,MIN,GS,WIN
0,201167,Arron Afflalo,10.0,4.0,11.0,2.0,2.0,0.0,1.0,1.0,3.0,0.0,3.0,1.0,-12.0,34:56,5.1,0
1,201175,Glen Davis,5.0,1.0,4.0,5.0,3.0,1.0,3.0,1.0,4.0,0.0,0.0,0.0,-7.0,31:27,7.2,0
2,202696,Nikola Vucevic,16.0,6.0,12.0,4.0,4.0,5.0,5.0,2.0,0.0,0.0,2.0,0.0,-8.0,20:29,16.2,0
3,203506,Victor Oladipo,12.0,3.0,14.0,8.0,5.0,0.0,2.0,1.0,3.0,0.0,3.0,3.0,-17.0,38:37,1.7,0
4,2749,Jameer Nelson,13.0,5.0,15.0,0.0,0.0,0.0,2.0,1.0,4.0,0.0,2.0,0.0,-15.0,38:46,8.1,0
5,202734,E'Twaun Moore,9.0,4.0,8.0,0.0,0.0,0.0,2.0,1.0,0.0,0.0,2.0,0.0,1.0,19:41,5.8,0
6,202699,Tobias Harris,9.0,2.0,8.0,5.0,5.0,3.0,8.0,1.0,3.0,1.0,1.0,2.0,-12.0,27:09,10.1,0
7,203124,Kyle O'Quinn,6.0,2.0,5.0,2.0,2.0,1.0,4.0,1.0,0.0,4.0,0.0,0.0,-4.0,13:38,9.0,0
8,203090,Maurice Harkless,3.0,1.0,6.0,0.0,0.0,0.0,2.0,1.0,0.0,0.0,1.0,0.0,-2.0,12:00,0.4,0
9,203094,Andrew Nicholson,0.0,0.0,1.0,0.0,0.0,0.0,0.0,0.0,0.0,0.0,0.0,0.0,1.0,3:17,-0.7,0
10,203117,Doron Lamb,,,,,,,,,,,,,,,0.0,0
11,101131,Jason Maxiell,,,,,,,,,,,,,,,0.0,0
12,101179,Ronnie Price,,,,,,,,,,,,,,,0.0,0
13,203082,Terrence Ross,12.0,4.0,13.0,2.0,2.0,0.0,8.0,0.0,4.0,2.0,0.0,2.0,14.0,36:56,9.1,1
14,101161,Amir Johnson,22.0,10.0,20.0,2.0,1.0,2.0,9.0,2.0,3.0,0.0,4.0,1.0,22.0,35:18,17.2,1
15,202685,Jonas Valanciunas,14.0,6.0,11.0,2.0,2.0,5.0,10.0,0.0,0.0,1.0,3.0,1.0,14.0,31:45,13.7,1
16,202349,Greivis Vasquez,6.0,2.0,7.0,0.0,0.0,0.0,1.0,0.0,6.0,0.0,3.0,3.0,10.0,37:28,2.2,1
17,200768,Kyle Lowry,33.0,11.0,20.0,7.0,5.0,3.0,4.0,0.0,11.0,0.0,3.0,4.0,19.0,37:27,28.4,1
18,2422,John Salmons,3.0,1.0,6.0,0.0,0.0,0.0,1.0,1.0,0.0,0.0,3.0,2.0,5.0,22:33,-2.7,1
19,101236,Chuck Hayes,2.0,1.0,6.0,0.0,0.0,3.0,4.0,0.0,1.0,0.0,1.0,0.0,7.0,12:19,1.8,1
20,200779,Steve Novak,6.0,2.0,3.0,0.0,0.0,0.0,0.0,0.0,1.0,0.0,1.0,0.0,-6.0,13:06,5.0,1
21,202933,Julyan Stone,0.0,0.0,1.0,0.0,0.0,0.0,3.0,1.0,0.0,0.0,1.0,0.0,-2.0,7:24,0.8,1
22,201946,Tyler Hansbrough,0.0,0.0,0.0,0.0,0.0,0.0,1.0,1.0,0.0,0.0,1.0,1.0,-8.0,5:44,-0.1,1
23,202779,Dwight Buycks,,,,,,,,,,,,,,,0.0,1
24,201948,Austin Daye,,,,,,,,,,,,,,,0.0,1
25,202335,Patrick Patterson,,,,,,,,,,,,,,,0.0,1
