,id,name,PTS,FG,FGA,FTA,FT,OREB,DREB,STL,AST,BLK,PF,TO,PLUS_MINUS,MIN,GS,WIN
0,201145,Jeff Green,39.0,14.0,26.0,5.0,3.0,0.0,9.0,3.0,1.0,1.0,2.0,1.0,10.0,45:44,30.9,1
1,203096,Jared Sullinger,14.0,5.0,11.0,4.0,3.0,3.0,8.0,0.0,1.0,1.0,3.0,4.0,3.0,33:30,8.6,1
2,2743,Kris Humphries,8.0,3.0,10.0,2.0,2.0,0.0,6.0,2.0,3.0,3.0,1.0,0.0,4.0,34:56,9.8,1
3,2222,Gerald Wallace,9.0,2.0,4.0,6.0,5.0,1.0,5.0,4.0,9.0,1.0,2.0,2.0,-8.0,40:27,17.0,1
4,203515,Phil Pressey,20.0,7.0,10.0,2.0,1.0,0.0,1.0,2.0,4.0,1.0,6.0,5.0,7.0,34:31,13.8,1
5,203187,Chris Johnson,9.0,3.0,9.0,2.0,2.0,0.0,2.0,4.0,1.0,0.0,2.0,2.0,-5.0,29:35,6.4,1
6,101138,Brandon Bass,8.0,4.0,10.0,0.0,0.0,0.0,2.0,0.0,0.0,1.0,3.0,2.0,-10.0,22:10,0.7,1
7,203482,Kelly Olynyk,4.0,2.0,6.0,0.0,0.0,1.0,2.0,0.0,1.0,0.0,2.0,0.0,-3.0,14:59,1.8,1
8,201202,Joel Anthony,0.0,0.0,1.0,0.0,0.0,0.0,0.0,0.0,0.0,0.0,1.0,0.0,6.0,4:55,-1.1,1
9,203505,Vander Blue,2.0,1.0,2.0,2.0,0.0,0.0,2.0,0.0,1.0,0.0,0.0,2.0,6.0,4:13,-0.5,1
10,203543,Vitor Faverani,,,,,,,,,,,,,,,0.0,1
11,200765,Rajon Rondo,,,,,,,,,,,,,,,0.0,1
12,2772,Trevor Ariza,14.0,5.0,8.0,0.0,0.0,0.0,2.0,3.0,2.0,1.0,3.0,2.0,6.0,42:48,12.9,0
13,2403,Nene,17.0,7.0,14.0,5.0,3.0,3.0,6.0,1.0,3.0,1.0,3.0,2.0,-2.0,33:51,13.7,0
14,101162,Marcin Gortat,11.0,4.0,8.0,5.0,3.0,2.0,11.0,3.0,2.0,1.0,2.0,1.0,4.0,44:22,14.2,0
15,203078,Bradley Beal,14.0,7.0,16.0,0.0,0.0,1.0,2.0,0.0,4.0,1.0,1.0,3.0,-5.0,30:18,7.0,0
16,202322,John Wall,28.0,9.0,29.0,13.0,10.0,1.0,10.0,3.0,10.0,0.0,5.0,6.0,-1.0,44:04,15.8,0
17,202338,Kevin Seraphin,4.0,2.0,3.0,0.0,0.0,0.0,1.0,0.0,0.0,0.0,1.0,0.0,-2.0,7:27,2.6,0
18,101110,Martell Webster,10.0,3.0,9.0,1.0,1.0,0.0,2.0,0.0,0.0,0.0,4.0,2.0,-5.0,32:58,1.9,0
19,202344,Trevor Booker,9.0,4.0,6.0,1.0,1.0,5.0,3.0,0.0,2.0,0.0,3.0,0.0,-4.0,20:18,11.0,0
20,202066,Garrett Temple,4.0,1.0,1.0,2.0,2.0,0.0,1.0,0.0,0.0,0.0,1.0,2.0,-1.0,8:56,1.6,0
21,201953,Eric Maynor,,,,,,,,,,,,,,,0.0,0
22,203490,Otto Porter Jr.,,,,,,,,,,,,,,,0.0,0
23,202698,Chris Singleton,,,,,,,,,,,,,,,0.0,0
24,202686,Jan Vesely,,,,,,,,,,,,,,,0.0,0
