,id,name,PTS,FG,FGA,FTA,FT,OREB,DREB,STL,AST,BLK,PF,TO,PLUS_MINUS,MIN,GS,WIN
0,202331,Paul George,35.0,12.0,26.0,12.0,9.0,0.0,5.0,5.0,4.0,2.0,3.0,1.0,6.0,48:50,28.9,1
1,2561,David West,10.0,4.0,13.0,4.0,2.0,1.0,9.0,1.0,2.0,2.0,2.0,0.0,2.0,40:26,8.1,1
2,201579,Roy Hibbert,8.0,2.0,5.0,3.0,3.0,2.0,6.0,0.0,0.0,2.0,5.0,2.0,10.0,36:53,5.9,1
3,201588,George Hill,23.0,7.0,18.0,8.0,5.0,2.0,6.0,0.0,3.0,1.0,1.0,2.0,8.0,43:25,15.6,1
4,202362,Lance Stephenson,9.0,3.0,10.0,3.0,3.0,2.0,7.0,0.0,5.0,1.0,4.0,4.0,-4.0,42:17,5.3,1
5,2449,Luis Scola,8.0,3.0,4.0,2.0,2.0,1.0,3.0,1.0,0.0,0.0,1.0,2.0,6.0,16:08,6.6,1
6,203111,Orlando Johnson,0.0,0.0,2.0,0.0,0.0,0.0,1.0,0.0,1.0,0.0,0.0,0.0,1.0,5:01,-0.4,1
7,203142,Chris Copeland,3.0,1.0,3.0,0.0,0.0,0.0,1.0,0.0,0.0,0.0,2.0,0.0,7.0,6:35,0.8,1
8,101133,Ian Mahinmi,0.0,0.0,0.0,0.0,0.0,1.0,1.0,0.0,0.0,0.0,1.0,1.0,-8.0,9:39,-0.4,1
9,201228,C.J. Watson,7.0,1.0,6.0,4.0,4.0,1.0,0.0,0.0,1.0,0.0,0.0,2.0,7.0,15:47,2.6,1
10,2446,Rasual Butler,,,,,,,,,,,,,,,0.0,1
11,203524,Solomon Hill,,,,,,,,,,,,,,,0.0,1
12,202388,Donald Sloan,,,,,,,,,,,,,,,0.0,1
13,2546,Carmelo Anthony,30.0,10.0,28.0,10.0,10.0,9.0,9.0,0.0,3.0,2.0,4.0,4.0,-4.0,41:49,21.3,0
14,2030,Kenyon Martin,6.0,3.0,8.0,2.0,0.0,1.0,8.0,1.0,2.0,2.0,5.0,4.0,-6.0,38:04,1.7,0
15,200745,Andrea Bargnani,10.0,4.0,16.0,2.0,1.0,2.0,6.0,0.0,0.0,1.0,6.0,0.0,3.0,37:53,1.5,0
16,202697,Iman Shumpert,4.0,1.0,6.0,2.0,2.0,1.0,3.0,5.0,2.0,0.0,5.0,1.0,5.0,36:21,5.2,0
17,2757,Beno Udrih,19.0,8.0,15.0,0.0,0.0,2.0,6.0,0.0,4.0,0.0,4.0,2.0,-1.0,37:50,14.1,0
18,2747,JR Smith,21.0,8.0,19.0,1.0,1.0,1.0,4.0,2.0,0.0,0.0,2.0,1.0,-11.0,38:08,13.0,0
19,1897,Metta World Peace,2.0,1.0,5.0,0.0,0.0,0.0,0.0,0.0,1.0,0.0,3.0,0.0,-12.0,16:14,-1.6,0
20,203143,Pablo Prigioni,2.0,1.0,2.0,0.0,0.0,0.0,0.0,1.0,3.0,0.0,3.0,3.0,-5.0,14:36,-0.1,0
21,202332,Cole Aldrich,0.0,0.0,0.0,0.0,0.0,0.0,0.0,0.0,0.0,0.0,0.0,0.0,-3.0,0:02,0.0,0
22,203501,Tim Hardaway Jr.,2.0,1.0,1.0,0.0,0.0,0.0,0.0,0.0,0.0,0.0,0.0,0.0,-1.0,4:03,1.7,0
23,101109,Raymond Felton,,,,,,,,,,,,,,,0.0,0
24,203315,Toure' Murry,,,,,,,,,,,,,,,0.0,0
25,2405,Amar'e Stoudemire,,,,,,,,,,,,,,,0.0,0
