,id,name,PTS,FG,FGA,FTA,FT,OREB,DREB,STL,AST,BLK,PF,TO,PLUS_MINUS,MIN,GS,WIN
0,201956,Omri Casspi,9.0,4.0,10.0,0.0,0.0,1.0,7.0,0.0,1.0,0.0,1.0,0.0,6.0,28:39,6.7,0
1,203093,Terrence Jones,17.0,7.0,11.0,6.0,3.0,5.0,3.0,0.0,4.0,0.0,1.0,1.0,4.0,26:26,16.7,0
2,2730,Dwight Howard,7.0,1.0,5.0,7.0,5.0,0.0,4.0,0.0,4.0,3.0,3.0,3.0,1.0,25:31,5.0,0
3,203584,Troy Daniels,22.0,8.0,16.0,0.0,0.0,0.0,1.0,0.0,5.0,0.0,4.0,1.0,-2.0,43:55,15.2,0
4,201976,Patrick Beverley,14.0,4.0,6.0,5.0,4.0,0.0,2.0,0.0,2.0,0.0,0.0,4.0,3.0,22:09,9.0,0
5,202706,Jordan Hamilton,14.0,5.0,10.0,0.0,0.0,0.0,1.0,1.0,3.0,0.0,2.0,1.0,-7.0,27:03,10.6,0
6,203477,Isaiah Canaan,2.0,1.0,6.0,2.0,0.0,0.0,1.0,1.0,4.0,0.0,2.0,0.0,-8.0,25:51,0.7,0
7,202700,Donatas Motiejunas,11.0,3.0,9.0,4.0,4.0,7.0,3.0,1.0,0.0,0.0,1.0,3.0,-12.0,16:59,9.3,0
8,2694,Josh Powell,4.0,2.0,6.0,0.0,0.0,0.0,5.0,0.0,0.0,1.0,1.0,1.0,-7.0,19:22,1.4,0
9,203496,Robert Covington,0.0,0.0,2.0,0.0,0.0,0.0,1.0,0.0,0.0,0.0,1.0,0.0,-3.0,4:05,-1.5,0
10,201600,Omer Asik,,,,,,,,,,,,,,,0.0,0
11,202391,Jeremy Lin,,,,,,,,,,,,,,,0.0,0
12,202718,Chandler Parsons,,,,,,,,,,,,,,,0.0,0
13,203121,Darius Miller,9.0,4.0,7.0,0.0,0.0,2.0,1.0,2.0,1.0,0.0,1.0,0.0,4.0,34:16,9.7,1
14,203481,Jeff Withey,6.0,3.0,5.0,0.0,0.0,1.0,5.0,1.0,1.0,5.0,4.0,1.0,10.0,19:56,8.5,1
15,201582,Alexis Ajinca,11.0,5.0,7.0,2.0,1.0,1.0,3.0,1.0,2.0,3.0,4.0,1.0,-1.0,23:13,11.2,1
16,201936,Tyreke Evans,25.0,11.0,20.0,4.0,2.0,2.0,4.0,0.0,10.0,1.0,2.0,2.0,4.0,35:14,22.1,1
17,203085,Austin Rivers,18.0,6.0,11.0,5.0,4.0,0.0,5.0,3.0,8.0,0.0,2.0,3.0,7.0,43:58,18.6,1
18,2408,Melvin Ely,4.0,2.0,3.0,0.0,0.0,0.0,0.0,0.0,0.0,1.0,4.0,0.0,-11.0,17:26,1.8,1
19,201627,Anthony Morrow,15.0,6.0,14.0,3.0,2.0,1.0,2.0,2.0,1.0,0.0,0.0,0.0,7.0,27:03,11.2,1
20,203148,Brian Roberts,3.0,0.0,0.0,4.0,3.0,0.0,1.0,0.0,1.0,0.0,1.0,0.0,-2.0,4:02,3.2,1
21,202337,Luke Babbitt,8.0,3.0,10.0,2.0,1.0,2.0,6.0,1.0,0.0,0.0,0.0,1.0,-1.0,17:27,5.0,1
22,202329,Al-Farouq Aminu,6.0,3.0,5.0,0.0,0.0,2.0,4.0,0.0,0.0,0.0,0.0,0.0,8.0,17:25,6.3,1
23,203076,Anthony Davis,,,,,,,,,,,,,,,0.0,1
24,201569,Eric Gordon,,,,,,,,,,,,,,,0.0,1
25,203480,James Southerland,,,,,,,,,,,,,,,0.0,1
