,id,name,PTS,FG,FGA,FTA,FT,OREB,DREB,STL,AST,BLK,PF,TO,PLUS_MINUS,MIN,GS,WIN
0,2419,Tayshaun Prince,7.0,3.0,10.0,0.0,0.0,0.0,5.0,0.0,3.0,0.0,0.0,1.0,-2.0,32:35,3.8,1
1,2216,Zach Randolph,15.0,6.0,17.0,5.0,3.0,3.0,5.0,0.0,3.0,0.0,2.0,3.0,7.0,34:23,6.6,1
2,201188,Marc Gasol,9.0,3.0,7.0,4.0,3.0,1.0,6.0,0.0,2.0,1.0,3.0,2.0,-5.0,31:22,6.3,1
3,201584,Courtney Lee,19.0,6.0,9.0,6.0,6.0,1.0,0.0,1.0,2.0,0.0,2.0,1.0,-7.0,28:29,16.4,1
4,201144,Mike Conley,14.0,6.0,11.0,0.0,0.0,1.0,3.0,1.0,3.0,0.0,1.0,0.0,4.0,33:17,13.0,1
5,201979,Nick Calathes,2.0,1.0,3.0,0.0,0.0,0.0,1.0,1.0,2.0,0.0,0.0,2.0,-3.0,14:43,1.0,1
6,202334,Ed Davis,10.0,5.0,8.0,0.0,0.0,2.0,3.0,1.0,0.0,0.0,3.0,0.0,-1.0,17:27,8.5,1
7,201949,James Johnson,10.0,5.0,9.0,1.0,0.0,2.0,5.0,1.0,5.0,2.0,2.0,3.0,2.0,25:29,10.3,1
8,201585,Kosta Koufos,0.0,0.0,2.0,0.0,0.0,1.0,1.0,0.0,0.0,0.0,1.0,1.0,2.0,4:26,-1.8,1
9,2034,Mike Miller,2.0,1.0,2.0,0.0,0.0,0.0,2.0,0.0,1.0,0.0,2.0,2.0,8.0,17:49,-0.5,1
10,2754,Tony Allen,,,,,,,,,,,,,,,0.0,1
11,203479,Jamaal Franklin,,,,,,,,,,,,,,,0.0,1
12,202720,Jon Leuer,,,,,,,,,,,,,,,0.0,1
13,202718,Chandler Parsons,34.0,11.0,17.0,2.0,2.0,2.0,2.0,0.0,1.0,0.0,3.0,2.0,-6.0,43:01,26.0,0
14,203093,Terrence Jones,9.0,4.0,10.0,0.0,0.0,0.0,3.0,1.0,2.0,0.0,2.0,2.0,-3.0,27:33,4.1,0
15,2730,Dwight Howard,11.0,5.0,10.0,2.0,1.0,1.0,11.0,0.0,0.0,2.0,5.0,3.0,7.0,30:20,6.0,0
16,201935,James Harden,10.0,2.0,11.0,6.0,5.0,0.0,2.0,1.0,13.0,0.0,2.0,1.0,4.0,39:46,11.6,0
17,201976,Patrick Beverley,3.0,1.0,11.0,0.0,0.0,2.0,1.0,0.0,2.0,1.0,5.0,0.0,1.0,34:14,-2.5,0
18,202700,Donatas Motiejunas,6.0,3.0,7.0,2.0,0.0,2.0,2.0,2.0,0.0,0.0,1.0,2.0,-7.0,20:06,3.1,0
19,202391,Jeremy Lin,9.0,4.0,6.0,2.0,1.0,0.0,1.0,2.0,3.0,1.0,1.0,2.0,-2.0,27:03,8.7,0
20,201956,Omri Casspi,5.0,2.0,7.0,0.0,0.0,0.0,2.0,1.0,0.0,0.0,0.0,1.0,1.0,17:57,1.5,0
21,200758,Ronnie Brewer,,,,,,,,,,,,,,,0.0,0
22,201166,Aaron Brooks,,,,,,,,,,,,,,,0.0,0
23,203496,Robert Covington,,,,,,,,,,,,,,,0.0,0
24,101128,Francisco Garcia,,,,,,,,,,,,,,,0.0,0
25,202962,Greg Smith,,,,,,,,,,,,,,,0.0,0
