,id,name,PTS,FG,FGA,FTA,FT,OREB,DREB,STL,AST,BLK,PF,TO,PLUS_MINUS,MIN,GS,WIN
0,2772,Trevor Ariza,28.0,9.0,12.0,9.0,5.0,2.0,5.0,0.0,2.0,0.0,4.0,2.0,3.0,37:56,22.3,1
1,202344,Trevor Booker,4.0,1.0,2.0,4.0,2.0,1.0,5.0,0.0,1.0,1.0,2.0,0.0,-5.0,27:12,5.0,1
2,101162,Marcin Gortat,11.0,5.0,6.0,4.0,1.0,2.0,4.0,0.0,1.0,2.0,2.0,1.0,-7.0,31:02,10.5,1
3,203078,Bradley Beal,23.0,8.0,18.0,2.0,2.0,1.0,1.0,0.0,0.0,1.0,2.0,2.0,7.0,36:09,12.5,1
4,202322,John Wall,9.0,4.0,14.0,0.0,0.0,1.0,2.0,2.0,13.0,1.0,3.0,7.0,3.0,35:53,5.7,1
5,101110,Martell Webster,15.0,5.0,7.0,4.0,3.0,1.0,0.0,0.0,0.0,0.0,2.0,1.0,10.0,24:31,10.6,1
6,1733,Al Harrington,5.0,2.0,7.0,0.0,0.0,0.0,4.0,1.0,1.0,0.0,3.0,2.0,10.0,18:02,0.6,1
7,2400,Drew Gooden,13.0,6.0,9.0,0.0,0.0,3.0,2.0,1.0,1.0,2.0,1.0,1.0,18.0,16:47,13.5,1
8,1889,Andre Miller,6.0,3.0,5.0,0.0,0.0,0.0,1.0,2.0,6.0,0.0,2.0,0.0,8.0,11:56,9.4,1
9,202066,Garrett Temple,0.0,0.0,0.0,0.0,0.0,0.0,0.0,0.0,0.0,0.0,0.0,0.0,-4.0,0:11,0.0,1
10,203490,Otto Porter Jr.,0.0,0.0,0.0,0.0,0.0,0.0,0.0,0.0,0.0,0.0,0.0,0.0,-4.0,0:11,0.0,1
11,202698,Chris Singleton,0.0,0.0,0.0,0.0,0.0,0.0,0.0,0.0,0.0,0.0,0.0,0.0,-4.0,0:11,0.0,1
12,203114,Khris Middleton,15.0,7.0,12.0,0.0,0.0,3.0,2.0,1.0,2.0,0.0,5.0,2.0,-6.0,32:53,10.5,0
13,101141,Ersan Ilyasova,13.0,4.0,10.0,6.0,5.0,1.0,7.0,1.0,0.0,1.0,4.0,1.0,2.0,27:32,9.1,0
14,2585,Zaza Pachulia,6.0,2.0,7.0,2.0,2.0,2.0,2.0,2.0,3.0,0.0,1.0,1.0,-1.0,29:25,6.6,0
15,203489,Nate Wolters,10.0,4.0,10.0,2.0,1.0,2.0,3.0,0.0,4.0,0.0,1.0,0.0,6.0,29:00,8.9,0
16,202688,Brandon Knight,25.0,9.0,20.0,5.0,5.0,0.0,2.0,3.0,2.0,0.0,4.0,2.0,7.0,33:55,16.0,0
17,202399,Jeff Adrien,8.0,2.0,4.0,5.0,4.0,5.0,3.0,0.0,0.0,1.0,1.0,1.0,-7.0,22:25,9.3,0
18,203507,Giannis Antetokounmpo,4.0,1.0,4.0,2.0,2.0,1.0,1.0,0.0,1.0,0.0,1.0,2.0,-10.0,21:51,0.9,0
19,203089,John Henson,12.0,6.0,8.0,0.0,0.0,3.0,3.0,0.0,0.0,2.0,3.0,4.0,-8.0,16:38,8.0,0
20,201196,Ramon Sessions,14.0,4.0,11.0,6.0,6.0,0.0,2.0,1.0,1.0,0.0,0.0,1.0,-8.0,21:50,9.2,0
21,203183,Tony Mitchell,0.0,0.0,1.0,0.0,0.0,0.0,0.0,1.0,1.0,0.0,0.0,0.0,-10.0,4:32,1.0,0
22,201564,O.J. Mayo,,,,,,,,,,,,,,,0.0,0
23,203545,Miroslav Raduljica,,,,,,,,,,,,,,,0.0,0
24,202327,Ekpe Udoh,,,,,,,,,,,,,,,0.0,0
