,id,name,PTS,FG,FGA,FTA,FT,OREB,DREB,STL,AST,BLK,PF,TO,PLUS_MINUS,MIN,GS,WIN
0,1890,Shawn Marion,15.0,7.0,14.0,0.0,0.0,3.0,5.0,1.0,1.0,0.0,1.0,3.0,-1.0,30:45,9.9,1
1,1717,Dirk Nowitzki,27.0,11.0,14.0,5.0,4.0,3.0,6.0,0.0,5.0,0.0,1.0,2.0,23.0,33:44,26.2,1
2,2223,Samuel Dalembert,14.0,6.0,9.0,2.0,2.0,4.0,10.0,1.0,0.0,1.0,1.0,0.0,7.0,21:08,17.2,1
3,101145,Monta Ellis,8.0,3.0,13.0,2.0,2.0,0.0,3.0,1.0,9.0,0.0,1.0,3.0,12.0,34:06,4.9,1
4,101181,Jose Calderon,11.0,4.0,11.0,1.0,1.0,0.0,3.0,0.0,2.0,0.0,3.0,1.0,3.0,28:35,5.0,1
5,1713,Vince Carter,0.0,0.0,8.0,0.0,0.0,1.0,0.0,0.0,3.0,1.0,4.0,3.0,-8.0,15:41,-6.7,1
6,2734,Devin Harris,7.0,3.0,8.0,0.0,0.0,0.0,1.0,2.0,7.0,0.0,2.0,3.0,7.0,23:49,6.0,1
7,201148,Brandan Wright,23.0,10.0,10.0,3.0,3.0,2.0,3.0,1.0,1.0,2.0,2.0,1.0,5.0,26:52,23.6,1
8,203109,Jae Crowder,2.0,0.0,3.0,2.0,2.0,2.0,5.0,1.0,0.0,0.0,1.0,0.0,10.0,20:18,3.4,1
9,201961,Wayne Ellington,0.0,0.0,2.0,0.0,0.0,0.0,1.0,1.0,0.0,0.0,1.0,0.0,2.0,5:02,-0.5,1
10,201971,DeJuan Blair,,,,,,,,,,,,,,,0.0,1
11,203108,Bernard James,,,,,,,,,,,,,,,0.0,1
12,203499,Shane Larkin,,,,,,,,,,,,,,,0.0,1
13,203145,Kent Bazemore,13.0,4.0,11.0,5.0,5.0,1.0,2.0,0.0,2.0,0.0,3.0,1.0,-8.0,36:53,7.4,0
14,203527,Ryan Kelly,3.0,1.0,6.0,2.0,1.0,0.0,1.0,2.0,4.0,0.0,3.0,1.0,-5.0,14:44,1.7,0
15,201941,Jordan Hill,14.0,5.0,10.0,6.0,4.0,4.0,6.0,1.0,1.0,2.0,3.0,1.0,-9.0,31:01,13.7,0
16,201975,Jodie Meeks,25.0,10.0,17.0,1.0,1.0,0.0,4.0,2.0,2.0,0.0,2.0,2.0,-9.0,40:34,18.9,0
17,203088,Kendall Marshall,9.0,4.0,9.0,0.0,0.0,0.0,2.0,2.0,8.0,1.0,1.0,1.0,-5.0,29:10,11.8,0
18,202325,Wesley Johnson,6.0,3.0,13.0,1.0,0.0,3.0,8.0,3.0,2.0,2.0,0.0,2.0,-5.0,31:57,6.0,0
19,203135,Robert Sacre,7.0,1.0,6.0,6.0,5.0,2.0,2.0,0.0,0.0,0.0,1.0,1.0,-3.0,16:59,3.4,0
20,959,Steve Nash,4.0,2.0,3.0,0.0,0.0,0.0,1.0,0.0,7.0,0.0,0.0,4.0,-7.0,18:50,3.9,0
21,201156,Nick Young,14.0,5.0,8.0,3.0,2.0,0.0,2.0,0.0,0.0,0.0,1.0,2.0,-9.0,19:52,8.2,0
22,202705,MarShon Brooks,,,,,,,,,,,,,,,0.0,0
23,2200,Pau Gasol,,,,,,,,,,,,,,,0.0,0
24,202333,Xavier Henry,,,,,,,,,,,,,,,0.0,0
25,2549,Chris Kaman,,,,,,,,,,,,,,,0.0,0
