,id,name,PTS,FG,FGA,FTA,FT,OREB,DREB,STL,AST,BLK,PF,TO,PLUS_MINUS,MIN,GS,WIN
0,2210,Richard Jefferson,13.0,4.0,10.0,2.0,2.0,1.0,4.0,0.0,3.0,1.0,4.0,0.0,-4.0,41:15,10.7,0
1,202324,Derrick Favors,13.0,4.0,9.0,6.0,5.0,3.0,8.0,0.0,1.0,0.0,3.0,3.0,-4.0,40:43,8.9,0
2,202683,Enes Kanter,19.0,8.0,13.0,6.0,3.0,1.0,8.0,0.0,1.0,1.0,4.0,0.0,4.0,31:47,14.8,0
3,202330,Gordon Hayward,6.0,1.0,17.0,4.0,4.0,1.0,5.0,1.0,11.0,2.0,4.0,1.0,5.0,39:08,4.2,0
4,101249,John Lucas III,14.0,5.0,8.0,0.0,0.0,1.0,1.0,0.0,2.0,0.0,0.0,2.0,-3.0,16:16,10.8,0
5,202379,Jeremy Evans,8.0,4.0,4.0,0.0,0.0,1.0,0.0,1.0,1.0,1.0,4.0,2.0,-9.0,12:57,6.3,0
6,203504,Trey Burke,11.0,5.0,8.0,0.0,0.0,0.0,1.0,1.0,1.0,0.0,2.0,0.0,-6.0,12:00,8.6,0
7,202692,Alec Burks,8.0,3.0,6.0,2.0,2.0,0.0,1.0,1.0,1.0,2.0,2.0,4.0,-15.0,15:37,3.6,0
8,200839,Mike Harris,2.0,1.0,2.0,0.0,0.0,0.0,0.0,0.0,0.0,0.0,2.0,0.0,-5.0,10:33,0.2,0
9,203197,Diante Garrett,4.0,2.0,6.0,0.0,0.0,1.0,0.0,3.0,6.0,0.0,0.0,2.0,2.0,19:44,6.5,0
10,203546,Ian Clark,,,,,,,,,,,,,,,0.0,0
11,203497,Rudy Gobert,,,,,,,,,,,,,,,0.0,0
12,201575,Brandon Rush,,,,,,,,,,,,,,,0.0,0
13,202329,Al-Farouq Aminu,4.0,2.0,5.0,2.0,0.0,2.0,6.0,2.0,4.0,1.0,2.0,0.0,3.0,27:59,8.4,1
14,203076,Anthony Davis,22.0,9.0,12.0,6.0,4.0,1.0,8.0,0.0,4.0,8.0,4.0,1.0,0.0,37:16,25.3,1
15,201160,Jason Smith,11.0,3.0,5.0,6.0,5.0,2.0,3.0,1.0,0.0,1.0,2.0,1.0,-2.0,21:11,10.5,1
16,201569,Eric Gordon,9.0,3.0,13.0,4.0,3.0,0.0,1.0,0.0,0.0,0.0,1.0,1.0,-10.0,28:03,-0.4,1
17,201950,Jrue Holiday,14.0,7.0,14.0,0.0,0.0,1.0,3.0,1.0,4.0,0.0,5.0,3.0,0.0,26:19,7.4,1
18,201583,Ryan Anderson,19.0,6.0,9.0,3.0,3.0,2.0,3.0,0.0,0.0,1.0,1.0,1.0,18.0,33:03,16.7,1
19,201936,Tyreke Evans,13.0,5.0,13.0,6.0,3.0,2.0,3.0,4.0,4.0,1.0,2.0,2.0,12.0,25:08,11.7,1
20,203148,Brian Roberts,0.0,0.0,2.0,0.0,0.0,1.0,1.0,0.0,3.0,0.0,1.0,1.0,-3.0,10:37,0.3,1
21,201627,Anthony Morrow,8.0,3.0,4.0,2.0,1.0,1.0,2.0,0.0,1.0,0.0,0.0,0.0,9.0,14:49,8.0,1
22,200811,Lou Amundson,2.0,1.0,1.0,2.0,0.0,1.0,0.0,0.0,0.0,0.0,1.0,0.0,-2.0,4:30,1.2,1
23,203085,Austin Rivers,3.0,1.0,1.0,2.0,1.0,1.0,0.0,1.0,4.0,1.0,1.0,2.0,10.0,11:04,5.1,1
24,2735,Josh Childress,,,,,,,,,,,,,,,0.0,1
25,203481,Jeff Withey,,,,,,,,,,,,,,,0.0,1
