,id,name,PTS,FG,FGA,FTA,FT,OREB,DREB,STL,AST,BLK,PF,TO,PLUS_MINUS,MIN,GS,WIN
0,201156,Nick Young,11.0,3.0,9.0,4.0,4.0,2.0,2.0,2.0,2.0,0.0,3.0,2.0,11.0,21:59,8.1,1
1,2200,Pau Gasol,2.0,1.0,10.0,0.0,0.0,1.0,11.0,0.0,2.0,0.0,4.0,3.0,7.0,31:59,-3.8,1
2,2549,Chris Kaman,6.0,3.0,5.0,0.0,0.0,2.0,8.0,2.0,1.0,2.0,3.0,4.0,16.0,19:39,6.4,1
3,2581,Steve Blake,14.0,5.0,10.0,0.0,0.0,0.0,3.0,0.0,2.0,0.0,4.0,0.0,5.0,33:58,9.7,1
4,959,Steve Nash,12.0,3.0,11.0,4.0,4.0,1.0,0.0,1.0,6.0,0.0,4.0,4.0,8.0,27:58,5.8,1
5,202333,Xavier Henry,3.0,1.0,5.0,2.0,1.0,1.0,0.0,1.0,1.0,0.0,3.0,3.0,-10.0,13:56,-2.3,1
6,202325,Wesley Johnson,16.0,6.0,15.0,2.0,1.0,3.0,1.0,1.0,0.0,2.0,3.0,2.0,-15.0,28:22,9.1,1
7,200770,Jordan Farmar,11.0,5.0,12.0,0.0,0.0,2.0,3.0,1.0,7.0,0.0,4.0,3.0,-7.0,20:01,8.2,1
8,201975,Jodie Meeks,18.0,6.0,9.0,1.0,1.0,0.0,3.0,0.0,2.0,0.0,4.0,1.0,-4.0,26:07,13.8,1
9,201941,Jordan Hill,6.0,3.0,6.0,2.0,0.0,1.0,3.0,0.0,3.0,2.0,4.0,2.0,-6.0,16:01,3.7,1
10,203548,Elias Harris,,,,,,,,,,,,,,,0.0,1
11,203135,Robert Sacre,,,,,,,,,,,,,,,0.0,1
12,200761,Shawne Williams,,,,,,,,,,,,,,,0.0,1
13,202718,Chandler Parsons,16.0,6.0,11.0,4.0,3.0,0.0,3.0,1.0,1.0,0.0,1.0,1.0,-3.0,36:44,11.5,0
14,2730,Dwight Howard,15.0,5.0,10.0,16.0,5.0,1.0,13.0,0.0,2.0,1.0,4.0,4.0,-2.0,36:31,6.7,0
15,201600,Omer Asik,6.0,1.0,3.0,6.0,4.0,1.0,8.0,1.0,1.0,0.0,2.0,3.0,-11.0,23:19,4.5,0
16,201935,James Harden,35.0,9.0,24.0,16.0,14.0,3.0,6.0,4.0,5.0,2.0,0.0,3.0,2.0,43:54,30.8,0
17,201976,Patrick Beverley,3.0,1.0,10.0,0.0,0.0,3.0,1.0,1.0,4.0,1.0,5.0,1.0,-7.0,33:49,0.3,0
18,202391,Jeremy Lin,16.0,5.0,8.0,8.0,5.0,0.0,1.0,3.0,3.0,2.0,1.0,3.0,4.0,31:06,14.6,0
19,201956,Omri Casspi,5.0,1.0,5.0,2.0,2.0,0.0,3.0,1.0,1.0,0.0,1.0,1.0,9.0,20:25,3.1,0
20,101128,Francisco Garcia,2.0,1.0,6.0,0.0,0.0,0.0,1.0,1.0,0.0,1.0,3.0,1.0,3.0,14:12,-2.0,0
21,200758,Ronnie Brewer,,,,,,,,,,,,,,,0.0,0
22,201166,Aaron Brooks,,,,,,,,,,,,,,,0.0,0
23,203093,Terrence Jones,,,,,,,,,,,,,,,0.0,0
24,202700,Donatas Motiejunas,,,,,,,,,,,,,,,0.0,0
25,202962,Greg Smith,,,,,,,,,,,,,,,0.0,0
