,id,name,PTS,FG,FGA,FTA,FT,OREB,DREB,STL,AST,BLK,PF,TO,PLUS_MINUS,MIN,GS,WIN
0,201142,Kevin Durant,26.0,10.0,12.0,3.0,3.0,1.0,2.0,1.0,7.0,0.0,3.0,3.0,25.0,30:22,24.6,1
1,201586,Serge Ibaka,25.0,12.0,12.0,2.0,1.0,4.0,5.0,1.0,1.0,1.0,1.0,1.0,21.0,30:39,26.3,1
2,2570,Kendrick Perkins,8.0,4.0,9.0,0.0,0.0,1.0,7.0,0.0,1.0,1.0,2.0,2.0,14.0,23:16,4.7,1
3,200757,Thabo Sefolosha,14.0,5.0,9.0,4.0,3.0,0.0,3.0,3.0,4.0,0.0,3.0,1.0,19.0,38:20,13.8,1
4,202704,Reggie Jackson,14.0,6.0,15.0,3.0,2.0,1.0,2.0,1.0,7.0,1.0,3.0,2.0,21.0,35:08,10.2,1
5,203103,Perry Jones III,11.0,3.0,5.0,4.0,4.0,0.0,5.0,0.0,2.0,2.0,1.0,2.0,12.0,22:08,10.6,1
6,965,Derek Fisher,0.0,0.0,2.0,0.0,0.0,0.0,1.0,1.0,1.0,0.0,1.0,0.0,6.0,5:52,0.2,1
7,203087,Jeremy Lamb,12.0,5.0,6.0,2.0,2.0,0.0,1.0,0.0,2.0,1.0,0.0,3.0,5.0,22:00,9.2,1
8,2555,Nick Collison,4.0,1.0,3.0,2.0,2.0,3.0,3.0,1.0,2.0,0.0,2.0,0.0,9.0,15:56,6.9,1
9,203500,Steven Adams,4.0,2.0,3.0,0.0,0.0,0.0,1.0,1.0,1.0,1.0,2.0,1.0,-5.0,12:00,3.6,1
10,201934,Hasheem Thabeet,2.0,1.0,1.0,0.0,0.0,0.0,1.0,0.0,0.0,0.0,1.0,1.0,-2.0,4:19,0.6,1
11,2207,Joe Johnson,9.0,4.0,8.0,0.0,0.0,0.0,1.0,1.0,2.0,1.0,1.0,2.0,-18.0,27:00,6.0,0
12,1718,Paul Pierce,10.0,2.0,5.0,7.0,6.0,0.0,5.0,2.0,2.0,0.0,1.0,2.0,-21.0,30:39,9.4,0
13,708,Kevin Garnett,0.0,0.0,4.0,0.0,0.0,0.0,1.0,0.0,0.0,1.0,4.0,1.0,-12.0,12:14,-4.4,0
14,101187,Alan Anderson,5.0,2.0,5.0,0.0,0.0,1.0,0.0,1.0,1.0,0.0,3.0,0.0,-13.0,22:21,3.5,0
15,2733,Shaun Livingston,16.0,6.0,8.0,4.0,4.0,1.0,3.0,3.0,1.0,0.0,3.0,0.0,-19.0,29:24,16.9,0
16,101154,Andray Blatche,7.0,3.0,9.0,0.0,0.0,0.0,0.0,1.0,0.0,0.0,2.0,1.0,-7.0,15:45,1.1,0
17,101114,Deron Williams,14.0,5.0,8.0,2.0,1.0,0.0,0.0,2.0,1.0,0.0,1.0,4.0,-21.0,31:00,8.3,0
18,1891,Jason Terry,11.0,4.0,6.0,0.0,0.0,0.0,0.0,0.0,2.0,0.0,2.0,1.0,-6.0,19:21,8.0,0
19,203141,Mirza Teletovic,3.0,1.0,6.0,0.0,0.0,0.0,1.0,0.0,4.0,0.0,2.0,1.0,-7.0,20:15,0.5,0
20,2501,Reggie Evans,0.0,0.0,3.0,0.0,0.0,1.0,1.0,0.0,1.0,0.0,0.0,0.0,-6.0,2:40,-0.4,0
21,203486,Mason Plumlee,13.0,5.0,6.0,4.0,3.0,0.0,0.0,2.0,1.0,1.0,1.0,1.0,0.0,17:21,12.4,0
22,203104,Marquis Teague,7.0,3.0,6.0,0.0,0.0,0.0,2.0,1.0,3.0,0.0,1.0,0.0,5.0,12:00,7.3,0
23,1905,Andrei Kirilenko,,,,,,,,,,,,,,,0.0,0
