,id,name,PTS,FG,FGA,FTA,FT,OREB,DREB,STL,AST,BLK,PF,TO,PLUS_MINUS,MIN,GS,WIN
0,203084,Harrison Barnes,8.0,2.0,7.0,4.0,2.0,1.0,3.0,1.0,2.0,1.0,3.0,1.0,-6.0,35:32,5.6,0
1,101135,David Lee,18.0,7.0,18.0,5.0,4.0,6.0,7.0,0.0,0.0,0.0,4.0,2.0,-8.0,35:00,10.5,0
2,101106,Andrew Bogut,9.0,4.0,6.0,6.0,1.0,2.0,12.0,1.0,2.0,3.0,3.0,4.0,-2.0,36:39,8.7,0
3,202691,Klay Thompson,19.0,7.0,17.0,3.0,3.0,0.0,1.0,0.0,3.0,0.0,4.0,2.0,-10.0,39:23,8.7,0
4,201939,Stephen Curry,30.0,8.0,17.0,11.0,10.0,0.0,6.0,3.0,7.0,0.0,2.0,6.0,-4.0,42:22,23.8,0
5,203110,Draymond Green,5.0,2.0,4.0,0.0,0.0,0.0,6.0,1.0,3.0,0.0,4.0,3.0,6.0,24:52,3.3,0
6,201578,Marreese Speights,5.0,2.0,6.0,0.0,0.0,2.0,1.0,0.0,1.0,0.0,1.0,0.0,-2.0,13:09,3.6,0
7,201962,Toney Douglas,7.0,2.0,3.0,2.0,2.0,0.0,0.0,0.0,1.0,0.0,2.0,1.0,0.0,5:53,4.6,0
8,203145,Kent Bazemore,1.0,0.0,2.0,2.0,1.0,0.0,3.0,0.0,0.0,0.0,2.0,1.0,6.0,7:11,-1.7,0
9,200756,Hilton Armstrong,,,,,,,,,,,,,,,0.0,0
10,2738,Andre Iguodala,,,,,,,,,,,,,,,0.0,0
11,203517,Nemanja Nedovic,,,,,,,,,,,,,,,0.0,0
12,200782,P.J. Tucker,7.0,2.0,7.0,2.0,2.0,0.0,6.0,3.0,0.0,0.0,2.0,0.0,-7.0,31:39,6.9,1
13,101112,Channing Frye,20.0,7.0,12.0,2.0,1.0,0.0,5.0,0.0,0.0,0.0,5.0,2.0,6.0,31:23,11.5,1
14,203101,Miles Plumlee,6.0,2.0,6.0,2.0,2.0,3.0,7.0,0.0,2.0,3.0,3.0,0.0,2.0,28:59,9.1,1
15,201609,Goran Dragic,21.0,6.0,11.0,8.0,5.0,0.0,1.0,4.0,4.0,0.0,3.0,2.0,0.0,34:46,18.4,1
16,202339,Eric Bledsoe,24.0,7.0,16.0,12.0,8.0,1.0,7.0,3.0,8.0,0.0,2.0,5.0,8.0,40:44,19.6,1
17,202693,Markieff Morris,7.0,3.0,9.0,2.0,1.0,0.0,4.0,1.0,1.0,0.0,3.0,3.0,1.0,21:51,0.2,1
18,101123,Gerald Green,10.0,3.0,7.0,4.0,3.0,1.0,3.0,0.0,1.0,2.0,3.0,0.0,0.0,20:30,8.4,1
19,203462,Archie Goodwin,0.0,0.0,1.0,0.0,0.0,0.0,2.0,0.0,0.0,0.0,1.0,0.0,0.0,4:42,-0.5,1
20,202694,Marcus Morris Sr.,11.0,5.0,10.0,2.0,1.0,0.0,5.0,2.0,1.0,0.0,2.0,0.0,10.0,25:27,9.0,1
21,202091,Dionte Christmas,,,,,,,,,,,,,,,0.0,1
22,203139,Viacheslav Kravtsov,,,,,,,,,,,,,,,0.0,1
23,203458,Alex Len,,,,,,,,,,,,,,,0.0,1
24,202397,Ish Smith,,,,,,,,,,,,,,,0.0,1
