,id,name,PTS,FG,FGA,FTA,FT,OREB,DREB,STL,AST,BLK,PF,TO,PLUS_MINUS,MIN,GS,WIN
0,202331,Paul George,35,11,22,10,10,1,10,3,2,1,2,7,-10.0,36:05,25.0,0
1,2561,David West,4,2,10,0,0,2,5,2,3,0,5,2,-5.0,27:19,0.8,0
2,201579,Roy Hibbert,4,2,5,0,0,1,4,0,2,0,3,1,-10.0,23:37,2.4,0
3,202362,Lance Stephenson,10,5,15,2,0,2,8,0,4,0,3,2,-18.0,37:15,4.1,0
4,201588,George Hill,13,4,8,4,3,0,6,1,1,1,3,2,-12.0,31:41,9.6,0
5,2449,Luis Scola,2,1,2,0,0,1,2,0,0,0,1,3,-9.0,9:56,-1.1,0
6,201228,C.J. Watson,6,3,7,0,0,0,1,0,1,0,2,1,-1.0,15:06,1.5,0
7,101122,Danny Granger,2,1,6,0,0,1,2,0,1,0,1,0,4.0,17:38,-0.2,0
8,101133,Ian Mahinmi,5,2,4,2,1,1,0,2,1,1,4,0,-2.0,23:05,5.1,0
9,203142,Chris Copeland,6,2,4,2,1,0,1,0,1,0,2,0,1.0,10:45,3.8,0
10,2446,Rasual Butler,2,1,2,0,0,0,0,2,0,0,1,1,-1.0,2:31,1.6,0
11,203111,Orlando Johnson,2,1,2,0,0,0,1,0,1,0,0,1,-1.0,2:31,1.0,0
12,202388,Donald Sloan,0,0,0,0,0,0,0,0,0,0,0,1,-1.0,2:31,-1.0,0
13,201147,Corey Brewer,12,5,10,3,2,0,1,3,1,0,4,0,10.0,27:37,9.0,1
14,201567,Kevin Love,42,14,22,10,9,1,15,1,1,0,2,3,14.0,37:22,34.9,1
15,101142,Ronny Turiaf,11,5,7,8,1,1,3,1,0,2,3,0,3.0,29:32,8.1,1
16,201978,Chase Budinger,5,2,8,0,0,0,2,1,2,0,3,1,2.0,28:22,1.0,1
17,201937,Ricky Rubio,6,2,10,6,2,1,6,2,17,0,1,2,9.0,32:57,12.2,1
18,201601,Luc Mbah a Moute,0,0,2,0,0,0,1,1,1,0,4,1,7.0,24:31,-2.0,1
19,201967,Dante Cunningham,10,4,9,2,2,2,5,1,0,2,1,2,5.0,24:16,8.2,1
20,203144,Alexey Shved,6,2,5,2,2,0,4,0,1,0,0,2,7.0,14:18,3.2,1
21,200826,J.J. Barea,12,6,10,0,0,0,1,0,3,0,1,2,4.0,14:35,7.4,1
22,203476,Gorgui Dieng,0,0,0,0,0,0,1,0,0,1,1,1,4.0,4:00,-0.4,1
23,203133,Robbie Hummel,0,0,0,0,0,0,0,0,0,0,0,0,0.0,0:50,0.0,1
24,203498,Shabazz Muhammad,0,0,0,0,0,0,0,1,0,0,0,1,0.0,0:50,0.0,1
25,201985,AJ Price,0,0,0,0,0,0,0,0,0,0,0,0,0.0,0:50,0.0,1
