,id,name,PTS,FG,FGA,FTA,FT,OREB,DREB,STL,AST,BLK,PF,TO,PLUS_MINUS,MIN,GS,WIN
0,203082,Terrence Ross,10.0,4.0,7.0,0.0,0.0,0.0,1.0,0.0,0.0,0.0,2.0,2.0,-4.0,20:02,4.2,1
1,101161,Amir Johnson,9.0,4.0,8.0,1.0,1.0,0.0,7.0,1.0,4.0,2.0,2.0,2.0,1.0,24:28,9.5,1
2,202685,Jonas Valanciunas,6.0,3.0,5.0,0.0,0.0,2.0,4.0,0.0,0.0,1.0,2.0,3.0,2.0,19:54,3.2,1
3,201942,DeMar DeRozan,34.0,10.0,22.0,16.0,13.0,3.0,6.0,0.0,1.0,0.0,2.0,3.0,15.0,38:50,22.2,1
4,200768,Kyle Lowry,18.0,7.0,11.0,3.0,1.0,4.0,6.0,0.0,13.0,0.0,3.0,2.0,-1.0,35:35,22.8,1
5,202335,Patrick Patterson,11.0,5.0,14.0,2.0,1.0,1.0,8.0,3.0,2.0,1.0,1.0,0.0,5.0,28:34,10.6,1
6,2422,John Salmons,12.0,5.0,7.0,0.0,0.0,0.0,1.0,0.0,0.0,1.0,3.0,1.0,8.0,28:01,7.9,1
7,202349,Greivis Vasquez,2.0,1.0,6.0,0.0,0.0,0.0,2.0,0.0,7.0,0.0,3.0,1.0,10.0,22:02,1.5,1
8,101236,Chuck Hayes,2.0,1.0,4.0,0.0,0.0,3.0,5.0,0.0,1.0,1.0,4.0,1.0,9.0,22:33,2.0,1
9,202779,Dwight Buycks,,,,,,,,,,,,,,,0.0,1
10,201948,Austin Daye,,,,,,,,,,,,,,,0.0,1
11,200779,Steve Novak,,,,,,,,,,,,,,,0.0,1
12,202933,Julyan Stone,,,,,,,,,,,,,,,0.0,1
13,202323,Evan Turner,13.0,5.0,17.0,4.0,3.0,0.0,2.0,1.0,4.0,0.0,3.0,1.0,-16.0,32:34,4.9,0
14,201152,Thaddeus Young,16.0,8.0,16.0,0.0,0.0,2.0,5.0,3.0,0.0,0.0,3.0,1.0,-6.0,32:16,11.7,0
15,201150,Spencer Hawes,14.0,6.0,17.0,1.0,1.0,4.0,8.0,1.0,4.0,0.0,1.0,2.0,-12.0,34:07,11.1,0
16,202341,James Anderson,8.0,3.0,7.0,2.0,2.0,0.0,1.0,0.0,5.0,1.0,2.0,1.0,-10.0,29:29,7.0,0
17,203487,Michael Carter-Williams,20.0,6.0,15.0,6.0,5.0,0.0,3.0,2.0,5.0,0.0,3.0,4.0,-9.0,35:16,12.7,0
18,203138,Hollis Thompson,15.0,6.0,7.0,1.0,1.0,3.0,6.0,0.0,0.0,0.0,2.0,0.0,11.0,24:25,15.6,0
19,202343,Elliot Williams,4.0,2.0,5.0,0.0,0.0,0.0,5.0,1.0,1.0,0.0,1.0,0.0,-3.0,22:15,4.1,0
20,202730,Lavoy Allen,2.0,1.0,4.0,0.0,0.0,1.0,1.0,0.0,3.0,1.0,1.0,1.0,3.0,17:19,2.0,0
21,203473,Dewayne Dedmon,3.0,1.0,1.0,2.0,1.0,0.0,1.0,0.0,1.0,0.0,2.0,0.0,-3.0,12:19,2.5,0
22,203485,Lorenzo Brown,,,,,,,,,,,,,,,0.0,0
23,203102,Arnett Moultrie,,,,,,,,,,,,,,,0.0,0
24,203100,Tony Wroten,,,,,,,,,,,,,,,0.0,0
