,id,name,PTS,FG,FGA,FTA,FT,OREB,DREB,STL,AST,BLK,PF,TO,PLUS_MINUS,MIN,GS,WIN
0,203090,Maurice Harkless,12.0,3.0,5.0,4.0,4.0,0.0,4.0,0.0,2.0,0.0,4.0,1.0,-17.0,28:48,9.7,0
1,203124,Kyle O'Quinn,10.0,4.0,7.0,4.0,2.0,0.0,5.0,0.0,3.0,2.0,2.0,3.0,-17.0,21:03,7.1,0
2,202696,Nikola Vucevic,15.0,7.0,14.0,2.0,1.0,2.0,3.0,0.0,1.0,0.0,0.0,1.0,-14.0,22:43,9.6,0
3,201167,Arron Afflalo,4.0,2.0,7.0,0.0,0.0,0.0,1.0,0.0,1.0,0.0,1.0,2.0,-18.0,22:21,-1.5,0
4,2749,Jameer Nelson,4.0,2.0,7.0,0.0,0.0,1.0,3.0,1.0,7.0,0.0,2.0,3.0,-13.0,23:17,3.6,0
5,202699,Tobias Harris,14.0,5.0,11.0,3.0,3.0,0.0,6.0,0.0,1.0,0.0,2.0,1.0,-2.0,27:37,9.0,0
6,202734,E'Twaun Moore,6.0,3.0,8.0,1.0,0.0,0.0,1.0,0.0,1.0,0.0,1.0,1.0,-4.0,29:00,0.8,0
7,203506,Victor Oladipo,10.0,3.0,8.0,4.0,3.0,0.0,5.0,1.0,5.0,0.0,3.0,4.0,4.0,27:05,6.0,0
8,203117,Doron Lamb,2.0,1.0,2.0,0.0,0.0,1.0,4.0,0.0,0.0,0.0,0.0,0.0,6.0,13:29,2.9,0
9,203094,Andrew Nicholson,8.0,3.0,6.0,2.0,2.0,0.0,1.0,0.0,1.0,0.0,0.0,0.0,-2.0,12:37,6.0,0
10,203473,Dewayne Dedmon,4.0,2.0,2.0,0.0,0.0,1.0,2.0,0.0,0.0,0.0,2.0,0.0,7.0,12:00,3.9,0
11,101131,Jason Maxiell,,,,,,,,,,,,,,,0.0,0
12,101179,Ronnie Price,,,,,,,,,,,,,,,0.0,0
13,203084,Harrison Barnes,4.0,1.0,6.0,2.0,2.0,0.0,5.0,0.0,3.0,0.0,0.0,0.0,10.0,30:57,3.8,1
14,203110,Draymond Green,6.0,2.0,11.0,2.0,2.0,1.0,8.0,2.0,3.0,0.0,4.0,2.0,9.0,35:40,2.7,1
15,101135,David Lee,20.0,8.0,12.0,4.0,4.0,2.0,8.0,1.0,1.0,0.0,2.0,1.0,20.0,31:57,18.5,1
16,202691,Klay Thompson,20.0,7.0,14.0,2.0,2.0,0.0,3.0,0.0,2.0,0.0,4.0,1.0,20.0,32:42,12.7,1
17,201939,Stephen Curry,23.0,9.0,13.0,2.0,2.0,1.0,2.0,0.0,5.0,0.0,1.0,3.0,21.0,31:46,18.9,1
18,2581,Steve Blake,12.0,3.0,5.0,3.0,3.0,0.0,4.0,3.0,4.0,1.0,1.0,1.0,1.0,28:37,16.0,1
19,201578,Marreese Speights,13.0,5.0,10.0,4.0,3.0,3.0,5.0,1.0,1.0,1.0,5.0,2.0,0.0,23:24,9.6,1
20,202348,Jordan Crawford,5.0,2.0,8.0,2.0,1.0,0.0,0.0,0.0,1.0,0.0,2.0,1.0,-5.0,18:03,-1.3,1
21,203517,Nemanja Nedovic,0.0,0.0,3.0,0.0,0.0,0.0,0.0,0.0,0.0,0.0,0.0,0.0,-3.0,3:27,-2.1,1
22,203136,Ognjen Kuzmic,0.0,0.0,0.0,0.0,0.0,2.0,0.0,0.0,1.0,0.0,0.0,0.0,-3.0,3:27,2.1,1
23,979,Jermaine O'Neal,,,,,,,,,,,,,,,0.0,1
