,id,name,PTS,FG,FGA,FTA,FT,OREB,DREB,STL,AST,BLK,PF,TO,PLUS_MINUS,MIN,GS,WIN
0,200782,P.J. Tucker,4.0,2.0,6.0,0.0,0.0,0.0,5.0,1.0,3.0,0.0,3.0,1.0,-12.0,30:00,3.0,0
1,101112,Channing Frye,17.0,7.0,13.0,0.0,0.0,4.0,5.0,0.0,1.0,1.0,3.0,1.0,9.0,30:12,14.2,0
2,203101,Miles Plumlee,10.0,5.0,9.0,5.0,0.0,0.0,6.0,1.0,1.0,0.0,2.0,2.0,-15.0,30:19,4.4,0
3,101123,Gerald Green,23.0,6.0,13.0,8.0,7.0,0.0,3.0,1.0,4.0,2.0,2.0,2.0,8.0,35:17,19.2,0
4,201609,Goran Dragic,10.0,3.0,9.0,4.0,4.0,0.0,2.0,2.0,8.0,0.0,4.0,7.0,9.0,35:29,4.5,0
5,202693,Markieff Morris,3.0,0.0,0.0,4.0,3.0,0.0,0.0,0.0,0.0,0.0,5.0,0.0,-5.0,11:02,0.6,0
6,202397,Ish Smith,2.0,1.0,7.0,0.0,0.0,0.0,0.0,1.0,3.0,0.0,1.0,2.0,-19.0,14:31,-1.8,0
7,202694,Marcus Morris Sr.,19.0,6.0,11.0,5.0,5.0,1.0,2.0,0.0,0.0,0.0,1.0,0.0,5.0,24:01,14.6,0
8,202091,Dionte Christmas,0.0,0.0,0.0,0.0,0.0,0.0,1.0,0.0,0.0,0.0,0.0,0.0,0.0,4:37,0.3,0
9,203458,Alex Len,0.0,0.0,1.0,0.0,0.0,0.0,0.0,1.0,1.0,0.0,1.0,0.0,-1.0,5:19,0.6,0
10,203462,Archie Goodwin,16.0,7.0,10.0,2.0,1.0,1.0,1.0,2.0,2.0,0.0,1.0,1.0,6.0,19:14,14.4,0
11,202339,Eric Bledsoe,,,,,,,,,,,,,,,0.0,0
12,203139,Viacheslav Kravtsov,,,,,,,,,,,,,,,0.0,0
13,201601,Luc Mbah a Moute,4.0,2.0,4.0,0.0,0.0,2.0,5.0,2.0,2.0,0.0,2.0,0.0,-3.0,26:57,7.5,1
14,201574,Jason Thompson,8.0,4.0,8.0,0.0,0.0,3.0,3.0,0.0,2.0,0.0,3.0,2.0,-2.0,25:36,5.2,1
15,202326,DeMarcus Cousins,27.0,9.0,18.0,15.0,9.0,4.0,8.0,4.0,3.0,2.0,3.0,4.0,9.0,35:08,23.1,1
16,203463,Ben McLemore,19.0,5.0,13.0,5.0,5.0,0.0,5.0,0.0,0.0,1.0,3.0,1.0,11.0,33:60,11.9,1
17,202349,Greivis Vasquez,11.0,5.0,9.0,0.0,0.0,0.0,1.0,0.0,6.0,0.0,3.0,2.0,-4.0,24:02,8.0,1
18,202738,Isaiah Thomas,19.0,6.0,12.0,6.0,6.0,0.0,0.0,2.0,3.0,0.0,4.0,3.0,7.0,23:58,12.5,1
19,2422,John Salmons,0.0,0.0,0.0,0.0,0.0,0.0,1.0,0.0,0.0,0.0,1.0,2.0,-8.0,6:21,-2.1,1
20,202335,Patrick Patterson,10.0,4.0,8.0,2.0,1.0,2.0,3.0,0.0,1.0,0.0,3.0,1.0,4.0,24:33,6.4,1
21,202690,Jimmer Fredette,3.0,1.0,5.0,0.0,0.0,0.0,1.0,0.0,3.0,0.0,0.0,1.0,-9.0,13:30,1.3,1
22,101236,Chuck Hayes,2.0,1.0,1.0,0.0,0.0,0.0,0.0,0.0,0.0,0.0,0.0,0.0,-2.0,2:48,1.7,1
23,2566,Travis Outlaw,4.0,2.0,5.0,0.0,0.0,3.0,6.0,0.0,0.0,0.0,1.0,3.0,5.0,18:13,1.8,1
24,202380,Hamady Ndiaye,0.0,0.0,0.0,0.0,0.0,1.0,0.0,0.0,1.0,0.0,1.0,1.0,7.0,4:54,-0.0,1
25,201977,Marcus Thornton,,,,,,,,,,,,,,,0.0,1
