,id,name,PTS,FG,FGA,FTA,FT,OREB,DREB,STL,AST,BLK,PF,TO,PLUS_MINUS,MIN,GS,WIN
0,203084,Harrison Barnes,30.0,11.0,21.0,12.0,5.0,1.0,4.0,1.0,3.0,0.0,2.0,3.0,4.0,48:00,18.1,1
1,201578,Marreese Speights,11.0,5.0,15.0,2.0,1.0,3.0,3.0,1.0,3.0,1.0,6.0,3.0,2.0,30:52,3.5,1
2,200756,Hilton Armstrong,10.0,3.0,6.0,7.0,4.0,2.0,8.0,0.0,2.0,2.0,6.0,2.0,12.0,31:35,8.0,1
3,202691,Klay Thompson,8.0,3.0,5.0,0.0,0.0,0.0,1.0,0.0,1.0,0.0,0.0,0.0,10.0,7:36,6.7,1
4,2581,Steve Blake,8.0,3.0,10.0,2.0,1.0,0.0,7.0,7.0,15.0,0.0,0.0,3.0,2.0,47:11,18.4,1
5,203136,Ognjen Kuzmic,6.0,2.0,2.0,4.0,2.0,2.0,5.0,2.0,0.0,0.0,5.0,0.0,-9.0,30:43,7.5,1
6,202348,Jordan Crawford,41.0,16.0,28.0,8.0,7.0,1.0,4.0,1.0,3.0,1.0,3.0,3.0,-3.0,41:14,28.9,1
7,203110,Draymond Green,2.0,1.0,3.0,0.0,0.0,2.0,2.0,0.0,0.0,0.0,1.0,0.0,2.0,2:49,1.9,1
8,201939,Stephen Curry,,,,,,,,,,,,,,,0.0,1
9,2738,Andre Iguodala,,,,,,,,,,,,,,,0.0,1
10,101135,David Lee,,,,,,,,,,,,,,,0.0,1
11,203517,Nemanja Nedovic,,,,,,,,,,,,,,,0.0,1
12,203113,Quincy Miller,6.0,2.0,6.0,2.0,2.0,1.0,6.0,0.0,1.0,1.0,5.0,1.0,0.0,22:45,3.5,0
13,202702,Kenneth Faried,15.0,7.0,17.0,4.0,1.0,5.0,8.0,0.0,0.0,0.0,3.0,5.0,6.0,37:32,4.4,0
14,202389,Timofey Mozgov,10.0,2.0,3.0,6.0,6.0,2.0,3.0,0.0,1.0,2.0,3.0,3.0,-9.0,25:17,8.9,0
15,200751,Randy Foye,32.0,10.0,21.0,12.0,9.0,0.0,2.0,0.0,11.0,1.0,1.0,5.0,-4.0,42:35,23.7,0
16,201166,Aaron Brooks,8.0,3.0,10.0,0.0,0.0,0.0,1.0,0.0,6.0,0.0,4.0,0.0,-6.0,25:29,5.1,0
17,201163,Wilson Chandler,6.0,2.0,5.0,2.0,2.0,1.0,3.0,2.0,2.0,0.0,3.0,2.0,4.0,30:42,5.1,0
18,202686,Jan Vesely,4.0,2.0,2.0,0.0,0.0,0.0,3.0,1.0,0.0,0.0,3.0,3.0,-12.0,13:38,1.1,0
19,203095,Evan Fournier,12.0,3.0,11.0,5.0,5.0,0.0,2.0,0.0,1.0,0.0,2.0,0.0,-5.0,22:34,6.0,0
20,201576,Anthony Randolph,19.0,6.0,9.0,4.0,4.0,0.0,5.0,1.0,1.0,0.0,4.0,0.0,6.0,19:28,16.7,0
21,201589,Darrell Arthur,,,,,,,,,,,,,,,0.0,0
22,201568,Danilo Gallinari,,,,,,,,,,,,,,,0.0,0
23,201951,Ty Lawson,,,,,,,,,,,,,,,0.0,0
24,101126,Nate Robinson,,,,,,,,,,,,,,,0.0,0
