,id,name,PTS,FG,FGA,FTA,FT,OREB,DREB,STL,AST,BLK,PF,TO,PLUS_MINUS,MIN,GS,WIN
0,200752,Rudy Gay,22.0,7.0,18.0,8.0,7.0,3.0,2.0,0.0,5.0,0.0,2.0,3.0,13.0,39:48,14.2,1
1,2501,Reggie Evans,3.0,1.0,1.0,2.0,1.0,2.0,10.0,1.0,0.0,0.0,5.0,3.0,16.0,23:08,2.7,1
2,202326,DeMarcus Cousins,35.0,13.0,18.0,12.0,9.0,3.0,11.0,1.0,3.0,2.0,3.0,3.0,23.0,37:26,32.1,1
3,203463,Ben McLemore,14.0,5.0,11.0,4.0,3.0,2.0,3.0,0.0,1.0,1.0,1.0,4.0,15.0,38:22,7.2,1
4,203492,Ray McCallum,22.0,9.0,19.0,5.0,3.0,0.0,2.0,2.0,10.0,0.0,3.0,1.0,12.0,43:56,18.9,1
5,2566,Travis Outlaw,2.0,1.0,6.0,0.0,0.0,0.0,1.0,2.0,1.0,0.0,1.0,0.0,-15.0,16:57,0.8,1
6,202682,Derrick Williams,2.0,1.0,2.0,0.0,0.0,0.0,0.0,0.0,0.0,0.0,0.0,1.0,-15.0,8:58,0.0,1
7,203099,Jared Cunningham,2.0,1.0,3.0,0.0,0.0,1.0,0.0,0.0,0.0,0.0,1.0,0.0,-9.0,4:13,0.6,1
8,201574,Jason Thompson,0.0,0.0,2.0,0.0,0.0,0.0,2.0,0.0,0.0,0.0,2.0,2.0,-13.0,9:14,-3.6,1
9,203112,Quincy Acy,0.0,0.0,0.0,0.0,0.0,4.0,1.0,1.0,0.0,0.0,1.0,1.0,-2.0,17:60,2.7,1
10,201189,Aaron Gray,,,,,,,,,,,,,,,0.0,1
11,202738,Isaiah Thomas,,,,,,,,,,,,,,,0.0,1
12,202329,Al-Farouq Aminu,4.0,1.0,1.0,2.0,2.0,0.0,2.0,3.0,0.0,0.0,2.0,0.0,-14.0,19:09,6.5,0
13,203076,Anthony Davis,22.0,5.0,13.0,14.0,12.0,2.0,6.0,2.0,4.0,4.0,3.0,1.0,-20.0,37:41,22.7,0
14,201880,Greg Stiemsma,4.0,1.0,1.0,3.0,2.0,0.0,0.0,0.0,0.0,0.0,4.0,0.0,-14.0,13:49,1.7,0
15,201936,Tyreke Evans,15.0,7.0,15.0,2.0,1.0,0.0,2.0,2.0,4.0,0.0,3.0,4.0,-16.0,25:35,7.1,0
16,203148,Brian Roberts,9.0,4.0,12.0,0.0,0.0,0.0,1.0,0.0,2.0,0.0,1.0,1.0,-15.0,21:53,2.5,0
17,203121,Darius Miller,6.0,3.0,4.0,0.0,0.0,0.0,3.0,1.0,1.0,1.0,2.0,1.0,12.0,28:50,5.9,0
18,201582,Alexis Ajinca,0.0,0.0,3.0,0.0,0.0,1.0,0.0,0.0,0.0,0.0,4.0,1.0,-7.0,8:20,-4.0,0
19,203085,Austin Rivers,6.0,2.0,5.0,4.0,2.0,0.0,1.0,0.0,9.0,0.0,3.0,3.0,9.0,23:50,4.9,0
20,201627,Anthony Morrow,23.0,9.0,13.0,1.0,1.0,0.0,3.0,2.0,1.0,0.0,1.0,0.0,14.0,28:15,20.7,0
21,203481,Jeff Withey,8.0,4.0,4.0,0.0,0.0,0.0,7.0,1.0,1.0,5.0,3.0,2.0,19.0,28:06,10.9,0
22,202337,Luke Babbitt,0.0,0.0,2.0,0.0,0.0,0.0,2.0,0.0,0.0,0.0,0.0,0.0,7.0,4:32,-0.8,0
23,201569,Eric Gordon,,,,,,,,,,,,,,,0.0,0
24,201160,Jason Smith,,,,,,,,,,,,,,,0.0,0
