,id,name,PTS,FG,FGA,FTA,FT,OREB,DREB,STL,AST,BLK,PF,TO,PLUS_MINUS,MIN,GS,WIN
0,2746,Josh Smith,19.0,7.0,23.0,3.0,2.0,2.0,6.0,3.0,5.0,3.0,5.0,5.0,5.0,43:46,10.1,0
1,202328,Greg Monroe,16.0,6.0,10.0,4.0,4.0,1.0,7.0,3.0,1.0,0.0,5.0,3.0,5.0,41:12,12.9,0
2,203083,Andre Drummond,12.0,6.0,13.0,1.0,0.0,8.0,8.0,3.0,0.0,2.0,3.0,2.0,-11.0,47:43,14.1,0
3,1497,Chauncey Billups,5.0,1.0,7.0,4.0,2.0,1.0,0.0,0.0,6.0,1.0,4.0,2.0,-11.0,31:48,1.7,0
4,101198,Will Bynum,18.0,7.0,11.0,5.0,3.0,0.0,2.0,0.0,6.0,0.0,5.0,3.0,-10.0,32:29,12.1,0
5,201155,Rodney Stuckey,19.0,8.0,13.0,3.0,2.0,0.0,1.0,1.0,2.0,0.0,1.0,2.0,9.0,23:29,13.0,0
6,203484,Kentavious Caldwell-Pope,13.0,4.0,7.0,4.0,4.0,0.0,0.0,0.0,1.0,0.0,1.0,0.0,8.0,18:06,10.0,0
7,202713,Kyle Singler,6.0,3.0,5.0,0.0,0.0,1.0,0.0,0.0,0.0,0.0,2.0,1.0,-3.0,19:49,2.6,0
8,201973,Jonas Jerebko,0.0,0.0,0.0,0.0,0.0,2.0,2.0,0.0,0.0,0.0,0.0,1.0,-7.0,6:38,1.0,0
9,203540,Gigi Datome,,,,,,,,,,,,,,,0.0,0
10,202725,Josh Harrellson,,,,,,,,,,,,,,,0.0,0
11,203502,Tony Mitchell,,,,,,,,,,,,,,,0.0,0
12,203491,Peyton Siva,,,,,,,,,,,,,,,0.0,0
13,2419,Tayshaun Prince,8.0,3.0,6.0,2.0,1.0,0.0,2.0,0.0,2.0,0.0,0.0,1.0,1.0,20:22,5.6,1
14,2216,Zach Randolph,16.0,7.0,12.0,2.0,2.0,1.0,9.0,2.0,2.0,0.0,0.0,4.0,-3.0,36:09,13.2,1
15,201188,Marc Gasol,15.0,4.0,8.0,9.0,7.0,2.0,6.0,1.0,5.0,2.0,1.0,2.0,1.0,37:01,16.9,1
16,2754,Tony Allen,16.0,6.0,10.0,4.0,4.0,2.0,1.0,5.0,4.0,1.0,2.0,2.0,12.0,35:17,18.8,1
17,201144,Mike Conley,22.0,7.0,12.0,7.0,7.0,0.0,5.0,2.0,4.0,0.0,6.0,5.0,0.0,36:03,15.3,1
18,201573,Jerryd Bayless,9.0,3.0,6.0,2.0,2.0,0.0,2.0,1.0,1.0,0.0,3.0,0.0,4.0,17:28,7.1,1
19,202347,Quincy Pondexter,6.0,2.0,6.0,2.0,1.0,0.0,0.0,0.0,3.0,0.0,3.0,2.0,-14.0,17:47,1.1,1
20,2034,Mike Miller,8.0,3.0,9.0,0.0,0.0,0.0,2.0,1.0,3.0,0.0,5.0,1.0,6.0,32:03,3.6,1
21,202334,Ed Davis,5.0,2.0,2.0,2.0,1.0,1.0,2.0,0.0,0.0,0.0,0.0,2.0,6.0,16:51,3.3,1
22,201585,Kosta Koufos,6.0,3.0,6.0,0.0,0.0,0.0,3.0,1.0,1.0,1.0,1.0,1.0,2.0,15:59,4.9,1
23,201979,Nick Calathes,,,,,,,,,,,,,,,0.0,1
24,203479,Jamaal Franklin,,,,,,,,,,,,,,,0.0,1
25,202720,Jon Leuer,,,,,,,,,,,,,,,0.0,1
