,id,name,PTS,FG,FGA,FTA,FT,OREB,DREB,STL,AST,BLK,PF,TO,PLUS_MINUS,MIN,GS,WIN
0,203082,Terrence Ross,23.0,10.0,16.0,0.0,0.0,1.0,2.0,0.0,0.0,0.0,2.0,2.0,-18.0,33:10,14.3,0
1,101161,Amir Johnson,7.0,3.0,7.0,2.0,1.0,2.0,6.0,0.0,0.0,2.0,4.0,2.0,-10.0,28:50,3.9,0
2,202685,Jonas Valanciunas,10.0,5.0,9.0,1.0,0.0,3.0,6.0,0.0,2.0,3.0,2.0,1.0,-12.0,27:01,10.9,0
3,201942,DeMar DeRozan,13.0,5.0,16.0,2.0,2.0,1.0,6.0,1.0,3.0,0.0,3.0,3.0,-18.0,35:36,5.2,0
4,200768,Kyle Lowry,23.0,6.0,15.0,9.0,9.0,1.0,3.0,1.0,9.0,0.0,2.0,1.0,-3.0,39:12,22.0,0
5,2422,John Salmons,0.0,0.0,1.0,0.0,0.0,0.0,5.0,0.0,2.0,0.0,3.0,0.0,3.0,19:08,1.0,0
6,202335,Patrick Patterson,7.0,3.0,7.0,2.0,1.0,1.0,1.0,2.0,1.0,0.0,1.0,0.0,-2.0,18:50,6.2,0
7,202349,Greivis Vasquez,6.0,2.0,7.0,2.0,1.0,1.0,0.0,0.0,3.0,0.0,1.0,1.0,-3.0,16:54,2.9,0
8,201946,Tyler Hansbrough,10.0,3.0,3.0,7.0,4.0,1.0,0.0,0.0,1.0,0.0,1.0,1.0,0.0,15:53,7.9,0
9,101236,Chuck Hayes,0.0,0.0,0.0,0.0,0.0,0.0,0.0,0.0,0.0,0.0,1.0,0.0,1.0,1:57,-0.4,0
10,200779,Steve Novak,0.0,0.0,0.0,0.0,0.0,0.0,0.0,0.0,0.0,0.0,1.0,2.0,-3.0,3:29,-2.4,0
11,201948,Austin Daye,,,,,,,,,,,,,,,0.0,0
12,202361,Landry Fields,,,,,,,,,,,,,,,0.0,0
13,202695,Kawhi Leonard,13.0,5.0,12.0,1.0,1.0,3.0,7.0,1.0,2.0,0.0,1.0,1.0,12.0,31:03,11.8,1
14,1495,Tim Duncan,9.0,4.0,15.0,2.0,1.0,3.0,9.0,0.0,4.0,4.0,3.0,0.0,1.0,28:14,8.9,1
15,201168,Tiago Splitter,8.0,3.0,5.0,4.0,2.0,5.0,2.0,1.0,2.0,0.0,4.0,2.0,5.0,19:57,7.8,1
16,201158,Marco Belinelli,4.0,2.0,7.0,0.0,0.0,0.0,1.0,1.0,1.0,0.0,1.0,2.0,2.0,18:34,-0.5,1
17,2225,Tony Parker,26.0,10.0,19.0,7.0,5.0,0.0,2.0,1.0,8.0,0.0,2.0,4.0,7.0,33:37,18.3,1
18,1938,Manu Ginobili,18.0,4.0,7.0,9.0,9.0,3.0,2.0,2.0,2.0,0.0,3.0,3.0,9.0,24:42,16.6,1
19,2564,Boris Diaw,9.0,4.0,9.0,2.0,1.0,0.0,4.0,0.0,1.0,0.0,2.0,0.0,0.0,27:51,5.0,1
20,201980,Danny Green,14.0,5.0,8.0,0.0,0.0,0.0,2.0,0.0,1.0,1.0,3.0,0.0,10.0,23:44,11.2,1
21,201988,Patty Mills,7.0,3.0,7.0,0.0,0.0,0.0,0.0,0.0,2.0,1.0,3.0,1.0,6.0,14:12,3.2,1
22,2588,Matt Bonner,0.0,0.0,0.0,0.0,0.0,0.0,2.0,0.0,0.0,0.0,0.0,0.0,4.0,7:08,0.6,1
23,201965,Jeff Ayres,4.0,1.0,2.0,2.0,2.0,2.0,3.0,1.0,4.0,1.0,0.0,0.0,7.0,9:41,9.8,1
24,203382,Aron Baynes,0.0,0.0,0.0,0.0,0.0,0.0,0.0,0.0,0.0,0.0,0.0,0.0,1.0,0:39,0.0,1
25,201986,Nando De Colo,0.0,0.0,0.0,0.0,0.0,0.0,0.0,0.0,0.0,0.0,0.0,0.0,1.0,0:39,0.0,1
