,id,name,PTS,FG,FGA,FTA,FT,OREB,DREB,STL,AST,BLK,PF,TO,PLUS_MINUS,MIN,GS,WIN
0,201145,Jeff Green,12.0,5.0,15.0,0.0,0.0,0.0,6.0,0.0,1.0,1.0,3.0,3.0,-11.0,36:51,2.5,0
1,203096,Jared Sullinger,12.0,4.0,14.0,4.0,4.0,8.0,3.0,2.0,1.0,0.0,3.0,2.0,5.0,28:58,9.8,0
2,2743,Kris Humphries,14.0,7.0,10.0,0.0,0.0,4.0,9.0,1.0,2.0,0.0,4.0,2.0,-1.0,28:36,14.1,0
3,202340,Avery Bradley,3.0,0.0,3.0,3.0,3.0,0.0,1.0,0.0,0.0,0.0,1.0,1.0,-7.0,7:23,-0.2,0
4,200765,Rajon Rondo,1.0,0.0,8.0,4.0,1.0,0.0,3.0,1.0,5.0,0.0,1.0,3.0,-7.0,25:43,-3.8,0
5,101138,Brandon Bass,15.0,5.0,7.0,5.0,5.0,2.0,1.0,1.0,2.0,1.0,1.0,2.0,-10.0,18:15,14.5,0
6,2222,Gerald Wallace,8.0,3.0,9.0,1.0,1.0,0.0,2.0,0.0,2.0,0.0,1.0,2.0,-3.0,26:49,2.5,0
7,203515,Phil Pressey,2.0,1.0,3.0,0.0,0.0,0.0,0.0,1.0,3.0,0.0,1.0,1.0,0.0,22:17,2.0,0
8,203482,Kelly Olynyk,6.0,3.0,7.0,0.0,0.0,1.0,0.0,1.0,0.0,0.0,3.0,0.0,-7.0,13:02,2.8,0
9,201202,Joel Anthony,2.0,1.0,1.0,0.0,0.0,0.0,3.0,0.0,0.0,1.0,0.0,0.0,-1.0,7:09,3.3,0
10,203187,Chris Johnson,11.0,4.0,7.0,1.0,1.0,2.0,1.0,1.0,1.0,0.0,1.0,0.0,7.0,24:57,10.7,0
11,201573,Jerryd Bayless,,,,,,,,,,,,,,,0.0,0
12,2586,Keith Bogans,,,,,,,,,,,,,,,0.0,0
13,203543,Vitor Faverani,,,,,,,,,,,,,,,0.0,0
14,2544,LeBron James,29.0,10.0,19.0,11.0,9.0,1.0,7.0,2.0,4.0,0.0,1.0,3.0,10.0,38:48,23.1,1
15,2203,Shane Battier,4.0,2.0,5.0,0.0,0.0,0.0,1.0,0.0,2.0,1.0,1.0,0.0,9.0,21:27,3.3,1
16,2547,Chris Bosh,16.0,7.0,10.0,0.0,0.0,0.0,6.0,0.0,0.0,1.0,1.0,2.0,6.0,34:20,11.9,1
17,951,Ray Allen,7.0,3.0,7.0,0.0,0.0,1.0,3.0,0.0,4.0,0.0,2.0,1.0,13.0,33:02,5.9,1
18,201596,Mario Chalmers,8.0,4.0,8.0,1.0,0.0,1.0,1.0,0.0,6.0,1.0,2.0,2.0,-2.0,33:57,6.7,1
19,2365,Chris Andersen,13.0,5.0,5.0,4.0,3.0,3.0,4.0,1.0,0.0,1.0,1.0,2.0,3.0,24:36,13.7,1
20,202708,Norris Cole,2.0,1.0,7.0,0.0,0.0,0.0,0.0,3.0,6.0,0.0,3.0,4.0,0.0,28:57,-0.5,1
21,201563,Michael Beasley,9.0,4.0,6.0,0.0,0.0,0.0,2.0,1.0,0.0,0.0,4.0,0.0,-1.0,12:53,6.4,1
22,1740,Rashard Lewis,3.0,1.0,4.0,0.0,0.0,0.0,2.0,0.0,0.0,0.0,1.0,0.0,-2.0,6:26,0.8,1
23,201141,Greg Oden,2.0,1.0,3.0,0.0,0.0,1.0,0.0,0.0,0.0,1.0,2.0,0.0,-1.0,5:34,0.9,1
24,2617,Udonis Haslem,,,,,,,,,,,,,,,0.0,1
25,2592,James Jones,,,,,,,,,,,,,,,0.0,1
26,2427,Roger Mason Jr.,,,,,,,,,,,,,,,0.0,1
