,id,name,PTS,FG,FGA,FTA,FT,OREB,DREB,STL,AST,BLK,PF,TO,PLUS_MINUS,MIN,GS,WIN
0,2399,Mike Dunleavy,13.0,5.0,10.0,2.0,2.0,1.0,6.0,1.0,2.0,0.0,1.0,2.0,20.0,32:36,10.5,1
1,2430,Carlos Boozer,14.0,6.0,11.0,2.0,2.0,0.0,6.0,1.0,0.0,0.0,4.0,3.0,6.0,24:46,6.9,1
2,201149,Joakim Noah,10.0,3.0,8.0,4.0,4.0,2.0,6.0,2.0,3.0,0.0,4.0,3.0,11.0,34:02,8.3,1
3,202710,Jimmy Butler,15.0,4.0,10.0,6.0,5.0,1.0,4.0,1.0,4.0,0.0,2.0,0.0,6.0,33:17,14.1,1
4,2550,Kirk Hinrich,6.0,3.0,5.0,0.0,0.0,1.0,2.0,1.0,4.0,1.0,2.0,1.0,9.0,20:18,7.7,1
5,201959,Taj Gibson,20.0,9.0,15.0,2.0,2.0,4.0,4.0,0.0,2.0,2.0,1.0,3.0,19.0,28:05,16.5,1
6,201571,D.J. Augustin,13.0,4.0,7.0,4.0,3.0,1.0,1.0,2.0,5.0,0.0,3.0,3.0,15.0,32:33,11.6,1
7,203503,Tony Snell,4.0,2.0,6.0,0.0,0.0,1.0,5.0,2.0,0.0,0.0,4.0,0.0,2.0,23:34,3.2,1
8,1737,Nazr Mohammed,0.0,0.0,1.0,0.0,0.0,0.0,0.0,0.0,0.0,0.0,0.0,0.0,-1.0,7:25,-0.7,1
9,203104,Marquis Teague,0.0,0.0,1.0,0.0,0.0,0.0,0.0,0.0,0.0,0.0,0.0,0.0,-1.0,1:42,-0.7,1
10,203513,Erik Murphy,0.0,0.0,0.0,0.0,0.0,0.0,0.0,0.0,0.0,0.0,1.0,0.0,-1.0,1:42,-0.4,1
11,2736,Luol Deng,,,,,,,,,,,,,,,0.0,1
12,101187,Alan Anderson,2.0,1.0,2.0,0.0,0.0,0.0,2.0,1.0,0.0,0.0,0.0,0.0,4.0,20:19,2.6,0
13,203141,Mirza Teletovic,17.0,7.0,11.0,1.0,0.0,0.0,2.0,0.0,0.0,2.0,4.0,1.0,-8.0,18:54,11.1,0
14,708,Kevin Garnett,6.0,2.0,7.0,2.0,2.0,1.0,6.0,2.0,1.0,0.0,4.0,2.0,1.0,19:11,3.5,0
15,2207,Joe Johnson,12.0,5.0,11.0,4.0,2.0,0.0,0.0,1.0,1.0,0.0,2.0,2.0,-11.0,33:45,4.4,0
16,101114,Deron Williams,18.0,6.0,10.0,4.0,4.0,0.0,0.0,1.0,4.0,0.0,1.0,3.0,-6.0,30:30,13.8,0
17,101154,Andray Blatche,7.0,1.0,11.0,6.0,5.0,3.0,2.0,0.0,2.0,0.0,1.0,1.0,-16.0,26:08,2.0,0
18,2501,Reggie Evans,5.0,1.0,1.0,6.0,3.0,6.0,7.0,2.0,0.0,0.0,3.0,1.0,-12.0,20:15,9.6,0
19,1718,Paul Pierce,6.0,1.0,8.0,4.0,4.0,1.0,3.0,0.0,1.0,2.0,2.0,2.0,-15.0,17:33,1.7,0
20,1891,Jason Terry,1.0,0.0,2.0,2.0,1.0,0.0,0.0,0.0,1.0,0.0,1.0,1.0,-18.0,23:32,-1.5,0
21,2733,Shaun Livingston,0.0,0.0,3.0,0.0,0.0,0.0,1.0,0.0,1.0,0.0,1.0,1.0,-14.0,14:38,-2.5,0
22,203486,Mason Plumlee,4.0,1.0,5.0,2.0,2.0,1.0,2.0,0.0,0.0,1.0,0.0,0.0,4.0,9:31,2.9,0
23,203129,Tornike Shengelia,0.0,0.0,0.0,0.0,0.0,1.0,0.0,0.0,0.0,0.0,0.0,1.0,3.0,2:52,-0.3,0
24,203116,Tyshawn Taylor,0.0,0.0,0.0,0.0,0.0,0.0,1.0,0.0,0.0,0.0,0.0,1.0,3.0,2:52,-0.7,0
