,id,name,PTS,FG,FGA,FTA,FT,OREB,DREB,STL,AST,BLK,PF,TO,PLUS_MINUS,MIN,GS,WIN
0,2746,Josh Smith,25.0,10.0,18.0,3.0,3.0,2.0,6.0,1.0,3.0,2.0,2.0,3.0,19.0,30:44,20.3,1
1,202328,Greg Monroe,11.0,5.0,10.0,2.0,1.0,4.0,7.0,0.0,1.0,0.0,5.0,3.0,3.0,31:02,6.2,1
2,203083,Andre Drummond,14.0,7.0,10.0,2.0,0.0,5.0,6.0,0.0,0.0,1.0,3.0,0.0,19.0,33:33,13.8,1
3,203484,Kentavious Caldwell-Pope,4.0,1.0,6.0,2.0,1.0,0.0,0.0,1.0,1.0,0.0,4.0,0.0,-2.0,17:22,-0.1,1
4,201943,Brandon Jennings,21.0,6.0,11.0,8.0,7.0,0.0,4.0,2.0,13.0,0.0,0.0,3.0,26.0,32:05,24.6,1
5,201155,Rodney Stuckey,14.0,6.0,16.0,1.0,1.0,1.0,2.0,5.0,4.0,0.0,3.0,2.0,25.0,30:38,11.1,1
6,202713,Kyle Singler,10.0,4.0,9.0,0.0,0.0,2.0,6.0,0.0,1.0,1.0,1.0,1.0,23.0,26:46,8.5,1
7,1497,Chauncey Billups,3.0,1.0,3.0,0.0,0.0,0.0,1.0,0.0,2.0,0.0,0.0,1.0,-3.0,15:55,2.0,1
8,203540,Gigi Datome,13.0,6.0,13.0,0.0,0.0,4.0,0.0,2.0,1.0,0.0,1.0,1.0,4.0,17:21,10.4,1
9,202725,Josh Harrellson,0.0,0.0,0.0,0.0,0.0,0.0,0.0,0.0,1.0,1.0,1.0,0.0,1.0,4:34,1.0,1
10,101198,Will Bynum,,,,,,,,,,,,,,,0.0,1
11,201973,Jonas Jerebko,,,,,,,,,,,,,,,0.0,1
12,101111,Charlie Villanueva,,,,,,,,,,,,,,,0.0,1
13,202087,Alonzo Gee,7.0,2.0,5.0,2.0,2.0,1.0,3.0,0.0,1.0,0.0,0.0,1.0,6.0,13:34,5.6,0
14,202684,Tristan Thompson,17.0,6.0,10.0,9.0,5.0,3.0,3.0,0.0,1.0,0.0,2.0,0.0,-12.0,29:36,13.7,0
15,101115,Andrew Bynum,0.0,0.0,11.0,0.0,0.0,4.0,3.0,0.0,1.0,2.0,1.0,2.0,-8.0,22:28,-4.3,0
16,101139,CJ Miles,6.0,2.0,9.0,2.0,1.0,0.0,3.0,2.0,0.0,0.0,3.0,3.0,2.0,20:22,-1.2,0
17,202681,Kyrie Irving,21.0,7.0,14.0,4.0,4.0,2.0,1.0,1.0,7.0,0.0,1.0,4.0,-17.0,29:25,17.2,0
18,203461,Anthony Bennett,7.0,3.0,7.0,2.0,1.0,0.0,2.0,0.0,0.0,0.0,2.0,3.0,-21.0,16:21,-0.3,0
19,101127,Jarrett Jack,0.0,0.0,6.0,0.0,0.0,0.0,1.0,0.0,1.0,0.0,2.0,1.0,-24.0,20:13,-5.0,0
20,2760,Anderson Varejao,2.0,1.0,1.0,0.0,0.0,1.0,3.0,1.0,1.0,0.0,3.0,1.0,-20.0,18:47,2.8,0
21,203521,Matthew Dellavedova,10.0,4.0,6.0,2.0,1.0,0.0,2.0,1.0,6.0,0.0,2.0,1.0,-12.0,26:49,11.0,0
22,201947,Earl Clark,6.0,2.0,10.0,0.0,0.0,0.0,1.0,0.0,0.0,2.0,0.0,2.0,-16.0,14:29,-0.5,0
23,203092,Tyler Zeller,13.0,6.0,7.0,1.0,1.0,2.0,2.0,0.0,1.0,0.0,0.0,0.0,3.0,13:54,13.2,0
24,203508,Sergey Karasev,0.0,0.0,0.0,0.0,0.0,0.0,1.0,0.0,1.0,0.0,0.0,1.0,3.0,8:03,0.0,0
25,203467,Carrick Felix,3.0,1.0,2.0,2.0,1.0,0.0,1.0,0.0,0.0,0.0,0.0,0.0,1.0,5:59,1.9,0
