,id,name,PTS,FG,FGA,FTA,FT,OREB,DREB,STL,AST,BLK,PF,TO,PLUS_MINUS,MIN,GS,WIN
0,201960,DeMarre Carroll,12.0,4.0,5.0,2.0,1.0,0.0,6.0,0.0,4.0,0.0,3.0,1.0,20.0,24:13,12.1,1
1,200794,Paul Millsap,20.0,8.0,14.0,6.0,4.0,2.0,6.0,2.0,4.0,0.0,1.0,1.0,28.0,28:54,19.2,1
2,202970,Gustavo Ayon,8.0,4.0,5.0,2.0,0.0,0.0,4.0,2.0,2.0,0.0,5.0,3.0,11.0,28:15,4.9,1
3,2594,Kyle Korver,12.0,3.0,7.0,3.0,3.0,0.0,3.0,1.0,2.0,0.0,1.0,0.0,26.0,25:55,11.2,1
4,202714,Shelvin Mack,9.0,3.0,7.0,2.0,2.0,0.0,1.0,2.0,4.0,0.0,1.0,2.0,19.0,23:50,8.0,1
5,101150,Lou Williams,18.0,6.0,9.0,4.0,3.0,0.0,0.0,0.0,5.0,0.0,0.0,1.0,21.0,24:14,16.2,1
6,1882,Elton Brand,10.0,5.0,8.0,0.0,0.0,1.0,4.0,1.0,2.0,2.0,4.0,0.0,14.0,19:45,10.5,1
7,203118,Mike Scott,14.0,4.0,10.0,4.0,4.0,0.0,4.0,0.0,0.0,0.0,1.0,2.0,6.0,26:43,7.4,1
8,203471,Dennis Schroder,4.0,1.0,6.0,2.0,2.0,0.0,1.0,1.0,2.0,0.0,1.0,2.0,-5.0,17:38,0.5,1
9,203263,James Nunnally,3.0,1.0,3.0,0.0,0.0,1.0,2.0,1.0,0.0,0.0,0.0,0.0,-7.0,12:00,3.6,1
10,203099,Jared Cunningham,2.0,1.0,2.0,0.0,0.0,0.0,0.0,0.0,1.0,0.0,2.0,1.0,-8.0,8:33,-0.1,1
11,201952,Jeff Teague,,,,,,,,,,,,,,,0.0,1
12,101141,Ersan Ilyasova,11.0,5.0,15.0,1.0,1.0,6.0,7.0,1.0,1.0,0.0,2.0,1.0,-23.0,20:42,8.7,0
13,203507,Giannis Antetokounmpo,5.0,2.0,6.0,2.0,1.0,0.0,2.0,1.0,2.0,1.0,5.0,4.0,3.0,25:21,-1.1,0
14,202336,Larry Sanders,1.0,0.0,5.0,2.0,1.0,1.0,3.0,0.0,0.0,0.0,2.0,2.0,-17.0,20:41,-4.1,0
15,2557,Luke Ridnour,2.0,1.0,3.0,0.0,0.0,0.0,0.0,0.0,3.0,0.0,3.0,2.0,-10.0,14:58,-0.8,0
16,202688,Brandon Knight,27.0,11.0,15.0,0.0,0.0,0.0,4.0,1.0,5.0,1.0,4.0,4.0,-25.0,35:54,21.7,0
17,203114,Khris Middleton,11.0,5.0,9.0,2.0,1.0,1.0,0.0,1.0,1.0,0.0,4.0,2.0,-24.0,31:25,5.1,0
18,201564,O.J. Mayo,2.0,1.0,5.0,0.0,0.0,0.0,1.0,0.0,3.0,0.0,1.0,1.0,-16.0,20:52,-0.1,0
19,203089,John Henson,10.0,5.0,8.0,2.0,0.0,3.0,7.0,0.0,1.0,2.0,2.0,1.0,-19.0,27:46,10.1,0
20,2406,Caron Butler,10.0,5.0,9.0,0.0,0.0,0.0,2.0,1.0,1.0,0.0,1.0,2.0,-5.0,15:03,5.6,0
21,203545,Miroslav Raduljica,0.0,0.0,2.0,0.0,0.0,1.0,0.0,0.0,1.0,0.0,1.0,0.0,4.0,10:57,-0.4,0
22,203489,Nate Wolters,8.0,3.0,5.0,4.0,2.0,1.0,0.0,1.0,5.0,1.0,1.0,0.0,7.0,16:21,10.4,0
23,202390,Gary Neal,,,,,,,,,,,,,,,0.0,0
24,202327,Ekpe Udoh,,,,,,,,,,,,,,,0.0,0
