,id,name,PTS,FG,FGA,FTA,FT,OREB,DREB,STL,AST,BLK,PF,TO,PLUS_MINUS,MIN,GS,WIN
0,201163,Wilson Chandler,14.0,4.0,12.0,6.0,4.0,0.0,3.0,0.0,3.0,0.0,5.0,1.0,-6.0,34:26,6.4,0
1,202702,Kenneth Faried,16.0,5.0,12.0,7.0,6.0,5.0,5.0,0.0,2.0,1.0,2.0,1.0,-5.0,31:49,14.5,0
2,202389,Timofey Mozgov,4.0,2.0,5.0,1.0,0.0,1.0,5.0,0.0,1.0,1.0,2.0,3.0,-4.0,19:19,0.7,0
3,200751,Randy Foye,16.0,5.0,15.0,4.0,2.0,0.0,0.0,0.0,4.0,0.0,2.0,1.0,-10.0,41:02,7.7,0
4,201166,Aaron Brooks,6.0,3.0,11.0,0.0,0.0,0.0,3.0,0.0,2.0,0.0,3.0,0.0,-11.0,25:23,0.6,0
5,203095,Evan Fournier,16.0,4.0,9.0,8.0,7.0,1.0,6.0,2.0,4.0,0.0,4.0,0.0,6.0,32:25,16.6,0
6,201581,JJ Hickson,11.0,4.0,11.0,7.0,3.0,2.0,3.0,1.0,2.0,0.0,2.0,3.0,1.0,29:41,4.2,0
7,201589,Darrell Arthur,12.0,6.0,7.0,0.0,0.0,1.0,2.0,1.0,2.0,0.0,2.0,1.0,-4.0,15:11,11.4,0
8,203113,Quincy Miller,1.0,0.0,1.0,2.0,1.0,0.0,3.0,0.0,0.0,0.0,2.0,1.0,3.0,10:44,-1.0,0
9,201951,Ty Lawson,,,,,,,,,,,,,,,0.0,0
10,201576,Anthony Randolph,,,,,,,,,,,,,,,0.0,0
11,101126,Nate Robinson,,,,,,,,,,,,,,,0.0,0
12,202686,Jan Vesely,,,,,,,,,,,,,,,0.0,0
13,201587,Nicolas Batum,9.0,3.0,10.0,2.0,2.0,1.0,15.0,1.0,6.0,0.0,4.0,4.0,6.0,36:04,8.0,1
14,200746,LaMarcus Aldridge,16.0,7.0,15.0,2.0,2.0,1.0,6.0,1.0,3.0,1.0,4.0,4.0,11.0,30:02,9.0,1
15,201577,Robin Lopez,18.0,5.0,9.0,8.0,8.0,3.0,6.0,0.0,2.0,1.0,5.0,1.0,10.0,31:36,16.7,1
16,202083,Wesley Matthews,8.0,3.0,8.0,2.0,2.0,2.0,2.0,1.0,2.0,1.0,3.0,0.0,10.0,31:36,7.5,1
17,203081,Damian Lillard,17.0,7.0,13.0,3.0,3.0,1.0,4.0,3.0,2.0,0.0,1.0,1.0,3.0,35:04,15.6,1
18,2590,Mo Williams,9.0,3.0,8.0,2.0,2.0,1.0,2.0,0.0,3.0,0.0,2.0,2.0,4.0,25:52,5.2,1
19,203086,Meyers Leonard,8.0,3.0,6.0,3.0,2.0,0.0,5.0,0.0,1.0,0.0,4.0,0.0,-4.0,16:24,5.2,1
20,2748,Dorell Wright,8.0,3.0,7.0,0.0,0.0,0.0,2.0,0.0,0.0,0.0,2.0,0.0,-7.0,14:27,4.1,1
21,203115,Will Barton,7.0,2.0,2.0,2.0,2.0,0.0,0.0,0.0,0.0,0.0,1.0,2.0,3.0,12:56,4.0,1
22,201964,Victor Claver,2.0,1.0,3.0,0.0,0.0,0.0,1.0,0.0,1.0,0.0,0.0,0.0,-6.0,5:59,1.3,1
23,203459,Allen Crabbe,,,,,,,,,,,,,,,0.0,1
24,203468,CJ McCollum,,,,,,,,,,,,,,,0.0,1
25,2248,Earl Watson,,,,,,,,,,,,,,,0.0,1
