,id,name,PTS,FG,FGA,FTA,FT,OREB,DREB,STL,AST,BLK,PF,TO,PLUS_MINUS,MIN,GS,WIN
0,201980,Danny Green,16.0,5.0,9.0,3.0,3.0,0.0,7.0,1.0,1.0,3.0,2.0,3.0,-3.0,36:18,13.8,1
1,2564,Boris Diaw,11.0,5.0,14.0,0.0,0.0,3.0,2.0,2.0,2.0,1.0,2.0,2.0,2.0,30:32,7.2,1
2,201168,Tiago Splitter,15.0,5.0,9.0,9.0,5.0,0.0,6.0,1.0,2.0,0.0,2.0,2.0,3.0,25:42,10.5,1
3,201158,Marco Belinelli,20.0,7.0,11.0,2.0,2.0,2.0,2.0,1.0,1.0,0.0,3.0,2.0,3.0,35:03,15.6,1
4,202709,Cory Joseph,0.0,0.0,4.0,0.0,0.0,1.0,1.0,1.0,4.0,1.0,1.0,0.0,1.0,24:14,2.3,1
5,200769,Shannon Brown,0.0,0.0,2.0,0.0,0.0,1.0,2.0,0.0,0.0,0.0,1.0,1.0,-13.0,13:28,-1.5,1
6,201965,Jeff Ayres,2.0,1.0,2.0,0.0,0.0,1.0,2.0,0.0,0.0,0.0,5.0,1.0,-3.0,14:21,-0.7,1
7,201988,Patty Mills,29.0,13.0,26.0,2.0,2.0,0.0,3.0,2.0,2.0,0.0,1.0,0.0,6.0,29:00,19.9,1
8,1938,Manu Ginobili,16.0,6.0,10.0,5.0,4.0,1.0,4.0,1.0,4.0,0.0,2.0,3.0,20.0,19:16,12.9,1
9,2588,Matt Bonner,2.0,1.0,1.0,0.0,0.0,0.0,1.0,0.0,0.0,0.0,1.0,0.0,-8.0,7:45,1.6,1
10,201986,Nando De Colo,0.0,0.0,0.0,0.0,0.0,0.0,1.0,0.0,0.0,0.0,0.0,0.0,2.0,4:21,0.3,1
11,203382,Aron Baynes,,,,,,,,,,,,,,,0.0,1
12,1495,Tim Duncan,,,,,,,,,,,,,,,0.0,1
13,201587,Nicolas Batum,8.0,2.0,8.0,4.0,3.0,0.0,5.0,1.0,5.0,2.0,3.0,4.0,-10.0,39:53,5.0,0
14,2748,Dorell Wright,10.0,4.0,8.0,0.0,0.0,3.0,2.0,2.0,0.0,0.0,2.0,1.0,-15.0,20:24,8.9,0
15,201577,Robin Lopez,11.0,4.0,11.0,4.0,3.0,6.0,8.0,0.0,1.0,2.0,2.0,2.0,-8.0,34:21,10.4,0
16,202083,Wesley Matthews,18.0,6.0,18.0,7.0,4.0,1.0,4.0,3.0,3.0,0.0,0.0,1.0,12.0,36:58,12.6,0
17,203081,Damian Lillard,31.0,13.0,21.0,5.0,4.0,1.0,3.0,0.0,6.0,0.0,3.0,2.0,9.0,38:23,23.7,0
18,2590,Mo Williams,19.0,8.0,14.0,2.0,2.0,0.0,1.0,0.0,2.0,0.0,3.0,1.0,-6.0,26:08,11.9,0
19,203080,Thomas Robinson,10.0,4.0,7.0,3.0,2.0,2.0,7.0,0.0,0.0,0.0,4.0,2.0,12.0,22:35,6.2,0
20,203468,CJ McCollum,2.0,1.0,4.0,0.0,0.0,0.0,1.0,0.0,0.0,0.0,3.0,1.0,-7.0,14:05,-2.3,0
21,201964,Victor Claver,0.0,0.0,2.0,0.0,0.0,0.0,1.0,0.0,1.0,1.0,0.0,0.0,3.0,7:13,0.3,0
22,200746,LaMarcus Aldridge,,,,,,,,,,,,,,,0.0,0
23,203115,Will Barton,,,,,,,,,,,,,,,0.0,0
24,203459,Allen Crabbe,,,,,,,,,,,,,,,0.0,0
25,2248,Earl Watson,,,,,,,,,,,,,,,0.0,0
