,id,name,PTS,FG,FGA,FTA,FT,OREB,DREB,STL,AST,BLK,PF,TO,PLUS_MINUS,MIN,GS,WIN
0,202331,Paul George,21.0,8.0,22.0,4.0,4.0,1.0,6.0,4.0,1.0,0.0,2.0,3.0,-5.0,40:36,12.2,0
1,2561,David West,14.0,4.0,12.0,6.0,6.0,0.0,9.0,0.0,4.0,2.0,2.0,1.0,-4.0,36:01,12.3,0
2,201579,Roy Hibbert,3.0,0.0,5.0,4.0,3.0,1.0,4.0,0.0,0.0,0.0,5.0,3.0,-12.0,26:06,-4.0,0
3,202362,Lance Stephenson,8.0,3.0,9.0,1.0,1.0,1.0,9.0,0.0,0.0,0.0,2.0,4.0,-11.0,30:11,1.5,0
4,201588,George Hill,17.0,6.0,10.0,3.0,3.0,0.0,2.0,1.0,4.0,0.0,0.0,0.0,-5.0,39:08,16.8,0
5,202323,Evan Turner,3.0,1.0,4.0,1.0,1.0,0.0,2.0,0.0,1.0,1.0,1.0,1.0,-3.0,19:32,1.2,0
6,101133,Ian Mahinmi,3.0,1.0,1.0,2.0,1.0,2.0,0.0,0.0,0.0,0.0,3.0,1.0,0.0,16:33,1.5,0
7,202388,Donald Sloan,4.0,2.0,4.0,0.0,0.0,1.0,1.0,0.0,1.0,0.0,0.0,0.0,-7.0,8:52,3.7,0
8,2449,Luis Scola,2.0,1.0,4.0,0.0,0.0,0.0,1.0,0.0,0.0,1.0,4.0,2.0,-7.0,14:42,-3.0,0
9,203142,Chris Copeland,0.0,0.0,0.0,0.0,0.0,0.0,2.0,0.0,0.0,0.0,0.0,0.0,0.0,5:10,0.6,0
10,202730,Lavoy Allen,2.0,1.0,1.0,0.0,0.0,0.0,0.0,0.0,0.0,0.0,1.0,0.0,-2.0,1:03,1.3,0
11,2446,Rasual Butler,0.0,0.0,1.0,0.0,0.0,0.0,0.0,0.0,0.0,0.0,0.0,0.0,-2.0,1:03,-0.7,0
12,203524,Solomon Hill,0.0,0.0,0.0,0.0,0.0,0.0,0.0,0.0,0.0,0.0,1.0,0.0,-2.0,1:03,-0.4,0
13,2399,Mike Dunleavy,13.0,6.0,12.0,0.0,0.0,0.0,8.0,1.0,4.0,1.0,3.0,0.0,11.0,38:15,12.7,1
14,2430,Carlos Boozer,9.0,3.0,10.0,3.0,3.0,2.0,8.0,2.0,0.0,0.0,4.0,2.0,5.0,23:49,5.4,1
15,201149,Joakim Noah,10.0,5.0,10.0,0.0,0.0,0.0,8.0,4.0,8.0,3.0,5.0,2.0,18.0,34:40,15.1,1
16,202710,Jimmy Butler,12.0,3.0,10.0,6.0,5.0,0.0,5.0,0.0,3.0,0.0,3.0,1.0,10.0,32:30,7.2,1
17,2550,Kirk Hinrich,18.0,7.0,13.0,2.0,2.0,0.0,2.0,0.0,3.0,1.0,1.0,1.0,11.0,27:34,13.7,1
18,203503,Tony Snell,0.0,0.0,6.0,0.0,0.0,0.0,1.0,0.0,0.0,1.0,0.0,2.0,1.0,17:55,-5.2,1
19,201571,D.J. Augustin,4.0,2.0,8.0,0.0,0.0,1.0,0.0,0.0,3.0,0.0,1.0,1.0,3.0,27:46,0.6,1
20,201959,Taj Gibson,23.0,9.0,15.0,5.0,5.0,5.0,3.0,0.0,1.0,1.0,3.0,1.0,4.0,33:24,19.7,1
21,1737,Nazr Mohammed,0.0,0.0,0.0,0.0,0.0,1.0,2.0,0.0,0.0,0.0,0.0,0.0,1.0,3:41,1.3,1
22,203513,Erik Murphy,0.0,0.0,0.0,0.0,0.0,0.0,0.0,0.0,0.0,0.0,0.0,0.0,-2.0,0:13,0.0,1
23,203129,Tornike Shengelia,0.0,0.0,0.0,0.0,0.0,0.0,0.0,0.0,0.0,0.0,0.0,0.0,-2.0,0:13,0.0,1
24,202690,Jimmer Fredette,,,,,,,,,,,,,,,0.0,1
25,201565,Derrick Rose,,,,,,,,,,,,,,,0.0,1
