,id,name,PTS,FG,FGA,FTA,FT,OREB,DREB,STL,AST,BLK,PF,TO,PLUS_MINUS,MIN,GS,WIN
0,2736,Luol Deng,20.0,8.0,21.0,5.0,4.0,3.0,4.0,2.0,4.0,0.0,3.0,1.0,-13.0,36:41,14.0,0
1,2430,Carlos Boozer,22.0,9.0,16.0,4.0,4.0,3.0,7.0,0.0,2.0,0.0,3.0,0.0,-5.0,31:57,18.8,0
2,201149,Joakim Noah,10.0,4.0,11.0,2.0,2.0,2.0,7.0,2.0,3.0,1.0,1.0,1.0,-11.0,32:13,10.8,0
3,202710,Jimmy Butler,9.0,4.0,6.0,2.0,1.0,1.0,5.0,1.0,4.0,2.0,0.0,2.0,-2.0,39:01,11.4,0
4,201565,Derrick Rose,13.0,4.0,14.0,4.0,4.0,2.0,2.0,0.0,6.0,0.0,2.0,8.0,-11.0,32:28,2.2,0
5,201959,Taj Gibson,12.0,6.0,9.0,0.0,0.0,5.0,2.0,1.0,0.0,1.0,2.0,2.0,8.0,23:55,11.1,0
6,2399,Mike Dunleavy,7.0,3.0,7.0,0.0,0.0,0.0,4.0,0.0,2.0,0.0,2.0,0.0,9.0,16:24,5.1,0
7,2550,Kirk Hinrich,9.0,3.0,8.0,2.0,2.0,0.0,1.0,2.0,6.0,0.0,1.0,3.0,8.0,19:32,7.7,0
8,1737,Nazr Mohammed,2.0,1.0,1.0,0.0,0.0,1.0,2.0,0.0,1.0,1.0,0.0,1.0,2.0,7:49,3.4,0
9,2229,Mike James,,,,,,,,,,,,,,,0.0,0
10,203513,Erik Murphy,,,,,,,,,,,,,,,0.0,0
11,203503,Tony Snell,,,,,,,,,,,,,,,0.0,0
12,203104,Marquis Teague,,,,,,,,,,,,,,,0.0,0
13,202323,Evan Turner,20.0,7.0,16.0,7.0,6.0,2.0,1.0,1.0,3.0,0.0,1.0,2.0,3.0,38:51,13.6,1
14,201152,Thaddeus Young,13.0,5.0,9.0,0.0,0.0,0.0,7.0,1.0,2.0,1.0,2.0,1.0,9.0,28:45,12.1,1
15,201150,Spencer Hawes,18.0,8.0,11.0,0.0,0.0,3.0,8.0,1.0,2.0,3.0,1.0,2.0,9.0,30:23,20.1,1
16,202341,James Anderson,1.0,0.0,4.0,2.0,1.0,0.0,3.0,0.0,2.0,0.0,1.0,0.0,17.0,29:35,-0.3,1
17,203487,Michael Carter-Williams,26.0,10.0,22.0,5.0,4.0,3.0,1.0,3.0,10.0,0.0,1.0,4.0,6.0,37:09,22.2,1
18,202730,Lavoy Allen,6.0,3.0,5.0,0.0,0.0,1.0,3.0,0.0,0.0,1.0,5.0,2.0,-13.0,17:34,2.0,1
19,203100,Tony Wroten,11.0,4.0,11.0,2.0,0.0,0.0,5.0,1.0,0.0,1.0,3.0,1.0,-9.0,22:41,5.1,1
20,202350,Daniel Orton,4.0,2.0,2.0,0.0,0.0,0.0,1.0,0.0,1.0,0.0,2.0,1.0,-6.0,16:54,2.6,1
21,202721,Darius Morris,6.0,2.0,4.0,2.0,1.0,0.0,0.0,1.0,3.0,0.0,0.0,1.0,-3.0,10:51,5.7,1
22,203138,Hollis Thompson,0.0,0.0,1.0,0.0,0.0,1.0,0.0,0.0,1.0,0.0,2.0,1.0,-5.0,4:57,-1.1,1
23,203561,Brandon Davies,2.0,1.0,1.0,0.0,0.0,0.0,0.0,0.0,0.0,0.0,0.0,0.0,7.0,2:20,1.7,1
24,2198,Kwame Brown,,,,,,,,,,,,,,,0.0,1
