,id,name,PTS,FG,FGA,FTA,FT,OREB,DREB,STL,AST,BLK,PF,TO,PLUS_MINUS,MIN,GS,WIN
0,2207,Joe Johnson,8.0,2.0,10.0,3.0,3.0,1.0,5.0,1.0,2.0,0.0,3.0,5.0,-9.0,34:20,0.2,1
1,1718,Paul Pierce,29.0,9.0,12.0,7.0,6.0,0.0,4.0,1.0,1.0,0.0,5.0,2.0,-6.0,31:34,22.7,1
2,203486,Mason Plumlee,4.0,2.0,3.0,0.0,0.0,1.0,3.0,0.0,1.0,2.0,2.0,0.0,-8.0,22:02,5.6,1
3,2733,Shaun Livingston,13.0,5.0,11.0,3.0,3.0,1.0,6.0,3.0,4.0,1.0,4.0,4.0,-4.0,38:09,10.7,1
4,101114,Deron Williams,6.0,2.0,8.0,1.0,1.0,1.0,2.0,2.0,8.0,0.0,1.0,3.0,-7.0,34:45,6.7,1
5,101154,Andray Blatche,11.0,5.0,10.0,3.0,1.0,3.0,1.0,0.0,3.0,1.0,3.0,1.0,9.0,25:58,8.2,1
6,201977,Marcus Thornton,5.0,2.0,9.0,0.0,0.0,0.0,3.0,3.0,0.0,0.0,1.0,0.0,13.0,23:06,3.0,1
7,101187,Alan Anderson,3.0,1.0,4.0,0.0,0.0,0.0,2.0,1.0,0.0,0.0,3.0,0.0,10.0,13:40,1.0,1
8,203141,Mirza Teletovic,17.0,6.0,11.0,2.0,2.0,2.0,2.0,0.0,0.0,3.0,0.0,0.0,7.0,16:26,15.8,1
9,2215,Jason Collins,,,,,,,,,,,,,,,0.0,1
10,203268,Jorge Gutierrez,,,,,,,,,,,,,,,0.0,1
11,1905,Andrei Kirilenko,,,,,,,,,,,,,,,0.0,1
12,203104,Marquis Teague,,,,,,,,,,,,,,,0.0,1
13,2544,LeBron James,19.0,6.0,13.0,9.0,6.0,0.0,5.0,3.0,7.0,0.0,1.0,5.0,2.0,38:03,15.1,0
14,2203,Shane Battier,3.0,1.0,4.0,0.0,0.0,0.0,0.0,1.0,4.0,1.0,0.0,0.0,10.0,28:27,5.1,0
15,2547,Chris Bosh,24.0,9.0,14.0,5.0,4.0,1.0,6.0,0.0,1.0,0.0,3.0,2.0,5.0,35:07,17.4,0
16,2548,Dwyane Wade,22.0,8.0,11.0,7.0,6.0,0.0,2.0,0.0,2.0,1.0,4.0,2.0,-3.0,37:10,16.2,0
17,201596,Mario Chalmers,14.0,5.0,11.0,0.0,0.0,1.0,8.0,1.0,2.0,0.0,3.0,4.0,8.0,35:35,8.6,0
18,2365,Chris Andersen,4.0,1.0,2.0,2.0,2.0,0.0,6.0,1.0,0.0,1.0,1.0,1.0,-7.0,18:23,5.1,0
19,951,Ray Allen,1.0,0.0,3.0,1.0,1.0,0.0,3.0,0.0,1.0,0.0,1.0,0.0,1.0,27:44,0.1,0
20,202708,Norris Cole,6.0,2.0,4.0,2.0,1.0,0.0,0.0,0.0,1.0,0.0,2.0,3.0,-13.0,13:45,0.5,0
21,201563,Michael Beasley,2.0,1.0,6.0,0.0,0.0,1.0,0.0,0.0,0.0,0.0,1.0,0.0,-8.0,5:46,-1.5,0
22,201962,Toney Douglas,,,,,,,,,,,,,,,0.0,0
23,2617,Udonis Haslem,,,,,,,,,,,,,,,0.0,0
24,1740,Rashard Lewis,,,,,,,,,,,,,,,0.0,0
25,201141,Greg Oden,,,,,,,,,,,,,,,0.0,0
