,id,name,PTS,FG,FGA,FTA,FT,OREB,DREB,STL,AST,BLK,PF,TO,PLUS_MINUS,MIN,GS,WIN
0,2546,Carmelo Anthony,27.0,8.0,22.0,13.0,11.0,2.0,5.0,0.0,0.0,2.0,4.0,1.0,-4.0,40:15,15.7,0
1,2030,Kenyon Martin,4.0,2.0,5.0,0.0,0.0,0.0,2.0,1.0,1.0,0.0,2.0,0.0,-8.0,13:53,2.8,0
2,200745,Andrea Bargnani,22.0,7.0,11.0,8.0,7.0,0.0,5.0,1.0,2.0,0.0,4.0,1.0,1.0,38:57,18.0,0
3,202697,Iman Shumpert,11.0,4.0,8.0,2.0,2.0,1.0,6.0,1.0,0.0,0.0,2.0,1.0,-2.0,32:01,8.7,0
4,101109,Raymond Felton,8.0,3.0,9.0,2.0,1.0,1.0,3.0,0.0,7.0,1.0,3.0,3.0,-1.0,37:10,5.5,0
5,2405,Amar'e Stoudemire,4.0,2.0,7.0,0.0,0.0,1.0,3.0,1.0,0.0,0.0,2.0,0.0,1.0,15:22,1.7,0
6,2747,JR Smith,11.0,5.0,13.0,0.0,0.0,1.0,5.0,2.0,3.0,0.0,4.0,2.0,5.0,32:13,6.6,0
7,2757,Beno Udrih,0.0,0.0,1.0,0.0,0.0,1.0,0.0,0.0,1.0,0.0,0.0,1.0,-3.0,5:26,-0.3,0
8,1897,Metta World Peace,0.0,0.0,2.0,0.0,0.0,0.0,0.0,0.0,1.0,1.0,0.0,0.0,-3.0,4:27,0.0,0
9,203501,Tim Hardaway Jr.,8.0,3.0,5.0,0.0,0.0,1.0,2.0,0.0,0.0,2.0,1.0,1.0,2.0,14:53,7.0,0
10,203143,Pablo Prigioni,0.0,0.0,0.0,0.0,0.0,0.0,3.0,0.0,1.0,0.0,2.0,0.0,2.0,5:24,0.8,0
11,202332,Cole Aldrich,,,,,,,,,,,,,,,0.0,0
12,203315,Toure' Murry,,,,,,,,,,,,,,,0.0,0
13,201163,Wilson Chandler,13.0,4.0,9.0,4.0,3.0,0.0,4.0,1.0,1.0,1.0,4.0,2.0,6.0,33:26,7.9,1
14,202702,Kenneth Faried,4.0,2.0,4.0,0.0,0.0,0.0,6.0,1.0,0.0,0.0,0.0,0.0,12.0,21:00,4.8,1
15,201581,JJ Hickson,13.0,4.0,9.0,10.0,5.0,1.0,10.0,0.0,2.0,0.0,2.0,2.0,6.0,31:33,8.6,1
16,200751,Randy Foye,17.0,5.0,11.0,4.0,4.0,0.0,4.0,0.0,4.0,1.0,2.0,0.0,3.0,30:05,15.2,1
17,201951,Ty Lawson,22.0,5.0,10.0,12.0,10.0,1.0,2.0,0.0,8.0,0.0,0.0,2.0,6.0,35:33,21.1,1
18,101126,Nate Robinson,16.0,6.0,11.0,4.0,4.0,0.0,1.0,1.0,2.0,0.0,5.0,1.0,-2.0,18:26,10.4,1
19,202389,Timofey Mozgov,0.0,0.0,1.0,0.0,0.0,0.0,4.0,0.0,1.0,3.0,3.0,1.0,-3.0,15:56,1.1,1
20,201589,Darrell Arthur,2.0,1.0,4.0,0.0,0.0,1.0,2.0,0.0,0.0,0.0,3.0,1.0,-4.0,14:60,-1.3,1
21,202706,Jordan Hamilton,3.0,1.0,6.0,0.0,0.0,1.0,5.0,0.0,0.0,0.0,3.0,1.0,-8.0,13:33,-0.8,1
22,1889,Andre Miller,7.0,3.0,5.0,0.0,0.0,1.0,1.0,1.0,1.0,0.0,0.0,4.0,-5.0,19:59,3.4,1
23,203095,Evan Fournier,0.0,0.0,1.0,0.0,0.0,0.0,0.0,0.0,0.0,0.0,1.0,0.0,-1.0,5:29,-1.1,1
24,203113,Quincy Miller,,,,,,,,,,,,,,,0.0,1
25,201576,Anthony Randolph,,,,,,,,,,,,,,,0.0,1
