,id,name,PTS,FG,FGA,FTA,FT,OREB,DREB,STL,AST,BLK,PF,TO,PLUS_MINUS,MIN,GS,WIN
0,1890,Shawn Marion,6.0,3.0,11.0,0.0,0.0,1.0,3.0,1.0,2.0,0.0,0.0,1.0,-10.0,30:54,2.5,0
1,203109,Jae Crowder,7.0,2.0,3.0,2.0,2.0,1.0,3.0,0.0,0.0,1.0,3.0,2.0,3.0,20:59,4.8,0
2,2223,Samuel Dalembert,4.0,1.0,3.0,2.0,2.0,3.0,4.0,1.0,0.0,0.0,4.0,3.0,5.0,17:22,2.0,0
3,101145,Monta Ellis,21.0,9.0,18.0,2.0,1.0,0.0,1.0,0.0,6.0,0.0,3.0,8.0,-4.0,37:42,6.9,0
4,101181,Jose Calderon,13.0,5.0,11.0,2.0,1.0,1.0,3.0,0.0,5.0,0.0,2.0,1.0,-4.0,34:09,10.2,0
5,201971,DeJuan Blair,8.0,4.0,5.0,0.0,0.0,1.0,6.0,0.0,1.0,0.0,2.0,2.0,1.0,17:47,6.5,0
6,1713,Vince Carter,8.0,3.0,7.0,1.0,1.0,0.0,1.0,1.0,4.0,0.0,5.0,1.0,-8.0,22:11,5.4,0
7,201148,Brandan Wright,13.0,5.0,7.0,5.0,3.0,0.0,3.0,1.0,0.0,0.0,2.0,1.0,-12.0,25:10,9.4,0
8,203499,Shane Larkin,2.0,1.0,3.0,0.0,0.0,0.0,0.0,0.0,1.0,0.0,2.0,1.0,-2.0,11:14,-0.8,0
9,2734,Devin Harris,3.0,1.0,3.0,0.0,0.0,0.0,1.0,1.0,3.0,0.0,1.0,0.0,-4.0,14:16,4.3,0
10,201961,Wayne Ellington,0.0,0.0,2.0,0.0,0.0,0.0,1.0,0.0,0.0,0.0,0.0,1.0,-5.0,7:52,-2.1,0
11,203495,Ricky Ledo,0.0,0.0,0.0,0.0,0.0,0.0,0.0,0.0,0.0,0.0,0.0,0.0,0.0,0:24,0.0,0
12,203108,Bernard James,,,,,,,,,,,,,,,0.0,0
13,203082,Terrence Ross,3.0,1.0,7.0,0.0,0.0,0.0,3.0,1.0,3.0,0.0,3.0,0.0,2.0,19:14,1.3,1
14,101161,Amir Johnson,9.0,4.0,7.0,0.0,0.0,1.0,5.0,1.0,0.0,0.0,2.0,0.0,10.0,31:20,8.1,1
15,202685,Jonas Valanciunas,12.0,3.0,6.0,8.0,6.0,2.0,8.0,0.0,0.0,0.0,3.0,4.0,2.0,25:40,6.8,1
16,201942,DeMar DeRozan,40.0,15.0,22.0,14.0,9.0,1.0,2.0,1.0,3.0,1.0,1.0,4.0,-5.0,37:49,29.3,1
17,200768,Kyle Lowry,3.0,0.0,10.0,4.0,3.0,0.0,4.0,2.0,5.0,0.0,4.0,1.0,-5.0,35:01,-0.3,1
18,2422,John Salmons,3.0,1.0,4.0,0.0,0.0,0.0,2.0,0.0,0.0,0.0,0.0,0.0,3.0,21:51,1.2,1
19,202335,Patrick Patterson,6.0,3.0,7.0,0.0,0.0,4.0,1.0,0.0,1.0,0.0,2.0,2.0,-6.0,19:04,3.3,1
20,202349,Greivis Vasquez,17.0,5.0,13.0,6.0,4.0,0.0,2.0,3.0,7.0,0.0,2.0,2.0,21.0,33:31,14.8,1
21,101236,Chuck Hayes,0.0,0.0,0.0,0.0,0.0,1.0,4.0,3.0,1.0,0.0,2.0,0.0,18.0,16:30,4.8,1
22,202779,Dwight Buycks,,,,,,,,,,,,,,,0.0,1
23,201948,Austin Daye,,,,,,,,,,,,,,,0.0,1
24,200779,Steve Novak,,,,,,,,,,,,,,,0.0,1
25,202933,Julyan Stone,,,,,,,,,,,,,,,0.0,1
