,id,name,PTS,FG,FGA,FTA,FT,OREB,DREB,STL,AST,BLK,PF,TO,PLUS_MINUS,MIN,GS,WIN
0,2772,Trevor Ariza,21.0,9.0,17.0,1.0,1.0,4.0,6.0,0.0,2.0,0.0,2.0,1.0,6.0,38:09,16.9,1
1,202344,Trevor Booker,2.0,1.0,2.0,0.0,0.0,1.0,3.0,0.0,1.0,0.0,3.0,0.0,-2.0,15:37,2.1,1
2,101162,Marcin Gortat,11.0,3.0,10.0,6.0,5.0,3.0,11.0,2.0,1.0,2.0,1.0,1.0,5.0,30:44,12.9,1
3,203078,Bradley Beal,17.0,6.0,13.0,4.0,2.0,0.0,1.0,0.0,4.0,0.0,2.0,1.0,-6.0,29:33,10.8,1
4,202322,John Wall,20.0,6.0,14.0,8.0,5.0,0.0,4.0,2.0,6.0,0.0,3.0,4.0,5.0,33:11,13.6,1
5,101110,Martell Webster,6.0,2.0,6.0,0.0,0.0,0.0,2.0,0.0,0.0,0.0,3.0,0.0,7.0,21:17,2.0,1
6,2403,Nene,11.0,4.0,6.0,5.0,3.0,0.0,4.0,1.0,3.0,1.0,3.0,4.0,-3.0,26:44,7.4,1
7,202686,Jan Vesely,12.0,6.0,8.0,2.0,0.0,5.0,2.0,0.0,0.0,1.0,3.0,1.0,13.0,22:31,10.6,1
8,202066,Garrett Temple,2.0,1.0,3.0,0.0,0.0,0.0,0.0,1.0,6.0,1.0,2.0,0.0,1.0,14:49,5.4,1
9,203490,Otto Porter Jr.,0.0,0.0,1.0,0.0,0.0,0.0,0.0,0.0,1.0,0.0,1.0,0.0,4.0,7:25,-0.4,1
10,201953,Eric Maynor,,,,,,,,,,,,,,,0.0,1
11,202338,Kevin Seraphin,,,,,,,,,,,,,,,0.0,1
12,202698,Chris Singleton,,,,,,,,,,,,,,,0.0,1
13,202329,Al-Farouq Aminu,4.0,2.0,5.0,0.0,0.0,1.0,4.0,0.0,2.0,3.0,2.0,1.0,-7.0,29:28,4.9,0
14,203076,Anthony Davis,21.0,8.0,13.0,6.0,4.0,1.0,6.0,1.0,1.0,3.0,4.0,3.0,11.0,32:35,16.0,0
15,201582,Alexis Ajinca,6.0,3.0,5.0,0.0,0.0,1.0,5.0,0.0,2.0,1.0,2.0,0.0,8.0,14:42,7.2,0
16,201569,Eric Gordon,23.0,9.0,18.0,5.0,4.0,0.0,3.0,1.0,4.0,1.0,2.0,0.0,-3.0,37:48,18.2,0
17,201950,Jrue Holiday,8.0,3.0,11.0,2.0,2.0,0.0,3.0,3.0,3.0,0.0,1.0,1.0,-11.0,28:58,6.1,0
18,201160,Jason Smith,7.0,1.0,5.0,6.0,5.0,2.0,1.0,0.0,2.0,0.0,3.0,1.0,-21.0,22:47,4.4,0
19,201936,Tyreke Evans,3.0,0.0,5.0,4.0,3.0,0.0,1.0,2.0,5.0,0.0,0.0,1.0,-21.0,17:30,3.9,0
20,201880,Greg Stiemsma,10.0,5.0,5.0,0.0,0.0,2.0,3.0,0.0,0.0,1.0,5.0,1.0,0.0,20:22,8.5,0
21,203148,Brian Roberts,11.0,3.0,7.0,3.0,3.0,0.0,2.0,1.0,3.0,0.0,2.0,2.0,5.0,19:02,8.2,0
22,201627,Anthony Morrow,0.0,0.0,0.0,0.0,0.0,1.0,0.0,0.0,0.0,0.0,0.0,0.0,-5.0,4:12,0.7,0
23,203085,Austin Rivers,3.0,1.0,4.0,1.0,1.0,0.0,1.0,0.0,1.0,0.0,3.0,0.0,14.0,12:36,0.4,0
24,203121,Darius Miller,,,,,,,,,,,,,,,0.0,0
25,203481,Jeff Withey,,,,,,,,,,,,,,,0.0,0
