,id,name,PTS,FG,FGA,FTA,FT,OREB,DREB,STL,AST,BLK,PF,TO,PLUS_MINUS,MIN,GS,WIN
0,203082,Terrence Ross,8.0,2.0,9.0,2.0,2.0,0.0,3.0,0.0,0.0,0.0,2.0,0.0,6.0,29:25,2.6,1
1,202335,Patrick Patterson,7.0,2.0,9.0,2.0,2.0,2.0,3.0,1.0,1.0,0.0,3.0,1.0,13.0,28:41,3.3,1
2,202685,Jonas Valanciunas,17.0,7.0,11.0,5.0,3.0,5.0,8.0,0.0,3.0,1.0,3.0,2.0,10.0,34:04,16.8,1
3,201942,DeMar DeRozan,23.0,7.0,19.0,10.0,9.0,0.0,2.0,1.0,5.0,0.0,3.0,2.0,3.0,38:22,14.0,1
4,202349,Greivis Vasquez,26.0,10.0,15.0,0.0,0.0,0.0,4.0,1.0,4.0,0.0,1.0,0.0,13.0,37:29,24.1,1
5,201946,Tyler Hansbrough,3.0,1.0,3.0,2.0,1.0,4.0,1.0,1.0,0.0,0.0,2.0,0.0,-6.0,13:56,4.2,1
6,2422,John Salmons,9.0,3.0,7.0,0.0,0.0,0.0,1.0,0.0,0.0,0.0,2.0,2.0,-6.0,20:20,2.8,1
7,201986,Nando De Colo,7.0,3.0,4.0,1.0,1.0,0.0,2.0,1.0,6.0,0.0,2.0,1.0,-2.0,18:35,9.4,1
8,200779,Steve Novak,2.0,1.0,2.0,0.0,0.0,0.0,0.0,0.0,0.0,0.0,1.0,0.0,-6.0,3:20,0.6,1
9,101236,Chuck Hayes,0.0,0.0,2.0,0.0,0.0,1.0,3.0,0.0,1.0,1.0,3.0,1.0,-5.0,15:48,-0.6,1
10,202779,Dwight Buycks,,,,,,,,,,,,,,,0.0,1
11,202361,Landry Fields,,,,,,,,,,,,,,,0.0,1
12,202933,Julyan Stone,,,,,,,,,,,,,,,0.0,1
13,203114,Khris Middleton,20.0,6.0,9.0,8.0,8.0,1.0,0.0,0.0,3.0,0.0,6.0,2.0,-13.0,34:21,14.5,0
14,202399,Jeff Adrien,19.0,8.0,17.0,3.0,3.0,4.0,8.0,0.0,2.0,1.0,1.0,1.0,4.0,41:20,16.2,0
15,2585,Zaza Pachulia,0.0,0.0,1.0,0.0,0.0,0.0,0.0,0.0,1.0,0.0,4.0,1.0,-9.0,8:56,-2.6,0
16,201196,Ramon Sessions,13.0,5.0,13.0,2.0,2.0,0.0,3.0,0.0,10.0,0.0,2.0,1.0,4.0,42:31,12.0,0
17,202688,Brandon Knight,15.0,6.0,15.0,4.0,3.0,1.0,3.0,1.0,4.0,1.0,4.0,2.0,-10.0,33:02,9.0,0
18,203089,John Henson,23.0,10.0,16.0,4.0,3.0,3.0,6.0,1.0,6.0,3.0,3.0,1.0,7.0,39:03,24.4,0
19,203507,Giannis Antetokounmpo,4.0,1.0,6.0,2.0,2.0,1.0,3.0,0.0,2.0,0.0,1.0,1.0,-4.0,24:49,1.8,0
20,202874,Chris Wright,4.0,2.0,2.0,4.0,0.0,2.0,2.0,3.0,0.0,0.0,0.0,0.0,1.0,15:59,6.8,0
21,101141,Ersan Ilyasova,,,,,,,,,,,,,,,0.0,0
22,201564,O.J. Mayo,,,,,,,,,,,,,,,0.0,0
23,203545,Miroslav Raduljica,,,,,,,,,,,,,,,0.0,0
24,202327,Ekpe Udoh,,,,,,,,,,,,,,,0.0,0
25,203489,Nate Wolters,,,,,,,,,,,,,,,0.0,0
