,id,name,PTS,FG,FGA,FTA,FT,OREB,DREB,STL,AST,BLK,PF,TO,PLUS_MINUS,MIN,GS,WIN
0,2746,Josh Smith,4.0,2.0,7.0,0.0,0.0,1.0,3.0,0.0,1.0,0.0,0.0,1.0,-18.0,17:47,1.2,0
1,202328,Greg Monroe,14.0,6.0,9.0,2.0,2.0,2.0,5.0,1.0,2.0,0.0,2.0,0.0,-26.0,23:34,14.6,0
2,203083,Andre Drummond,4.0,2.0,5.0,0.0,0.0,2.0,5.0,1.0,1.0,2.0,3.0,3.0,-27.0,28:49,3.1,0
3,203484,Kentavious Caldwell-Pope,2.0,1.0,4.0,1.0,0.0,0.0,0.0,1.0,0.0,0.0,2.0,1.0,-6.0,16:11,-1.6,0
4,201943,Brandon Jennings,13.0,4.0,13.0,4.0,3.0,2.0,2.0,0.0,6.0,0.0,2.0,7.0,-22.0,31:53,3.5,0
5,201155,Rodney Stuckey,0.0,0.0,2.0,0.0,0.0,0.0,0.0,1.0,2.0,0.0,1.0,0.0,1.0,6:10,0.6,0
6,202713,Kyle Singler,9.0,4.0,7.0,0.0,0.0,1.0,0.0,1.0,0.0,1.0,1.0,2.0,-18.0,21:18,5.7,0
7,202725,Josh Harrellson,10.0,4.0,6.0,1.0,1.0,2.0,1.0,1.0,1.0,1.0,2.0,0.0,-1.0,23:26,10.7,0
8,1497,Chauncey Billups,3.0,1.0,3.0,0.0,0.0,0.0,0.0,1.0,1.0,0.0,0.0,1.0,-2.0,7:52,2.0,0
9,101198,Will Bynum,10.0,3.0,10.0,3.0,3.0,1.0,2.0,0.0,5.0,0.0,3.0,2.0,-3.0,27:08,5.8,0
10,203540,Gigi Datome,2.0,1.0,2.0,0.0,0.0,0.0,0.0,1.0,0.0,0.0,1.0,0.0,-2.0,7:08,1.6,0
11,201973,Jonas Jerebko,8.0,3.0,4.0,2.0,1.0,0.0,5.0,0.0,1.0,0.0,1.0,1.0,2.0,15:29,6.8,0
12,101111,Charlie Villanueva,3.0,0.0,5.0,4.0,3.0,0.0,4.0,1.0,0.0,1.0,0.0,4.0,2.0,13:15,-2.0,0
13,2772,Trevor Ariza,15.0,5.0,11.0,2.0,1.0,2.0,3.0,3.0,6.0,0.0,1.0,2.0,30.0,25:56,16.0,1
14,202344,Trevor Booker,10.0,5.0,8.0,0.0,0.0,5.0,4.0,0.0,4.0,1.0,2.0,1.0,11.0,31:46,12.8,1
15,101162,Marcin Gortat,16.0,7.0,9.0,2.0,2.0,2.0,5.0,0.0,1.0,2.0,1.0,2.0,22.0,27:15,15.1,1
16,203078,Bradley Beal,15.0,6.0,12.0,0.0,0.0,1.0,1.0,0.0,4.0,0.0,0.0,0.0,22.0,20:01,12.8,1
17,202322,John Wall,20.0,8.0,14.0,5.0,4.0,0.0,1.0,0.0,11.0,0.0,3.0,2.0,24.0,30:26,17.8,1
18,101110,Martell Webster,7.0,3.0,11.0,0.0,0.0,1.0,1.0,0.0,1.0,0.0,2.0,4.0,3.0,24:46,-2.6,1
19,2403,Nene,7.0,2.0,4.0,4.0,3.0,1.0,4.0,2.0,3.0,0.0,1.0,3.0,12.0,19:12,7.2,1
20,202686,Jan Vesely,4.0,2.0,2.0,2.0,0.0,1.0,1.0,0.0,0.0,0.0,6.0,1.0,3.0,8:16,0.2,1
21,203490,Otto Porter Jr.,4.0,2.0,8.0,0.0,0.0,2.0,6.0,0.0,1.0,0.0,1.0,0.0,-4.0,20:58,2.7,1
22,202066,Garrett Temple,3.0,1.0,4.0,2.0,1.0,1.0,2.0,4.0,2.0,2.0,1.0,1.0,0.0,17:34,6.9,1
23,202698,Chris Singleton,5.0,2.0,2.0,0.0,0.0,0.0,2.0,1.0,1.0,0.0,1.0,1.0,0.0,9:26,5.3,1
24,201953,Eric Maynor,0.0,0.0,1.0,0.0,0.0,0.0,0.0,0.0,0.0,0.0,1.0,0.0,-3.0,4:24,-1.1,1
25,202338,Kevin Seraphin,,,,,,,,,,,,,,,0.0,1
