,id,name,PTS,FG,FGA,FTA,FT,OREB,DREB,STL,AST,BLK,PF,TO,PLUS_MINUS,MIN,GS,WIN
0,1890,Shawn Marion,7.0,3.0,8.0,2.0,0.0,4.0,5.0,2.0,1.0,1.0,3.0,1.0,10.0,33:54,7.3,1
1,1717,Dirk Nowitzki,15.0,5.0,17.0,4.0,3.0,0.0,1.0,0.0,3.0,1.0,1.0,0.0,-8.0,34:03,7.4,1
2,2223,Samuel Dalembert,6.0,3.0,6.0,0.0,0.0,3.0,8.0,1.0,1.0,1.0,5.0,2.0,10.0,24:23,5.9,1
3,101145,Monta Ellis,23.0,9.0,19.0,3.0,3.0,0.0,4.0,1.0,4.0,1.0,2.0,4.0,10.0,39:07,14.2,1
4,101181,Jose Calderon,14.0,5.0,10.0,0.0,0.0,1.0,3.0,2.0,2.0,0.0,1.0,0.0,5.0,31:03,13.6,1
5,201971,DeJuan Blair,6.0,3.0,6.0,2.0,0.0,6.0,3.0,0.0,2.0,0.0,0.0,1.0,0.0,17:19,7.7,1
6,1713,Vince Carter,17.0,6.0,13.0,1.0,1.0,0.0,2.0,0.0,3.0,1.0,2.0,2.0,13.0,24:40,10.9,1
7,2734,Devin Harris,3.0,1.0,6.0,2.0,1.0,0.0,2.0,1.0,7.0,0.0,1.0,0.0,-3.0,16:57,4.9,1
8,203109,Jae Crowder,0.0,0.0,0.0,0.0,0.0,2.0,0.0,0.0,0.0,0.0,1.0,0.0,-17.0,12:26,1.0,1
9,201148,Brandan Wright,2.0,1.0,4.0,0.0,0.0,0.0,1.0,0.0,0.0,0.0,0.0,0.0,-10.0,6:04,-0.1,1
10,201961,Wayne Ellington,0.0,0.0,0.0,0.0,0.0,0.0,0.0,0.0,0.0,0.0,0.0,0.0,0.0,0:03,0.0,1
11,203108,Bernard James,,,,,,,,,,,,,,,0.0,1
12,203499,Shane Larkin,,,,,,,,,,,,,,,0.0,1
13,200752,Rudy Gay,32.0,12.0,18.0,9.0,7.0,1.0,5.0,0.0,8.0,0.0,1.0,2.0,1.0,44:09,28.8,0
14,2501,Reggie Evans,2.0,1.0,2.0,0.0,0.0,0.0,2.0,0.0,1.0,0.0,3.0,1.0,-6.0,18:07,0.1,0
15,202326,DeMarcus Cousins,28.0,12.0,23.0,4.0,4.0,1.0,9.0,3.0,1.0,2.0,2.0,4.0,-10.0,37:38,20.4,0
16,203463,Ben McLemore,5.0,2.0,9.0,1.0,0.0,0.0,2.0,0.0,1.0,0.0,2.0,0.0,-3.0,27:45,-0.4,0
17,203492,Ray McCallum,8.0,4.0,12.0,0.0,0.0,2.0,2.0,3.0,9.0,1.0,3.0,3.0,-1.0,47:41,9.0,0
18,2566,Travis Outlaw,6.0,2.0,5.0,0.0,0.0,1.0,3.0,0.0,1.0,0.0,0.0,1.0,0.0,23:32,4.6,0
19,201574,Jason Thompson,5.0,2.0,3.0,4.0,1.0,1.0,7.0,0.0,0.0,0.0,2.0,1.0,8.0,27:18,3.5,0
20,202682,Derrick Williams,5.0,1.0,3.0,2.0,2.0,0.0,4.0,0.0,0.0,0.0,2.0,1.0,4.0,13:25,2.7,0
21,203099,Jared Cunningham,0.0,0.0,1.0,0.0,0.0,0.0,0.0,0.0,0.0,0.0,2.0,0.0,-3.0,0:25,-1.5,0
22,203112,Quincy Acy,,,,,,,,,,,,,,,0.0,0
23,201189,Aaron Gray,,,,,,,,,,,,,,,0.0,0
24,202738,Isaiah Thomas,,,,,,,,,,,,,,,0.0,0
