,id,name,PTS,FG,FGA,FTA,FT,OREB,DREB,STL,AST,BLK,PF,TO,PLUS_MINUS,MIN,GS,WIN
0,201587,Nicolas Batum,9.0,3.0,6.0,3.0,2.0,1.0,8.0,0.0,7.0,1.0,0.0,0.0,13.0,36:40,14.3,1
1,200746,LaMarcus Aldridge,26.0,11.0,22.0,4.0,4.0,1.0,12.0,0.0,1.0,1.0,3.0,2.0,9.0,38:25,17.5,1
2,201577,Robin Lopez,8.0,4.0,6.0,0.0,0.0,1.0,2.0,0.0,0.0,1.0,5.0,3.0,17.0,34:12,2.4,1
3,202083,Wesley Matthews,24.0,9.0,14.0,0.0,0.0,1.0,5.0,1.0,0.0,0.0,3.0,3.0,1.0,33:33,16.8,1
4,203081,Damian Lillard,21.0,6.0,16.0,8.0,8.0,1.0,4.0,1.0,9.0,0.0,1.0,2.0,16.0,37:06,19.0,1
5,2590,Mo Williams,13.0,4.0,13.0,5.0,5.0,2.0,0.0,1.0,3.0,0.0,3.0,1.0,6.0,26:25,7.8,1
6,200777,Joel Freeland,0.0,0.0,2.0,0.0,0.0,0.0,5.0,0.0,0.0,0.0,3.0,0.0,-10.0,13:10,-1.1,1
7,203468,CJ McCollum,4.0,2.0,5.0,0.0,0.0,0.0,1.0,0.0,1.0,0.0,2.0,0.0,-7.0,10:54,1.5,1
8,203080,Thomas Robinson,4.0,2.0,2.0,0.0,0.0,1.0,2.0,0.0,0.0,1.0,3.0,0.0,0.0,9:35,4.2,1
9,203115,Will Barton,,,,,,,,,,,,,,,0.0,1
10,203086,Meyers Leonard,,,,,,,,,,,,,,,0.0,1
11,2248,Earl Watson,,,,,,,,,,,,,,,0.0,1
12,2748,Dorell Wright,,,,,,,,,,,,,,,0.0,1
13,202695,Kawhi Leonard,7.0,3.0,4.0,0.0,0.0,2.0,7.0,2.0,2.0,0.0,4.0,0.0,-6.0,29:12,10.7,0
14,1495,Tim Duncan,13.0,6.0,16.0,3.0,1.0,1.0,6.0,0.0,3.0,2.0,2.0,3.0,-7.0,35:49,5.6,0
15,2564,Boris Diaw,14.0,6.0,9.0,2.0,2.0,0.0,4.0,3.0,2.0,0.0,1.0,1.0,-11.0,37:42,14.3,0
16,201158,Marco Belinelli,14.0,5.0,11.0,4.0,2.0,0.0,2.0,1.0,4.0,0.0,1.0,3.0,-11.0,36:45,8.5,0
17,2225,Tony Parker,12.0,5.0,12.0,2.0,2.0,1.0,5.0,0.0,4.0,0.0,2.0,1.0,-10.0,35:36,8.8,0
18,1938,Manu Ginobili,29.0,9.0,17.0,7.0,7.0,1.0,6.0,0.0,5.0,1.0,2.0,1.0,-2.0,25:09,25.6,0
19,201965,Jeff Ayres,2.0,1.0,2.0,0.0,0.0,1.0,1.0,0.0,0.0,0.0,1.0,1.0,6.0,15:42,0.6,0
20,201988,Patty Mills,9.0,3.0,11.0,2.0,2.0,0.0,1.0,1.0,1.0,0.0,3.0,2.0,0.0,17:57,1.3,0
21,2588,Matt Bonner,0.0,0.0,2.0,0.0,0.0,1.0,2.0,0.0,0.0,0.0,1.0,0.0,-4.0,6:09,-0.5,0
22,203382,Aron Baynes,,,,,,,,,,,,,,,0.0,0
23,201986,Nando De Colo,,,,,,,,,,,,,,,0.0,0
24,201980,Danny Green,,,,,,,,,,,,,,,0.0,0
25,202709,Cory Joseph,,,,,,,,,,,,,,,0.0,0
