,id,name,PTS,FG,FGA,FTA,FT,OREB,DREB,STL,AST,BLK,PF,TO,PLUS_MINUS,MIN,GS,WIN
0,203113,Quincy Miller,11.0,4.0,12.0,0.0,0.0,0.0,4.0,0.0,2.0,2.0,3.0,2.0,-10.0,33:05,5.0,0
1,202702,Kenneth Faried,21.0,7.0,12.0,8.0,7.0,3.0,3.0,1.0,0.0,0.0,5.0,1.0,-22.0,28:26,16.0,0
2,202389,Timofey Mozgov,18.0,6.0,10.0,7.0,6.0,6.0,5.0,0.0,2.0,1.0,2.0,1.0,-13.0,31:48,19.0,0
3,200751,Randy Foye,11.0,2.0,12.0,7.0,7.0,1.0,3.0,4.0,7.0,0.0,3.0,3.0,-25.0,33:09,9.7,0
4,201166,Aaron Brooks,19.0,6.0,12.0,4.0,4.0,1.0,3.0,2.0,5.0,0.0,2.0,9.0,-3.0,41:30,10.3,0
5,202686,Jan Vesely,9.0,4.0,7.0,2.0,1.0,2.0,1.0,3.0,1.0,1.0,2.0,0.0,1.0,20:13,10.6,0
6,203095,Evan Fournier,9.0,3.0,10.0,2.0,2.0,0.0,5.0,0.0,1.0,0.0,5.0,0.0,5.0,25:47,3.4,0
7,201163,Wilson Chandler,7.0,3.0,7.0,0.0,0.0,0.0,6.0,0.0,2.0,0.0,4.0,3.0,7.0,26:02,1.9,0
8,201589,Darrell Arthur,,,,,,,,,,,,,,,0.0,0
9,201568,Danilo Gallinari,,,,,,,,,,,,,,,0.0,0
10,201576,Anthony Randolph,,,,,,,,,,,,,,,0.0,0
11,101126,Nate Robinson,,,,,,,,,,,,,,,0.0,0
12,2440,Matt Barnes,5.0,2.0,5.0,0.0,0.0,1.0,4.0,0.0,4.0,1.0,2.0,2.0,17.0,29:33,4.9,1
13,201933,Blake Griffin,24.0,9.0,17.0,6.0,6.0,0.0,5.0,2.0,4.0,1.0,1.0,3.0,6.0,29:33,19.3,1
14,201599,DeAndre Jordan,13.0,6.0,8.0,8.0,1.0,6.0,10.0,2.0,3.0,2.0,2.0,3.0,3.0,36:21,15.9,1
15,200755,JJ Redick,18.0,5.0,10.0,4.0,4.0,0.0,1.0,2.0,1.0,0.0,3.0,0.0,17.0,17:29,14.8,1
16,101108,Chris Paul,21.0,8.0,10.0,4.0,2.0,0.0,1.0,2.0,10.0,0.0,3.0,1.0,9.0,28:29,23.5,1
17,201954,Darren Collison,10.0,5.0,10.0,0.0,0.0,0.0,2.0,1.0,3.0,0.0,3.0,1.0,-4.0,24:26,6.5,1
18,2037,Jamal Crawford,9.0,3.0,9.0,3.0,3.0,0.0,0.0,1.0,2.0,0.0,1.0,4.0,-7.0,30:57,1.9,1
19,201175,Glen Davis,9.0,3.0,8.0,3.0,3.0,0.0,6.0,1.0,0.0,0.0,1.0,1.0,9.0,11:39,6.0,1
20,201162,Jared Dudley,2.0,1.0,1.0,0.0,0.0,0.0,1.0,0.0,1.0,0.0,2.0,0.0,4.0,13:06,1.9,1
21,2045,Hedo Turkoglu,6.0,2.0,5.0,2.0,1.0,0.0,4.0,0.0,1.0,0.0,3.0,0.0,6.0,18:27,3.6,1
22,203493,Reggie Bullock,,,,,,,,,,,,,,,0.0,1
23,2584,Willie Green,,,,,,,,,,,,,,,0.0,1
24,200797,Ryan Hollins,,,,,,,,,,,,,,,0.0,1
