,id,name,PTS,FG,FGA,FTA,FT,OREB,DREB,STL,AST,BLK,PF,TO,PLUS_MINUS,MIN,GS,WIN
0,1890,Shawn Marion,7,3,9,2,1,5,5,2,0,1,2,1,-16.0,25:01,7.4,0
1,1717,Dirk Nowitzki,22,6,15,11,10,2,2,0,2,0,6,1,3.0,29:43,13.5,0
2,2223,Samuel Dalembert,6,3,5,1,0,1,4,1,0,1,5,1,-3.0,22:21,3.9,0
3,101145,Monta Ellis,20,7,19,6,5,0,4,3,1,0,4,5,-6.0,32:26,7.4,0
4,101181,Jose Calderon,0,0,8,0,0,0,1,1,6,0,2,1,-5.0,25:05,-1.9,0
5,201971,DeJuan Blair,11,5,11,2,1,5,5,2,0,2,5,2,-16.0,17:53,9.3,0
6,1713,Vince Carter,6,2,8,2,2,2,3,0,1,1,3,1,-5.0,26:41,2.7,0
7,203539,Gal Mekel,11,5,7,0,0,0,1,0,6,0,4,1,-3.0,22:48,10.0,0
8,201961,Wayne Ellington,4,1,7,1,1,1,1,0,2,1,1,0,-2.0,15:41,2.2,0
9,203108,Bernard James,0,0,0,0,0,0,0,0,1,0,1,0,7.0,5:10,0.3,0
10,203109,Jae Crowder,15,5,8,0,0,0,1,0,0,1,3,0,-2.0,12:49,11.2,0
11,203495,Ricky Ledo,3,1,3,0,0,0,0,0,1,0,1,1,8.0,4:22,0.6,0
12,202718,Chandler Parsons,9,3,8,6,3,2,5,1,2,0,1,3,6.0,35:22,5.3,1
13,2730,Dwight Howard,13,4,10,12,5,5,11,1,0,1,4,3,4.0,31:44,8.7,1
14,201600,Omer Asik,6,2,4,4,2,1,11,0,0,0,6,2,12.0,15:28,2.8,1
15,201935,James Harden,34,11,17,9,8,1,3,4,3,0,2,4,20.0,39:07,29.0,1
16,202391,Jeremy Lin,14,4,9,7,6,0,3,3,4,0,1,6,14.0,29:58,9.2,1
17,201956,Omri Casspi,12,4,8,2,1,1,1,1,2,0,3,1,17.0,21:14,8.8,1
18,201166,Aaron Brooks,13,3,8,5,5,1,1,0,2,0,0,1,-9.0,22:57,10.0,1
19,101128,Francisco Garcia,8,3,6,0,0,1,1,1,3,3,2,1,18.0,24:47,9.4,1
20,200758,Ronnie Brewer,0,0,0,0,0,0,1,0,1,0,1,0,-15.0,7:29,0.6,1
21,203093,Terrence Jones,3,0,1,4,3,0,1,0,0,0,0,0,-9.0,3:58,2.2,1
22,202700,Donatas Motiejunas,1,0,1,2,1,0,0,0,0,0,0,0,-9.0,3:58,-0.1,1
23,202962,Greg Smith,0,0,1,0,0,1,0,0,0,0,0,1,-9.0,3:58,-1.0,1
