,id,name,PTS,FG,FGA,FTA,FT,OREB,DREB,STL,AST,BLK,PF,TO,PLUS_MINUS,MIN,GS,WIN
0,2566,Travis Outlaw,5.0,2.0,8.0,2.0,1.0,0.0,4.0,0.0,3.0,0.0,0.0,1.0,-9.0,28:52,2.1,0
1,201574,Jason Thompson,8.0,4.0,6.0,2.0,0.0,3.0,2.0,0.0,0.0,2.0,2.0,1.0,5.0,26:44,6.9,0
2,202326,DeMarcus Cousins,30.0,14.0,29.0,3.0,2.0,3.0,9.0,3.0,2.0,0.0,3.0,3.0,-13.0,37:03,19.9,0
3,203463,Ben McLemore,16.0,6.0,13.0,4.0,3.0,0.0,1.0,0.0,0.0,0.0,3.0,1.0,-7.0,32:08,7.0,0
4,203492,Ray McCallum,23.0,7.0,15.0,5.0,5.0,1.0,3.0,3.0,8.0,0.0,3.0,0.0,-1.0,42:48,24.3,0
5,2501,Reggie Evans,4.0,2.0,4.0,0.0,0.0,3.0,6.0,2.0,3.0,0.0,4.0,4.0,2.0,22:51,4.4,0
6,202682,Derrick Williams,7.0,2.0,9.0,4.0,3.0,4.0,4.0,0.0,2.0,0.0,1.0,1.0,5.0,29:06,5.1,0
7,203112,Quincy Acy,4.0,1.0,1.0,2.0,2.0,0.0,0.0,1.0,0.0,0.0,2.0,0.0,2.0,8:55,3.9,0
8,203099,Jared Cunningham,2.0,1.0,6.0,0.0,0.0,0.0,2.0,1.0,1.0,0.0,1.0,0.0,11.0,11:33,0.1,0
9,200752,Rudy Gay,,,,,,,,,,,,,,,0.0,0
10,201189,Aaron Gray,,,,,,,,,,,,,,,0.0,0
11,203186,Willie Reed,,,,,,,,,,,,,,,0.0,0
12,201587,Nicolas Batum,11.0,5.0,8.0,0.0,0.0,0.0,1.0,0.0,6.0,1.0,3.0,4.0,-11.0,36:37,7.4,1
13,200746,LaMarcus Aldridge,22.0,9.0,20.0,6.0,4.0,2.0,6.0,2.0,2.0,1.0,0.0,1.0,13.0,37:05,17.1,1
14,201577,Robin Lopez,13.0,4.0,7.0,6.0,5.0,2.0,7.0,0.0,0.0,1.0,1.0,0.0,-8.0,36:48,13.1,1
15,202083,Wesley Matthews,19.0,7.0,12.0,3.0,3.0,0.0,4.0,0.0,3.0,0.0,4.0,2.0,12.0,37:37,13.1,1
16,203081,Damian Lillard,19.0,6.0,11.0,5.0,4.0,1.0,4.0,0.0,10.0,0.0,3.0,5.0,-17.0,37:06,16.0,1
17,203080,Thomas Robinson,8.0,4.0,5.0,0.0,0.0,0.0,9.0,0.0,0.0,0.0,3.0,4.0,1.0,13:46,3.6,1
18,2248,Earl Watson,0.0,0.0,1.0,0.0,0.0,0.0,3.0,0.0,3.0,0.0,3.0,0.0,14.0,12:02,1.1,1
19,203115,Will Barton,5.0,2.0,6.0,2.0,1.0,0.0,0.0,0.0,0.0,1.0,1.0,1.0,-4.0,13:13,0.5,1
20,2748,Dorell Wright,3.0,1.0,5.0,0.0,0.0,0.0,4.0,2.0,2.0,0.0,1.0,1.0,5.0,15:46,3.1,1
21,201964,Victor Claver,,,,,,,,,,,,,,,0.0,1
22,203459,Allen Crabbe,,,,,,,,,,,,,,,0.0,1
23,203086,Meyers Leonard,,,,,,,,,,,,,,,0.0,1
24,203468,CJ McCollum,,,,,,,,,,,,,,,0.0,1
