,id,name,PTS,FG,FGA,FTA,FT,OREB,DREB,STL,AST,BLK,PF,TO,PLUS_MINUS,MIN,GS,WIN
0,201162,Jared Dudley,8.0,4.0,8.0,0.0,0.0,0.0,1.0,1.0,2.0,0.0,1.0,1.0,-7.0,30:17,5.3,0
1,201933,Blake Griffin,10.0,3.0,12.0,6.0,4.0,3.0,7.0,1.0,4.0,0.0,4.0,2.0,-7.0,37:26,6.4,0
2,201599,DeAndre Jordan,12.0,5.0,7.0,3.0,2.0,2.0,11.0,1.0,0.0,4.0,1.0,1.0,-2.0,33:07,15.8,0
3,2584,Willie Green,11.0,4.0,13.0,2.0,1.0,1.0,3.0,0.0,1.0,1.0,2.0,2.0,6.0,25:43,3.3,0
4,101108,Chris Paul,13.0,4.0,16.0,6.0,4.0,1.0,6.0,3.0,15.0,0.0,5.0,3.0,7.0,38:39,13.6,0
5,2037,Jamal Crawford,19.0,5.0,18.0,7.0,7.0,0.0,1.0,2.0,0.0,0.0,0.0,1.0,-4.0,28:50,9.7,0
6,200797,Ryan Hollins,0.0,0.0,0.0,0.0,0.0,1.0,0.0,0.0,0.0,1.0,0.0,0.0,-4.0,6:49,1.4,0
7,203493,Reggie Bullock,0.0,0.0,2.0,0.0,0.0,0.0,0.0,0.0,1.0,0.0,2.0,1.0,-9.0,7:20,-2.5,0
8,201954,Darren Collison,8.0,3.0,5.0,0.0,0.0,0.0,2.0,0.0,0.0,0.0,3.0,2.0,-13.0,15:29,3.1,0
9,1712,Antawn Jamison,1.0,0.0,6.0,2.0,1.0,2.0,4.0,1.0,1.0,1.0,3.0,0.0,3.0,16:20,0.2,0
10,2440,Matt Barnes,,,,,,,,,,,,,,,0.0,0
11,201957,Byron Mullens,,,,,,,,,,,,,,,0.0,0
12,200755,JJ Redick,,,,,,,,,,,,,,,0.0,0
13,202087,Alonzo Gee,0.0,0.0,4.0,0.0,0.0,1.0,3.0,1.0,0.0,0.0,2.0,0.0,5.0,15:31,-1.0,1
14,202684,Tristan Thompson,20.0,7.0,15.0,11.0,6.0,5.0,8.0,2.0,4.0,1.0,3.0,0.0,10.0,40:18,20.5,1
15,101115,Andrew Bynum,18.0,8.0,13.0,2.0,2.0,2.0,4.0,0.0,0.0,0.0,0.0,0.0,-4.0,24:17,14.7,1
16,101139,CJ Miles,5.0,1.0,7.0,2.0,2.0,0.0,2.0,1.0,2.0,0.0,2.0,2.0,7.0,19:20,0.7,1
17,202681,Kyrie Irving,20.0,6.0,15.0,8.0,7.0,0.0,3.0,0.0,6.0,1.0,4.0,7.0,4.0,40:09,8.7,1
18,203079,Dion Waiters,3.0,1.0,10.0,2.0,1.0,3.0,3.0,0.0,2.0,0.0,1.0,1.0,-1.0,29:20,-1.0,1
19,101127,Jarrett Jack,11.0,3.0,7.0,5.0,4.0,0.0,9.0,1.0,3.0,0.0,3.0,2.0,1.0,31:58,9.5,1
20,2760,Anderson Varejao,6.0,3.0,7.0,0.0,0.0,5.0,12.0,0.0,1.0,1.0,3.0,2.0,0.0,22:41,7.6,1
21,201947,Earl Clark,5.0,2.0,5.0,0.0,0.0,0.0,0.0,0.0,0.0,0.0,1.0,0.0,6.0,8:44,1.9,1
22,203461,Anthony Bennett,0.0,0.0,0.0,0.0,0.0,0.0,0.0,0.0,0.0,0.0,2.0,1.0,-1.0,2:41,-1.8,1
23,203521,Matthew Dellavedova,0.0,0.0,0.0,0.0,0.0,0.0,0.0,0.0,0.0,0.0,0.0,0.0,3.0,5:01,0.0,1
24,203508,Sergey Karasev,,,,,,,,,,,,,,,0.0,1
25,203092,Tyler Zeller,,,,,,,,,,,,,,,0.0,1
