,id,name,PTS,FG,FGA,FTA,FT,OREB,DREB,STL,AST,BLK,PF,TO,PLUS_MINUS,MIN,GS,WIN
0,202695,Kawhi Leonard,12.0,6.0,11.0,0.0,0.0,5.0,4.0,3.0,3.0,0.0,2.0,2.0,4.0,32:57,13.7,1
1,1495,Tim Duncan,8.0,3.0,8.0,3.0,2.0,0.0,6.0,0.0,4.0,2.0,2.0,1.0,6.0,32:04,7.4,1
2,201168,Tiago Splitter,17.0,7.0,10.0,3.0,3.0,3.0,4.0,0.0,1.0,1.0,3.0,2.0,7.0,25:58,14.3,1
3,201980,Danny Green,0.0,0.0,2.0,0.0,0.0,0.0,3.0,2.0,1.0,0.0,0.0,3.0,-4.0,16:53,-0.8,1
4,2225,Tony Parker,20.0,8.0,14.0,4.0,2.0,0.0,2.0,0.0,5.0,0.0,2.0,4.0,2.0,35:56,11.9,1
5,1938,Manu Ginobili,15.0,6.0,13.0,0.0,0.0,2.0,3.0,0.0,7.0,0.0,3.0,1.0,18.0,27:00,13.3,1
6,2564,Boris Diaw,7.0,3.0,7.0,1.0,1.0,0.0,1.0,0.0,1.0,0.0,3.0,0.0,8.0,18:10,3.1,1
7,201158,Marco Belinelli,9.0,4.0,7.0,0.0,0.0,1.0,2.0,1.0,2.0,0.0,0.0,1.0,10.0,20:16,8.4,1
8,201965,Jeff Ayres,6.0,3.0,4.0,0.0,0.0,0.0,2.0,0.0,0.0,0.0,3.0,1.0,10.0,15:53,2.8,1
9,201988,Patty Mills,5.0,1.0,2.0,5.0,3.0,0.0,1.0,2.0,1.0,0.0,0.0,0.0,14.0,12:04,6.2,1
10,2588,Matt Bonner,3.0,1.0,1.0,0.0,0.0,0.0,2.0,0.0,0.0,0.0,0.0,0.0,5.0,2:49,3.3,1
11,203382,Aron Baynes,,,,,,,,,,,,,,,0.0,1
12,202709,Cory Joseph,,,,,,,,,,,,,,,0.0,1
13,2419,Tayshaun Prince,10.0,5.0,13.0,0.0,0.0,0.0,4.0,0.0,2.0,1.0,0.0,0.0,-16.0,35:43,6.2,0
14,2216,Zach Randolph,16.0,5.0,15.0,8.0,6.0,2.0,8.0,1.0,3.0,0.0,3.0,4.0,-15.0,39:35,8.4,0
15,201188,Marc Gasol,2.0,1.0,3.0,0.0,0.0,1.0,1.0,0.0,3.0,0.0,0.0,1.0,-3.0,9:50,2.4,0
16,2754,Tony Allen,12.0,4.0,9.0,4.0,4.0,3.0,1.0,1.0,4.0,1.0,1.0,3.0,7.0,28:09,10.8,0
17,201144,Mike Conley,28.0,12.0,19.0,2.0,2.0,0.0,1.0,4.0,2.0,0.0,0.0,2.0,-12.0,37:57,23.2,0
18,2034,Mike Miller,4.0,1.0,5.0,2.0,1.0,2.0,0.0,0.0,0.0,0.0,4.0,2.0,-19.0,23:19,-1.7,0
19,201573,Jerryd Bayless,2.0,1.0,4.0,0.0,0.0,0.0,2.0,1.0,0.0,0.0,3.0,0.0,-3.0,14:51,0.0,0
20,201585,Kosta Koufos,6.0,3.0,8.0,0.0,0.0,2.0,5.0,0.0,0.0,0.0,5.0,1.0,-9.0,27:47,1.5,0
21,202347,Quincy Pondexter,0.0,0.0,0.0,0.0,0.0,0.0,2.0,0.0,0.0,0.0,0.0,0.0,-2.0,7:15,0.6,0
22,202334,Ed Davis,6.0,3.0,4.0,1.0,0.0,2.0,2.0,0.0,2.0,0.0,2.0,1.0,-8.0,15:34,5.6,0
23,201979,Nick Calathes,,,,,,,,,,,,,,,0.0,0
24,203479,Jamaal Franklin,,,,,,,,,,,,,,,0.0,0
25,202720,Jon Leuer,,,,,,,,,,,,,,,0.0,0
