,id,name,PTS,FG,FGA,FTA,FT,OREB,DREB,STL,AST,BLK,PF,TO,PLUS_MINUS,MIN,GS,WIN
0,202713,Kyle Singler,13.0,5.0,8.0,0.0,0.0,3.0,6.0,0.0,0.0,1.0,3.0,1.0,-10.0,26:02,11.8,0
1,2746,Josh Smith,8.0,4.0,11.0,0.0,0.0,1.0,6.0,0.0,1.0,2.0,2.0,0.0,-6.0,23:00,5.7,0
2,202328,Greg Monroe,22.0,9.0,12.0,9.0,4.0,1.0,4.0,4.0,3.0,1.0,4.0,2.0,2.0,40:38,20.3,0
3,201155,Rodney Stuckey,18.0,8.0,17.0,2.0,2.0,0.0,1.0,2.0,1.0,0.0,1.0,2.0,-4.0,37:27,9.9,0
4,201943,Brandon Jennings,7.0,3.0,8.0,0.0,0.0,1.0,1.0,0.0,5.0,0.0,1.0,4.0,-5.0,30:21,2.7,0
5,203484,Kentavious Caldwell-Pope,9.0,2.0,11.0,4.0,4.0,3.0,7.0,2.0,1.0,0.0,0.0,2.0,-1.0,27:41,7.0,0
6,201973,Jonas Jerebko,7.0,3.0,7.0,0.0,0.0,1.0,2.0,0.0,0.0,0.0,4.0,0.0,-1.0,15:40,3.0,0
7,101198,Will Bynum,12.0,4.0,8.0,4.0,3.0,1.0,1.0,0.0,10.0,0.0,0.0,1.0,-7.0,22:29,14.6,0
8,101111,Charlie Villanueva,13.0,5.0,13.0,0.0,0.0,1.0,3.0,0.0,1.0,0.0,5.0,0.0,-13.0,16:42,6.2,0
9,203540,Gigi Datome,,,,,,,,,,,,,,,0.0,0
10,203083,Andre Drummond,,,,,,,,,,,,,,,0.0,0
11,203502,Tony Mitchell,,,,,,,,,,,,,,,0.0,0
12,203491,Peyton Siva,,,,,,,,,,,,,,,0.0,0
13,203095,Evan Fournier,11.0,5.0,9.0,0.0,0.0,0.0,1.0,1.0,0.0,0.0,3.0,2.0,-5.0,24:23,4.8,1
14,202702,Kenneth Faried,15.0,4.0,8.0,10.0,7.0,2.0,6.0,1.0,2.0,1.0,2.0,2.0,5.0,32:27,13.3,1
15,202389,Timofey Mozgov,11.0,4.0,5.0,4.0,3.0,1.0,8.0,0.0,1.0,0.0,4.0,1.0,3.0,17:48,9.9,1
16,200751,Randy Foye,22.0,8.0,18.0,1.0,1.0,0.0,5.0,3.0,5.0,0.0,0.0,3.0,11.0,44:21,17.6,1
17,201166,Aaron Brooks,27.0,10.0,19.0,7.0,6.0,3.0,3.0,0.0,17.0,0.0,4.0,3.0,12.0,46:36,27.6,1
18,201581,JJ Hickson,11.0,5.0,8.0,4.0,1.0,2.0,9.0,0.0,2.0,1.0,5.0,1.0,5.0,25:36,9.4,1
19,203113,Quincy Miller,5.0,2.0,4.0,0.0,0.0,2.0,0.0,0.0,0.0,0.0,2.0,0.0,-7.0,7:03,3.6,1
20,201589,Darrell Arthur,13.0,5.0,11.0,0.0,0.0,0.0,2.0,0.0,0.0,2.0,1.0,0.0,5.0,20:02,8.9,1
21,202686,Jan Vesely,0.0,0.0,1.0,0.0,0.0,0.0,1.0,0.0,0.0,0.0,2.0,0.0,1.0,3:20,-1.2,1
22,201576,Anthony Randolph,3.0,1.0,3.0,1.0,1.0,0.0,1.0,2.0,0.0,1.0,1.0,0.0,15.0,18:24,3.9,1
23,201163,Wilson Chandler,,,,,,,,,,,,,,,0.0,1
24,201951,Ty Lawson,,,,,,,,,,,,,,,0.0,1
25,101126,Nate Robinson,,,,,,,,,,,,,,,0.0,1
