,id,name,PTS,FG,FGA,FTA,FT,OREB,DREB,STL,AST,BLK,PF,TO,PLUS_MINUS,MIN,GS,WIN
0,201163,Wilson Chandler,12.0,5.0,10.0,0.0,0.0,0.0,1.0,0.0,1.0,0.0,6.0,4.0,-18.0,28:07,1.6,0
1,202702,Kenneth Faried,25.0,9.0,13.0,13.0,7.0,1.0,6.0,0.0,1.0,1.0,4.0,1.0,-18.0,27:05,18.4,0
2,202389,Timofey Mozgov,6.0,3.0,5.0,0.0,0.0,3.0,4.0,0.0,1.0,2.0,2.0,4.0,-4.0,14:41,4.3,0
3,200751,Randy Foye,8.0,2.0,6.0,2.0,2.0,0.0,3.0,0.0,2.0,1.0,2.0,3.0,-16.0,23:26,3.8,0
4,201951,Ty Lawson,2.0,0.0,12.0,4.0,2.0,2.0,7.0,2.0,11.0,0.0,2.0,2.0,-10.0,37:48,3.2,0
5,201581,JJ Hickson,11.0,4.0,8.0,4.0,3.0,2.0,8.0,1.0,1.0,0.0,1.0,1.0,4.0,26:18,10.7,0
6,201589,Darrell Arthur,9.0,3.0,7.0,2.0,2.0,2.0,2.0,0.0,1.0,0.0,3.0,0.0,9.0,11:32,6.8,0
7,203095,Evan Fournier,10.0,4.0,10.0,0.0,0.0,1.0,4.0,1.0,0.0,0.0,3.0,2.0,11.0,23:48,4.3,0
8,203113,Quincy Miller,2.0,1.0,3.0,0.0,0.0,1.0,0.0,0.0,2.0,1.0,0.0,2.0,4.0,9:12,1.1,0
9,201166,Aaron Brooks,7.0,3.0,9.0,0.0,0.0,0.0,3.0,2.0,7.0,2.0,1.0,1.0,12.0,25:34,9.7,0
10,202686,Jan Vesely,0.0,0.0,0.0,0.0,0.0,0.0,4.0,1.0,0.0,0.0,0.0,0.0,1.0,12:29,2.2,0
11,201576,Anthony Randolph,,,,,,,,,,,,,,,0.0,0
12,101126,Nate Robinson,,,,,,,,,,,,,,,0.0,0
13,201960,DeMarre Carroll,11.0,4.0,13.0,0.0,0.0,1.0,9.0,4.0,3.0,0.0,1.0,3.0,17.0,42:08,9.6,1
14,200794,Paul Millsap,24.0,6.0,17.0,16.0,11.0,2.0,9.0,3.0,5.0,2.0,3.0,0.0,25.0,37:14,23.3,1
15,203544,Pero Antic,16.0,6.0,12.0,2.0,1.0,1.0,0.0,1.0,2.0,0.0,5.0,0.0,17.0,24:09,10.7,1
16,2594,Kyle Korver,18.0,6.0,8.0,2.0,2.0,0.0,4.0,1.0,1.0,0.0,2.0,1.0,19.0,36:56,15.9,1
17,201952,Jeff Teague,15.0,6.0,13.0,3.0,2.0,1.0,5.0,1.0,10.0,1.0,2.0,5.0,25.0,36:28,13.0,1
18,1882,Elton Brand,3.0,1.0,3.0,2.0,1.0,1.0,3.0,0.0,1.0,2.0,3.0,1.0,-10.0,23:28,2.4,1
19,202714,Shelvin Mack,3.0,1.0,2.0,0.0,0.0,0.0,0.0,0.0,1.0,0.0,1.0,0.0,-20.0,12:37,2.3,1
20,203471,Dennis Schroder,5.0,2.0,7.0,2.0,0.0,0.0,0.0,1.0,1.0,0.0,0.0,3.0,-20.0,11:32,-1.2,1
21,203118,Mike Scott,2.0,1.0,3.0,2.0,0.0,0.0,2.0,1.0,1.0,0.0,0.0,0.0,-19.0,11:02,1.8,1
22,201858,Cartier Martin,0.0,0.0,3.0,0.0,0.0,0.0,0.0,0.0,0.0,0.0,0.0,0.0,-9.0,4:26,-2.1,1
23,203488,Mike Muscala,,,,,,,,,,,,,,,0.0,1
24,101150,Lou Williams,,,,,,,,,,,,,,,0.0,1
