,id,name,PTS,FG,FGA,FTA,FT,OREB,DREB,STL,AST,BLK,PF,TO,PLUS_MINUS,MIN,GS,WIN
0,201147,Corey Brewer,22.0,8.0,14.0,7.0,5.0,0.0,2.0,5.0,1.0,0.0,2.0,1.0,-7.0,37:50,19.1,0
1,201567,Kevin Love,27.0,11.0,22.0,3.0,3.0,6.0,9.0,1.0,2.0,0.0,1.0,2.0,-15.0,36:02,22.9,0
2,201593,Nikola Pekovic,14.0,6.0,13.0,4.0,2.0,5.0,2.0,1.0,1.0,1.0,1.0,1.0,-6.0,35:33,11.6,0
3,2755,Kevin Martin,19.0,7.0,19.0,2.0,2.0,1.0,2.0,1.0,1.0,0.0,3.0,0.0,-16.0,35:02,10.3,0
4,201937,Ricky Rubio,7.0,3.0,9.0,0.0,0.0,1.0,4.0,4.0,8.0,1.0,2.0,3.0,-10.0,34:42,10.3,0
5,200826,J.J. Barea,3.0,1.0,10.0,0.0,0.0,1.0,1.0,1.0,1.0,0.0,1.0,0.0,-6.0,17:38,-1.3,0
6,201967,Dante Cunningham,2.0,1.0,3.0,0.0,0.0,1.0,1.0,0.0,1.0,0.0,1.0,0.0,-8.0,13:45,1.6,0
7,203133,Robbie Hummel,0.0,0.0,2.0,0.0,0.0,2.0,1.0,0.0,1.0,0.0,1.0,0.0,-1.0,8:09,0.6,0
8,203144,Alexey Shved,7.0,3.0,6.0,1.0,1.0,1.0,0.0,0.0,1.0,0.0,0.0,0.0,4.0,8:04,5.4,0
9,202682,Derrick Williams,0.0,0.0,2.0,0.0,0.0,0.0,2.0,0.0,0.0,0.0,1.0,1.0,4.0,8:04,-2.2,0
10,203476,Gorgui Dieng,0.0,0.0,0.0,0.0,0.0,0.0,2.0,0.0,0.0,3.0,0.0,0.0,3.0,2:36,2.7,0
11,201985,AJ Price,0.0,0.0,0.0,0.0,0.0,0.0,0.0,0.0,0.0,0.0,0.0,2.0,3.0,2:36,-2.0,0
12,203498,Shabazz Muhammad,,,,,,,,,,,,,,,0.0,0
13,202718,Chandler Parsons,14.0,6.0,14.0,2.0,1.0,0.0,6.0,0.0,4.0,1.0,0.0,3.0,10.0,36:45,8.5,1
14,203093,Terrence Jones,18.0,7.0,10.0,2.0,2.0,4.0,6.0,0.0,3.0,2.0,1.0,1.0,3.0,31:30,20.5,1
15,2730,Dwight Howard,11.0,5.0,9.0,2.0,1.0,4.0,9.0,1.0,4.0,4.0,4.0,3.0,3.0,33:46,13.8,1
16,202391,Jeremy Lin,19.0,5.0,11.0,8.0,7.0,1.0,4.0,2.0,5.0,1.0,4.0,5.0,8.0,34:26,14.4,1
17,201976,Patrick Beverley,17.0,6.0,12.0,0.0,0.0,0.0,2.0,0.0,3.0,0.0,3.0,3.0,1.0,32:58,9.5,1
18,101128,Francisco Garcia,0.0,0.0,1.0,0.0,0.0,0.0,1.0,0.0,1.0,1.0,0.0,1.0,5.0,15:15,0.0,1
19,201956,Omri Casspi,5.0,2.0,8.0,0.0,0.0,0.0,5.0,1.0,1.0,0.0,1.0,2.0,8.0,16:30,1.0,1
20,201600,Omer Asik,2.0,0.0,0.0,2.0,2.0,1.0,7.0,0.0,0.0,0.0,3.0,1.0,8.0,13:13,2.6,1
21,201166,Aaron Brooks,26.0,10.0,14.0,0.0,0.0,1.0,3.0,2.0,5.0,0.0,0.0,4.0,9.0,24:36,23.3,1
22,202700,Donatas Motiejunas,0.0,0.0,0.0,0.0,0.0,0.0,0.0,0.0,0.0,0.0,0.0,0.0,0.0,1:01,0.0,1
23,200758,Ronnie Brewer,,,,,,,,,,,,,,,0.0,1
24,201935,James Harden,,,,,,,,,,,,,,,0.0,1
25,202962,Greg Smith,,,,,,,,,,,,,,,0.0,1
