,id,name,PTS,FG,FGA,FTA,FT,OREB,DREB,STL,AST,BLK,PF,TO,PLUS_MINUS,MIN,GS,WIN
0,201142,Kevin Durant,27.0,8.0,21.0,10.0,10.0,0.0,11.0,2.0,3.0,1.0,3.0,1.0,2.0,38:58,21.4,1
1,201586,Serge Ibaka,13.0,6.0,14.0,0.0,0.0,3.0,6.0,0.0,1.0,2.0,1.0,1.0,-8.0,34:18,10.2,1
2,2570,Kendrick Perkins,1.0,0.0,0.0,2.0,1.0,0.0,1.0,0.0,3.0,1.0,1.0,1.0,-16.0,15:49,2.3,1
3,200757,Thabo Sefolosha,3.0,1.0,3.0,0.0,0.0,0.0,3.0,0.0,0.0,0.0,3.0,1.0,-7.0,17:35,0.0,1
4,201566,Russell Westbrook,15.0,7.0,19.0,0.0,0.0,3.0,5.0,1.0,7.0,0.0,1.0,7.0,-10.0,32:25,6.6,1
5,203087,Jeremy Lamb,14.0,5.0,8.0,2.0,2.0,0.0,2.0,0.0,1.0,0.0,2.0,0.0,7.0,23:48,10.9,1
6,2555,Nick Collison,6.0,3.0,3.0,0.0,0.0,1.0,2.0,0.0,1.0,1.0,1.0,1.0,14.0,17:13,6.4,1
7,203500,Steven Adams,3.0,0.0,1.0,4.0,3.0,3.0,2.0,1.0,0.0,0.0,3.0,1.0,10.0,13:42,3.4,1
8,202704,Reggie Jackson,13.0,5.0,10.0,2.0,2.0,0.0,4.0,0.0,4.0,0.0,3.0,2.0,16.0,30:55,8.8,1
9,965,Derek Fisher,2.0,1.0,4.0,0.0,0.0,0.0,1.0,1.0,1.0,0.0,2.0,0.0,2.0,15:17,0.8,1
10,101155,Ryan Gomes,,,,,,,,,,,,,,,0.0,1
11,203103,Perry Jones III,,,,,,,,,,,,,,,0.0,1
12,201934,Hasheem Thabeet,,,,,,,,,,,,,,,0.0,1
13,202682,Derrick Williams,13.0,5.0,10.0,4.0,3.0,0.0,0.0,1.0,0.0,0.0,1.0,1.0,-3.0,26:36,7.2,0
14,201574,Jason Thompson,10.0,4.0,10.0,3.0,2.0,5.0,5.0,0.0,2.0,2.0,4.0,2.0,9.0,33:43,8.4,0
15,101236,Chuck Hayes,6.0,3.0,3.0,0.0,0.0,3.0,6.0,2.0,0.0,0.0,0.0,0.0,8.0,17:30,11.0,0
16,203463,Ben McLemore,14.0,4.0,12.0,5.0,4.0,0.0,3.0,1.0,3.0,0.0,3.0,1.0,-10.0,28:30,8.6,0
17,202349,Greivis Vasquez,12.0,4.0,10.0,2.0,2.0,0.0,1.0,0.0,7.0,0.0,0.0,1.0,-4.0,26:37,10.8,0
18,202335,Patrick Patterson,3.0,1.0,9.0,2.0,1.0,4.0,6.0,0.0,3.0,1.0,3.0,1.0,-4.0,32:35,1.9,0
19,202738,Isaiah Thomas,24.0,9.0,18.0,3.0,3.0,0.0,0.0,4.0,3.0,0.0,1.0,0.0,2.0,21:23,20.7,0
20,201977,Marcus Thornton,5.0,2.0,8.0,0.0,0.0,1.0,4.0,1.0,3.0,1.0,0.0,1.0,8.0,19:30,4.9,0
21,202380,Hamady Ndiaye,0.0,0.0,1.0,0.0,0.0,0.0,3.0,0.0,0.0,0.0,4.0,0.0,-8.0,7:10,-1.4,0
22,2422,John Salmons,8.0,3.0,8.0,0.0,0.0,0.0,0.0,0.0,3.0,1.0,2.0,1.0,-8.0,26:26,4.6,0
23,202690,Jimmer Fredette,,,,,,,,,,,,,,,0.0,0
24,203492,Ray McCallum,,,,,,,,,,,,,,,0.0,0
25,2566,Travis Outlaw,,,,,,,,,,,,,,,0.0,0
