,id,name,PTS,FG,FGA,FTA,FT,OREB,DREB,STL,AST,BLK,PF,TO,PLUS_MINUS,MIN,GS,WIN
0,202329,Al-Farouq Aminu,15.0,6.0,9.0,3.0,3.0,1.0,10.0,0.0,2.0,0.0,3.0,4.0,-10.0,35:42,11.0,0
1,203076,Anthony Davis,28.0,10.0,17.0,10.0,8.0,6.0,8.0,0.0,2.0,0.0,4.0,1.0,2.0,39:35,24.7,0
2,201160,Jason Smith,10.0,3.0,6.0,5.0,4.0,2.0,5.0,0.0,0.0,0.0,6.0,1.0,0.0,18:59,6.1,0
3,201569,Eric Gordon,20.0,7.0,14.0,4.0,3.0,2.0,1.0,2.0,3.0,0.0,6.0,8.0,-9.0,37:47,8.0,0
4,203148,Brian Roberts,7.0,2.0,10.0,3.0,3.0,0.0,3.0,2.0,8.0,0.0,2.0,1.0,-3.0,31:20,7.5,0
5,201880,Greg Stiemsma,2.0,0.0,1.0,2.0,2.0,0.0,1.0,0.0,0.0,0.0,2.0,0.0,4.0,9:10,0.8,0
6,201582,Alexis Ajinca,2.0,1.0,1.0,0.0,0.0,2.0,3.0,0.0,2.0,0.0,4.0,0.0,2.0,11:50,3.8,0
7,203085,Austin Rivers,9.0,3.0,10.0,4.0,2.0,0.0,2.0,0.0,4.0,1.0,1.0,1.0,6.0,23:17,5.1,0
8,203121,Darius Miller,12.0,4.0,5.0,0.0,0.0,0.0,0.0,1.0,1.0,0.0,4.0,1.0,1.0,19:27,9.2,0
9,203481,Jeff Withey,2.0,1.0,2.0,0.0,0.0,0.0,1.0,1.0,0.0,1.0,0.0,0.0,-5.0,4:17,3.0,0
10,201627,Anthony Morrow,0.0,0.0,2.0,0.0,0.0,0.0,1.0,0.0,0.0,0.0,1.0,0.0,-3.0,8:36,-1.5,0
11,201936,Tyreke Evans,,,,,,,,,,,,,,,0.0,0
12,201950,Jrue Holiday,,,,,,,,,,,,,,,0.0,0
13,203109,Jae Crowder,5.0,1.0,5.0,2.0,2.0,1.0,1.0,4.0,3.0,1.0,4.0,1.0,2.0,34:38,7.1,1
14,1717,Dirk Nowitzki,40.0,10.0,20.0,16.0,15.0,0.0,4.0,2.0,4.0,0.0,2.0,1.0,11.0,33:27,33.8,1
15,2223,Samuel Dalembert,4.0,2.0,4.0,0.0,0.0,2.0,7.0,0.0,1.0,0.0,3.0,0.0,4.0,23:03,5.0,1
16,101145,Monta Ellis,26.0,7.0,13.0,15.0,12.0,0.0,5.0,1.0,4.0,0.0,3.0,5.0,9.0,41:01,17.6,1
17,101181,Jose Calderon,17.0,5.0,10.0,4.0,3.0,1.0,1.0,1.0,5.0,0.0,3.0,2.0,4.0,35:04,13.9,1
18,1713,Vince Carter,10.0,3.0,9.0,4.0,3.0,0.0,2.0,0.0,3.0,0.0,1.0,3.0,-5.0,26:44,3.8,1
19,201148,Brandan Wright,8.0,2.0,3.0,4.0,4.0,0.0,4.0,3.0,0.0,2.0,2.0,1.0,-1.0,24:57,10.5,1
20,201971,DeJuan Blair,0.0,0.0,0.0,0.0,0.0,0.0,1.0,0.0,0.0,0.0,1.0,1.0,-8.0,5:51,-1.1,1
21,203499,Shane Larkin,0.0,0.0,3.0,0.0,0.0,1.0,0.0,0.0,0.0,0.0,3.0,0.0,3.0,10:48,-2.6,1
22,203495,Ricky Ledo,0.0,0.0,0.0,0.0,0.0,0.0,0.0,0.0,0.0,0.0,1.0,0.0,0.0,2:06,-0.4,1
23,203539,Gal Mekel,0.0,0.0,0.0,0.0,0.0,0.0,0.0,0.0,0.0,0.0,0.0,0.0,-4.0,2:20,0.0,1
24,201961,Wayne Ellington,,,,,,,,,,,,,,,0.0,1
25,203108,Bernard James,,,,,,,,,,,,,,,0.0,1
