,id,name,PTS,FG,FGA,FTA,FT,OREB,DREB,STL,AST,BLK,PF,TO,PLUS_MINUS,MIN,GS,WIN
0,2544,LeBron James,36.0,14.0,26.0,7.0,4.0,1.0,12.0,2.0,9.0,0.0,1.0,2.0,-2.0,42:16,32.4,1
1,2203,Shane Battier,2.0,1.0,3.0,0.0,0.0,0.0,2.0,0.0,1.0,1.0,1.0,0.0,1.0,16:52,1.9,1
2,2547,Chris Bosh,19.0,8.0,14.0,3.0,3.0,1.0,4.0,0.0,2.0,2.0,2.0,4.0,6.0,37:21,12.3,1
3,201962,Toney Douglas,1.0,0.0,1.0,2.0,1.0,0.0,3.0,1.0,1.0,0.0,2.0,0.0,5.0,10:52,1.7,1
4,201596,Mario Chalmers,12.0,3.0,7.0,4.0,4.0,1.0,0.0,2.0,7.0,0.0,4.0,3.0,3.0,33:30,11.3,1
5,951,Ray Allen,9.0,3.0,7.0,0.0,0.0,0.0,3.0,2.0,3.0,0.0,2.0,0.0,-8.0,31:05,9.5,1
6,202708,Norris Cole,10.0,3.0,6.0,3.0,3.0,0.0,1.0,1.0,2.0,0.0,1.0,1.0,-3.0,25:08,8.3,1
7,2365,Chris Andersen,6.0,3.0,3.0,2.0,0.0,1.0,3.0,1.0,0.0,2.0,1.0,0.0,-4.0,15:26,7.9,1
8,201563,Michael Beasley,16.0,7.0,11.0,2.0,2.0,0.0,2.0,2.0,0.0,0.0,4.0,1.0,10.0,24:11,11.1,1
9,201141,Greg Oden,0.0,0.0,0.0,2.0,0.0,0.0,1.0,0.0,0.0,0.0,2.0,1.0,-3.0,3:19,-2.3,1
10,2617,Udonis Haslem,,,,,,,,,,,,,,,0.0,1
11,1740,Rashard Lewis,,,,,,,,,,,,,,,0.0,1
12,2548,Dwyane Wade,,,,,,,,,,,,,,,0.0,1
13,2738,Andre Iguodala,9.0,4.0,7.0,0.0,0.0,1.0,5.0,2.0,5.0,0.0,4.0,2.0,6.0,39:32,9.8,0
14,203110,Draymond Green,8.0,3.0,7.0,2.0,2.0,2.0,6.0,2.0,2.0,3.0,0.0,2.0,-13.0,31:27,11.0,0
15,101135,David Lee,21.0,8.0,15.0,8.0,5.0,5.0,6.0,2.0,2.0,0.0,3.0,3.0,8.0,32:50,17.0,0
16,202691,Klay Thompson,17.0,7.0,15.0,2.0,1.0,0.0,3.0,2.0,1.0,1.0,2.0,1.0,2.0,35:28,11.4,0
17,201939,Stephen Curry,29.0,8.0,14.0,9.0,9.0,1.0,4.0,1.0,7.0,0.0,3.0,5.0,4.0,39:13,24.0,0
18,203084,Harrison Barnes,14.0,5.0,11.0,2.0,2.0,2.0,3.0,1.0,1.0,0.0,4.0,0.0,3.0,30:00,10.7,0
19,201578,Marreese Speights,3.0,1.0,5.0,2.0,1.0,0.0,4.0,0.0,2.0,0.0,1.0,0.0,-6.0,13:02,1.7,0
20,202348,Jordan Crawford,9.0,4.0,9.0,1.0,1.0,0.0,1.0,0.0,2.0,0.0,1.0,0.0,-9.0,18:28,5.6,0
21,203136,Ognjen Kuzmic,0.0,0.0,0.0,0.0,0.0,0.0,0.0,0.0,0.0,0.0,0.0,0.0,0.0,0:00,0.0,0
22,203145,Kent Bazemore,,,,,,,,,,,,,,,0.0,0
23,202705,MarShon Brooks,,,,,,,,,,,,,,,0.0,0
24,203517,Nemanja Nedovic,,,,,,,,,,,,,,,0.0,0
