,id,name,PTS,FG,FGA,FTA,FT,OREB,DREB,STL,AST,BLK,PF,TO,PLUS_MINUS,MIN,GS,WIN
0,201960,DeMarre Carroll,17.0,7.0,11.0,0.0,0.0,4.0,4.0,2.0,2.0,0.0,3.0,1.0,7.0,36:53,17.3,0
1,200794,Paul Millsap,15.0,6.0,20.0,1.0,1.0,4.0,10.0,2.0,3.0,1.0,2.0,2.0,8.0,38:19,11.2,0
2,201143,Al Horford,18.0,9.0,16.0,0.0,0.0,2.0,5.0,2.0,3.0,0.0,0.0,0.0,2.0,35:14,17.4,0
3,101150,Lou Williams,10.0,5.0,14.0,0.0,0.0,0.0,0.0,1.0,4.0,1.0,2.0,0.0,6.0,27:20,5.9,0
4,201952,Jeff Teague,19.0,6.0,13.0,4.0,4.0,0.0,3.0,1.0,7.0,0.0,3.0,3.0,-1.0,36:42,14.9,0
5,201858,Cartier Martin,6.0,2.0,7.0,0.0,0.0,0.0,1.0,1.0,0.0,0.0,5.0,1.0,-9.0,19:56,0.2,0
6,1882,Elton Brand,6.0,3.0,4.0,0.0,0.0,0.0,4.0,1.0,0.0,0.0,1.0,2.0,-1.0,12:38,4.2,0
7,202714,Shelvin Mack,7.0,3.0,7.0,0.0,0.0,0.0,0.0,0.0,2.0,0.0,2.0,0.0,-7.0,19:43,3.9,0
8,203118,Mike Scott,0.0,0.0,1.0,0.0,0.0,0.0,2.0,0.0,1.0,0.0,1.0,1.0,-13.0,9:50,-0.8,0
9,203098,John Jenkins,2.0,1.0,3.0,0.0,0.0,0.0,0.0,0.0,0.0,0.0,0.0,0.0,-2.0,3:26,0.3,0
10,203544,Pero Antic,0.0,0.0,0.0,0.0,0.0,0.0,0.0,0.0,0.0,0.0,0.0,0.0,0.0,0:00,0.0,0
11,202970,Gustavo Ayon,,,,,,,,,,,,,,,0.0,0
12,203471,Dennis Schroder,,,,,,,,,,,,,,,0.0,0
13,202695,Kawhi Leonard,4.0,2.0,7.0,0.0,0.0,0.0,5.0,1.0,1.0,0.0,0.0,1.0,-3.0,22:20,2.1,1
14,1495,Tim Duncan,23.0,10.0,15.0,4.0,3.0,6.0,15.0,1.0,2.0,2.0,0.0,3.0,1.0,34:36,25.6,1
15,201168,Tiago Splitter,11.0,5.0,9.0,1.0,1.0,1.0,4.0,1.0,3.0,2.0,1.0,4.0,-1.0,23:54,8.7,1
16,201980,Danny Green,3.0,1.0,7.0,0.0,0.0,2.0,2.0,0.0,1.0,1.0,2.0,0.0,-3.0,22:32,1.1,1
17,2225,Tony Parker,15.0,7.0,11.0,0.0,0.0,0.0,0.0,0.0,7.0,0.0,1.0,4.0,-4.0,36:40,10.6,1
18,1938,Manu Ginobili,10.0,2.0,7.0,6.0,5.0,0.0,4.0,0.0,7.0,1.0,4.0,1.0,-8.0,22:51,9.7,1
19,2564,Boris Diaw,16.0,7.0,9.0,2.0,1.0,0.0,2.0,1.0,3.0,1.0,0.0,0.0,2.0,29:53,16.5,1
20,201965,Jeff Ayres,1.0,0.0,0.0,2.0,1.0,0.0,1.0,0.0,0.0,1.0,1.0,0.0,0.0,7:14,1.2,1
21,201158,Marco Belinelli,13.0,6.0,9.0,0.0,0.0,0.0,4.0,2.0,3.0,0.0,0.0,2.0,8.0,25:02,12.4,1
22,201988,Patty Mills,6.0,2.0,4.0,2.0,1.0,0.0,2.0,0.0,0.0,0.0,1.0,2.0,15.0,14:50,1.8,1
23,2588,Matt Bonner,0.0,0.0,0.0,0.0,0.0,0.0,0.0,0.0,0.0,0.0,0.0,0.0,3.0,0:09,0.0,1
24,203382,Aron Baynes,,,,,,,,,,,,,,,0.0,1
25,202709,Cory Joseph,,,,,,,,,,,,,,,0.0,1
