,id,name,PTS,FG,FGA,FTA,FT,OREB,DREB,STL,AST,BLK,PF,TO,PLUS_MINUS,MIN,GS,WIN
0,200752,Rudy Gay,23.0,8.0,20.0,4.0,4.0,2.0,4.0,0.0,2.0,1.0,3.0,2.0,9.0,38:52,13.7,1
1,201574,Jason Thompson,11.0,5.0,7.0,2.0,1.0,2.0,5.0,2.0,0.0,0.0,3.0,2.0,12.0,36:54,9.4,1
2,202326,DeMarcus Cousins,14.0,5.0,14.0,9.0,4.0,5.0,6.0,1.0,2.0,2.0,5.0,4.0,-1.0,36:40,7.3,1
3,203463,Ben McLemore,9.0,3.0,3.0,2.0,1.0,0.0,0.0,1.0,2.0,0.0,4.0,0.0,-7.0,17:06,8.5,1
4,202738,Isaiah Thomas,23.0,8.0,15.0,4.0,4.0,1.0,4.0,3.0,9.0,0.0,2.0,4.0,9.0,42:44,22.1,1
5,2566,Travis Outlaw,0.0,0.0,1.0,0.0,0.0,2.0,1.0,0.0,1.0,0.0,0.0,0.0,-3.0,9:56,1.7,1
6,202682,Derrick Williams,1.0,0.0,1.0,2.0,1.0,0.0,3.0,0.0,0.0,0.0,1.0,0.0,-10.0,11:54,0.4,1
7,203112,Quincy Acy,2.0,1.0,1.0,0.0,0.0,0.0,4.0,0.0,1.0,0.0,2.0,0.0,8.0,12:43,2.8,1
8,202690,Jimmer Fredette,5.0,2.0,4.0,0.0,0.0,0.0,1.0,0.0,0.0,0.0,0.0,0.0,-4.0,5:16,3.3,1
9,201189,Aaron Gray,2.0,1.0,3.0,0.0,0.0,0.0,1.0,0.0,0.0,1.0,1.0,1.0,-4.0,5:16,-0.1,1
10,201977,Marcus Thornton,15.0,6.0,10.0,0.0,0.0,0.0,3.0,1.0,0.0,0.0,2.0,2.0,16.0,22:39,9.5,1
11,203492,Ray McCallum,,,,,,,,,,,,,,,0.0,1
12,202380,Hamady Ndiaye,,,,,,,,,,,,,,,0.0,1
13,202699,Tobias Harris,21.0,7.0,11.0,8.0,6.0,0.0,4.0,1.0,2.0,0.0,2.0,1.0,-1.0,32:47,17.1,0
14,201175,Glen Davis,10.0,5.0,8.0,0.0,0.0,3.0,5.0,0.0,3.0,1.0,2.0,4.0,1.0,29:17,8.0,0
15,202696,Nikola Vucevic,4.0,2.0,6.0,0.0,0.0,2.0,7.0,1.0,2.0,2.0,6.0,5.0,-1.0,27:33,0.5,0
16,201167,Arron Afflalo,26.0,9.0,17.0,7.0,5.0,1.0,1.0,1.0,2.0,0.0,1.0,2.0,-5.0,38:09,17.9,0
17,2749,Jameer Nelson,13.0,5.0,9.0,2.0,1.0,0.0,3.0,1.0,3.0,0.0,2.0,1.0,1.0,29:20,10.5,0
18,203094,Andrew Nicholson,7.0,3.0,9.0,1.0,0.0,0.0,3.0,1.0,0.0,0.0,0.0,2.0,-9.0,21:11,1.4,0
19,203506,Victor Oladipo,12.0,5.0,13.0,3.0,1.0,0.0,1.0,1.0,2.0,1.0,4.0,1.0,-4.0,21:17,4.9,0
20,203090,Maurice Harkless,5.0,2.0,3.0,2.0,1.0,1.0,2.0,2.0,1.0,1.0,3.0,1.0,-4.0,15:13,5.8,0
21,203124,Kyle O'Quinn,0.0,0.0,4.0,0.0,0.0,4.0,5.0,0.0,2.0,1.0,3.0,0.0,-3.0,15:22,2.4,0
22,203117,Doron Lamb,2.0,1.0,2.0,0.0,0.0,0.0,0.0,0.0,0.0,0.0,1.0,0.0,0.0,9:51,0.6,0
23,200780,Solomon Jones,,,,,,,,,,,,,,,0.0,0
24,101131,Jason Maxiell,,,,,,,,,,,,,,,0.0,0
25,101179,Ronnie Price,,,,,,,,,,,,,,,0.0,0
