,id,name,PTS,FG,FGA,FTA,FT,OREB,DREB,STL,AST,BLK,PF,TO,PLUS_MINUS,MIN,GS,WIN
0,2399,Mike Dunleavy,22.0,6.0,15.0,6.0,6.0,4.0,4.0,0.0,4.0,0.0,4.0,2.0,7.0,47:51,17.1,1
1,2430,Carlos Boozer,17.0,8.0,14.0,2.0,1.0,1.0,10.0,1.0,1.0,2.0,2.0,4.0,2.0,27:56,12.0,1
2,201149,Joakim Noah,20.0,9.0,13.0,4.0,2.0,4.0,8.0,3.0,3.0,0.0,0.0,1.0,-4.0,36:40,23.0,1
3,203503,Tony Snell,10.0,4.0,8.0,1.0,1.0,1.0,2.0,1.0,5.0,0.0,5.0,1.0,0.0,34:57,8.8,1
4,2550,Kirk Hinrich,14.0,3.0,12.0,7.0,6.0,1.0,1.0,3.0,3.0,0.0,2.0,0.0,-5.0,32:13,11.7,1
5,201571,D.J. Augustin,10.0,2.0,14.0,5.0,5.0,0.0,2.0,2.0,6.0,0.0,1.0,2.0,12.0,29:08,5.4,1
6,201959,Taj Gibson,14.0,5.0,12.0,4.0,4.0,4.0,4.0,1.0,1.0,0.0,1.0,2.0,1.0,26:34,10.9,1
7,1737,Nazr Mohammed,0.0,0.0,0.0,0.0,0.0,0.0,2.0,0.0,1.0,0.0,0.0,0.0,7.0,4:41,1.3,1
8,202710,Jimmy Butler,,,,,,,,,,,,,,,0.0,1
9,203513,Erik Murphy,,,,,,,,,,,,,,,0.0,1
10,203129,Tornike Shengelia,,,,,,,,,,,,,,,0.0,1
11,202363,Jarvis Varnado,,,,,,,,,,,,,,,0.0,1
12,2594,Kyle Korver,16.0,4.0,10.0,4.0,4.0,0.0,7.0,2.0,3.0,0.0,4.0,2.0,5.0,38:48,13.2,0
13,201960,DeMarre Carroll,13.0,4.0,12.0,3.0,3.0,2.0,2.0,1.0,1.0,0.0,5.0,2.0,-6.0,33:57,5.9,0
14,1882,Elton Brand,7.0,3.0,5.0,1.0,1.0,3.0,10.0,2.0,3.0,2.0,4.0,3.0,6.0,41:46,10.7,0
15,202714,Shelvin Mack,17.0,8.0,14.0,0.0,0.0,1.0,3.0,0.0,3.0,0.0,2.0,0.0,-4.0,27:29,13.3,0
16,201952,Jeff Teague,26.0,10.0,20.0,4.0,3.0,0.0,2.0,0.0,7.0,0.0,3.0,4.0,5.0,34:31,15.9,0
17,203118,Mike Scott,12.0,5.0,12.0,0.0,0.0,2.0,5.0,1.0,3.0,0.0,3.0,4.0,-9.0,32:34,6.4,0
18,101150,Lou Williams,12.0,4.0,10.0,2.0,2.0,0.0,2.0,1.0,1.0,0.0,1.0,1.0,-7.0,26:09,7.5,0
19,201858,Cartier Martin,0.0,0.0,0.0,0.0,0.0,0.0,0.0,0.0,0.0,0.0,0.0,0.0,-8.0,2:18,0.0,0
20,202354,Dexter Pittman,0.0,0.0,1.0,2.0,0.0,3.0,0.0,0.0,0.0,0.0,0.0,0.0,-2.0,2:26,0.6,0
21,202970,Gustavo Ayon,,,,,,,,,,,,,,,0.0,0
22,200794,Paul Millsap,,,,,,,,,,,,,,,0.0,0
23,203471,Dennis Schroder,,,,,,,,,,,,,,,0.0,0
