,id,name,PTS,FG,FGA,FTA,FT,OREB,DREB,STL,AST,BLK,PF,TO,PLUS_MINUS,MIN,GS,WIN
0,2419,Tayshaun Prince,8.0,4.0,8.0,0.0,0.0,0.0,3.0,2.0,1.0,0.0,1.0,0.0,12.0,37:57,7.2,1
1,2216,Zach Randolph,21.0,9.0,22.0,3.0,3.0,3.0,9.0,0.0,1.0,1.0,3.0,0.0,8.0,46:08,14.2,1
2,201188,Marc Gasol,18.0,6.0,14.0,6.0,6.0,4.0,7.0,1.0,4.0,4.0,3.0,3.0,3.0,38:36,17.9,1
3,202347,Quincy Pondexter,6.0,2.0,5.0,2.0,1.0,1.0,1.0,0.0,2.0,0.0,0.0,0.0,-6.0,32:27,5.3,1
4,201144,Mike Conley,19.0,8.0,19.0,2.0,2.0,3.0,3.0,1.0,4.0,0.0,2.0,0.0,8.0,38:49,14.9,1
5,201585,Kosta Koufos,7.0,3.0,10.0,2.0,1.0,3.0,5.0,2.0,0.0,1.0,2.0,2.0,3.0,21:16,4.3,1
6,2034,Mike Miller,3.0,1.0,4.0,0.0,0.0,1.0,3.0,1.0,2.0,0.0,1.0,0.0,4.0,28:32,4.2,1
7,201573,Jerryd Bayless,6.0,1.0,5.0,4.0,4.0,1.0,0.0,1.0,3.0,0.0,3.0,0.0,1.0,17:39,5.5,1
8,201979,Nick Calathes,0.0,0.0,1.0,0.0,0.0,0.0,1.0,0.0,0.0,0.0,2.0,1.0,2.0,3:36,-2.2,1
9,2754,Tony Allen,,,,,,,,,,,,,,,0.0,1
10,202334,Ed Davis,,,,,,,,,,,,,,,0.0,1
11,203479,Jamaal Franklin,,,,,,,,,,,,,,,0.0,1
12,202720,Jon Leuer,,,,,,,,,,,,,,,0.0,1
13,203084,Harrison Barnes,16.0,6.0,14.0,2.0,2.0,1.0,7.0,0.0,5.0,0.0,4.0,2.0,-11.0,48:53,11.3,0
14,101135,David Lee,18.0,9.0,17.0,2.0,0.0,1.0,7.0,1.0,1.0,0.0,4.0,1.0,-15.0,42:55,10.8,0
15,101106,Andrew Bogut,12.0,6.0,8.0,0.0,0.0,3.0,11.0,0.0,2.0,2.0,4.0,1.0,0.0,43:13,14.4,0
16,202691,Klay Thompson,21.0,9.0,19.0,2.0,1.0,1.0,0.0,0.0,0.0,0.0,2.0,3.0,1.0,48:04,7.8,0
17,2738,Andre Iguodala,7.0,3.0,14.0,2.0,1.0,0.0,4.0,2.0,14.0,0.0,2.0,4.0,-4.0,47:45,6.2,0
18,201578,Marreese Speights,2.0,1.0,5.0,0.0,0.0,1.0,3.0,0.0,2.0,0.0,1.0,2.0,-7.0,13:27,-0.5,0
19,203110,Draymond Green,5.0,2.0,4.0,0.0,0.0,0.0,4.0,0.0,0.0,1.0,2.0,0.0,3.0,14:23,4.1,0
20,203136,Ognjen Kuzmic,0.0,0.0,0.0,0.0,0.0,0.0,0.0,0.0,0.0,0.0,0.0,0.0,1.0,1:05,0.0,0
21,203145,Kent Bazemore,0.0,0.0,1.0,0.0,0.0,0.0,0.0,0.0,0.0,0.0,1.0,1.0,-3.0,5:15,-2.1,0
22,203473,Dewayne Dedmon,,,,,,,,,,,,,,,0.0,0
23,201962,Toney Douglas,,,,,,,,,,,,,,,0.0,0
24,203517,Nemanja Nedovic,,,,,,,,,,,,,,,0.0,0
