,id,name,PTS,FG,FGA,FTA,FT,OREB,DREB,STL,AST,BLK,PF,TO,PLUS_MINUS,MIN,GS,WIN
0,2440,Matt Barnes,19.0,7.0,16.0,4.0,3.0,3.0,3.0,1.0,1.0,1.0,2.0,3.0,0.0,36:36,11.8,1
1,201933,Blake Griffin,23.0,7.0,15.0,10.0,9.0,4.0,2.0,1.0,3.0,0.0,3.0,3.0,-6.0,33:42,17.2,1
2,201599,DeAndre Jordan,4.0,2.0,2.0,0.0,0.0,1.0,10.0,0.0,0.0,1.0,4.0,0.0,-20.0,29:15,6.2,1
3,201954,Darren Collison,23.0,9.0,16.0,3.0,3.0,0.0,3.0,3.0,5.0,1.0,3.0,2.0,3.0,42:23,20.3,1
4,101108,Chris Paul,20.0,6.0,17.0,5.0,4.0,0.0,2.0,3.0,9.0,0.0,3.0,2.0,5.0,35:16,16.8,1
5,201162,Jared Dudley,12.0,2.0,5.0,6.0,6.0,0.0,3.0,1.0,0.0,1.0,3.0,2.0,19.0,24:00,8.7,1
6,2584,Willie Green,5.0,2.0,4.0,0.0,0.0,0.0,0.0,1.0,0.0,0.0,1.0,0.0,5.0,17:13,3.6,1
7,201175,Glen Davis,4.0,1.0,1.0,2.0,2.0,2.0,2.0,0.0,0.0,0.0,2.0,1.0,10.0,10:12,3.9,1
8,203493,Reggie Bullock,0.0,0.0,1.0,0.0,0.0,0.0,0.0,0.0,0.0,0.0,0.0,0.0,-4.0,4:31,-0.7,1
9,2045,Hedo Turkoglu,2.0,1.0,2.0,0.0,0.0,0.0,1.0,0.0,0.0,0.0,3.0,0.0,8.0,6:53,0.1,1
10,2037,Jamal Crawford,,,,,,,,,,,,,,,0.0,1
11,101122,Danny Granger,,,,,,,,,,,,,,,0.0,1
12,200797,Ryan Hollins,,,,,,,,,,,,,,,0.0,1
13,200782,P.J. Tucker,10.0,4.0,12.0,1.0,1.0,6.0,5.0,1.0,1.0,0.0,3.0,1.0,-7.0,35:16,8.4,0
14,101112,Channing Frye,14.0,4.0,9.0,2.0,2.0,1.0,2.0,0.0,1.0,1.0,5.0,1.0,1.0,30:43,9.0,0
15,203101,Miles Plumlee,13.0,6.0,7.0,1.0,1.0,3.0,4.0,1.0,1.0,0.0,2.0,1.0,6.0,26:04,13.7,0
16,201609,Goran Dragic,15.0,2.0,11.0,12.0,11.0,0.0,1.0,0.0,8.0,0.0,3.0,4.0,-6.0,42:15,8.4,0
17,202339,Eric Bledsoe,14.0,6.0,9.0,1.0,1.0,0.0,1.0,0.0,3.0,0.0,4.0,5.0,4.0,29:32,5.9,0
18,101123,Gerald Green,15.0,5.0,11.0,4.0,3.0,1.0,3.0,0.0,0.0,2.0,3.0,0.0,-2.0,22:56,10.7,0
19,202693,Markieff Morris,11.0,3.0,7.0,7.0,5.0,2.0,5.0,1.0,2.0,1.0,3.0,1.0,-9.0,30:23,10.3,0
20,202694,Marcus Morris Sr.,16.0,6.0,12.0,5.0,4.0,1.0,3.0,1.0,1.0,0.0,2.0,1.0,-5.0,19:10,11.1,0
21,202397,Ish Smith,0.0,0.0,0.0,0.0,0.0,0.0,0.0,0.0,0.0,0.0,1.0,0.0,-2.0,3:41,-0.4,0
22,202091,Dionte Christmas,,,,,,,,,,,,,,,0.0,0
23,203462,Archie Goodwin,,,,,,,,,,,,,,,0.0,0
24,203458,Alex Len,,,,,,,,,,,,,,,0.0,0
25,101183,Shavlik Randolph,,,,,,,,,,,,,,,0.0,0
