,id,name,PTS,FG,FGA,FTA,FT,OREB,DREB,STL,AST,BLK,PF,TO,PLUS_MINUS,MIN,GS,WIN
0,203114,Khris Middleton,20.0,6.0,15.0,4.0,4.0,1.0,2.0,0.0,1.0,0.0,3.0,1.0,-14.0,41:54,11.7,0
1,202399,Jeff Adrien,11.0,4.0,6.0,8.0,3.0,3.0,7.0,0.0,0.0,1.0,2.0,5.0,-5.0,30:32,5.5,0
2,2585,Zaza Pachulia,9.0,4.0,9.0,2.0,1.0,3.0,3.0,0.0,5.0,0.0,1.0,4.0,-8.0,24:21,6.0,0
3,201196,Ramon Sessions,20.0,6.0,16.0,10.0,8.0,1.0,0.0,1.0,8.0,0.0,1.0,2.0,-7.0,41:35,15.3,0
4,203507,Giannis Antetokounmpo,8.0,3.0,5.0,4.0,1.0,2.0,6.0,3.0,2.0,1.0,1.0,4.0,-12.0,43:07,8.4,0
5,203089,John Henson,13.0,6.0,10.0,2.0,1.0,1.0,6.0,1.0,2.0,0.0,3.0,3.0,-3.0,23:57,8.7,0
6,202874,Chris Wright,4.0,1.0,3.0,2.0,2.0,1.0,0.0,0.0,1.0,0.0,3.0,1.0,-6.0,17:29,1.5,0
7,203545,Miroslav Raduljica,6.0,2.0,4.0,2.0,2.0,1.0,5.0,0.0,1.0,1.0,2.0,0.0,-10.0,17:05,6.8,0
8,202688,Brandon Knight,,,,,,,,,,,,,,,0.0,0
9,201564,O.J. Mayo,,,,,,,,,,,,,,,0.0,0
10,202336,Larry Sanders,,,,,,,,,,,,,,,0.0,0
11,202327,Ekpe Udoh,,,,,,,,,,,,,,,0.0,0
12,2772,Trevor Ariza,13.0,5.0,7.0,2.0,1.0,0.0,5.0,0.0,4.0,0.0,2.0,2.0,9.0,29:23,11.2,1
13,202344,Trevor Booker,11.0,5.0,7.0,1.0,1.0,1.0,0.0,2.0,1.0,0.0,3.0,2.0,16.0,24:49,8.3,1
14,101162,Marcin Gortat,13.0,5.0,12.0,4.0,3.0,4.0,9.0,3.0,2.0,2.0,2.0,1.0,9.0,33:16,15.7,1
15,203078,Bradley Beal,26.0,12.0,22.0,0.0,0.0,0.0,3.0,0.0,5.0,1.0,2.0,2.0,15.0,36:54,17.7,1
16,202322,John Wall,15.0,5.0,12.0,5.0,5.0,1.0,2.0,1.0,8.0,1.0,2.0,2.0,8.0,33:28,14.4,1
17,101110,Martell Webster,8.0,2.0,6.0,3.0,2.0,1.0,2.0,0.0,3.0,0.0,4.0,0.0,2.0,22:42,6.0,1
18,2400,Drew Gooden,4.0,1.0,4.0,2.0,2.0,1.0,2.0,0.0,0.0,1.0,3.0,0.0,4.0,16:50,2.4,1
19,1733,Al Harrington,12.0,4.0,11.0,2.0,2.0,0.0,3.0,0.0,0.0,0.0,2.0,0.0,7.0,18:54,6.0,1
20,1889,Andre Miller,0.0,0.0,0.0,0.0,0.0,0.0,1.0,1.0,2.0,0.0,0.0,0.0,8.0,13:37,2.7,1
21,203490,Otto Porter Jr.,2.0,1.0,2.0,0.0,0.0,0.0,0.0,0.0,0.0,0.0,1.0,0.0,0.0,7:06,0.6,1
22,202338,Kevin Seraphin,0.0,0.0,1.0,0.0,0.0,0.0,0.0,0.0,0.0,0.0,2.0,0.0,-6.0,1:10,-1.5,1
23,202698,Chris Singleton,0.0,0.0,0.0,0.0,0.0,0.0,1.0,0.0,0.0,0.0,0.0,0.0,-4.0,0:56,0.3,1
24,202066,Garrett Temple,0.0,0.0,0.0,0.0,0.0,0.0,0.0,0.0,0.0,0.0,0.0,0.0,-3.0,0:55,0.0,1
