,id,name,PTS,FG,FGA,FTA,FT,OREB,DREB,STL,AST,BLK,PF,TO,PLUS_MINUS,MIN,GS,WIN
0,2772,Trevor Ariza,15.0,5.0,10.0,2.0,2.0,0.0,6.0,3.0,3.0,0.0,2.0,2.0,13.0,34:52,14.1,1
1,2403,Nene,10.0,4.0,10.0,2.0,2.0,2.0,3.0,1.0,2.0,2.0,4.0,1.0,20.0,29:19,8.1,1
2,101162,Marcin Gortat,19.0,8.0,12.0,3.0,3.0,5.0,7.0,1.0,2.0,1.0,3.0,1.0,14.0,38:14,20.3,1
3,203078,Bradley Beal,17.0,7.0,20.0,2.0,0.0,1.0,4.0,3.0,8.0,1.0,3.0,2.0,20.0,38:44,13.0,1
4,202322,John Wall,24.0,8.0,16.0,4.0,3.0,0.0,3.0,1.0,9.0,1.0,4.0,2.0,19.0,35:49,20.9,1
5,1733,Al Harrington,10.0,4.0,9.0,1.0,0.0,0.0,2.0,0.0,1.0,0.0,2.0,2.0,-5.0,16:53,3.4,1
6,101110,Martell Webster,14.0,4.0,10.0,2.0,2.0,0.0,4.0,1.0,3.0,0.0,0.0,0.0,-6.0,25:42,12.9,1
7,202338,Kevin Seraphin,2.0,1.0,4.0,0.0,0.0,1.0,1.0,0.0,1.0,0.0,2.0,1.0,0.0,8:16,-0.5,1
8,201953,Eric Maynor,5.0,2.0,7.0,0.0,0.0,1.0,0.0,0.0,3.0,0.0,0.0,0.0,-5.0,12:11,3.7,1
9,202344,Trevor Booker,,,,,,,,,,,,,,,0.0,1
10,203318,Glen Rice,,,,,,,,,,,,,,,0.0,1
11,202066,Garrett Temple,,,,,,,,,,,,,,,0.0,1
12,202686,Jan Vesely,,,,,,,,,,,,,,,0.0,1
13,202323,Evan Turner,24.0,9.0,13.0,6.0,5.0,2.0,5.0,1.0,4.0,0.0,1.0,1.0,-20.0,38:22,23.4,0
14,201152,Thaddeus Young,7.0,3.0,11.0,2.0,1.0,3.0,3.0,1.0,2.0,0.0,1.0,2.0,-21.0,34:05,3.1,0
15,201150,Spencer Hawes,23.0,9.0,16.0,4.0,3.0,2.0,11.0,1.0,5.0,2.0,3.0,6.0,-9.0,38:35,18.4,0
16,202341,James Anderson,13.0,5.0,10.0,1.0,1.0,0.0,4.0,0.0,0.0,0.0,2.0,1.0,-5.0,32:41,7.4,0
17,203487,Michael Carter-Williams,19.0,8.0,21.0,4.0,2.0,2.0,3.0,2.0,7.0,1.0,1.0,2.0,-18.0,36:39,14.2,0
18,202730,Lavoy Allen,3.0,1.0,1.0,2.0,1.0,1.0,6.0,0.0,0.0,0.0,2.0,2.0,0.0,16:47,2.0,0
19,203100,Tony Wroten,2.0,1.0,6.0,0.0,0.0,0.0,3.0,0.0,3.0,0.0,1.0,2.0,5.0,18:01,-1.2,0
20,202721,Darius Morris,4.0,2.0,3.0,1.0,0.0,0.0,1.0,0.0,4.0,0.0,2.0,3.0,-2.0,13:44,1.6,0
21,202350,Daniel Orton,5.0,1.0,2.0,3.0,3.0,0.0,3.0,0.0,0.0,0.0,2.0,1.0,2.0,6:33,3.1,0
22,203138,Hollis Thompson,2.0,0.0,0.0,3.0,2.0,1.0,0.0,0.0,1.0,0.0,0.0,0.0,-2.0,4:33,3.0,0
23,2198,Kwame Brown,,,,,,,,,,,,,,,0.0,0
24,203561,Brandon Davies,,,,,,,,,,,,,,,0.0,0
