,id,name,PTS,FG,FGA,FTA,FT,OREB,DREB,STL,AST,BLK,PF,TO,PLUS_MINUS,MIN,GS,WIN
0,200782,P.J. Tucker,11.0,3.0,6.0,6.0,5.0,6.0,6.0,4.0,1.0,0.0,3.0,2.0,-13.0,28:13,15.1,0
1,101112,Channing Frye,9.0,3.0,9.0,2.0,2.0,1.0,1.0,0.0,2.0,0.0,1.0,1.0,-19.0,20:30,4.9,0
2,203101,Miles Plumlee,9.0,4.0,9.0,1.0,1.0,3.0,4.0,0.0,0.0,0.0,0.0,2.0,-18.0,18:26,5.6,0
3,201609,Goran Dragic,8.0,3.0,9.0,2.0,2.0,0.0,1.0,2.0,3.0,0.0,2.0,4.0,-18.0,30:54,2.5,0
4,202339,Eric Bledsoe,7.0,3.0,9.0,1.0,1.0,0.0,0.0,0.0,0.0,0.0,4.0,3.0,-13.0,18:34,-2.7,0
5,202693,Markieff Morris,9.0,4.0,13.0,0.0,0.0,2.0,4.0,1.0,1.0,2.0,2.0,0.0,-10.0,22:10,6.4,0
6,101123,Gerald Green,7.0,3.0,9.0,0.0,0.0,0.0,2.0,1.0,2.0,0.0,3.0,1.0,-21.0,27:00,2.7,0
7,202694,Marcus Morris Sr.,7.0,2.0,8.0,3.0,2.0,0.0,2.0,1.0,0.0,0.0,2.0,1.0,-11.0,17:38,1.6,0
8,203462,Archie Goodwin,1.0,0.0,3.0,2.0,1.0,0.0,1.0,0.0,0.0,0.0,1.0,2.0,-2.0,14:44,-3.6,0
9,202091,Dionte Christmas,5.0,1.0,4.0,4.0,3.0,1.0,1.0,0.0,0.0,1.0,2.0,0.0,-9.0,17:19,3.1,0
10,202397,Ish Smith,8.0,4.0,7.0,0.0,0.0,1.0,2.0,0.0,2.0,0.0,2.0,1.0,-10.0,15:02,5.6,0
11,203139,Viacheslav Kravtsov,5.0,2.0,3.0,2.0,1.0,2.0,1.0,0.0,1.0,1.0,0.0,0.0,-1.0,9:30,6.4,0
12,203458,Alex Len,,,,,,,,,,,,,,,0.0,0
13,2738,Andre Iguodala,8.0,3.0,4.0,0.0,0.0,1.0,2.0,0.0,0.0,0.0,0.0,2.0,15.0,25:00,5.7,1
14,101135,David Lee,17.0,7.0,10.0,4.0,3.0,2.0,5.0,0.0,5.0,0.0,4.0,4.0,23.0,26:12,13.2,1
15,101106,Andrew Bogut,8.0,4.0,8.0,0.0,0.0,1.0,5.0,0.0,0.0,3.0,2.0,2.0,22.0,21:37,5.5,1
16,202691,Klay Thompson,21.0,9.0,11.0,1.0,1.0,1.0,3.0,1.0,2.0,0.0,5.0,0.0,22.0,24:24,18.9,1
17,201939,Stephen Curry,14.0,5.0,17.0,5.0,3.0,3.0,10.0,1.0,16.0,0.0,3.0,7.0,27.0,33:33,12.4,1
18,203084,Harrison Barnes,11.0,4.0,10.0,2.0,2.0,0.0,0.0,3.0,3.0,0.0,1.0,0.0,11.0,30:37,10.3,1
19,203145,Kent Bazemore,4.0,2.0,4.0,0.0,0.0,1.0,4.0,2.0,2.0,0.0,1.0,1.0,8.0,17:13,5.9,1
20,203110,Draymond Green,11.0,4.0,7.0,2.0,2.0,1.0,5.0,0.0,1.0,0.0,0.0,0.0,6.0,18:04,10.6,1
21,201578,Marreese Speights,8.0,3.0,6.0,2.0,2.0,2.0,3.0,0.0,0.0,0.0,3.0,1.0,3.0,15:10,5.1,1
22,201962,Toney Douglas,6.0,2.0,4.0,4.0,2.0,0.0,1.0,1.0,2.0,0.0,4.0,2.0,2.0,14:19,2.3,1
23,200756,Hilton Armstrong,4.0,1.0,1.0,4.0,2.0,2.0,2.0,1.0,1.0,1.0,2.0,2.0,1.0,7:40,4.5,1
24,203517,Nemanja Nedovic,3.0,1.0,3.0,0.0,0.0,1.0,1.0,0.0,0.0,0.0,0.0,0.0,5.0,6:11,2.3,1
