,id,name,PTS,FG,FGA,FTA,FT,OREB,DREB,STL,AST,BLK,PF,TO,PLUS_MINUS,MIN,GS,WIN
0,2738,Andre Iguodala,5.0,1.0,8.0,4.0,3.0,1.0,6.0,1.0,4.0,0.0,2.0,1.0,1.0,21:05,3.9,0
1,979,Jermaine O'Neal,9.0,4.0,5.0,2.0,1.0,2.0,3.0,0.0,0.0,1.0,4.0,0.0,-10.0,16:26,8.1,0
2,101106,Andrew Bogut,8.0,4.0,5.0,0.0,0.0,1.0,5.0,0.0,0.0,1.0,4.0,4.0,2.0,23:01,3.4,0
3,202691,Klay Thompson,8.0,3.0,8.0,0.0,0.0,1.0,1.0,1.0,1.0,0.0,2.0,0.0,-18.0,23:32,5.5,0
4,201939,Stephen Curry,5.0,2.0,10.0,0.0,0.0,0.0,3.0,0.0,5.0,0.0,0.0,5.0,-12.0,28:19,-1.8,0
5,101135,David Lee,11.0,4.0,11.0,5.0,3.0,2.0,4.0,2.0,0.0,2.0,2.0,2.0,-19.0,20:38,7.3,0
6,203084,Harrison Barnes,11.0,3.0,10.0,4.0,4.0,1.0,1.0,0.0,2.0,1.0,1.0,1.0,-2.0,24:28,6.9,0
7,2581,Steve Blake,4.0,2.0,5.0,0.0,0.0,0.0,0.0,0.0,2.0,1.0,4.0,0.0,-21.0,26:55,1.8,0
8,202348,Jordan Crawford,16.0,5.0,10.0,5.0,5.0,0.0,2.0,0.0,2.0,0.0,2.0,3.0,-17.0,24:48,9.2,0
9,203110,Draymond Green,0.0,0.0,5.0,0.0,0.0,1.0,1.0,1.0,1.0,0.0,4.0,0.0,-20.0,14:45,-2.4,0
10,201578,Marreese Speights,6.0,2.0,6.0,2.0,2.0,0.0,4.0,0.0,0.0,1.0,2.0,0.0,8.0,9:08,3.7,0
11,200756,Hilton Armstrong,0.0,0.0,1.0,0.0,0.0,0.0,2.0,1.0,0.0,0.0,0.0,0.0,8.0,6:56,0.9,0
12,203517,Nemanja Nedovic,,,,,,,,,,,,,,,0.0,0
13,2399,Mike Dunleavy,15.0,5.0,11.0,2.0,2.0,0.0,4.0,1.0,3.0,2.0,4.0,2.0,30.0,36:15,11.4,1
14,2430,Carlos Boozer,15.0,6.0,11.0,4.0,3.0,4.0,9.0,1.0,0.0,0.0,3.0,2.0,8.0,24:35,12.6,1
15,201149,Joakim Noah,8.0,3.0,10.0,2.0,2.0,6.0,11.0,1.0,7.0,1.0,2.0,4.0,18.0,32:35,11.5,1
16,202710,Jimmy Butler,16.0,5.0,10.0,6.0,5.0,1.0,1.0,2.0,2.0,3.0,3.0,1.0,17.0,36:35,14.9,1
17,2550,Kirk Hinrich,9.0,3.0,8.0,5.0,3.0,1.0,3.0,2.0,3.0,2.0,1.0,1.0,4.0,24:58,9.5,1
18,203503,Tony Snell,6.0,2.0,5.0,1.0,1.0,1.0,3.0,0.0,2.0,0.0,2.0,0.0,1.0,18:19,5.5,1
19,201959,Taj Gibson,21.0,7.0,13.0,8.0,7.0,2.0,3.0,1.0,3.0,1.0,4.0,3.0,20.0,27:26,15.8,1
20,201571,D.J. Augustin,5.0,2.0,6.0,1.0,1.0,0.0,3.0,0.0,4.0,0.0,2.0,1.0,16.0,23:02,3.5,1
21,1737,Nazr Mohammed,8.0,4.0,7.0,1.0,0.0,1.0,2.0,0.0,0.0,0.0,2.0,2.0,-2.0,9:17,2.8,1
22,203513,Erik Murphy,0.0,0.0,1.0,0.0,0.0,0.0,0.0,0.0,0.0,0.0,1.0,0.0,-8.0,4:52,-1.1,1
23,203129,Tornike Shengelia,0.0,0.0,1.0,0.0,0.0,0.0,1.0,0.0,0.0,0.0,0.0,0.0,-4.0,2:07,-0.4,1
24,202363,Jarvis Varnado,,,,,,,,,,,,,,,0.0,1
