,id,name,PTS,FG,FGA,FTA,FT,OREB,DREB,STL,AST,BLK,PF,TO,PLUS_MINUS,MIN,GS,WIN
0,2746,Josh Smith,24.0,9.0,20.0,7.0,3.0,0.0,5.0,2.0,1.0,1.0,4.0,1.0,-11.0,37:20,14.3,0
1,202328,Greg Monroe,17.0,6.0,21.0,6.0,5.0,7.0,9.0,3.0,2.0,1.0,4.0,0.0,6.0,31:07,15.4,0
2,203083,Andre Drummond,13.0,5.0,9.0,6.0,3.0,6.0,8.0,0.0,0.0,1.0,2.0,1.0,-5.0,31:20,13.0,0
3,202713,Kyle Singler,10.0,3.0,11.0,3.0,3.0,3.0,2.0,0.0,3.0,0.0,1.0,1.0,3.0,39:28,6.9,0
4,201943,Brandon Jennings,12.0,4.0,11.0,3.0,2.0,0.0,2.0,1.0,9.0,0.0,2.0,1.0,2.0,35:07,11.6,0
5,201155,Rodney Stuckey,16.0,6.0,12.0,3.0,3.0,0.0,1.0,0.0,0.0,1.0,0.0,0.0,-16.0,32:16,11.0,0
6,101111,Charlie Villanueva,0.0,0.0,2.0,0.0,0.0,0.0,0.0,0.0,0.0,0.0,2.0,0.0,-6.0,5:40,-2.2,0
7,201973,Jonas Jerebko,0.0,0.0,1.0,0.0,0.0,1.0,1.0,0.0,0.0,0.0,0.0,0.0,6.0,8:49,0.3,0
8,101198,Will Bynum,2.0,1.0,5.0,0.0,0.0,0.0,1.0,1.0,0.0,0.0,2.0,1.0,-9.0,12:53,-1.6,0
9,203484,Kentavious Caldwell-Pope,0.0,0.0,1.0,0.0,0.0,0.0,1.0,0.0,1.0,0.0,1.0,0.0,-5.0,6:00,-0.1,0
10,203540,Gigi Datome,,,,,,,,,,,,,,,0.0,0
11,203502,Tony Mitchell,,,,,,,,,,,,,,,0.0,0
12,203491,Peyton Siva,,,,,,,,,,,,,,,0.0,0
13,202331,Paul George,27.0,9.0,19.0,6.0,5.0,0.0,12.0,2.0,7.0,0.0,2.0,2.0,9.0,37:43,24.6,1
14,2561,David West,15.0,7.0,10.0,1.0,1.0,2.0,6.0,0.0,3.0,2.0,3.0,0.0,1.0,33:10,16.3,1
15,201579,Roy Hibbert,11.0,4.0,10.0,4.0,3.0,1.0,2.0,0.0,3.0,2.0,5.0,2.0,-4.0,29:02,6.0,1
16,202362,Lance Stephenson,11.0,5.0,10.0,0.0,0.0,0.0,5.0,0.0,4.0,0.0,2.0,3.0,10.0,34:00,6.5,1
17,201588,George Hill,12.0,4.0,9.0,5.0,4.0,0.0,1.0,1.0,2.0,0.0,3.0,0.0,15.0,38:43,8.4,1
18,2449,Luis Scola,9.0,3.0,7.0,4.0,3.0,5.0,3.0,0.0,2.0,0.0,4.0,2.0,6.0,14:50,7.1,1
19,202323,Evan Turner,4.0,2.0,5.0,0.0,0.0,0.0,3.0,0.0,1.0,0.0,1.0,0.0,1.0,17:24,2.5,1
20,101133,Ian Mahinmi,10.0,4.0,5.0,4.0,2.0,2.0,3.0,1.0,1.0,3.0,0.0,0.0,11.0,18:58,13.4,1
21,2446,Rasual Butler,2.0,1.0,2.0,0.0,0.0,0.0,1.0,0.0,0.0,0.0,0.0,0.0,-6.0,6:53,1.3,1
22,202388,Donald Sloan,0.0,0.0,2.0,0.0,0.0,0.0,1.0,0.0,1.0,0.0,1.0,1.0,-8.0,9:17,-1.8,1
23,202730,Lavoy Allen,,,,,,,,,,,,,,,0.0,1
24,203142,Chris Copeland,,,,,,,,,,,,,,,0.0,1
25,203524,Solomon Hill,,,,,,,,,,,,,,,0.0,1
