,id,name,PTS,FG,FGA,FTA,FT,OREB,DREB,STL,AST,BLK,PF,TO,PLUS_MINUS,MIN,GS,WIN
0,202345,Damion James,6.0,2.0,5.0,2.0,2.0,1.0,8.0,0.0,2.0,1.0,2.0,1.0,13.0,28:37,6.7,0
1,1495,Tim Duncan,12.0,4.0,10.0,4.0,4.0,5.0,4.0,0.0,2.0,0.0,0.0,2.0,-14.0,29:42,10.7,0
2,203382,Aron Baynes,6.0,3.0,6.0,0.0,0.0,1.0,2.0,0.0,1.0,0.0,5.0,1.0,0.0,21:30,2.0,0
3,201158,Marco Belinelli,17.0,6.0,13.0,4.0,3.0,0.0,2.0,1.0,4.0,0.0,3.0,1.0,-8.0,32:59,12.1,0
4,2225,Tony Parker,10.0,4.0,9.0,2.0,2.0,0.0,4.0,2.0,1.0,0.0,0.0,0.0,-12.0,25:48,9.2,0
5,1938,Manu Ginobili,10.0,4.0,12.0,2.0,2.0,0.0,3.0,0.0,2.0,1.0,2.0,1.0,-12.0,21:56,4.4,0
6,201965,Jeff Ayres,12.0,5.0,7.0,3.0,2.0,0.0,3.0,0.0,1.0,0.0,2.0,0.0,-4.0,19:25,9.5,0
7,2588,Matt Bonner,3.0,1.0,3.0,0.0,0.0,0.0,0.0,0.0,0.0,0.0,1.0,0.0,-4.0,7:14,0.9,0
8,202709,Cory Joseph,11.0,5.0,10.0,1.0,1.0,0.0,3.0,0.0,5.0,0.0,4.0,0.0,6.0,22:12,8.8,0
9,2564,Boris Diaw,11.0,5.0,11.0,0.0,0.0,1.0,5.0,0.0,6.0,0.0,3.0,0.0,10.0,24:58,10.5,0
10,201948,Austin Daye,0.0,0.0,3.0,0.0,0.0,0.0,1.0,0.0,0.0,0.0,1.0,0.0,-5.0,5:39,-2.2,0
11,201988,Patty Mills,,,,,,,,,,,,,,,0.0,0
12,201168,Tiago Splitter,,,,,,,,,,,,,,,0.0,0
13,202718,Chandler Parsons,21.0,7.0,17.0,7.0,5.0,1.0,6.0,0.0,4.0,0.0,1.0,0.0,16.0,39:37,16.0,1
14,203093,Terrence Jones,20.0,7.0,12.0,7.0,6.0,4.0,7.0,2.0,1.0,0.0,1.0,1.0,16.0,39:37,20.2,1
15,2730,Dwight Howard,20.0,9.0,11.0,4.0,2.0,5.0,12.0,0.0,0.0,0.0,3.0,2.0,18.0,31:25,19.0,1
16,201935,James Harden,16.0,4.0,16.0,8.0,8.0,0.0,2.0,1.0,7.0,0.0,4.0,1.0,6.0,35:11,10.3,1
17,201976,Patrick Beverley,12.0,5.0,11.0,1.0,1.0,0.0,1.0,1.0,2.0,0.0,4.0,2.0,1.0,36:19,5.4,1
18,202391,Jeremy Lin,5.0,2.0,7.0,0.0,0.0,0.0,0.0,0.0,4.0,0.0,0.0,0.0,0.0,19:05,3.7,1
19,201600,Omer Asik,8.0,3.0,4.0,2.0,2.0,1.0,7.0,0.0,0.0,2.0,2.0,0.0,-12.0,16:35,9.8,1
20,101128,Francisco Garcia,2.0,1.0,3.0,0.0,0.0,0.0,3.0,0.0,0.0,0.0,0.0,0.0,-5.0,13:48,1.2,1
21,202700,Donatas Motiejunas,0.0,0.0,4.0,0.0,0.0,0.0,1.0,0.0,0.0,0.0,1.0,0.0,-10.0,8:23,-2.9,1
22,201956,Omri Casspi,,,,,,,,,,,,,,,0.0,1
23,203584,Troy Daniels,,,,,,,,,,,,,,,0.0,1
24,202706,Jordan Hamilton,,,,,,,,,,,,,,,0.0,1
