,id,name,PTS,FG,FGA,FTA,FT,OREB,DREB,STL,AST,BLK,PF,TO,PLUS_MINUS,MIN,GS,WIN
0,2210,Richard Jefferson,7.0,3.0,8.0,0.0,0.0,0.0,3.0,0.0,3.0,0.0,0.0,2.0,-17.0,28:21,3.6,0
1,202324,Derrick Favors,13.0,5.0,8.0,6.0,3.0,3.0,5.0,3.0,0.0,0.0,3.0,3.0,-11.0,33:30,10.6,0
2,202683,Enes Kanter,2.0,1.0,6.0,0.0,0.0,1.0,4.0,0.0,1.0,0.0,3.0,2.0,-17.0,20:45,-2.4,0
3,202330,Gordon Hayward,13.0,5.0,12.0,2.0,2.0,1.0,0.0,3.0,5.0,2.0,4.0,5.0,-11.0,34:35,8.6,0
4,101249,John Lucas III,2.0,1.0,3.0,0.0,0.0,0.0,0.0,0.0,2.0,0.0,1.0,0.0,-19.0,12:22,1.3,0
5,101107,Marvin Williams,19.0,7.0,13.0,3.0,2.0,1.0,4.0,2.0,3.0,1.0,4.0,0.0,8.0,31:44,17.4,0
6,203504,Trey Burke,5.0,2.0,8.0,1.0,1.0,1.0,4.0,0.0,3.0,0.0,1.0,2.0,-1.0,19:36,1.8,0
7,202692,Alec Burks,11.0,5.0,10.0,0.0,0.0,0.0,1.0,1.0,2.0,1.0,4.0,2.0,3.0,27:05,5.8,0
8,202379,Jeremy Evans,14.0,7.0,7.0,0.0,0.0,2.0,1.0,0.0,0.0,2.0,2.0,1.0,5.0,16:00,13.2,0
9,203197,Diante Garrett,7.0,3.0,3.0,0.0,0.0,0.0,0.0,1.0,8.0,0.0,0.0,0.0,10.0,16:02,12.7,0
10,203546,Ian Clark,,,,,,,,,,,,,,,0.0,0
11,203497,Rudy Gobert,,,,,,,,,,,,,,,0.0,0
12,200839,Mike Harris,,,,,,,,,,,,,,,0.0,0
13,1890,Shawn Marion,10.0,4.0,7.0,2.0,1.0,0.0,3.0,2.0,4.0,1.0,0.0,0.0,12.0,32:19,12.7,1
14,1717,Dirk Nowitzki,18.0,5.0,14.0,7.0,7.0,1.0,6.0,1.0,1.0,0.0,1.0,1.0,12.0,31:40,13.0,1
15,2223,Samuel Dalembert,18.0,8.0,8.0,4.0,2.0,5.0,7.0,0.0,1.0,2.0,4.0,3.0,13.0,28:31,17.9,1
16,101145,Monta Ellis,26.0,8.0,19.0,10.0,9.0,1.0,2.0,1.0,6.0,0.0,2.0,3.0,11.0,38:21,18.2,1
17,101181,Jose Calderon,5.0,2.0,3.0,0.0,0.0,0.0,1.0,2.0,4.0,0.0,2.0,2.0,10.0,29:51,6.0,1
18,1713,Vince Carter,8.0,3.0,9.0,1.0,0.0,1.0,3.0,0.0,0.0,1.0,3.0,2.0,-11.0,21:56,1.6,1
19,201971,DeJuan Blair,11.0,5.0,9.0,2.0,1.0,5.0,4.0,1.0,1.0,0.0,3.0,3.0,-3.0,19:29,8.5,1
20,203109,Jae Crowder,3.0,1.0,2.0,0.0,0.0,0.0,1.0,1.0,1.0,0.0,1.0,1.0,0.0,16:59,2.6,1
21,203499,Shane Larkin,2.0,1.0,2.0,1.0,0.0,0.0,1.0,2.0,1.0,0.0,1.0,1.0,1.0,15:11,2.2,1
22,201961,Wayne Ellington,2.0,1.0,2.0,0.0,0.0,0.0,0.0,0.0,0.0,0.0,0.0,0.0,5.0,5:43,1.0,1
23,203108,Bernard James,,,,,,,,,,,,,,,0.0,1
24,203495,Ricky Ledo,,,,,,,,,,,,,,,0.0,1
25,203539,Gal Mekel,,,,,,,,,,,,,,,0.0,1
