,id,name,PTS,FG,FGA,FTA,FT,OREB,DREB,STL,AST,BLK,PF,TO,PLUS_MINUS,MIN,GS,WIN
0,202718,Chandler Parsons,19.0,7.0,15.0,6.0,5.0,4.0,3.0,2.0,5.0,1.0,4.0,3.0,-12.0,40:54,16.2,0
1,203093,Terrence Jones,2.0,1.0,3.0,2.0,0.0,0.0,5.0,0.0,0.0,0.0,1.0,1.0,6.0,14:48,-0.4,0
2,2730,Dwight Howard,13.0,4.0,7.0,13.0,5.0,2.0,8.0,1.0,0.0,3.0,4.0,5.0,-12.0,30:56,6.8,0
3,201935,James Harden,25.0,8.0,18.0,7.0,6.0,1.0,2.0,1.0,3.0,0.0,3.0,3.0,-4.0,33:05,15.4,0
4,201976,Patrick Beverley,6.0,2.0,7.0,2.0,2.0,0.0,1.0,1.0,2.0,0.0,2.0,1.0,-11.0,31:04,2.8,0
5,202962,Greg Smith,6.0,3.0,5.0,0.0,0.0,2.0,7.0,0.0,0.0,1.0,6.0,1.0,-7.0,20:27,4.5,0
6,201956,Omri Casspi,4.0,1.0,5.0,2.0,1.0,0.0,0.0,0.0,2.0,0.0,2.0,0.0,-12.0,15:15,1.1,0
7,201166,Aaron Brooks,13.0,4.0,8.0,4.0,3.0,0.0,1.0,1.0,2.0,0.0,1.0,3.0,-14.0,27:19,7.9,0
8,101128,Francisco Garcia,3.0,1.0,6.0,0.0,0.0,2.0,2.0,0.0,0.0,0.0,2.0,0.0,-11.0,19:40,0.4,0
9,202700,Donatas Motiejunas,0.0,0.0,1.0,2.0,0.0,0.0,2.0,0.0,0.0,0.0,1.0,0.0,1.0,5:16,-1.3,0
10,200758,Ronnie Brewer,0.0,0.0,0.0,0.0,0.0,0.0,0.0,0.0,1.0,0.0,0.0,0.0,1.0,1:16,0.7,0
11,201600,Omer Asik,,,,,,,,,,,,,,,0.0,0
12,202391,Jeremy Lin,,,,,,,,,,,,,,,0.0,0
13,200752,Rudy Gay,26.0,10.0,20.0,6.0,5.0,1.0,4.0,4.0,4.0,1.0,5.0,4.0,16.0,39:28,19.0,1
14,201574,Jason Thompson,9.0,4.0,7.0,2.0,1.0,1.0,4.0,0.0,0.0,2.0,2.0,2.0,5.0,22:57,5.8,1
15,202326,DeMarcus Cousins,21.0,7.0,14.0,7.0,7.0,0.0,10.0,1.0,5.0,0.0,4.0,4.0,16.0,32:19,15.9,1
16,203463,Ben McLemore,4.0,1.0,4.0,2.0,2.0,1.0,0.0,0.0,0.0,0.0,4.0,2.0,-2.0,22:31,-1.3,1
17,202738,Isaiah Thomas,19.0,7.0,12.0,5.0,4.0,0.0,2.0,2.0,8.0,0.0,4.0,3.0,13.0,41:45,16.6,1
18,202682,Derrick Williams,11.0,3.0,10.0,6.0,4.0,2.0,4.0,1.0,0.0,1.0,0.0,0.0,8.0,23:34,8.7,1
19,2566,Travis Outlaw,8.0,3.0,7.0,2.0,2.0,0.0,7.0,0.0,0.0,1.0,2.0,0.0,11.0,30:12,6.3,1
20,203112,Quincy Acy,4.0,2.0,2.0,0.0,0.0,1.0,2.0,0.0,0.0,1.0,4.0,0.0,1.0,12:48,3.8,1
21,202690,Jimmer Fredette,2.0,1.0,2.0,0.0,0.0,0.0,2.0,0.0,0.0,0.0,0.0,0.0,3.0,4:59,1.6,1
22,201977,Marcus Thornton,2.0,1.0,3.0,0.0,0.0,1.0,1.0,0.0,0.0,0.0,0.0,0.0,6.0,6:55,1.3,1
23,203492,Ray McCallum,0.0,0.0,0.0,0.0,0.0,0.0,0.0,0.0,0.0,0.0,0.0,0.0,-1.0,1:16,0.0,1
24,202380,Hamady Ndiaye,0.0,0.0,0.0,0.0,0.0,0.0,0.0,0.0,0.0,0.0,0.0,0.0,-1.0,1:16,0.0,1
25,201189,Aaron Gray,,,,,,,,,,,,,,,0.0,1
