,id,name,PTS,FG,FGA,FTA,FT,OREB,DREB,STL,AST,BLK,PF,TO,PLUS_MINUS,MIN,GS,WIN
0,201167,Arron Afflalo,26.0,9.0,18.0,4.0,4.0,0.0,0.0,2.0,3.0,0.0,0.0,1.0,12.0,35:39,20.1,1
1,201175,Glen Davis,8.0,3.0,9.0,2.0,2.0,2.0,6.0,3.0,0.0,0.0,4.0,3.0,4.0,31:50,4.5,1
2,202696,Nikola Vucevic,12.0,4.0,7.0,5.0,4.0,1.0,14.0,1.0,3.0,1.0,0.0,0.0,15.0,30:16,17.0,1
3,203506,Victor Oladipo,18.0,7.0,11.0,3.0,3.0,1.0,2.0,0.0,5.0,1.0,4.0,1.0,17.0,28:56,16.0,1
4,2749,Jameer Nelson,8.0,3.0,11.0,2.0,1.0,0.0,3.0,0.0,10.0,0.0,3.0,4.0,16.0,30:26,3.8,1
5,202734,E'Twaun Moore,12.0,5.0,8.0,1.0,1.0,0.0,3.0,2.0,5.0,0.0,2.0,1.0,14.0,30:02,13.0,1
6,203094,Andrew Nicholson,18.0,8.0,11.0,1.0,1.0,2.0,6.0,0.0,0.0,1.0,3.0,0.0,19.0,25:13,16.2,1
7,203090,Maurice Harkless,3.0,1.0,3.0,2.0,1.0,0.0,2.0,0.0,1.0,0.0,2.0,1.0,0.0,10:40,0.4,1
8,203117,Doron Lamb,2.0,1.0,1.0,0.0,0.0,0.0,0.0,0.0,1.0,0.0,0.0,1.0,-4.0,4:57,1.4,1
9,203124,Kyle O'Quinn,0.0,0.0,1.0,0.0,0.0,0.0,0.0,0.0,0.0,0.0,1.0,0.0,-4.0,4:57,-1.1,1
10,101179,Ronnie Price,0.0,0.0,1.0,0.0,0.0,0.0,0.0,0.0,0.0,0.0,1.0,0.0,-2.0,3:32,-1.1,1
11,200780,Solomon Jones,2.0,1.0,2.0,0.0,0.0,0.0,1.0,0.0,1.0,0.0,0.0,0.0,-2.0,3:32,2.0,1
12,101131,Jason Maxiell,,,,,,,,,,,,,,,0.0,1
13,201960,DeMarre Carroll,9.0,3.0,8.0,2.0,2.0,2.0,5.0,0.0,0.0,0.0,4.0,0.0,1.0,24:27,5.9,0
14,200794,Paul Millsap,10.0,4.0,7.0,3.0,2.0,1.0,4.0,0.0,0.0,1.0,2.0,4.0,-15.0,26:48,4.1,0
15,201143,Al Horford,15.0,7.0,10.0,2.0,1.0,0.0,5.0,0.0,3.0,2.0,2.0,1.0,-2.0,27:53,13.6,0
16,2594,Kyle Korver,3.0,1.0,6.0,0.0,0.0,0.0,2.0,2.0,3.0,0.0,3.0,3.0,-13.0,31:23,-0.3,0
17,201952,Jeff Teague,15.0,4.0,11.0,6.0,6.0,0.0,3.0,1.0,6.0,0.0,1.0,4.0,-19.0,30:37,10.6,0
18,202970,Gustavo Ayon,2.0,0.0,5.0,2.0,2.0,0.0,5.0,2.0,0.0,0.0,1.0,0.0,-15.0,20:07,1.6,0
19,101150,Lou Williams,11.0,3.0,9.0,2.0,2.0,1.0,2.0,0.0,8.0,0.0,1.0,1.0,-16.0,24:05,11.4,0
20,201858,Cartier Martin,7.0,2.0,3.0,2.0,2.0,0.0,1.0,0.0,0.0,0.0,3.0,1.0,-13.0,16:25,3.8,0
21,203118,Mike Scott,4.0,1.0,6.0,2.0,1.0,0.0,3.0,0.0,0.0,1.0,1.0,0.0,-6.0,14:30,1.0,0
22,202714,Shelvin Mack,6.0,3.0,5.0,0.0,0.0,0.0,1.0,1.0,2.0,0.0,0.0,0.0,2.0,8:12,6.4,0
23,203544,Pero Antic,6.0,1.0,2.0,4.0,3.0,0.0,0.0,0.0,0.0,1.0,1.0,0.0,4.0,6:42,4.9,0
24,203471,Dennis Schroder,4.0,1.0,1.0,2.0,2.0,0.0,0.0,1.0,0.0,0.0,0.0,0.0,5.0,5:19,4.7,0
25,203098,John Jenkins,0.0,0.0,0.0,0.0,0.0,0.0,0.0,0.0,0.0,0.0,0.0,0.0,2.0,3:32,0.0,0
