,id,name,PTS,FG,FGA,FTA,FT,OREB,DREB,STL,AST,BLK,PF,TO,PLUS_MINUS,MIN,GS,WIN
0,2546,Carmelo Anthony,33.0,14.0,27.0,4.0,2.0,0.0,5.0,3.0,5.0,0.0,2.0,5.0,14.0,43:11,21.1,1
1,2405,Amar'e Stoudemire,18.0,8.0,18.0,3.0,2.0,4.0,4.0,1.0,1.0,2.0,3.0,3.0,16.0,31:08,11.1,1
2,2199,Tyson Chandler,15.0,6.0,8.0,3.0,3.0,5.0,9.0,0.0,0.0,0.0,4.0,1.0,3.0,34:48,15.4,1
3,2747,JR Smith,14.0,6.0,11.0,0.0,0.0,0.0,5.0,0.0,5.0,0.0,2.0,0.0,2.0,26:40,12.9,1
4,101109,Raymond Felton,18.0,5.0,8.0,8.0,6.0,1.0,2.0,4.0,8.0,1.0,4.0,2.0,21.0,31:07,21.6,1
5,202697,Iman Shumpert,2.0,1.0,4.0,0.0,0.0,1.0,0.0,2.0,1.0,0.0,2.0,0.0,9.0,20:48,2.2,1
6,203501,Tim Hardaway Jr.,11.0,4.0,10.0,0.0,0.0,0.0,1.0,0.0,0.0,0.0,4.0,0.0,3.0,27:29,4.3,1
7,203143,Pablo Prigioni,3.0,1.0,2.0,0.0,0.0,1.0,1.0,1.0,4.0,0.0,2.0,1.0,-11.0,15:53,5.0,1
8,202332,Cole Aldrich,0.0,0.0,0.0,0.0,0.0,0.0,0.0,0.0,0.0,1.0,1.0,0.0,-3.0,5:56,0.3,1
9,203315,Toure' Murry,0.0,0.0,0.0,0.0,0.0,0.0,0.0,0.0,0.0,0.0,0.0,0.0,2.0,1:00,0.0,1
10,201947,Earl Clark,0.0,0.0,0.0,0.0,0.0,0.0,0.0,0.0,0.0,0.0,0.0,0.0,2.0,1:00,0.0,1
11,202719,Jeremy Tyler,4.0,2.0,2.0,1.0,0.0,0.0,0.0,0.0,0.0,0.0,0.0,0.0,2.0,1:00,3.0,1
12,200769,Shannon Brown,,,,,,,,,,,,,,,0.0,1
13,201147,Corey Brewer,16.0,5.0,11.0,6.0,6.0,0.0,6.0,0.0,2.0,1.0,3.0,0.0,-2.0,30:08,13.0,0
14,201567,Kevin Love,19.0,6.0,17.0,6.0,4.0,3.0,5.0,0.0,2.0,0.0,2.0,2.0,-6.0,35:45,10.9,0
15,201593,Nikola Pekovic,17.0,8.0,12.0,1.0,1.0,2.0,4.0,0.0,0.0,0.0,2.0,0.0,-5.0,25:32,13.6,0
16,2755,Kevin Martin,12.0,3.0,10.0,4.0,4.0,0.0,3.0,0.0,1.0,0.0,2.0,0.0,0.0,28:09,7.0,0
17,201937,Ricky Rubio,11.0,4.0,6.0,3.0,3.0,3.0,3.0,2.0,8.0,0.0,4.0,6.0,0.0,32:19,11.4,0
18,201967,Dante Cunningham,7.0,3.0,6.0,2.0,1.0,4.0,2.0,0.0,1.0,0.0,2.0,1.0,-12.0,29:10,5.9,0
19,201978,Chase Budinger,7.0,3.0,10.0,0.0,0.0,1.0,3.0,0.0,0.0,0.0,0.0,0.0,-9.0,23:24,2.8,0
20,200826,J.J. Barea,5.0,1.0,9.0,2.0,2.0,1.0,1.0,0.0,5.0,0.0,1.0,1.0,-10.0,14:41,2.2,0
21,201601,Luc Mbah a Moute,0.0,0.0,0.0,0.0,0.0,0.0,1.0,1.0,0.0,0.0,0.0,0.0,1.0,3:24,1.3,0
22,203498,Shabazz Muhammad,10.0,5.0,5.0,0.0,0.0,2.0,1.0,1.0,0.0,0.0,3.0,4.0,-11.0,14:28,6.0,0
23,203144,Alexey Shved,0.0,0.0,1.0,0.0,0.0,0.0,0.0,0.0,0.0,0.0,0.0,0.0,-2.0,1:00,-0.7,0
24,203476,Gorgui Dieng,2.0,1.0,2.0,0.0,0.0,1.0,1.0,0.0,0.0,0.0,0.0,0.0,-2.0,1:00,2.0,0
25,201985,AJ Price,0.0,0.0,1.0,0.0,0.0,0.0,0.0,0.0,1.0,0.0,0.0,0.0,-2.0,1:00,0.0,0
