,id,name,PTS,FG,FGA,FTA,FT,OREB,DREB,STL,AST,BLK,PF,TO,PLUS_MINUS,MIN,GS,WIN
0,2546,Carmelo Anthony,34.0,13.0,24.0,10.0,7.0,2.0,13.0,1.0,3.0,1.0,2.0,2.0,-7.0,42:46,27.5,0
1,2030,Kenyon Martin,10.0,5.0,10.0,0.0,0.0,3.0,2.0,1.0,6.0,0.0,2.0,0.0,-7.0,24:23,12.1,0
2,200745,Andrea Bargnani,16.0,7.0,16.0,2.0,0.0,1.0,5.0,0.0,3.0,1.0,1.0,1.0,-9.0,43:29,10.4,0
3,202697,Iman Shumpert,0.0,0.0,3.0,0.0,0.0,0.0,0.0,1.0,0.0,0.0,3.0,2.0,-22.0,23:17,-4.3,0
4,2757,Beno Udrih,13.0,5.0,7.0,0.0,0.0,0.0,5.0,1.0,5.0,0.0,1.0,1.0,-1.0,30:60,14.7,0
5,2747,JR Smith,6.0,2.0,8.0,2.0,2.0,0.0,4.0,0.0,3.0,0.0,5.0,1.0,11.0,24:36,1.5,0
6,203143,Pablo Prigioni,0.0,0.0,1.0,0.0,0.0,0.0,2.0,1.0,1.0,0.0,0.0,0.0,-10.0,17:00,1.6,0
7,2405,Amar'e Stoudemire,10.0,5.0,12.0,0.0,0.0,4.0,2.0,0.0,2.0,1.0,2.0,2.0,-7.0,24:51,6.3,0
8,1897,Metta World Peace,2.0,1.0,4.0,0.0,0.0,0.0,1.0,0.0,1.0,0.0,1.0,0.0,-3.0,8:39,0.2,0
9,202332,Cole Aldrich,,,,,,,,,,,,,,,0.0,0
10,101109,Raymond Felton,,,,,,,,,,,,,,,0.0,0
11,203501,Tim Hardaway Jr.,,,,,,,,,,,,,,,0.0,0
12,203315,Toure' Murry,,,,,,,,,,,,,,,0.0,0
13,201587,Nicolas Batum,23.0,8.0,12.0,5.0,4.0,3.0,4.0,1.0,6.0,1.0,1.0,1.0,2.0,38:40,25.2,1
14,200746,LaMarcus Aldridge,18.0,7.0,20.0,4.0,4.0,2.0,12.0,0.0,3.0,1.0,3.0,2.0,1.0,36:37,11.4,1
15,201577,Robin Lopez,9.0,3.0,6.0,4.0,3.0,4.0,3.0,0.0,0.0,1.0,1.0,0.0,3.0,34:59,9.6,1
16,202083,Wesley Matthews,17.0,6.0,14.0,2.0,2.0,0.0,6.0,0.0,0.0,0.0,4.0,1.0,13.0,37:31,8.8,1
17,203081,Damian Lillard,23.0,9.0,20.0,3.0,3.0,1.0,3.0,1.0,6.0,0.0,1.0,1.0,15.0,36:09,18.0,1
18,2748,Dorell Wright,8.0,2.0,4.0,4.0,3.0,0.0,2.0,0.0,1.0,1.0,1.0,0.0,5.0,13:16,7.2,1
19,2248,Earl Watson,0.0,0.0,1.0,0.0,0.0,0.0,1.0,0.0,1.0,0.0,2.0,1.0,-4.0,11:51,-1.5,1
20,200777,Joel Freeland,2.0,1.0,3.0,0.0,0.0,0.0,1.0,1.0,0.0,1.0,0.0,1.0,6.0,12:36,1.3,1
21,203115,Will Barton,0.0,0.0,0.0,0.0,0.0,0.0,2.0,0.0,1.0,0.0,1.0,1.0,6.0,7:16,-0.1,1
22,203080,Thomas Robinson,2.0,1.0,4.0,0.0,0.0,0.0,2.0,0.0,1.0,0.0,1.0,0.0,8.0,11:06,0.5,1
23,203459,Allen Crabbe,,,,,,,,,,,,,,,0.0,1
24,203086,Meyers Leonard,,,,,,,,,,,,,,,0.0,1
25,2590,Mo Williams,,,,,,,,,,,,,,,0.0,1
