,id,name,PTS,FG,FGA,FTA,FT,OREB,DREB,STL,AST,BLK,PF,TO,PLUS_MINUS,MIN,GS,WIN
0,2772,Trevor Ariza,13.0,6.0,12.0,1.0,1.0,0.0,6.0,0.0,2.0,0.0,3.0,1.0,22.0,29:49,8.0,1
1,202344,Trevor Booker,20.0,9.0,13.0,3.0,2.0,1.0,2.0,0.0,2.0,0.0,3.0,0.0,12.0,26:10,15.6,1
2,101162,Marcin Gortat,15.0,6.0,11.0,5.0,3.0,1.0,9.0,1.0,3.0,2.0,3.0,1.0,32.0,31:54,14.6,1
3,203078,Bradley Beal,27.0,10.0,14.0,4.0,4.0,0.0,7.0,2.0,3.0,0.0,3.0,1.0,16.0,35:54,25.2,1
4,202322,John Wall,15.0,7.0,15.0,0.0,0.0,0.0,0.0,2.0,9.0,0.0,0.0,2.0,20.0,28:26,13.6,1
5,101110,Martell Webster,5.0,2.0,6.0,0.0,0.0,1.0,3.0,0.0,0.0,0.0,2.0,0.0,10.0,22:39,2.4,1
6,2403,Nene,12.0,5.0,6.0,4.0,2.0,1.0,2.0,0.0,3.0,0.0,2.0,2.0,4.0,22:21,9.6,1
7,1733,Al Harrington,5.0,2.0,5.0,0.0,0.0,1.0,0.0,0.0,0.0,0.0,2.0,1.0,-8.0,11:46,1.2,1
8,1889,Andre Miller,4.0,2.0,2.0,0.0,0.0,0.0,1.0,0.0,4.0,0.0,0.0,2.0,-4.0,19:34,4.5,1
9,203490,Otto Porter Jr.,0.0,0.0,1.0,0.0,0.0,1.0,0.0,0.0,0.0,0.0,1.0,2.0,-8.0,3:49,-2.4,1
10,202066,Garrett Temple,0.0,0.0,1.0,0.0,0.0,0.0,0.0,0.0,0.0,0.0,0.0,0.0,-8.0,3:49,-0.7,1
11,202338,Kevin Seraphin,2.0,1.0,2.0,0.0,0.0,0.0,0.0,1.0,0.0,0.0,1.0,0.0,-8.0,3:49,1.6,1
12,2400,Drew Gooden,,,,,,,,,,,,,,,0.0,1
13,201145,Jeff Green,20.0,6.0,15.0,7.0,6.0,1.0,3.0,0.0,1.0,0.0,1.0,2.0,-21.0,35:58,11.4,0
14,101138,Brandon Bass,16.0,7.0,9.0,3.0,2.0,1.0,6.0,0.0,1.0,0.0,2.0,0.0,-14.0,25:39,14.5,0
15,203482,Kelly Olynyk,24.0,10.0,16.0,5.0,4.0,2.0,5.0,1.0,5.0,0.0,5.0,1.0,5.0,29:53,20.8,0
16,202340,Avery Bradley,18.0,7.0,18.0,1.0,1.0,2.0,3.0,0.0,3.0,0.0,4.0,5.0,-17.0,36:52,6.0,0
17,203515,Phil Pressey,9.0,3.0,12.0,4.0,3.0,1.0,4.0,2.0,10.0,0.0,1.0,4.0,-18.0,42:28,7.9,0
18,203569,Chris Babb,0.0,0.0,4.0,0.0,0.0,0.0,1.0,0.0,0.0,0.0,0.0,1.0,-8.0,11:26,-3.5,0
19,203187,Chris Johnson,10.0,4.0,7.0,1.0,0.0,2.0,2.0,4.0,3.0,0.0,0.0,0.0,-6.0,29:13,14.4,0
20,201202,Joel Anthony,5.0,2.0,3.0,2.0,1.0,2.0,2.0,1.0,1.0,1.0,3.0,0.0,-1.0,28:31,6.5,0
21,201573,Jerryd Bayless,,,,,,,,,,,,,,,0.0,0
22,2743,Kris Humphries,,,,,,,,,,,,,,,0.0,0
23,200765,Rajon Rondo,,,,,,,,,,,,,,,0.0,0
24,203096,Jared Sullinger,,,,,,,,,,,,,,,0.0,0
