,id,name,PTS,FG,FGA,FTA,FT,OREB,DREB,STL,AST,BLK,PF,TO,PLUS_MINUS,MIN,GS,WIN
0,202718,Chandler Parsons,26.0,9.0,17.0,9.0,6.0,1.0,3.0,1.0,5.0,0.0,5.0,2.0,1.0,38:39,18.6,1
1,203093,Terrence Jones,16.0,7.0,10.0,4.0,2.0,2.0,3.0,2.0,1.0,0.0,5.0,2.0,-2.0,31:33,12.0,1
2,2730,Dwight Howard,21.0,6.0,10.0,11.0,9.0,0.0,5.0,1.0,1.0,1.0,4.0,4.0,-3.0,35:47,13.9,1
3,202391,Jeremy Lin,18.0,8.0,14.0,0.0,0.0,1.0,6.0,1.0,7.0,0.0,3.0,2.0,1.0,37:13,16.6,1
4,201976,Patrick Beverley,11.0,3.0,8.0,2.0,2.0,0.0,4.0,1.0,4.0,0.0,5.0,5.0,-9.0,36:18,4.6,1
5,202700,Donatas Motiejunas,12.0,4.0,5.0,6.0,4.0,4.0,9.0,0.0,0.0,0.0,4.0,1.0,5.0,25:46,12.2,1
6,201956,Omri Casspi,2.0,1.0,3.0,0.0,0.0,2.0,0.0,0.0,2.0,0.0,1.0,0.0,5.0,12:13,2.7,1
7,201166,Aaron Brooks,11.0,3.0,7.0,4.0,3.0,0.0,2.0,2.0,4.0,0.0,2.0,1.0,12.0,22:28,10.5,1
8,200758,Ronnie Brewer,0.0,0.0,0.0,0.0,0.0,0.0,0.0,0.0,0.0,0.0,0.0,0.0,0.0,0:03,0.0,1
9,203496,Robert Covington,,,,,,,,,,,,,,,0.0,1
10,101128,Francisco Garcia,,,,,,,,,,,,,,,0.0,1
11,201935,James Harden,,,,,,,,,,,,,,,0.0,1
12,202962,Greg Smith,,,,,,,,,,,,,,,0.0,1
13,1890,Shawn Marion,6.0,3.0,10.0,0.0,0.0,5.0,2.0,1.0,1.0,0.0,3.0,2.0,-2.0,28:58,2.8,0
14,1717,Dirk Nowitzki,38.0,13.0,21.0,11.0,11.0,4.0,13.0,0.0,3.0,0.0,1.0,2.0,6.0,35:04,34.9,0
15,2223,Samuel Dalembert,2.0,1.0,2.0,0.0,0.0,1.0,2.0,0.0,0.0,1.0,3.0,0.0,1.0,11:54,1.8,0
16,101145,Monta Ellis,6.0,3.0,10.0,0.0,0.0,1.0,0.0,2.0,5.0,0.0,5.0,4.0,3.0,31:02,0.4,0
17,101181,Jose Calderon,8.0,2.0,12.0,3.0,2.0,1.0,2.0,1.0,5.0,1.0,3.0,0.0,5.0,36:54,5.3,0
18,201971,DeJuan Blair,13.0,5.0,9.0,3.0,3.0,0.0,5.0,1.0,0.0,1.0,3.0,1.0,0.0,23:45,9.7,0
19,1713,Vince Carter,22.0,5.0,9.0,11.0,10.0,0.0,3.0,0.0,3.0,1.0,3.0,3.0,-2.0,25:41,16.8,0
20,203109,Jae Crowder,0.0,0.0,1.0,2.0,0.0,0.0,0.0,0.0,0.0,0.0,2.0,0.0,-12.0,10:11,-2.3,0
21,2734,Devin Harris,14.0,5.0,8.0,6.0,4.0,0.0,1.0,0.0,3.0,0.0,5.0,1.0,-6.0,24:32,9.0,0
22,201148,Brandan Wright,6.0,3.0,4.0,0.0,0.0,1.0,0.0,0.0,0.0,0.0,1.0,1.0,-3.0,11:59,3.7,0
23,201961,Wayne Ellington,,,,,,,,,,,,,,,0.0,0
24,203108,Bernard James,,,,,,,,,,,,,,,0.0,0
25,203499,Shane Larkin,,,,,,,,,,,,,,,0.0,0
