,id,name,PTS,FG,FGA,FTA,FT,OREB,DREB,STL,AST,BLK,PF,TO,PLUS_MINUS,MIN,GS,WIN
0,201162,Jared Dudley,11.0,4.0,8.0,2.0,2.0,0.0,2.0,0.0,4.0,1.0,5.0,1.0,2.0,29:02,8.1,1
1,201933,Blake Griffin,20.0,10.0,19.0,0.0,0.0,1.0,9.0,2.0,2.0,2.0,4.0,2.0,0.0,38:19,15.3,1
2,201599,DeAndre Jordan,4.0,2.0,3.0,0.0,0.0,4.0,8.0,1.0,0.0,0.0,5.0,4.0,-5.0,27:25,2.9,1
3,200755,JJ Redick,15.0,5.0,14.0,4.0,3.0,0.0,4.0,1.0,5.0,0.0,3.0,1.0,2.0,32:24,10.3,1
4,101108,Chris Paul,20.0,8.0,16.0,3.0,2.0,1.0,5.0,4.0,11.0,0.0,1.0,3.0,1.0,35:16,22.1,1
5,2037,Jamal Crawford,16.0,5.0,9.0,4.0,2.0,0.0,3.0,0.0,1.0,0.0,1.0,3.0,6.0,31:24,9.1,1
6,203493,Reggie Bullock,6.0,2.0,4.0,0.0,0.0,0.0,1.0,0.0,0.0,0.0,0.0,1.0,2.0,12:27,3.3,1
7,200797,Ryan Hollins,5.0,2.0,4.0,3.0,1.0,0.0,3.0,0.0,0.0,2.0,4.0,2.0,8.0,20:34,0.9,1
8,201954,Darren Collison,5.0,2.0,4.0,0.0,0.0,0.0,2.0,0.0,1.0,0.0,2.0,2.0,4.0,13:09,1.5,1
9,2440,Matt Barnes,,,,,,,,,,,,,,,0.0,1
10,2584,Willie Green,,,,,,,,,,,,,,,0.0,1
11,1712,Antawn Jamison,,,,,,,,,,,,,,,0.0,1
12,201957,Byron Mullens,,,,,,,,,,,,,,,0.0,1
13,201147,Corey Brewer,17.0,5.0,12.0,8.0,6.0,0.0,2.0,1.0,1.0,0.0,2.0,2.0,-1.0,40:12,9.3,0
14,201567,Kevin Love,10.0,2.0,14.0,10.0,6.0,4.0,8.0,1.0,8.0,0.0,2.0,5.0,4.0,37:19,5.4,0
15,201593,Nikola Pekovic,20.0,9.0,13.0,2.0,2.0,1.0,6.0,0.0,0.0,1.0,2.0,1.0,0.0,31:58,15.9,0
16,2755,Kevin Martin,28.0,11.0,21.0,3.0,3.0,2.0,8.0,1.0,4.0,0.0,3.0,2.0,-2.0,34:08,22.1,0
17,201937,Ricky Rubio,5.0,2.0,7.0,0.0,0.0,1.0,1.0,4.0,6.0,0.0,3.0,1.0,-1.0,35:26,7.9,0
18,201967,Dante Cunningham,8.0,4.0,8.0,0.0,0.0,0.0,1.0,1.0,1.0,1.0,1.0,0.0,-4.0,16:02,6.3,0
19,203133,Robbie Hummel,4.0,1.0,5.0,2.0,2.0,1.0,4.0,1.0,0.0,0.0,2.0,1.0,-2.0,13:52,2.0,0
20,203144,Alexey Shved,0.0,0.0,2.0,0.0,0.0,0.0,1.0,1.0,1.0,0.0,0.0,1.0,-3.0,7:48,-0.4,0
21,202682,Derrick Williams,4.0,0.0,4.0,4.0,4.0,1.0,3.0,0.0,0.0,0.0,1.0,0.0,-8.0,10:41,2.4,0
22,200826,J.J. Barea,2.0,0.0,4.0,2.0,2.0,0.0,1.0,0.0,3.0,0.0,1.0,1.0,-3.0,12:34,0.2,0
23,203476,Gorgui Dieng,,,,,,,,,,,,,,,0.0,0
24,203498,Shabazz Muhammad,,,,,,,,,,,,,,,0.0,0
25,201985,AJ Price,,,,,,,,,,,,,,,0.0,0
