,id,name,PTS,FG,FGA,FTA,FT,OREB,DREB,STL,AST,BLK,PF,TO,PLUS_MINUS,MIN,GS,WIN
0,201587,Nicolas Batum,13.0,4.0,10.0,2.0,1.0,2.0,5.0,0.0,4.0,1.0,1.0,2.0,20.0,35:28,11.2,1
1,200746,LaMarcus Aldridge,5.0,2.0,10.0,2.0,1.0,0.0,13.0,4.0,1.0,0.0,2.0,1.0,14.0,29:27,5.2,1
2,201577,Robin Lopez,13.0,6.0,9.0,2.0,1.0,4.0,5.0,2.0,1.0,5.0,0.0,1.0,26.0,32:36,18.2,1
3,202083,Wesley Matthews,11.0,4.0,12.0,2.0,2.0,0.0,2.0,0.0,2.0,0.0,1.0,0.0,11.0,30:50,5.8,1
4,203081,Damian Lillard,16.0,6.0,14.0,2.0,1.0,0.0,4.0,1.0,4.0,0.0,1.0,1.0,29.0,37:02,11.8,1
5,203080,Thomas Robinson,10.0,4.0,5.0,3.0,2.0,2.0,2.0,0.0,0.0,0.0,3.0,1.0,-10.0,11:30,7.5,1
6,203115,Will Barton,0.0,0.0,2.0,0.0,0.0,0.0,1.0,0.0,1.0,1.0,1.0,0.0,-8.0,9:48,-0.1,1
7,2590,Mo Williams,18.0,7.0,12.0,3.0,3.0,0.0,3.0,0.0,2.0,0.0,1.0,2.0,8.0,24:55,12.3,1
8,2748,Dorell Wright,5.0,2.0,5.0,0.0,0.0,2.0,2.0,0.0,3.0,0.0,2.0,0.0,7.0,20:28,5.6,1
9,203468,CJ McCollum,0.0,0.0,0.0,0.0,0.0,0.0,0.0,1.0,1.0,0.0,0.0,0.0,-3.0,1:59,1.7,1
10,203086,Meyers Leonard,0.0,0.0,1.0,0.0,0.0,0.0,0.0,0.0,0.0,0.0,0.0,0.0,-3.0,1:59,-0.7,1
11,2248,Earl Watson,0.0,0.0,0.0,0.0,0.0,0.0,0.0,0.0,0.0,0.0,1.0,1.0,-3.0,1:59,-1.4,1
12,201964,Victor Claver,0.0,0.0,0.0,0.0,0.0,0.0,0.0,0.0,0.0,0.0,1.0,0.0,-3.0,1:59,-0.4,1
13,2399,Mike Dunleavy,2.0,1.0,9.0,0.0,0.0,0.0,1.0,0.0,2.0,0.0,2.0,1.0,-12.0,32:24,-4.0,0
14,2430,Carlos Boozer,16.0,8.0,15.0,0.0,0.0,2.0,10.0,2.0,2.0,0.0,2.0,1.0,-7.0,24:00,14.7,0
15,201149,Joakim Noah,11.0,5.0,12.0,2.0,1.0,5.0,5.0,2.0,6.0,0.0,3.0,3.0,-15.0,38:08,11.2,0
16,202710,Jimmy Butler,10.0,3.0,9.0,3.0,3.0,1.0,5.0,0.0,2.0,0.0,2.0,3.0,-7.0,44:41,4.7,0
17,2550,Kirk Hinrich,0.0,0.0,6.0,0.0,0.0,0.0,2.0,0.0,3.0,0.0,4.0,1.0,-19.0,17:37,-4.1,0
18,201571,D.J. Augustin,15.0,7.0,17.0,0.0,0.0,1.0,3.0,0.0,7.0,0.0,0.0,1.0,-3.0,32:36,11.4,0
19,201959,Taj Gibson,13.0,6.0,10.0,2.0,1.0,3.0,7.0,1.0,1.0,0.0,2.0,1.0,-7.0,28:58,12.1,0
20,1737,Nazr Mohammed,0.0,0.0,1.0,0.0,0.0,0.0,1.0,0.0,0.0,1.0,1.0,0.0,-5.0,4:54,-0.1,0
21,203503,Tony Snell,4.0,2.0,2.0,0.0,0.0,0.0,0.0,0.0,0.0,0.0,0.0,0.0,-15.0,12:46,3.4,0
22,202690,Jimmer Fredette,3.0,1.0,3.0,0.0,0.0,0.0,0.0,0.0,0.0,0.0,0.0,1.0,5.0,3:56,0.3,0
23,203513,Erik Murphy,,,,,,,,,,,,,,,0.0,0
24,203129,Tornike Shengelia,,,,,,,,,,,,,,,0.0,0
