,id,name,PTS,FG,FGA,FTA,FT,OREB,DREB,STL,AST,BLK,PF,TO,PLUS_MINUS,MIN,GS,WIN
0,2772,Trevor Ariza,15.0,6.0,9.0,0.0,0.0,1.0,8.0,1.0,2.0,1.0,3.0,0.0,-14.0,32:07,16.1,0
1,202344,Trevor Booker,10.0,5.0,7.0,0.0,0.0,3.0,3.0,0.0,2.0,1.0,1.0,0.0,-8.0,22:57,11.8,0
2,202338,Kevin Seraphin,4.0,2.0,7.0,0.0,0.0,0.0,2.0,0.0,0.0,2.0,4.0,0.0,5.0,19:10,0.3,0
3,203078,Bradley Beal,18.0,6.0,18.0,5.0,4.0,2.0,2.0,1.0,1.0,0.0,1.0,2.0,-7.0,34:45,8.7,0
4,202322,John Wall,24.0,8.0,18.0,4.0,3.0,0.0,2.0,1.0,14.0,1.0,3.0,3.0,-11.0,37:56,22.1,0
5,101110,Martell Webster,8.0,3.0,9.0,0.0,0.0,1.0,1.0,0.0,3.0,0.0,1.0,2.0,-9.0,27:35,3.6,0
6,2400,Drew Gooden,18.0,6.0,13.0,6.0,6.0,5.0,4.0,1.0,1.0,0.0,3.0,1.0,-10.0,26:28,15.5,0
7,202698,Chris Singleton,0.0,0.0,0.0,0.0,0.0,0.0,2.0,0.0,0.0,0.0,2.0,0.0,-6.0,13:30,-0.2,0
8,1889,Andre Miller,0.0,0.0,1.0,0.0,0.0,1.0,0.0,1.0,2.0,0.0,1.0,2.0,-5.0,14:16,0.0,0
9,1733,Al Harrington,0.0,0.0,5.0,0.0,0.0,2.0,2.0,0.0,0.0,0.0,2.0,1.0,-6.0,6:23,-3.3,0
10,203490,Otto Porter Jr.,0.0,0.0,0.0,0.0,0.0,0.0,1.0,0.0,0.0,0.0,0.0,0.0,3.0,2:27,0.3,0
11,202066,Garrett Temple,6.0,2.0,3.0,2.0,2.0,0.0,1.0,0.0,0.0,0.0,0.0,0.0,3.0,2:27,5.0,0
12,101162,Marcin Gortat,,,,,,,,,,,,,,,0.0,0
13,201587,Nicolas Batum,12.0,5.0,9.0,0.0,0.0,4.0,10.0,0.0,5.0,0.0,0.0,1.0,11.0,34:14,16.0,1
14,2748,Dorell Wright,15.0,6.0,11.0,0.0,0.0,1.0,6.0,1.0,2.0,0.0,2.0,0.0,13.0,20:00,13.8,1
15,201577,Robin Lopez,8.0,4.0,5.0,0.0,0.0,2.0,1.0,0.0,0.0,1.0,0.0,0.0,7.0,29:43,8.5,1
16,202083,Wesley Matthews,28.0,8.0,16.0,8.0,8.0,1.0,0.0,1.0,5.0,0.0,4.0,1.0,9.0,33:20,22.6,1
17,203081,Damian Lillard,23.0,8.0,18.0,5.0,4.0,1.0,5.0,0.0,10.0,0.0,1.0,1.0,10.0,34:53,21.0,1
18,2590,Mo Williams,6.0,3.0,6.0,0.0,0.0,0.0,1.0,0.0,4.0,0.0,0.0,3.0,2.0,27:19,3.1,1
19,203468,CJ McCollum,6.0,2.0,4.0,2.0,1.0,0.0,0.0,0.0,1.0,0.0,0.0,1.0,-2.0,7:31,3.3,1
20,203086,Meyers Leonard,1.0,0.0,0.0,2.0,1.0,0.0,0.0,0.0,0.0,0.0,2.0,0.0,-1.0,2:05,-0.2,1
21,203080,Thomas Robinson,7.0,2.0,4.0,4.0,3.0,0.0,5.0,2.0,3.0,0.0,2.0,0.0,4.0,17:14,9.4,1
22,201964,Victor Claver,7.0,2.0,5.0,2.0,2.0,2.0,4.0,0.0,2.0,0.0,5.0,2.0,7.0,19:16,4.3,1
23,203115,Will Barton,3.0,1.0,3.0,2.0,1.0,0.0,0.0,1.0,0.0,0.0,2.0,0.0,5.0,12:42,1.1,1
24,203459,Allen Crabbe,0.0,0.0,0.0,0.0,0.0,0.0,0.0,0.0,0.0,0.0,0.0,0.0,0.0,1:44,0.0,1
25,2248,Earl Watson,,,,,,,,,,,,,,,0.0,1
