,id,name,PTS,FG,FGA,FTA,FT,OREB,DREB,STL,AST,BLK,PF,TO,PLUS_MINUS,MIN,GS,WIN
0,2399,Mike Dunleavy,8,3,8,2,2,0,7,1,2,0,3,3,11.0,32:17,3.9,1
1,2430,Carlos Boozer,16,6,12,4,4,1,3,2,1,0,2,2,1.0,24:00,11.5,1
2,201149,Joakim Noah,21,9,13,3,3,4,8,0,3,1,3,1,8.0,36:14,21.3,1
3,202710,Jimmy Butler,3,1,9,2,1,2,4,0,9,0,1,2,23.0,41:39,3.2,1
4,2550,Kirk Hinrich,11,4,6,0,0,0,2,1,5,0,1,0,7.0,28:08,13.1,1
5,201959,Taj Gibson,9,3,8,4,3,4,3,0,0,2,1,1,31.0,27:24,7.9,1
6,201571,D.J. Augustin,25,8,19,4,3,0,4,2,4,0,0,0,23.0,29:58,20.5,1
7,1737,Nazr Mohammed,0,0,0,0,0,0,1,0,0,1,2,1,1.0,6:32,-0.8,1
8,203503,Tony Snell,1,0,1,2,1,0,2,1,0,0,1,0,-1.0,8:42,1.1,1
9,202690,Jimmer Fredette,0,0,1,0,0,0,0,0,0,0,0,0,-9.0,3:16,-0.7,1
10,203129,Tornike Shengelia,2,1,2,0,0,0,0,0,0,0,0,0,-5.0,1:50,1.0,1
11,2772,Trevor Ariza,2,1,9,0,0,3,4,2,0,1,1,1,-13.0,29:43,0.7,0
12,202344,Trevor Booker,6,3,9,0,0,1,4,0,1,2,2,1,-2.0,26:37,3.1,0
13,101162,Marcin Gortat,19,8,11,4,3,2,6,0,0,0,3,4,-16.0,35:56,12.1,0
14,203078,Bradley Beal,14,7,16,2,0,2,1,2,5,0,2,1,-23.0,38:24,10.2,0
15,202322,John Wall,20,8,17,3,2,0,3,0,6,0,3,1,-16.0,36:09,13.8,0
16,2400,Drew Gooden,4,2,5,0,0,1,3,0,0,0,3,0,-17.0,21:39,1.7,0
17,101110,Martell Webster,2,1,4,0,0,1,2,1,1,0,3,1,-19.0,17:14,0.4,0
18,203490,Otto Porter Jr.,5,2,4,0,0,2,1,0,1,0,0,1,10.0,7:23,4.4,0
19,1889,Andre Miller,0,0,3,0,0,0,0,0,0,0,0,1,-11.0,8:35,-3.1,0
20,1733,Al Harrington,0,0,2,0,0,0,1,1,1,0,2,0,-6.0,4:53,-0.2,0
21,202338,Kevin Seraphin,2,1,3,0,0,2,0,0,1,1,0,0,5.0,6:55,3.1,0
22,202066,Garrett Temple,3,1,2,1,1,0,0,0,0,0,0,0,9.0,3:16,2.0,0
23,202698,Chris Singleton,1,0,1,2,1,0,1,0,0,0,0,0,9.0,3:16,0.2,0
