,id,name,PTS,FG,FGA,FTA,FT,OREB,DREB,STL,AST,BLK,PF,TO,PLUS_MINUS,MIN,GS,WIN
0,202323,Evan Turner,16.0,7.0,18.0,1.0,0.0,1.0,5.0,0.0,2.0,0.0,1.0,2.0,-5.0,40:00,7.0,0
1,201152,Thaddeus Young,9.0,3.0,9.0,4.0,3.0,0.0,1.0,1.0,2.0,1.0,3.0,2.0,-18.0,29:49,3.7,0
2,201150,Spencer Hawes,10.0,3.0,9.0,2.0,2.0,2.0,11.0,0.0,5.0,0.0,4.0,5.0,-10.0,28:45,6.5,0
3,203138,Hollis Thompson,12.0,5.0,7.0,0.0,0.0,1.0,5.0,0.0,0.0,0.0,4.0,2.0,0.0,31:31,7.7,0
4,203100,Tony Wroten,21.0,10.0,22.0,4.0,1.0,3.0,5.0,1.0,9.0,1.0,4.0,2.0,-5.0,34:44,16.4,0
5,202341,James Anderson,4.0,2.0,8.0,0.0,0.0,0.0,1.0,0.0,1.0,0.0,0.0,0.0,-23.0,20:24,0.2,0
6,202730,Lavoy Allen,8.0,3.0,6.0,2.0,2.0,4.0,6.0,1.0,0.0,1.0,1.0,0.0,-7.0,21:15,10.9,0
7,203485,Lorenzo Brown,4.0,2.0,8.0,0.0,0.0,0.0,1.0,1.0,0.0,0.0,0.0,0.0,-12.0,13:16,0.5,0
8,202343,Elliot Williams,0.0,0.0,2.0,0.0,0.0,0.0,0.0,0.0,0.0,0.0,0.0,0.0,-10.0,6:08,-1.4,0
9,203561,Brandon Davies,4.0,2.0,3.0,0.0,0.0,0.0,2.0,0.0,1.0,1.0,3.0,2.0,4.0,9:53,1.5,0
10,202350,Daniel Orton,0.0,0.0,0.0,0.0,0.0,0.0,2.0,0.0,1.0,0.0,0.0,0.0,1.0,4:15,1.3,0
11,203487,Michael Carter-Williams,,,,,,,,,,,,,,,0.0,0
12,203106,Jeffery Taylor,20.0,8.0,16.0,2.0,2.0,3.0,5.0,1.0,1.0,1.0,1.0,0.0,3.0,36:52,17.6,1
13,201177,Josh McRoberts,4.0,2.0,8.0,0.0,0.0,1.0,9.0,2.0,4.0,1.0,2.0,0.0,11.0,32:47,7.3,1
14,2744,Al Jefferson,14.0,6.0,21.0,3.0,2.0,6.0,6.0,1.0,2.0,2.0,3.0,1.0,0.0,32:26,8.9,1
15,201945,Gerald Henderson,18.0,6.0,14.0,8.0,6.0,1.0,2.0,2.0,4.0,1.0,2.0,3.0,16.0,35:38,12.8,1
16,202689,Kemba Walker,18.0,6.0,13.0,6.0,4.0,0.0,2.0,3.0,10.0,0.0,0.0,0.0,8.0,38:24,21.1,1
17,203469,Cody Zeller,10.0,5.0,6.0,1.0,0.0,0.0,5.0,0.0,0.0,0.0,2.0,1.0,6.0,12:11,7.1,1
18,201196,Ramon Sessions,13.0,5.0,7.0,4.0,3.0,0.0,2.0,0.0,4.0,0.0,1.0,3.0,15.0,23:30,9.7,1
19,202687,Bismack Biyombo,4.0,2.0,2.0,0.0,0.0,1.0,2.0,0.0,0.0,1.0,1.0,0.0,14.0,7:23,5.0,1
20,2732,Ben Gordon,4.0,2.0,4.0,1.0,0.0,0.0,1.0,0.0,3.0,0.0,0.0,0.0,9.0,9:36,4.0,1
21,201229,Anthony Tolliver,0.0,0.0,0.0,0.0,0.0,0.0,1.0,0.0,1.0,0.0,1.0,1.0,0.0,3:02,-0.4,1
22,202399,Jeff Adrien,0.0,0.0,0.0,0.0,0.0,0.0,1.0,0.0,0.0,1.0,2.0,0.0,3.0,8:11,0.2,1
23,2457,Jannero Pargo,,,,,,,,,,,,,,,0.0,1
24,203480,James Southerland,,,,,,,,,,,,,,,0.0,1
