,id,name,PTS,FG,FGA,FTA,FT,OREB,DREB,STL,AST,BLK,PF,TO,PLUS_MINUS,MIN,GS,WIN
0,2772,Trevor Ariza,3.0,1.0,4.0,2.0,1.0,1.0,2.0,2.0,1.0,0.0,2.0,0.0,-14.0,17:11,3.4,0
1,2403,Nene,4.0,2.0,6.0,0.0,0.0,0.0,2.0,0.0,0.0,0.0,3.0,1.0,-17.0,25:03,-1.0,0
2,101162,Marcin Gortat,9.0,4.0,10.0,2.0,1.0,2.0,5.0,0.0,3.0,1.0,1.0,2.0,-5.0,33:12,6.5,0
3,203078,Bradley Beal,19.0,9.0,19.0,0.0,0.0,0.0,2.0,1.0,2.0,1.0,0.0,1.0,-8.0,35:07,12.0,0
4,202322,John Wall,14.0,5.0,19.0,3.0,3.0,1.0,7.0,2.0,3.0,1.0,0.0,3.0,-2.0,30:21,7.3,0
5,202686,Jan Vesely,2.0,1.0,4.0,0.0,0.0,3.0,3.0,1.0,0.0,0.0,1.0,0.0,-21.0,21:40,3.2,0
6,101110,Martell Webster,21.0,8.0,16.0,2.0,2.0,2.0,8.0,4.0,2.0,0.0,1.0,1.0,-3.0,35:26,20.8,0
7,201953,Eric Maynor,0.0,0.0,1.0,0.0,0.0,0.0,0.0,0.0,0.0,0.0,0.0,0.0,-17.0,7:50,-0.7,0
8,203318,Glen Rice,2.0,1.0,4.0,0.0,0.0,0.0,3.0,1.0,1.0,0.0,0.0,1.0,2.0,12:51,1.2,0
9,202338,Kevin Seraphin,2.0,1.0,3.0,0.0,0.0,2.0,0.0,0.0,0.0,0.0,1.0,0.0,6.0,5:04,1.3,0
10,202066,Garrett Temple,1.0,0.0,2.0,2.0,1.0,0.0,0.0,0.0,2.0,0.0,1.0,0.0,6.0,9:49,0.2,0
11,202344,Trevor Booker,2.0,1.0,3.0,0.0,0.0,1.0,0.0,0.0,1.0,0.0,1.0,0.0,8.0,6:26,1.3,0
12,1733,Al Harrington,,,,,,,,,,,,,,,0.0,0
13,202695,Kawhi Leonard,13.0,5.0,7.0,2.0,1.0,0.0,3.0,2.0,2.0,0.0,0.0,0.0,-4.0,24:07,14.0,1
14,1495,Tim Duncan,2.0,1.0,12.0,0.0,0.0,0.0,8.0,0.0,3.0,2.0,0.0,2.0,-3.0,25:36,-2.1,1
15,201168,Tiago Splitter,12.0,5.0,7.0,2.0,2.0,3.0,6.0,1.0,1.0,1.0,2.0,1.0,20.0,24:00,13.6,1
16,201980,Danny Green,0.0,0.0,3.0,0.0,0.0,0.0,1.0,1.0,4.0,0.0,2.0,2.0,2.0,22:20,-0.8,1
17,2225,Tony Parker,16.0,7.0,9.0,2.0,2.0,0.0,1.0,0.0,1.0,0.0,1.0,5.0,-1.0,25:07,8.1,1
18,1938,Manu Ginobili,10.0,4.0,8.0,0.0,0.0,0.0,5.0,1.0,3.0,0.0,1.0,3.0,15.0,22:54,7.2,1
19,2564,Boris Diaw,15.0,7.0,8.0,0.0,0.0,1.0,5.0,0.0,2.0,0.0,1.0,1.0,20.0,18:11,14.4,1
20,201158,Marco Belinelli,10.0,4.0,6.0,0.0,0.0,0.0,5.0,0.0,8.0,0.0,1.0,0.0,19.0,23:17,14.1,1
21,201988,Patty Mills,7.0,3.0,8.0,0.0,0.0,0.0,1.0,1.0,0.0,0.0,2.0,0.0,15.0,16:29,3.1,1
22,201965,Jeff Ayres,6.0,3.0,3.0,0.0,0.0,0.0,4.0,0.0,1.0,1.0,1.0,0.0,8.0,16:00,7.3,1
23,202709,Cory Joseph,1.0,0.0,3.0,2.0,1.0,0.0,1.0,0.0,1.0,0.0,3.0,2.0,-7.0,8:25,-3.7,1
24,201986,Nando De Colo,0.0,0.0,1.0,0.0,0.0,1.0,2.0,0.0,2.0,0.0,0.0,1.0,-7.0,8:25,1.0,1
25,203382,Aron Baynes,0.0,0.0,2.0,0.0,0.0,0.0,0.0,0.0,0.0,0.0,0.0,0.0,-12.0,5:09,-1.4,1
