,id,name,PTS,FG,FGA,FTA,FT,OREB,DREB,STL,AST,BLK,PF,TO,PLUS_MINUS,MIN,GS,WIN
0,2419,Tayshaun Prince,6.0,3.0,9.0,0.0,0.0,0.0,3.0,0.0,0.0,0.0,0.0,0.0,-10.0,13:42,1.8,0
1,2216,Zach Randolph,4.0,1.0,8.0,2.0,2.0,2.0,3.0,0.0,3.0,1.0,2.0,2.0,-12.0,26:54,1.1,0
2,201188,Marc Gasol,18.0,9.0,18.0,0.0,0.0,3.0,4.0,1.0,4.0,0.0,2.0,0.0,-19.0,33:18,15.3,0
3,201584,Courtney Lee,14.0,6.0,9.0,0.0,0.0,1.0,5.0,1.0,0.0,0.0,1.0,1.0,-19.0,34:17,11.9,0
4,201144,Mike Conley,7.0,3.0,15.0,0.0,0.0,0.0,0.0,1.0,8.0,0.0,5.0,3.0,-6.0,33:17,-0.7,0
5,2034,Mike Miller,9.0,4.0,8.0,0.0,0.0,0.0,4.0,0.0,3.0,0.0,0.0,0.0,-6.0,28:23,8.3,0
6,201585,Kosta Koufos,2.0,1.0,3.0,0.0,0.0,1.0,1.0,1.0,0.0,0.0,1.0,0.0,1.0,7:46,1.9,0
7,2754,Tony Allen,0.0,0.0,3.0,2.0,0.0,1.0,0.0,1.0,1.0,0.0,0.0,2.0,-6.0,12:48,-2.5,0
8,201979,Nick Calathes,6.0,3.0,8.0,0.0,0.0,0.0,3.0,0.0,3.0,0.0,1.0,2.0,-8.0,14:44,2.2,0
9,202334,Ed Davis,10.0,5.0,8.0,0.0,0.0,3.0,3.0,1.0,0.0,2.0,1.0,1.0,2.0,16:48,10.4,0
10,201949,James Johnson,8.0,3.0,4.0,2.0,2.0,0.0,1.0,0.0,2.0,0.0,2.0,0.0,9.0,14:40,7.3,0
11,202720,Jon Leuer,4.0,2.0,2.0,0.0,0.0,0.0,0.0,0.0,0.0,0.0,0.0,0.0,4.0,3:24,3.4,0
12,2757,Beno Udrih,,,,,,,,,,,,,,,0.0,0
13,201147,Corey Brewer,6.0,2.0,7.0,2.0,2.0,1.0,1.0,1.0,2.0,1.0,1.0,1.0,11.0,33:47,4.6,1
14,201567,Kevin Love,24.0,9.0,15.0,5.0,4.0,4.0,12.0,1.0,10.0,1.0,2.0,2.0,14.0,36:07,29.0,1
15,203476,Gorgui Dieng,8.0,4.0,6.0,0.0,0.0,2.0,7.0,1.0,0.0,1.0,2.0,5.0,5.0,25:32,4.8,1
16,2755,Kevin Martin,21.0,10.0,18.0,0.0,0.0,0.0,2.0,1.0,2.0,0.0,2.0,2.0,15.0,33:44,12.6,1
17,201937,Ricky Rubio,14.0,5.0,11.0,4.0,3.0,1.0,2.0,3.0,7.0,0.0,3.0,2.0,15.0,33:26,13.9,1
18,101142,Ronny Turiaf,11.0,5.0,5.0,3.0,1.0,3.0,4.0,0.0,2.0,3.0,2.0,1.0,7.0,21:41,13.7,1
19,201978,Chase Budinger,3.0,1.0,5.0,0.0,0.0,0.0,1.0,0.0,0.0,0.0,0.0,0.0,1.0,15:03,0.2,1
20,201967,Dante Cunningham,5.0,2.0,3.0,2.0,1.0,0.0,3.0,0.0,1.0,0.0,0.0,0.0,2.0,10:20,4.9,1
21,200826,J.J. Barea,2.0,1.0,6.0,0.0,0.0,1.0,0.0,1.0,7.0,0.0,1.0,1.0,-1.0,14:34,3.4,1
22,203498,Shabazz Muhammad,8.0,4.0,5.0,0.0,0.0,0.0,2.0,0.0,0.0,0.0,0.0,0.0,3.0,14:13,6.7,1
23,203133,Robbie Hummel,0.0,0.0,0.0,0.0,0.0,0.0,0.0,0.0,0.0,0.0,0.0,0.0,-2.0,1:33,0.0,1
24,201601,Luc Mbah a Moute,,,,,,,,,,,,,,,0.0,1
25,203144,Alexey Shved,,,,,,,,,,,,,,,0.0,1
