,id,name,PTS,FG,FGA,FTA,FT,OREB,DREB,STL,AST,BLK,PF,TO,PLUS_MINUS,MIN,GS,WIN
0,2736,Luol Deng,13.0,5.0,13.0,2.0,2.0,1.0,3.0,1.0,2.0,0.0,0.0,0.0,19.0,27:43,9.9,1
1,202684,Tristan Thompson,12.0,4.0,9.0,4.0,4.0,3.0,7.0,2.0,3.0,0.0,3.0,1.0,22.0,26:22,13.4,1
2,203092,Tyler Zeller,18.0,6.0,14.0,7.0,6.0,6.0,9.0,0.0,1.0,1.0,2.0,1.0,23.0,25:16,16.7,1
3,101127,Jarrett Jack,6.0,2.0,6.0,2.0,2.0,2.0,0.0,1.0,7.0,0.0,3.0,4.0,17.0,23:23,4.7,1
4,202681,Kyrie Irving,14.0,5.0,8.0,3.0,3.0,0.0,1.0,1.0,3.0,0.0,4.0,2.0,24.0,23:45,10.2,1
5,203079,Dion Waiters,13.0,5.0,7.0,2.0,2.0,0.0,4.0,0.0,3.0,0.0,1.0,3.0,9.0,14:32,10.0,1
6,203461,Anthony Bennett,10.0,5.0,9.0,1.0,0.0,4.0,7.0,0.0,2.0,0.0,1.0,2.0,8.0,24:25,9.2,1
7,203521,Matthew Dellavedova,4.0,1.0,6.0,2.0,2.0,1.0,1.0,0.0,4.0,0.0,4.0,3.0,2.0,21:40,-0.6,1
8,101139,CJ Miles,10.0,3.0,6.0,2.0,1.0,0.0,2.0,0.0,0.0,0.0,0.0,1.0,10.0,13:25,6.2,1
9,203156,Henry Sims,7.0,2.0,5.0,4.0,3.0,4.0,4.0,0.0,1.0,0.0,3.0,0.0,6.0,19:52,7.4,1
10,202087,Alonzo Gee,7.0,2.0,4.0,4.0,3.0,0.0,1.0,2.0,2.0,1.0,0.0,3.0,5.0,12:46,6.0,1
11,201947,Earl Clark,0.0,0.0,0.0,0.0,0.0,0.0,1.0,0.0,0.0,0.0,0.0,0.0,0.0,6:53,0.3,1
12,2760,Anderson Varejao,,,,,,,,,,,,,,,0.0,1
13,202323,Evan Turner,11.0,3.0,14.0,5.0,4.0,1.0,6.0,3.0,6.0,0.0,2.0,0.0,-16.0,32:50,10.9,0
14,201152,Thaddeus Young,15.0,6.0,16.0,3.0,2.0,6.0,3.0,0.0,0.0,0.0,4.0,3.0,-23.0,25:50,6.3,0
15,201150,Spencer Hawes,2.0,1.0,6.0,0.0,0.0,0.0,6.0,0.0,3.0,2.0,2.0,1.0,-25.0,29:27,1.7,0
16,202341,James Anderson,10.0,4.0,7.0,0.0,0.0,1.0,0.0,1.0,2.0,0.0,5.0,0.0,-25.0,30:19,7.8,0
17,203487,Michael Carter-Williams,15.0,5.0,14.0,8.0,5.0,0.0,3.0,0.0,1.0,0.0,3.0,7.0,-16.0,30:49,-0.6,0
18,202343,Elliot Williams,10.0,3.0,9.0,4.0,3.0,3.0,2.0,1.0,1.0,0.0,3.0,1.0,-19.0,23:19,6.7,0
19,202730,Lavoy Allen,6.0,3.0,6.0,0.0,0.0,4.0,3.0,0.0,3.0,0.0,3.0,1.0,-11.0,24:27,6.6,0
20,203102,Arnett Moultrie,4.0,1.0,2.0,2.0,2.0,1.0,2.0,0.0,0.0,0.0,1.0,0.0,1.0,16:16,3.9,0
21,203100,Tony Wroten,12.0,5.0,13.0,5.0,2.0,2.0,1.0,1.0,1.0,0.0,1.0,4.0,-12.0,23:44,2.7,0
22,203485,Lorenzo Brown,0.0,0.0,0.0,0.0,0.0,0.0,0.0,0.0,0.0,0.0,0.0,0.0,1.0,2:59,0.0,0
23,203138,Hollis Thompson,,,,,,,,,,,,,,,0.0,0
