,id,name,PTS,FG,FGA,FTA,FT,OREB,DREB,STL,AST,BLK,PF,TO,PLUS_MINUS,MIN,GS,WIN
0,203138,Hollis Thompson,8.0,3.0,6.0,0.0,0.0,1.0,1.0,0.0,1.0,1.0,5.0,0.0,2.0,30:40,5.4,0
1,201152,Thaddeus Young,16.0,7.0,17.0,2.0,2.0,1.0,1.0,1.0,1.0,0.0,0.0,1.0,-19.0,39:56,8.6,0
2,203156,Henry Sims,22.0,10.0,15.0,2.0,2.0,3.0,5.0,0.0,0.0,1.0,5.0,3.0,-6.0,30:43,14.8,0
3,202341,James Anderson,17.0,6.0,14.0,0.0,0.0,2.0,4.0,0.0,3.0,1.0,3.0,0.0,-19.0,31:10,13.8,0
4,203487,Michael Carter-Williams,19.0,7.0,12.0,5.0,5.0,2.0,7.0,0.0,8.0,0.0,4.0,3.0,-13.0,36:55,17.9,0
5,203100,Tony Wroten,11.0,4.0,7.0,3.0,3.0,0.0,2.0,0.0,3.0,0.0,3.0,1.0,0.0,19:02,8.2,0
6,202363,Jarvis Varnado,6.0,2.0,3.0,4.0,2.0,0.0,1.0,1.0,0.0,2.0,2.0,0.0,-5.0,17:17,5.8,0
7,202343,Elliot Williams,11.0,4.0,9.0,2.0,2.0,0.0,4.0,0.0,3.0,0.0,2.0,0.0,-3.0,26:13,8.8,0
8,203561,Brandon Davies,4.0,1.0,2.0,3.0,2.0,0.0,2.0,0.0,1.0,0.0,1.0,0.0,8.0,8:04,3.5,0
9,203102,Arnett Moultrie,,,,,,,,,,,,,,,0.0,0
10,201957,Byron Mullens,,,,,,,,,,,,,,,0.0,0
11,203519,Adonis Thomas,,,,,,,,,,,,,,,0.0,0
12,203810,Casper Ware,,,,,,,,,,,,,,,0.0,0
13,203082,Terrence Ross,11.0,3.0,7.0,2.0,2.0,0.0,2.0,1.0,4.0,1.0,1.0,1.0,6.0,33:39,11.0,1
14,202335,Patrick Patterson,17.0,7.0,11.0,2.0,0.0,3.0,2.0,0.0,1.0,3.0,2.0,1.0,23.0,37:59,15.0,1
15,202685,Jonas Valanciunas,26.0,10.0,14.0,8.0,6.0,3.0,9.0,0.0,1.0,2.0,2.0,1.0,14.0,36:56,24.5,1
16,201942,DeMar DeRozan,17.0,4.0,14.0,10.0,9.0,1.0,4.0,0.0,5.0,0.0,0.0,2.0,7.0,33:58,11.8,1
17,200768,Kyle Lowry,29.0,9.0,19.0,9.0,9.0,0.0,5.0,0.0,8.0,0.0,3.0,0.0,12.0,37:58,25.2,1
18,2422,John Salmons,7.0,3.0,4.0,0.0,0.0,1.0,0.0,0.0,3.0,0.0,2.0,0.0,6.0,17:43,7.4,1
19,201946,Tyler Hansbrough,7.0,2.0,4.0,4.0,3.0,2.0,2.0,0.0,1.0,0.0,2.0,0.0,-6.0,10:12,6.5,1
20,200779,Steve Novak,0.0,0.0,1.0,0.0,0.0,0.0,1.0,0.0,0.0,0.0,1.0,0.0,-6.0,3:28,-0.8,1
21,202349,Greivis Vasquez,8.0,2.0,3.0,2.0,2.0,0.0,0.0,0.0,2.0,1.0,1.0,1.0,7.0,13:28,7.4,1
22,201986,Nando De Colo,3.0,1.0,5.0,0.0,0.0,0.0,0.0,0.0,0.0,0.0,1.0,0.0,-5.0,7:14,-0.5,1
23,101236,Chuck Hayes,0.0,0.0,0.0,0.0,0.0,0.0,0.0,1.0,0.0,0.0,1.0,1.0,-3.0,7:25,-0.4,1
24,202779,Dwight Buycks,,,,,,,,,,,,,,,0.0,1
25,202361,Landry Fields,,,,,,,,,,,,,,,0.0,1
