,id,name,PTS,FG,FGA,FTA,FT,OREB,DREB,STL,AST,BLK,PF,TO,PLUS_MINUS,MIN,GS,WIN
0,2210,Richard Jefferson,13.0,5.0,9.0,0.0,0.0,0.0,3.0,1.0,1.0,0.0,2.0,1.0,22.0,27:21,9.5,1
1,101107,Marvin Williams,17.0,7.0,11.0,1.0,1.0,1.0,6.0,0.0,1.0,1.0,2.0,1.0,15.0,22:23,14.2,1
2,202324,Derrick Favors,8.0,4.0,10.0,0.0,0.0,4.0,7.0,0.0,0.0,2.0,3.0,0.0,9.0,21:11,7.7,1
3,202692,Alec Burks,6.0,1.0,2.0,4.0,4.0,0.0,2.0,2.0,5.0,0.0,3.0,3.0,16.0,28:04,6.9,1
4,203504,Trey Burke,20.0,8.0,17.0,4.0,3.0,0.0,3.0,2.0,12.0,1.0,0.0,7.0,16.0,37:03,15.9,1
5,201575,Brandon Rush,8.0,3.0,3.0,0.0,0.0,0.0,2.0,0.0,0.0,0.0,4.0,1.0,5.0,22:56,5.1,1
6,203197,Diante Garrett,4.0,2.0,4.0,0.0,0.0,0.0,0.0,1.0,4.0,0.0,2.0,1.0,5.0,17:38,4.0,1
7,202683,Enes Kanter,18.0,6.0,13.0,8.0,6.0,2.0,5.0,0.0,2.0,0.0,3.0,1.0,18.0,25:03,12.6,1
8,202379,Jeremy Evans,9.0,4.0,5.0,2.0,1.0,1.0,4.0,0.0,2.0,1.0,2.0,0.0,4.0,22:48,9.9,1
9,203546,Ian Clark,7.0,3.0,4.0,0.0,0.0,2.0,0.0,1.0,0.0,0.0,0.0,2.0,0.0,5:45,5.8,1
10,101249,John Lucas III,0.0,0.0,1.0,0.0,0.0,0.0,0.0,0.0,0.0,0.0,1.0,0.0,-1.0,5:13,-1.1,1
11,203497,Rudy Gobert,0.0,0.0,0.0,0.0,0.0,0.0,1.0,0.0,0.0,0.0,0.0,1.0,-4.0,4:35,-0.7,1
12,2740,Andris Biedrins,,,,,,,,,,,,,,,0.0,1
13,2746,Josh Smith,4.0,1.0,6.0,4.0,2.0,0.0,2.0,0.0,2.0,0.0,1.0,2.0,-18.0,23:43,-1.0,0
14,202328,Greg Monroe,4.0,1.0,7.0,2.0,2.0,0.0,1.0,0.0,1.0,0.0,2.0,1.0,-10.0,15:57,-1.3,0
15,203083,Andre Drummond,10.0,3.0,5.0,8.0,4.0,3.0,10.0,0.0,0.0,3.0,3.0,3.0,-20.0,32:09,9.1,0
16,203484,Kentavious Caldwell-Pope,5.0,2.0,4.0,0.0,0.0,0.0,1.0,0.0,1.0,0.0,1.0,0.0,-16.0,26:32,3.6,0
17,201943,Brandon Jennings,11.0,4.0,13.0,2.0,2.0,0.0,1.0,2.0,6.0,0.0,1.0,2.0,-15.0,32:08,7.6,0
18,202713,Kyle Singler,13.0,4.0,8.0,5.0,4.0,1.0,2.0,0.0,0.0,0.0,2.0,1.0,-11.0,31:31,8.1,0
19,201155,Rodney Stuckey,21.0,9.0,14.0,4.0,3.0,1.0,5.0,1.0,0.0,0.0,2.0,0.0,-10.0,21:17,16.8,0
20,101198,Will Bynum,4.0,2.0,6.0,0.0,0.0,0.0,0.0,0.0,4.0,0.0,4.0,3.0,-8.0,20:06,-1.2,0
21,101111,Charlie Villanueva,5.0,2.0,5.0,0.0,0.0,1.0,1.0,0.0,1.0,0.0,0.0,1.0,-5.0,9:57,3.0,0
22,202725,Josh Harrellson,1.0,0.0,0.0,2.0,1.0,1.0,1.0,0.0,0.0,0.0,3.0,1.0,1.0,11:60,-0.6,0
23,201973,Jonas Jerebko,7.0,3.0,5.0,2.0,1.0,1.0,0.0,2.0,0.0,0.0,0.0,1.0,6.0,9:27,6.0,0
24,203540,Gigi Datome,4.0,1.0,1.0,2.0,2.0,0.0,0.0,0.0,0.0,0.0,0.0,0.0,1.0,5:13,3.7,0
25,1497,Chauncey Billups,,,,,,,,,,,,,,,0.0,0
