,id,name,PTS,FG,FGA,FTA,FT,OREB,DREB,STL,AST,BLK,PF,TO,PLUS_MINUS,MIN,GS,WIN
0,2736,Luol Deng,24.0,7.0,18.0,13.0,10.0,1.0,9.0,0.0,2.0,0.0,3.0,2.0,-8.0,44:44,14.6,0
1,2430,Carlos Boozer,26.0,12.0,23.0,2.0,2.0,5.0,11.0,2.0,1.0,1.0,4.0,6.0,-7.0,41:25,17.3,0
2,201149,Joakim Noah,10.0,4.0,8.0,4.0,2.0,6.0,7.0,0.0,0.0,1.0,6.0,2.0,4.0,32:33,7.8,0
3,203503,Tony Snell,9.0,3.0,7.0,2.0,2.0,0.0,1.0,0.0,0.0,0.0,1.0,1.0,-1.0,25:42,4.2,0
4,2550,Kirk Hinrich,1.0,0.0,4.0,2.0,1.0,0.0,2.0,0.0,4.0,0.0,3.0,2.0,-14.0,35:39,-2.0,0
5,2399,Mike Dunleavy,3.0,1.0,8.0,2.0,1.0,1.0,1.0,1.0,3.0,0.0,3.0,2.0,-3.0,35:35,-1.7,0
6,201959,Taj Gibson,8.0,3.0,8.0,3.0,2.0,1.0,4.0,1.0,0.0,0.0,4.0,1.0,-6.0,27:39,3.5,0
7,203104,Marquis Teague,0.0,0.0,1.0,0.0,0.0,0.0,0.0,0.0,0.0,0.0,1.0,1.0,9.0,14:19,-2.1,0
8,1737,Nazr Mohammed,0.0,0.0,0.0,0.0,0.0,0.0,0.0,0.0,0.0,0.0,0.0,0.0,-3.0,4:23,0.0,0
9,2229,Mike James,2.0,1.0,2.0,0.0,0.0,0.0,0.0,0.0,1.0,0.0,1.0,1.0,-1.0,3:02,0.3,0
10,203513,Erik Murphy,,,,,,,,,,,,,,,0.0,0
11,2210,Richard Jefferson,15.0,5.0,8.0,3.0,3.0,1.0,2.0,0.0,1.0,1.0,2.0,3.0,12.0,37:58,10.3,1
12,101107,Marvin Williams,17.0,7.0,14.0,0.0,0.0,0.0,9.0,1.0,1.0,0.0,4.0,0.0,14.0,43:55,12.8,1
13,202324,Derrick Favors,10.0,3.0,8.0,5.0,4.0,3.0,4.0,3.0,0.0,1.0,6.0,2.0,-1.0,26:24,7.8,1
14,202330,Gordon Hayward,15.0,5.0,15.0,7.0,5.0,1.0,5.0,1.0,12.0,1.0,3.0,1.0,7.0,46:59,15.8,1
15,203504,Trey Burke,14.0,5.0,17.0,2.0,2.0,0.0,6.0,1.0,4.0,0.0,3.0,5.0,13.0,34:13,3.5,1
16,203497,Rudy Gobert,4.0,2.0,4.0,0.0,0.0,3.0,6.0,0.0,0.0,1.0,3.0,0.0,0.0,21:26,5.4,1
17,202692,Alec Burks,2.0,1.0,4.0,0.0,0.0,0.0,0.0,0.0,1.0,0.0,1.0,2.0,-9.0,12:05,-2.1,1
18,101249,John Lucas III,3.0,1.0,8.0,1.0,1.0,0.0,0.0,0.0,1.0,0.0,0.0,0.0,-7.0,18:47,-1.5,1
19,202379,Jeremy Evans,9.0,4.0,7.0,1.0,1.0,4.0,1.0,2.0,2.0,0.0,3.0,2.0,1.0,23:13,9.0,1
20,203546,Ian Clark,,,,,,,,,,,,,,,0.0,1
21,203197,Diante Garrett,,,,,,,,,,,,,,,0.0,1
22,200839,Mike Harris,,,,,,,,,,,,,,,0.0,1
