,id,name,PTS,FG,FGA,FTA,FT,OREB,DREB,STL,AST,BLK,PF,TO,PLUS_MINUS,MIN,GS,WIN
0,202718,Chandler Parsons,19.0,6.0,17.0,4.0,4.0,1.0,5.0,2.0,4.0,0.0,2.0,2.0,-9.0,45:54,13.7,0
1,203093,Terrence Jones,8.0,4.0,7.0,1.0,0.0,1.0,2.0,1.0,0.0,2.0,3.0,1.0,-14.0,20:32,5.8,0
2,2730,Dwight Howard,9.0,4.0,12.0,6.0,1.0,2.0,8.0,0.0,0.0,1.0,4.0,2.0,-12.0,32:54,1.1,0
3,201935,James Harden,28.0,9.0,21.0,7.0,7.0,0.0,8.0,1.0,9.0,1.0,1.0,3.0,-4.0,43:42,23.9,0
4,201976,Patrick Beverley,2.0,1.0,4.0,0.0,0.0,1.0,1.0,2.0,3.0,0.0,5.0,0.0,-8.0,24:42,2.7,0
5,202700,Donatas Motiejunas,3.0,0.0,1.0,6.0,3.0,1.0,0.0,0.0,0.0,0.0,1.0,0.0,-3.0,7:43,1.4,0
6,202391,Jeremy Lin,8.0,3.0,6.0,2.0,2.0,0.0,4.0,1.0,2.0,0.0,2.0,3.0,0.0,23:41,4.8,0
7,201600,Omer Asik,7.0,2.0,4.0,4.0,3.0,1.0,4.0,0.0,0.0,0.0,0.0,1.0,4.0,15:06,5.5,0
8,202706,Jordan Hamilton,3.0,0.0,2.0,4.0,3.0,0.0,3.0,0.0,0.0,0.0,1.0,0.0,-2.0,9:14,1.7,0
9,101128,Francisco Garcia,11.0,4.0,5.0,0.0,0.0,1.0,2.0,0.0,0.0,1.0,3.0,1.0,8.0,16:32,8.9,0
10,203477,Isaiah Canaan,,,,,,,,,,,,,,,0.0,0
11,201956,Omri Casspi,,,,,,,,,,,,,,,0.0,0
12,202962,Greg Smith,,,,,,,,,,,,,,,0.0,0
13,201142,Kevin Durant,42.0,12.0,22.0,16.0,13.0,0.0,5.0,0.0,4.0,1.0,3.0,3.0,10.0,42:08,31.0,1
14,201586,Serge Ibaka,12.0,6.0,14.0,0.0,0.0,7.0,9.0,0.0,1.0,4.0,3.0,3.0,2.0,36:36,11.5,1
15,203500,Steven Adams,2.0,1.0,2.0,0.0,0.0,1.0,7.0,0.0,0.0,2.0,4.0,0.0,7.0,23:48,3.6,1
16,203103,Perry Jones III,0.0,0.0,4.0,0.0,0.0,0.0,6.0,0.0,0.0,0.0,2.0,0.0,-2.0,22:03,-1.8,1
17,201566,Russell Westbrook,24.0,6.0,14.0,14.0,11.0,0.0,4.0,4.0,7.0,0.0,2.0,5.0,5.0,30:08,19.7,1
18,201934,Hasheem Thabeet,0.0,0.0,0.0,0.0,0.0,0.0,1.0,0.0,0.0,0.0,2.0,0.0,1.0,7:50,-0.5,1
19,2406,Caron Butler,11.0,4.0,10.0,0.0,0.0,0.0,5.0,0.0,0.0,0.0,3.0,1.0,5.0,28:30,4.9,1
20,202704,Reggie Jackson,9.0,4.0,8.0,0.0,0.0,0.0,1.0,1.0,1.0,0.0,1.0,1.0,9.0,20:46,5.6,1
21,965,Derek Fisher,6.0,1.0,4.0,4.0,3.0,0.0,2.0,0.0,5.0,0.0,1.0,0.0,0.0,23:09,6.9,1
22,2555,Nick Collison,0.0,0.0,0.0,0.0,0.0,0.0,0.0,0.0,0.0,0.0,3.0,0.0,0.0,1:43,-1.2,1
23,203087,Jeremy Lamb,0.0,0.0,2.0,0.0,0.0,0.0,1.0,0.0,0.0,0.0,1.0,0.0,3.0,3:19,-1.5,1
24,203460,Andre Roberson,,,,,,,,,,,,,,,0.0,1
25,202130,Reggie Williams,,,,,,,,,,,,,,,0.0,1
