,id,name,PTS,FG,FGA,FTA,FT,OREB,DREB,STL,AST,BLK,PF,TO,PLUS_MINUS,MIN,GS,WIN
0,202718,Chandler Parsons,27.0,11.0,19.0,2.0,1.0,2.0,5.0,4.0,7.0,0.0,2.0,3.0,-7.0,42:38,25.7,0
1,203093,Terrence Jones,10.0,5.0,11.0,0.0,0.0,5.0,3.0,0.0,1.0,2.0,3.0,2.0,-10.0,29:16,7.6,0
2,201600,Omer Asik,9.0,3.0,7.0,4.0,3.0,6.0,9.0,1.0,0.0,2.0,5.0,1.0,4.0,24:23,11.2,0
3,201935,James Harden,33.0,7.0,14.0,19.0,15.0,1.0,7.0,6.0,10.0,0.0,5.0,5.0,-3.0,46:09,33.2,0
4,202391,Jeremy Lin,14.0,3.0,10.0,6.0,5.0,0.0,4.0,0.0,1.0,0.0,5.0,5.0,2.0,24:26,2.7,0
5,202700,Donatas Motiejunas,4.0,2.0,5.0,2.0,0.0,1.0,3.0,0.0,0.0,0.0,5.0,1.0,-12.0,13:27,-0.9,0
6,203477,Isaiah Canaan,0.0,0.0,2.0,0.0,0.0,0.0,1.0,0.0,0.0,0.0,1.0,0.0,-8.0,4:22,-1.5,0
7,101128,Francisco Garcia,4.0,2.0,8.0,0.0,0.0,0.0,1.0,0.0,1.0,0.0,4.0,0.0,9.0,33:14,-1.4,0
8,201956,Omri Casspi,9.0,3.0,7.0,3.0,3.0,0.0,4.0,1.0,2.0,0.0,2.0,3.0,15.0,22:05,5.1,0
9,201976,Patrick Beverley,,,,,,,,,,,,,,,0.0,0
10,203496,Robert Covington,,,,,,,,,,,,,,,0.0,0
11,203584,Troy Daniels,,,,,,,,,,,,,,,0.0,0
12,202706,Jordan Hamilton,,,,,,,,,,,,,,,0.0,0
13,203133,Robbie Hummel,5.0,2.0,8.0,0.0,0.0,1.0,1.0,1.0,3.0,0.0,2.0,0.0,8.0,29:27,3.5,1
14,201967,Dante Cunningham,20.0,7.0,15.0,10.0,6.0,4.0,9.0,1.0,1.0,3.0,4.0,0.0,11.0,41:43,18.4,1
15,203476,Gorgui Dieng,12.0,6.0,13.0,0.0,0.0,10.0,10.0,2.0,3.0,2.0,3.0,3.0,16.0,38:00,16.6,1
16,201147,Corey Brewer,51.0,19.0,30.0,15.0,11.0,1.0,1.0,6.0,1.0,1.0,4.0,2.0,5.0,44:53,40.8,1
17,201937,Ricky Rubio,16.0,5.0,16.0,11.0,6.0,0.0,5.0,1.0,10.0,0.0,5.0,6.0,10.0,39:57,6.3,1
18,201601,Luc Mbah a Moute,4.0,1.0,8.0,2.0,2.0,2.0,4.0,1.0,1.0,2.0,3.0,3.0,-16.0,27:17,0.3,1
19,101142,Ronny Turiaf,0.0,0.0,1.0,0.0,0.0,0.0,1.0,0.0,0.0,0.0,4.0,0.0,-13.0,7:33,-2.0,1
20,200826,J.J. Barea,4.0,1.0,3.0,2.0,2.0,0.0,1.0,1.0,3.0,0.0,0.0,1.0,-11.0,11:10,4.7,1
21,201978,Chase Budinger,,,,,,,,,,,,,,,0.0,1
22,201785,Othyus Jeffers,,,,,,,,,,,,,,,0.0,1
23,201567,Kevin Love,,,,,,,,,,,,,,,0.0,1
24,2755,Kevin Martin,,,,,,,,,,,,,,,0.0,1
25,203144,Alexey Shved,,,,,,,,,,,,,,,0.0,1
