,id,name,PTS,FG,FGA,FTA,FT,OREB,DREB,STL,AST,BLK,PF,TO,PLUS_MINUS,MIN,GS,WIN
0,202718,Chandler Parsons,10.0,3.0,8.0,3.0,3.0,0.0,8.0,0.0,4.0,0.0,2.0,3.0,17.0,29:44,7.0,1
1,203093,Terrence Jones,11.0,5.0,5.0,1.0,1.0,1.0,1.0,0.0,1.0,1.0,3.0,1.0,9.0,20:05,9.7,1
2,2730,Dwight Howard,20.0,7.0,9.0,10.0,6.0,1.0,10.0,0.0,3.0,2.0,4.0,1.0,19.0,24:31,19.5,1
3,201935,James Harden,43.0,11.0,20.0,16.0,15.0,0.0,2.0,3.0,8.0,0.0,2.0,5.0,29.0,31:10,36.4,1
4,201976,Patrick Beverley,5.0,2.0,4.0,0.0,0.0,0.0,2.0,1.0,0.0,0.0,2.0,1.0,17.0,26:02,2.8,1
5,202700,Donatas Motiejunas,5.0,1.0,1.0,2.0,2.0,1.0,0.0,0.0,3.0,1.0,6.0,2.0,20.0,19:04,3.8,1
6,201600,Omer Asik,7.0,3.0,4.0,1.0,1.0,1.0,7.0,0.0,0.0,1.0,4.0,2.0,7.0,23:29,5.3,1
7,202706,Jordan Hamilton,12.0,4.0,7.0,2.0,2.0,1.0,4.0,1.0,2.0,1.0,3.0,0.0,3.0,24:22,12.5,1
8,202391,Jeremy Lin,11.0,3.0,7.0,6.0,5.0,0.0,3.0,0.0,3.0,0.0,0.0,3.0,9.0,21:58,6.9,1
9,201956,Omri Casspi,2.0,1.0,4.0,0.0,0.0,1.0,1.0,0.0,1.0,0.0,0.0,0.0,-1.0,12:00,1.3,1
10,203477,Isaiah Canaan,3.0,1.0,3.0,1.0,1.0,1.0,0.0,0.0,0.0,0.0,0.0,1.0,1.0,7:35,1.0,1
11,101128,Francisco Garcia,,,,,,,,,,,,,,,0.0,1
12,202962,Greg Smith,,,,,,,,,,,,,,,0.0,1
13,200752,Rudy Gay,25.0,10.0,16.0,3.0,3.0,0.0,3.0,2.0,6.0,1.0,2.0,3.0,-12.0,33:49,21.8,0
14,201574,Jason Thompson,3.0,1.0,2.0,2.0,1.0,0.0,0.0,0.0,0.0,0.0,2.0,0.0,-6.0,5:03,0.8,0
15,202326,DeMarcus Cousins,16.0,6.0,13.0,5.0,4.0,0.0,6.0,1.0,1.0,0.0,5.0,2.0,-22.0,20:07,8.4,0
16,203463,Ben McLemore,15.0,4.0,16.0,6.0,6.0,0.0,1.0,4.0,0.0,0.0,1.0,0.0,-22.0,38:15,9.3,0
17,202738,Isaiah Thomas,12.0,4.0,14.0,3.0,2.0,0.0,3.0,3.0,5.0,0.0,1.0,3.0,-23.0,34:10,7.4,0
18,201189,Aaron Gray,2.0,1.0,1.0,0.0,0.0,1.0,3.0,0.0,0.0,0.0,3.0,0.0,-12.0,12:52,2.1,0
19,201171,Carl Landry,4.0,2.0,4.0,0.0,0.0,0.0,0.0,0.0,0.0,0.0,1.0,0.0,-14.0,9:40,1.6,0
20,202682,Derrick Williams,10.0,2.0,5.0,6.0,6.0,1.0,3.0,0.0,0.0,0.0,3.0,2.0,2.0,22:59,5.7,0
21,2566,Travis Outlaw,2.0,1.0,3.0,0.0,0.0,1.0,2.0,0.0,0.0,0.0,1.0,0.0,-12.0,8:31,1.2,0
22,203492,Ray McCallum,6.0,2.0,8.0,2.0,2.0,1.0,2.0,0.0,4.0,0.0,0.0,1.0,2.0,24:37,4.3,0
23,2501,Reggie Evans,8.0,3.0,5.0,4.0,2.0,6.0,2.0,2.0,1.0,0.0,6.0,0.0,-1.0,24:01,10.0,0
24,203112,Quincy Acy,0.0,0.0,3.0,0.0,0.0,2.0,0.0,1.0,0.0,0.0,2.0,1.0,-10.0,5:56,-1.5,0
