,id,name,PTS,FG,FGA,FTA,FT,OREB,DREB,STL,AST,BLK,PF,TO,PLUS_MINUS,MIN,GS,WIN
0,200782,P.J. Tucker,2.0,1.0,6.0,0.0,0.0,3.0,2.0,2.0,0.0,0.0,1.0,0.0,-9.0,23:01,2.5,1
1,101112,Channing Frye,2.0,1.0,6.0,0.0,0.0,0.0,4.0,0.0,1.0,0.0,2.0,1.0,-1.0,18:58,-1.7,1
2,203101,Miles Plumlee,6.0,2.0,4.0,5.0,2.0,6.0,10.0,1.0,2.0,0.0,2.0,2.0,-4.0,25:13,9.6,1
3,201609,Goran Dragic,19.0,7.0,19.0,4.0,4.0,0.0,0.0,2.0,2.0,1.0,4.0,2.0,13.0,36:31,9.0,1
4,202339,Eric Bledsoe,30.0,9.0,17.0,13.0,11.0,4.0,3.0,2.0,3.0,2.0,3.0,3.0,0.0,36:29,25.9,1
5,202693,Markieff Morris,12.0,4.0,15.0,4.0,4.0,4.0,7.0,0.0,3.0,0.0,1.0,1.0,18.0,29:32,8.7,1
6,101123,Gerald Green,32.0,12.0,20.0,5.0,4.0,1.0,4.0,0.0,2.0,1.0,2.0,1.0,27.0,28:56,24.6,1
7,202694,Marcus Morris Sr.,0.0,0.0,5.0,0.0,0.0,2.0,1.0,0.0,0.0,0.0,1.0,0.0,1.0,9:36,-2.2,1
8,202397,Ish Smith,6.0,3.0,5.0,0.0,0.0,1.0,4.0,0.0,4.0,0.0,3.0,2.0,17.0,19:03,5.2,1
9,101183,Shavlik Randolph,0.0,0.0,0.0,0.0,0.0,2.0,1.0,0.0,0.0,0.0,1.0,0.0,18.0,12:41,1.3,1
10,202091,Dionte Christmas,,,,,,,,,,,,,,,0.0,1
11,203462,Archie Goodwin,,,,,,,,,,,,,,,0.0,1
12,203458,Alex Len,,,,,,,,,,,,,,,0.0,1
13,201587,Nicolas Batum,13.0,6.0,12.0,0.0,0.0,1.0,10.0,0.0,6.0,2.0,3.0,2.0,-8.0,37:34,13.1,0
14,200746,LaMarcus Aldridge,18.0,8.0,18.0,2.0,2.0,1.0,6.0,0.0,0.0,0.0,3.0,1.0,-6.0,36:45,8.9,0
15,201577,Robin Lopez,18.0,6.0,9.0,8.0,6.0,4.0,9.0,1.0,1.0,4.0,3.0,0.0,0.0,35:43,22.1,0
16,202083,Wesley Matthews,9.0,3.0,9.0,4.0,2.0,0.0,1.0,3.0,1.0,0.0,2.0,2.0,2.0,34:07,4.3,0
17,203081,Damian Lillard,15.0,5.0,13.0,6.0,3.0,0.0,2.0,1.0,7.0,0.0,4.0,2.0,0.0,37:50,9.6,0
18,203080,Thomas Robinson,2.0,1.0,4.0,2.0,0.0,5.0,5.0,0.0,1.0,1.0,0.0,4.0,-13.0,14:38,1.2,0
19,203115,Will Barton,2.0,1.0,2.0,0.0,0.0,0.0,0.0,0.0,0.0,0.0,1.0,0.0,-9.0,8:56,0.6,0
20,2590,Mo Williams,11.0,4.0,10.0,2.0,2.0,1.0,1.0,0.0,4.0,0.0,5.0,3.0,-29.0,23:23,4.4,0
21,2748,Dorell Wright,5.0,1.0,3.0,3.0,2.0,1.0,1.0,0.0,0.0,1.0,2.0,1.0,-11.0,7:49,2.8,0
22,203468,CJ McCollum,0.0,0.0,1.0,0.0,0.0,0.0,0.0,0.0,0.0,0.0,0.0,0.0,-2.0,1:05,-0.7,0
23,203086,Meyers Leonard,0.0,0.0,0.0,0.0,0.0,0.0,0.0,0.0,0.0,0.0,0.0,0.0,-2.0,1:05,0.0,0
24,201964,Victor Claver,0.0,0.0,0.0,0.0,0.0,0.0,0.0,0.0,0.0,0.0,0.0,0.0,-2.0,1:05,0.0,0
25,2248,Earl Watson,,,,,,,,,,,,,,,0.0,0
