,id,name,PTS,FG,FGA,FTA,FT,OREB,DREB,STL,AST,BLK,PF,TO,PLUS_MINUS,MIN,GS,WIN
0,203093,Terrence Jones,6.0,2.0,5.0,2.0,2.0,2.0,6.0,1.0,2.0,0.0,4.0,0.0,9.0,33:44,7.3,1
1,202718,Chandler Parsons,22.0,7.0,11.0,6.0,6.0,0.0,2.0,2.0,2.0,0.0,2.0,0.0,-6.0,36:37,20.3,1
2,2730,Dwight Howard,7.0,1.0,5.0,8.0,5.0,6.0,9.0,0.0,2.0,4.0,4.0,5.0,-1.0,34:02,7.2,1
3,201976,Patrick Beverley,5.0,2.0,6.0,0.0,0.0,1.0,1.0,1.0,2.0,0.0,0.0,2.0,-5.0,26:43,3.0,1
4,201935,James Harden,36.0,9.0,17.0,18.0,16.0,2.0,7.0,1.0,2.0,0.0,3.0,5.0,3.0,41:40,26.6,1
5,202391,Jeremy Lin,21.0,7.0,16.0,6.0,6.0,0.0,5.0,1.0,3.0,0.0,1.0,2.0,-2.0,30:23,14.8,1
6,201956,Omri Casspi,4.0,1.0,3.0,2.0,1.0,0.0,0.0,0.0,0.0,0.0,2.0,0.0,10.0,16:51,1.1,1
7,202962,Greg Smith,0.0,0.0,0.0,0.0,0.0,0.0,0.0,0.0,0.0,0.0,0.0,0.0,1.0,0:40,0.0,1
8,101128,Francisco Garcia,8.0,2.0,5.0,2.0,2.0,0.0,2.0,0.0,1.0,2.0,3.0,0.0,8.0,16:25,6.8,1
9,200758,Ronnie Brewer,0.0,0.0,0.0,0.0,0.0,0.0,0.0,0.0,0.0,0.0,0.0,0.0,-4.0,2:53,0.0,1
10,201166,Aaron Brooks,0.0,0.0,0.0,0.0,0.0,0.0,0.0,0.0,0.0,0.0,0.0,0.0,2.0,0:02,0.0,1
11,201600,Omer Asik,,,,,,,,,,,,,,,0.0,1
12,202700,Donatas Motiejunas,,,,,,,,,,,,,,,0.0,1
13,2546,Carmelo Anthony,45.0,17.0,30.0,11.0,9.0,3.0,7.0,0.0,4.0,1.0,5.0,3.0,7.0,43:49,32.7,0
14,2747,JR Smith,15.0,4.0,16.0,7.0,5.0,2.0,6.0,3.0,4.0,1.0,3.0,0.0,-1.0,38:50,13.1,0
15,200745,Andrea Bargnani,24.0,9.0,12.0,4.0,3.0,3.0,1.0,0.0,0.0,1.0,5.0,0.0,7.0,32:58,19.9,0
16,101109,Raymond Felton,8.0,3.0,9.0,2.0,2.0,0.0,0.0,1.0,7.0,1.0,5.0,5.0,4.0,40:37,2.5,0
17,202697,Iman Shumpert,2.0,1.0,4.0,0.0,0.0,0.0,6.0,1.0,4.0,0.0,4.0,1.0,14.0,30:19,2.6,0
18,1897,Metta World Peace,2.0,1.0,7.0,0.0,0.0,1.0,2.0,0.0,0.0,1.0,1.0,0.0,-19.0,17:13,-0.9,0
19,203143,Pablo Prigioni,0.0,0.0,1.0,0.0,0.0,0.0,0.0,0.0,0.0,0.0,3.0,0.0,-7.0,7:23,-1.9,0
20,203501,Tim Hardaway Jr.,8.0,2.0,3.0,3.0,3.0,0.0,1.0,1.0,0.0,0.0,1.0,0.0,-10.0,13:49,7.6,0
21,2405,Amar'e Stoudemire,0.0,0.0,3.0,0.0,0.0,0.0,1.0,0.0,0.0,0.0,0.0,0.0,-7.0,5:03,-1.8,0
22,2030,Kenyon Martin,2.0,1.0,2.0,0.0,0.0,1.0,2.0,0.0,1.0,0.0,1.0,0.0,-3.0,9:59,2.6,0
23,202332,Cole Aldrich,,,,,,,,,,,,,,,0.0,0
24,203315,Toure' Murry,,,,,,,,,,,,,,,0.0,0
25,2757,Beno Udrih,,,,,,,,,,,,,,,0.0,0
