,id,name,PTS,FG,FGA,FTA,FT,OREB,DREB,STL,AST,BLK,PF,TO,PLUS_MINUS,MIN,GS,WIN
0,200752,Rudy Gay,24.0,10.0,20.0,6.0,4.0,1.0,8.0,1.0,2.0,2.0,2.0,0.0,3.0,39:13,19.3,0
1,201574,Jason Thompson,7.0,3.0,8.0,1.0,1.0,5.0,6.0,0.0,1.0,2.0,1.0,1.0,-5.0,36:55,8.6,0
2,202326,DeMarcus Cousins,29.0,11.0,23.0,9.0,7.0,5.0,9.0,1.0,3.0,1.0,3.0,0.0,4.0,37:21,25.3,0
3,203463,Ben McLemore,5.0,2.0,7.0,0.0,0.0,0.0,0.0,0.0,0.0,0.0,4.0,2.0,4.0,30:44,-2.7,0
4,202738,Isaiah Thomas,27.0,10.0,17.0,2.0,2.0,1.0,3.0,0.0,9.0,0.0,2.0,2.0,2.0,36:26,24.2,0
5,202690,Jimmer Fredette,4.0,2.0,3.0,0.0,0.0,1.0,1.0,0.0,2.0,0.0,0.0,2.0,-10.0,11:34,3.1,0
6,202682,Derrick Williams,3.0,1.0,3.0,2.0,1.0,2.0,2.0,0.0,0.0,0.0,3.0,0.0,-1.0,13:19,1.7,0
7,201977,Marcus Thornton,5.0,2.0,7.0,0.0,0.0,0.0,4.0,1.0,2.0,0.0,2.0,0.0,-12.0,17:16,3.7,0
8,203112,Quincy Acy,0.0,0.0,2.0,0.0,0.0,1.0,2.0,0.0,0.0,0.0,1.0,0.0,-10.0,6:02,-0.5,0
9,2566,Travis Outlaw,0.0,0.0,1.0,0.0,0.0,0.0,0.0,0.0,1.0,1.0,0.0,0.0,-15.0,11:10,0.7,0
10,201189,Aaron Gray,,,,,,,,,,,,,,,0.0,0
11,203492,Ray McCallum,,,,,,,,,,,,,,,0.0,0
12,202380,Hamady Ndiaye,,,,,,,,,,,,,,,0.0,0
13,202695,Kawhi Leonard,5.0,2.0,6.0,0.0,0.0,1.0,1.0,1.0,3.0,0.0,1.0,0.0,-5.0,28:41,5.3,1
14,1495,Tim Duncan,17.0,8.0,17.0,1.0,1.0,3.0,10.0,0.0,2.0,2.0,2.0,2.0,-5.0,33:27,13.4,1
15,201168,Tiago Splitter,11.0,5.0,6.0,2.0,1.0,3.0,5.0,0.0,1.0,1.0,4.0,0.0,-4.0,27:04,11.8,1
16,201158,Marco Belinelli,4.0,2.0,11.0,0.0,0.0,0.0,2.0,0.0,2.0,0.0,0.0,0.0,-3.0,16:00,-0.9,1
17,2225,Tony Parker,22.0,9.0,14.0,3.0,2.0,1.0,1.0,0.0,7.0,0.0,1.0,0.0,0.0,35:33,20.9,1
18,1938,Manu Ginobili,28.0,9.0,16.0,6.0,6.0,0.0,3.0,2.0,3.0,0.0,1.0,1.0,13.0,30:15,24.0,1
19,2564,Boris Diaw,14.0,4.0,8.0,7.0,6.0,1.0,5.0,0.0,7.0,1.0,2.0,0.0,17.0,24:53,16.6,1
20,201980,Danny Green,7.0,3.0,10.0,0.0,0.0,0.0,5.0,2.0,3.0,0.0,2.0,1.0,11.0,20:51,5.0,1
21,203382,Aron Baynes,4.0,2.0,4.0,0.0,0.0,1.0,2.0,0.0,0.0,0.0,2.0,0.0,8.0,10:36,2.5,1
22,201988,Patty Mills,0.0,0.0,2.0,0.0,0.0,0.0,0.0,0.0,1.0,0.0,2.0,0.0,8.0,12:27,-1.5,1
23,202709,Cory Joseph,0.0,0.0,0.0,0.0,0.0,0.0,0.0,0.0,0.0,0.0,0.0,0.0,0.0,0:13,0.0,1
24,201965,Jeff Ayres,,,,,,,,,,,,,,,0.0,1
25,2588,Matt Bonner,,,,,,,,,,,,,,,0.0,1
