,id,name,PTS,FG,FGA,FTA,FT,OREB,DREB,STL,AST,BLK,PF,TO,PLUS_MINUS,MIN,GS,WIN
0,201145,Jeff Green,36.0,11.0,18.0,12.0,9.0,2.0,6.0,0.0,2.0,2.0,1.0,3.0,10.0,34:54,29.2,1
1,101138,Brandon Bass,18.0,7.0,10.0,4.0,4.0,3.0,3.0,0.0,1.0,1.0,3.0,1.0,10.0,35:52,16.0,1
2,203096,Jared Sullinger,19.0,6.0,11.0,7.0,5.0,3.0,7.0,1.0,5.0,4.0,3.0,2.0,10.0,34:59,21.2,1
3,202340,Avery Bradley,14.0,6.0,15.0,2.0,2.0,0.0,2.0,3.0,1.0,0.0,2.0,0.0,10.0,25:48,9.4,1
4,200765,Rajon Rondo,8.0,4.0,8.0,0.0,0.0,0.0,9.0,2.0,11.0,0.0,1.0,3.0,16.0,32:06,13.0,1
5,201573,Jerryd Bayless,11.0,4.0,12.0,2.0,2.0,0.0,1.0,1.0,5.0,0.0,3.0,0.0,-9.0,27:20,7.8,1
6,2743,Kris Humphries,3.0,1.0,4.0,2.0,1.0,2.0,5.0,1.0,1.0,1.0,1.0,1.0,-4.0,13:01,4.1,1
7,2222,Gerald Wallace,4.0,2.0,3.0,2.0,0.0,1.0,2.0,1.0,0.0,0.0,0.0,1.0,-9.0,21:13,3.2,1
8,203482,Kelly Olynyk,1.0,0.0,2.0,2.0,1.0,1.0,1.0,0.0,1.0,0.0,3.0,2.0,-4.0,11:39,-2.3,1
9,203187,Chris Johnson,0.0,0.0,1.0,0.0,0.0,0.0,0.0,0.0,0.0,0.0,2.0,0.0,0.0,3:09,-1.5,1
10,201202,Joel Anthony,,,,,,,,,,,,,,,0.0,1
11,203515,Phil Pressey,,,,,,,,,,,,,,,0.0,1
12,202323,Evan Turner,12.0,5.0,13.0,2.0,2.0,0.0,6.0,1.0,4.0,0.0,6.0,1.0,-7.0,29:01,7.1,0
13,201152,Thaddeus Young,20.0,9.0,17.0,0.0,0.0,3.0,0.0,1.0,0.0,1.0,5.0,2.0,-5.0,34:08,11.5,0
14,201150,Spencer Hawes,13.0,5.0,13.0,3.0,3.0,2.0,12.0,1.0,4.0,3.0,1.0,3.0,-11.0,33:31,13.4,0
15,202341,James Anderson,11.0,4.0,5.0,3.0,2.0,1.0,3.0,1.0,3.0,1.0,1.0,0.0,8.0,17:52,13.7,0
16,203487,Michael Carter-Williams,11.0,5.0,16.0,2.0,1.0,1.0,2.0,0.0,6.0,0.0,4.0,4.0,-1.0,33:26,1.3,0
17,203138,Hollis Thompson,6.0,2.0,4.0,0.0,0.0,0.0,3.0,2.0,0.0,0.0,0.0,1.0,-6.0,22:02,5.9,0
18,202730,Lavoy Allen,10.0,4.0,9.0,2.0,2.0,5.0,5.0,0.0,3.0,0.0,3.0,0.0,4.0,28:21,11.2,0
19,203100,Tony Wroten,18.0,5.0,13.0,8.0,7.0,1.0,1.0,1.0,4.0,0.0,2.0,3.0,-14.0,28:21,11.5,0
20,202343,Elliot Williams,7.0,3.0,4.0,0.0,0.0,0.0,2.0,0.0,3.0,0.0,2.0,1.0,2.0,13:18,6.3,0
21,203485,Lorenzo Brown,,,,,,,,,,,,,,,0.0,0
22,203561,Brandon Davies,,,,,,,,,,,,,,,0.0,0
