,id,name,PTS,FG,FGA,FTA,FT,OREB,DREB,STL,AST,BLK,PF,TO,PLUS_MINUS,MIN,GS,WIN
0,200782,P.J. Tucker,12.0,3.0,6.0,6.0,5.0,1.0,6.0,0.0,3.0,0.0,1.0,0.0,14.0,23:33,12.8,1
1,101112,Channing Frye,12.0,4.0,10.0,0.0,0.0,1.0,2.0,2.0,3.0,2.0,1.0,0.0,10.0,20:58,13.0,1
2,203101,Miles Plumlee,6.0,3.0,5.0,2.0,0.0,2.0,5.0,0.0,1.0,3.0,3.0,2.0,19.0,20:52,5.4,1
3,201609,Goran Dragic,26.0,10.0,15.0,6.0,5.0,0.0,1.0,5.0,8.0,0.0,3.0,3.0,27.0,31:48,25.8,1
4,202339,Eric Bledsoe,7.0,3.0,10.0,4.0,1.0,0.0,3.0,2.0,4.0,0.0,3.0,2.0,14.0,31:06,2.5,1
5,202693,Markieff Morris,11.0,5.0,10.0,3.0,1.0,5.0,7.0,1.0,3.0,1.0,3.0,3.0,18.0,29:43,10.4,1
6,101123,Gerald Green,21.0,8.0,14.0,0.0,0.0,0.0,2.0,2.0,0.0,2.0,2.0,0.0,21.0,27:36,17.6,1
7,203462,Archie Goodwin,0.0,0.0,2.0,0.0,0.0,1.0,2.0,1.0,1.0,0.0,2.0,1.0,-9.0,17:36,-0.2,1
8,202694,Marcus Morris Sr.,1.0,0.0,6.0,1.0,1.0,0.0,7.0,3.0,1.0,1.0,1.0,3.0,-1.0,21:56,-0.1,1
9,202397,Ish Smith,2.0,1.0,2.0,0.0,0.0,0.0,0.0,1.0,2.0,0.0,1.0,0.0,-6.0,5:39,3.0,1
10,202091,Dionte Christmas,7.0,3.0,4.0,0.0,0.0,0.0,0.0,0.0,0.0,0.0,0.0,0.0,-6.0,5:39,5.4,1
11,203139,Viacheslav Kravtsov,2.0,1.0,1.0,0.0,0.0,0.0,0.0,0.0,0.0,0.0,0.0,2.0,-6.0,3:34,-0.3,1
12,203458,Alex Len,,,,,,,,,,,,,,,0.0,1
13,201162,Jared Dudley,9.0,3.0,5.0,3.0,3.0,2.0,2.0,0.0,2.0,0.0,3.0,2.0,-6.0,23:21,6.9,0
14,201933,Blake Griffin,15.0,5.0,15.0,7.0,5.0,2.0,3.0,1.0,1.0,0.0,4.0,4.0,-26.0,28:28,4.1,0
15,201599,DeAndre Jordan,2.0,1.0,2.0,2.0,0.0,6.0,13.0,0.0,0.0,2.0,3.0,1.0,-24.0,32:36,7.5,0
16,2037,Jamal Crawford,15.0,4.0,13.0,7.0,5.0,1.0,0.0,1.0,0.0,1.0,2.0,1.0,-25.0,30:50,7.3,0
17,101108,Chris Paul,11.0,5.0,14.0,2.0,1.0,0.0,4.0,2.0,7.0,0.0,2.0,4.0,-28.0,29:56,6.1,0
18,2440,Matt Barnes,13.0,5.0,10.0,0.0,0.0,0.0,4.0,0.0,0.0,1.0,3.0,2.0,-2.0,26:27,6.7,0
19,201954,Darren Collison,11.0,3.0,10.0,5.0,5.0,2.0,0.0,0.0,6.0,0.0,2.0,2.0,-5.0,30:21,8.0,0
20,2584,Willie Green,7.0,3.0,7.0,0.0,0.0,1.0,5.0,2.0,0.0,0.0,2.0,3.0,6.0,19:26,3.7,0
21,1536,Stephen Jackson,5.0,2.0,8.0,0.0,0.0,0.0,2.0,1.0,1.0,0.0,2.0,1.0,9.0,14:00,0.7,0
22,201957,Byron Mullens,0.0,0.0,1.0,0.0,0.0,0.0,1.0,1.0,0.0,0.0,0.0,0.0,6.0,4:35,0.6,0
23,203493,Reggie Bullock,,,,,,,,,,,,,,,0.0,0
24,200797,Ryan Hollins,,,,,,,,,,,,,,,0.0,0
25,1712,Antawn Jamison,,,,,,,,,,,,,,,0.0,0
