,id,name,PTS,FG,FGA,FTA,FT,OREB,DREB,STL,AST,BLK,PF,TO,PLUS_MINUS,MIN,GS,WIN
0,201145,Jeff Green,18.0,7.0,15.0,2.0,2.0,1.0,2.0,0.0,6.0,0.0,1.0,2.0,4.0,40:43,13.4,0
1,101138,Brandon Bass,6.0,3.0,7.0,0.0,0.0,1.0,6.0,1.0,0.0,1.0,0.0,0.0,5.0,26:19,6.5,0
2,203096,Jared Sullinger,21.0,10.0,18.0,1.0,0.0,2.0,12.0,0.0,0.0,0.0,5.0,3.0,9.0,32:58,12.0,0
3,202340,Avery Bradley,9.0,4.0,15.0,2.0,1.0,0.0,3.0,0.0,1.0,0.0,6.0,0.0,-1.0,35:06,-1.1,0
4,202348,Jordan Crawford,18.0,6.0,15.0,6.0,5.0,1.0,2.0,1.0,5.0,0.0,4.0,1.0,-6.0,34:17,12.7,0
5,2222,Gerald Wallace,0.0,0.0,0.0,0.0,0.0,1.0,3.0,2.0,4.0,0.0,1.0,1.0,-4.0,24:30,5.0,0
6,203543,Vitor Faverani,7.0,3.0,6.0,2.0,1.0,0.0,0.0,0.0,0.0,0.0,2.0,1.0,-16.0,15:02,1.8,0
7,2743,Kris Humphries,2.0,1.0,4.0,0.0,0.0,2.0,2.0,0.0,0.0,1.0,2.0,2.0,-20.0,13:28,-0.5,0
8,2586,Keith Bogans,0.0,0.0,1.0,0.0,0.0,0.0,0.0,0.0,0.0,0.0,0.0,0.0,-10.0,5:37,-0.7,0
9,203515,Phil Pressey,0.0,0.0,1.0,0.0,0.0,1.0,0.0,3.0,1.0,0.0,0.0,0.0,-1.0,7:37,3.7,0
10,202705,MarShon Brooks,4.0,1.0,2.0,2.0,2.0,1.0,1.0,0.0,0.0,0.0,0.0,0.0,5.0,4:24,4.0,0
11,201584,Courtney Lee,,,,,,,,,,,,,,,0.0,0
12,203482,Kelly Olynyk,,,,,,,,,,,,,,,0.0,0
13,203114,Khris Middleton,6.0,2.0,6.0,2.0,2.0,0.0,1.0,0.0,2.0,0.0,1.0,1.0,-7.0,17:32,2.9,1
14,202327,Ekpe Udoh,9.0,4.0,9.0,4.0,1.0,4.0,6.0,0.0,1.0,2.0,2.0,1.0,7.0,38:42,8.0,1
15,203089,John Henson,13.0,6.0,13.0,2.0,1.0,2.0,11.0,0.0,3.0,3.0,2.0,2.0,2.0,33:50,12.0,1
16,201564,O.J. Mayo,22.0,9.0,14.0,2.0,2.0,1.0,2.0,1.0,3.0,0.0,2.0,2.0,3.0,31:08,17.4,1
17,202688,Brandon Knight,20.0,7.0,14.0,4.0,3.0,1.0,8.0,1.0,8.0,1.0,2.0,3.0,4.0,30:57,19.2,1
18,2585,Zaza Pachulia,2.0,0.0,4.0,2.0,2.0,2.0,3.0,0.0,3.0,1.0,5.0,2.0,5.0,22:17,0.3,1
19,2557,Luke Ridnour,6.0,2.0,6.0,2.0,1.0,0.0,1.0,2.0,3.0,0.0,2.0,0.0,1.0,20:57,5.8,1
20,202390,Gary Neal,4.0,2.0,6.0,0.0,0.0,0.0,0.0,0.0,1.0,0.0,0.0,0.0,4.0,16:52,1.3,1
21,203507,Giannis Antetokounmpo,10.0,4.0,6.0,2.0,0.0,1.0,6.0,0.0,4.0,1.0,0.0,2.0,16.0,27:45,10.6,1
22,2406,Caron Butler,,,,,,,,,,,,,,,0.0,1
23,101141,Ersan Ilyasova,,,,,,,,,,,,,,,0.0,1
24,203545,Miroslav Raduljica,,,,,,,,,,,,,,,0.0,1
25,203489,Nate Wolters,,,,,,,,,,,,,,,0.0,1
