,id,name,PTS,FG,FGA,FTA,FT,OREB,DREB,STL,AST,BLK,PF,TO,PLUS_MINUS,MIN,GS,WIN
0,203118,Mike Scott,8.0,4.0,12.0,0.0,0.0,0.0,7.0,0.0,1.0,1.0,1.0,0.0,-9.0,27:58,4.3,1
1,200794,Paul Millsap,34.0,12.0,19.0,14.0,10.0,5.0,10.0,2.0,2.0,2.0,2.0,4.0,18.0,39:11,30.4,1
2,1882,Elton Brand,4.0,1.0,2.0,2.0,2.0,0.0,1.0,1.0,0.0,0.0,1.0,1.0,-7.0,12:10,2.9,1
3,2594,Kyle Korver,14.0,5.0,11.0,3.0,3.0,0.0,3.0,1.0,5.0,1.0,3.0,0.0,21.0,38:56,13.2,1
4,201952,Jeff Teague,16.0,6.0,17.0,4.0,4.0,1.0,5.0,0.0,6.0,0.0,1.0,1.0,20.0,33:17,11.5,1
5,203544,Pero Antic,5.0,2.0,5.0,0.0,0.0,1.0,4.0,0.0,0.0,0.0,3.0,0.0,6.0,22:30,3.0,1
6,101150,Lou Williams,0.0,0.0,8.0,0.0,0.0,1.0,0.0,1.0,1.0,0.0,0.0,1.0,-21.0,15:47,-4.2,1
7,202714,Shelvin Mack,5.0,1.0,9.0,2.0,2.0,0.0,5.0,0.0,5.0,0.0,2.0,2.0,-16.0,23:20,1.3,1
8,203471,Dennis Schroder,0.0,0.0,0.0,0.0,0.0,0.0,0.0,1.0,0.0,0.0,0.0,2.0,-12.0,6:01,-1.0,1
9,202970,Gustavo Ayon,0.0,0.0,4.0,0.0,0.0,7.0,0.0,0.0,1.0,0.0,0.0,0.0,-10.0,6:52,2.8,1
10,201858,Cartier Martin,6.0,2.0,4.0,0.0,0.0,0.0,1.0,1.0,0.0,0.0,2.0,3.0,15.0,13:58,1.5,1
11,201960,DeMarre Carroll,,,,,,,,,,,,,,,0.0,1
12,203099,Jared Cunningham,,,,,,,,,,,,,,,0.0,1
13,201145,Jeff Green,8.0,4.0,10.0,0.0,0.0,0.0,5.0,2.0,1.0,0.0,1.0,3.0,-14.0,21:13,3.4,0
14,101138,Brandon Bass,9.0,2.0,6.0,6.0,5.0,0.0,2.0,0.0,0.0,1.0,3.0,3.0,-17.0,23:37,2.3,0
15,203096,Jared Sullinger,2.0,1.0,6.0,0.0,0.0,2.0,8.0,0.0,3.0,1.0,3.0,0.0,-16.0,19:51,3.6,0
16,202340,Avery Bradley,8.0,2.0,10.0,4.0,4.0,1.0,4.0,0.0,2.0,1.0,1.0,1.0,-17.0,31:22,4.4,0
17,202348,Jordan Crawford,8.0,3.0,15.0,1.0,1.0,3.0,3.0,0.0,5.0,0.0,2.0,3.0,-16.0,32:54,1.4,0
18,2743,Kris Humphries,18.0,7.0,13.0,4.0,4.0,0.0,10.0,0.0,1.0,0.0,4.0,0.0,15.0,28:09,13.8,0
19,201584,Courtney Lee,11.0,5.0,7.0,0.0,0.0,1.0,2.0,1.0,2.0,2.0,0.0,0.0,10.0,23:00,13.2,0
20,2222,Gerald Wallace,6.0,3.0,5.0,0.0,0.0,0.0,2.0,1.0,4.0,0.0,3.0,3.0,19.0,22:14,3.9,0
21,203482,Kelly Olynyk,21.0,8.0,11.0,2.0,2.0,1.0,3.0,1.0,5.0,2.0,2.0,1.0,16.0,24:23,22.2,0
22,203515,Phil Pressey,0.0,0.0,1.0,0.0,0.0,0.0,0.0,1.0,5.0,0.0,3.0,1.0,15.0,13:17,1.6,0
23,2586,Keith Bogans,,,,,,,,,,,,,,,0.0,0
24,202705,MarShon Brooks,,,,,,,,,,,,,,,0.0,0
25,203543,Vitor Faverani,,,,,,,,,,,,,,,0.0,0
