,id,name,PTS,FG,FGA,FTA,FT,OREB,DREB,STL,AST,BLK,PF,TO,PLUS_MINUS,MIN,GS,WIN
0,2746,Josh Smith,11.0,5.0,15.0,2.0,1.0,2.0,4.0,3.0,2.0,2.0,3.0,1.0,-18.0,35:39,8.3,0
1,202328,Greg Monroe,7.0,3.0,8.0,2.0,1.0,2.0,2.0,2.0,4.0,0.0,2.0,2.0,-19.0,33:55,6.2,0
2,203083,Andre Drummond,10.0,5.0,11.0,0.0,0.0,3.0,9.0,4.0,0.0,1.0,4.0,0.0,1.0,35:08,12.2,0
3,203484,Kentavious Caldwell-Pope,4.0,1.0,9.0,2.0,2.0,1.0,3.0,0.0,1.0,0.0,1.0,0.0,-8.0,22:47,0.0,0
4,201943,Brandon Jennings,21.0,9.0,21.0,1.0,0.0,3.0,4.0,1.0,6.0,0.0,0.0,4.0,-16.0,40:34,14.0,0
5,202713,Kyle Singler,6.0,2.0,6.0,2.0,2.0,3.0,4.0,0.0,1.0,1.0,0.0,2.0,3.0,22:26,5.3,0
6,201155,Rodney Stuckey,18.0,7.0,12.0,3.0,3.0,0.0,0.0,1.0,2.0,0.0,6.0,5.0,-3.0,26:11,7.4,0
7,203491,Peyton Siva,0.0,0.0,0.0,0.0,0.0,0.0,1.0,2.0,1.0,0.0,2.0,0.0,11.0,6:28,2.2,0
8,203540,Gigi Datome,5.0,2.0,4.0,0.0,0.0,0.0,1.0,0.0,0.0,0.0,1.0,0.0,12.0,10:42,2.9,0
9,202725,Josh Harrellson,3.0,1.0,1.0,0.0,0.0,1.0,0.0,0.0,0.0,1.0,2.0,1.0,-3.0,6:10,2.3,0
10,201973,Jonas Jerebko,,,,,,,,,,,,,,,0.0,0
11,203502,Tony Mitchell,,,,,,,,,,,,,,,0.0,0
12,101111,Charlie Villanueva,,,,,,,,,,,,,,,0.0,0
13,201960,DeMarre Carroll,11.0,3.0,6.0,6.0,4.0,0.0,12.0,2.0,3.0,2.0,2.0,0.0,17.0,35:56,15.5,1
14,200794,Paul Millsap,19.0,8.0,14.0,4.0,3.0,1.0,1.0,1.0,0.0,0.0,1.0,4.0,4.0,28:17,9.6,1
15,201143,Al Horford,10.0,5.0,7.0,0.0,0.0,2.0,6.0,1.0,2.0,5.0,1.0,2.0,17.0,31:43,13.8,1
16,2594,Kyle Korver,8.0,2.0,5.0,2.0,2.0,0.0,5.0,2.0,2.0,1.0,0.0,2.0,12.0,32:10,8.9,1
17,201952,Jeff Teague,18.0,8.0,14.0,2.0,2.0,0.0,1.0,1.0,7.0,0.0,3.0,5.0,15.0,34:20,11.4,1
18,202970,Gustavo Ayon,7.0,3.0,4.0,2.0,1.0,1.0,2.0,1.0,0.0,0.0,1.0,1.0,-8.0,17:24,5.9,1
19,202714,Shelvin Mack,1.0,0.0,3.0,2.0,1.0,0.0,2.0,1.0,3.0,0.0,0.0,0.0,-6.0,17:10,2.2,1
20,201858,Cartier Martin,2.0,1.0,3.0,0.0,0.0,0.0,1.0,2.0,1.0,0.0,1.0,3.0,-14.0,9:45,-0.1,1
21,203118,Mike Scott,11.0,4.0,9.0,5.0,3.0,1.0,3.0,0.0,0.0,0.0,3.0,4.0,3.0,18:36,1.9,1
22,101150,Lou Williams,6.0,2.0,6.0,1.0,1.0,0.0,0.0,0.0,5.0,0.0,0.0,0.0,0.0,14:39,6.1,1
23,203544,Pero Antic,,,,,,,,,,,,,,,0.0,1
24,1882,Elton Brand,,,,,,,,,,,,,,,0.0,1
25,203471,Dennis Schroder,,,,,,,,,,,,,,,0.0,1
