,id,name,PTS,FG,FGA,FTA,FT,OREB,DREB,STL,AST,BLK,PF,TO,PLUS_MINUS,MIN,GS,WIN
0,201147,Corey Brewer,13.0,5.0,12.0,3.0,3.0,1.0,2.0,6.0,1.0,0.0,4.0,3.0,11.0,37:36,10.0,0
1,201567,Kevin Love,17.0,8.0,20.0,1.0,1.0,4.0,9.0,0.0,5.0,1.0,1.0,3.0,7.0,36:19,12.5,0
2,201593,Nikola Pekovic,8.0,3.0,12.0,4.0,2.0,5.0,7.0,2.0,1.0,0.0,2.0,3.0,-12.0,35:28,4.5,0
3,2755,Kevin Martin,23.0,7.0,16.0,4.0,4.0,1.0,3.0,0.0,3.0,0.0,1.0,2.0,11.0,34:03,15.9,0
4,201937,Ricky Rubio,4.0,0.0,7.0,4.0,4.0,0.0,1.0,5.0,5.0,1.0,1.0,2.0,-3.0,25:36,6.2,0
5,202682,Derrick Williams,13.0,5.0,9.0,4.0,3.0,0.0,2.0,1.0,0.0,0.0,0.0,0.0,2.0,22:24,9.9,0
6,200826,J.J. Barea,8.0,4.0,11.0,1.0,0.0,0.0,3.0,1.0,2.0,0.0,1.0,2.0,2.0,22:24,2.4,0
7,203144,Alexey Shved,2.0,0.0,3.0,3.0,2.0,0.0,0.0,0.0,1.0,0.0,0.0,1.0,-12.0,8:28,-0.8,0
8,201967,Dante Cunningham,4.0,2.0,4.0,0.0,0.0,1.0,3.0,1.0,2.0,2.0,2.0,0.0,-9.0,15:04,6.6,0
9,203476,Gorgui Dieng,0.0,0.0,0.0,0.0,0.0,0.0,1.0,0.0,1.0,1.0,3.0,1.0,-2.0,2:38,-0.5,0
10,203133,Robbie Hummel,,,,,,,,,,,,,,,0.0,0
11,203498,Shabazz Muhammad,,,,,,,,,,,,,,,0.0,0
12,201985,AJ Price,,,,,,,,,,,,,,,0.0,0
13,201947,Earl Clark,6.0,3.0,4.0,0.0,0.0,0.0,0.0,2.0,1.0,0.0,4.0,1.0,3.0,11:15,4.5,1
14,202684,Tristan Thompson,12.0,5.0,13.0,3.0,2.0,3.0,8.0,1.0,1.0,0.0,3.0,6.0,3.0,37:27,3.5,1
15,2760,Anderson Varejao,12.0,6.0,7.0,0.0,0.0,2.0,4.0,1.0,4.0,1.0,3.0,0.0,-2.0,29:20,15.4,1
16,203079,Dion Waiters,8.0,3.0,10.0,2.0,2.0,0.0,4.0,1.0,2.0,2.0,1.0,0.0,8.0,20:23,6.8,1
17,202681,Kyrie Irving,15.0,7.0,15.0,0.0,0.0,0.0,8.0,1.0,6.0,2.0,4.0,9.0,-5.0,32:48,5.7,1
18,101127,Jarrett Jack,2.0,1.0,7.0,0.0,0.0,0.0,4.0,0.0,5.0,1.0,3.0,3.0,-3.0,26:49,-1.3,1
19,101115,Andrew Bynum,10.0,2.0,6.0,6.0,6.0,2.0,2.0,0.0,1.0,3.0,2.0,1.0,3.0,18:40,9.6,1
20,202087,Alonzo Gee,9.0,4.0,7.0,0.0,0.0,2.0,4.0,1.0,1.0,0.0,1.0,2.0,-8.0,34:11,7.6,1
21,101139,CJ Miles,19.0,8.0,13.0,0.0,0.0,2.0,3.0,2.0,1.0,2.0,1.0,1.0,8.0,18:34,18.1,1
22,203461,Anthony Bennett,0.0,0.0,3.0,0.0,0.0,0.0,1.0,1.0,0.0,1.0,1.0,0.0,0.0,9:42,-0.5,1
23,203092,Tyler Zeller,0.0,0.0,0.0,0.0,0.0,0.0,0.0,0.0,0.0,0.0,1.0,0.0,-2.0,0:51,-0.4,1
24,203508,Sergey Karasev,,,,,,,,,,,,,,,0.0,1
25,203156,Henry Sims,,,,,,,,,,,,,,,0.0,1
