,id,name,PTS,FG,FGA,FTA,FT,OREB,DREB,STL,AST,BLK,PF,TO,PLUS_MINUS,MIN,GS,WIN
0,202329,Al-Farouq Aminu,5.0,2.0,2.0,1.0,1.0,0.0,8.0,1.0,0.0,0.0,0.0,0.0,-9.0,20:43,7.8,0
1,201583,Ryan Anderson,18.0,7.0,17.0,0.0,0.0,4.0,4.0,1.0,2.0,0.0,0.0,1.0,-5.0,41:33,14.3,0
2,203076,Anthony Davis,21.0,8.0,13.0,8.0,5.0,4.0,5.0,0.0,1.0,2.0,3.0,2.0,-1.0,37:43,17.1,0
3,201569,Eric Gordon,18.0,7.0,14.0,4.0,3.0,0.0,1.0,0.0,4.0,0.0,3.0,1.0,-12.0,31:46,11.5,0
4,201950,Jrue Holiday,13.0,6.0,14.0,1.0,1.0,0.0,3.0,1.0,7.0,0.0,4.0,2.0,-3.0,36:19,8.8,0
5,201936,Tyreke Evans,21.0,9.0,22.0,5.0,3.0,3.0,3.0,2.0,6.0,0.0,3.0,2.0,4.0,27:19,14.4,0
6,201582,Alexis Ajinca,4.0,2.0,4.0,0.0,0.0,5.0,6.0,0.0,1.0,1.0,5.0,3.0,2.0,16:42,3.7,0
7,203085,Austin Rivers,2.0,1.0,5.0,0.0,0.0,0.0,1.0,0.0,1.0,0.0,2.0,0.0,-6.0,13:18,-0.9,0
8,201627,Anthony Morrow,5.0,2.0,3.0,0.0,0.0,0.0,1.0,0.0,0.0,0.0,1.0,0.0,15.0,14:37,3.6,0
9,200811,Lou Amundson,,,,,,,,,,,,,,,0.0,0
10,203121,Darius Miller,,,,,,,,,,,,,,,0.0,0
11,203148,Brian Roberts,,,,,,,,,,,,,,,0.0,0
12,203481,Jeff Withey,,,,,,,,,,,,,,,0.0,0
13,201587,Nicolas Batum,11.0,4.0,10.0,2.0,2.0,1.0,7.0,0.0,7.0,0.0,2.0,0.0,-2.0,35:20,12.5,1
14,200746,LaMarcus Aldridge,18.0,8.0,24.0,2.0,2.0,1.0,7.0,1.0,4.0,0.0,2.0,0.0,2.0,37:45,10.2,1
15,201577,Robin Lopez,14.0,6.0,11.0,2.0,2.0,6.0,1.0,0.0,2.0,1.0,1.0,2.0,3.0,30:44,12.9,1
16,202083,Wesley Matthews,18.0,7.0,16.0,2.0,2.0,2.0,4.0,2.0,0.0,1.0,1.0,0.0,4.0,33:43,14.5,1
17,203081,Damian Lillard,29.0,11.0,21.0,4.0,3.0,2.0,0.0,0.0,5.0,0.0,5.0,2.0,13.0,36:57,19.2,1
18,2590,Mo Williams,7.0,2.0,8.0,3.0,3.0,1.0,1.0,0.0,5.0,0.0,5.0,2.0,-3.0,23:44,2.7,1
19,200777,Joel Freeland,4.0,2.0,4.0,0.0,0.0,4.0,2.0,0.0,0.0,0.0,2.0,0.0,-2.0,17:14,4.6,1
20,2748,Dorell Wright,7.0,2.0,3.0,3.0,2.0,0.0,2.0,0.0,0.0,0.0,1.0,1.0,-1.0,14:17,4.5,1
21,203086,Meyers Leonard,2.0,1.0,1.0,0.0,0.0,0.0,4.0,0.0,0.0,1.0,2.0,0.0,1.0,10:15,2.8,1
22,203115,Will Barton,,,,,,,,,,,,,,,0.0,1
23,203459,Allen Crabbe,,,,,,,,,,,,,,,0.0,1
24,203080,Thomas Robinson,,,,,,,,,,,,,,,0.0,1
25,2248,Earl Watson,,,,,,,,,,,,,,,0.0,1
