,id,name,PTS,FG,FGA,FTA,FT,OREB,DREB,STL,AST,BLK,PF,TO,PLUS_MINUS,MIN,GS,WIN
0,2544,LeBron James,34.0,13.0,25.0,10.0,8.0,2.0,6.0,1.0,6.0,0.0,4.0,2.0,15.0,44:52,25.7,1
1,2203,Shane Battier,0.0,0.0,0.0,0.0,0.0,1.0,2.0,0.0,1.0,1.0,2.0,0.0,5.0,19:22,1.9,1
2,2547,Chris Bosh,25.0,10.0,16.0,3.0,2.0,2.0,5.0,0.0,0.0,0.0,3.0,3.0,11.0,37:13,16.1,1
3,951,Ray Allen,12.0,5.0,11.0,1.0,1.0,0.0,9.0,0.0,1.0,0.0,1.0,1.0,15.0,40:16,8.3,1
4,201596,Mario Chalmers,9.0,3.0,8.0,4.0,3.0,0.0,2.0,3.0,5.0,1.0,3.0,5.0,8.0,38:11,5.8,1
5,202708,Norris Cole,3.0,1.0,6.0,0.0,0.0,0.0,2.0,1.0,1.0,0.0,3.0,0.0,-7.0,20:38,0.3,1
6,2617,Udonis Haslem,6.0,2.0,6.0,5.0,2.0,3.0,7.0,0.0,1.0,3.0,1.0,0.0,5.0,30:48,8.0,1
7,1740,Rashard Lewis,7.0,3.0,5.0,0.0,0.0,0.0,0.0,0.0,0.0,0.0,0.0,0.0,-6.0,15:26,4.7,1
8,201563,Michael Beasley,5.0,1.0,1.0,4.0,2.0,0.0,2.0,0.0,1.0,0.0,1.0,0.0,-4.0,6:27,4.8,1
9,2427,Roger Mason Jr.,2.0,1.0,1.0,0.0,0.0,0.0,0.0,0.0,0.0,0.0,2.0,0.0,0.0,6:55,0.9,1
10,201141,Greg Oden,1.0,0.0,0.0,2.0,1.0,0.0,0.0,0.0,0.0,0.0,3.0,1.0,-2.0,4:52,-1.6,1
11,2592,James Jones,,,,,,,,,,,,,,,0.0,1
12,2548,Dwyane Wade,,,,,,,,,,,,,,,0.0,1
13,203077,Michael Kidd-Gilchrist,5.0,2.0,3.0,0.0,0.0,3.0,2.0,0.0,1.0,1.0,4.0,1.0,-8.0,16:27,5.2,0
14,201177,Josh McRoberts,10.0,3.0,6.0,2.0,2.0,0.0,2.0,1.0,6.0,0.0,4.0,1.0,-4.0,38:12,10.2,0
15,2744,Al Jefferson,22.0,10.0,23.0,6.0,2.0,0.0,14.0,1.0,3.0,1.0,4.0,1.0,-11.0,43:16,13.7,0
16,201945,Gerald Henderson,11.0,4.0,11.0,3.0,3.0,0.0,3.0,1.0,5.0,1.0,5.0,2.0,-16.0,40:11,7.0,0
17,202689,Kemba Walker,6.0,1.0,7.0,5.0,4.0,0.0,1.0,2.0,8.0,1.0,1.0,1.0,4.0,22:10,8.3,0
18,203469,Cody Zeller,5.0,2.0,4.0,1.0,1.0,0.0,1.0,0.0,2.0,0.0,2.0,1.0,-4.0,14:48,2.9,0
19,201196,Ramon Sessions,16.0,6.0,10.0,4.0,4.0,0.0,3.0,0.0,5.0,0.0,1.0,5.0,-6.0,37:34,10.4,0
20,201229,Anthony Tolliver,11.0,4.0,7.0,0.0,0.0,0.0,2.0,1.0,1.0,1.0,0.0,1.0,0.0,36:33,9.7,0
21,202687,Bismack Biyombo,7.0,3.0,3.0,2.0,1.0,1.0,2.0,0.0,0.0,1.0,1.0,0.0,3.0,9:44,7.3,0
22,201604,Chris Douglas-Roberts,3.0,1.0,1.0,0.0,0.0,0.0,0.0,0.0,0.0,0.0,1.0,0.0,2.0,6:05,2.3,0
23,202399,Jeff Adrien,,,,,,,,,,,,,,,0.0,0
24,2732,Ben Gordon,,,,,,,,,,,,,,,0.0,0
25,2457,Jannero Pargo,,,,,,,,,,,,,,,0.0,0
