,id,name,PTS,FG,FGA,FTA,FT,OREB,DREB,STL,AST,BLK,PF,TO,PLUS_MINUS,MIN,GS,WIN
0,203077,Michael Kidd-Gilchrist,8.0,3.0,4.0,7.0,2.0,3.0,6.0,0.0,3.0,0.0,2.0,2.0,-2.0,23:21,7.6,1
1,201177,Josh McRoberts,3.0,1.0,5.0,0.0,0.0,0.0,2.0,0.0,4.0,0.0,4.0,1.0,6.0,15:29,0.7,1
2,2744,Al Jefferson,27.0,11.0,17.0,7.0,5.0,4.0,11.0,1.0,1.0,0.0,4.0,2.0,-3.0,34:46,22.9,1
3,201945,Gerald Henderson,4.0,1.0,9.0,2.0,2.0,2.0,3.0,0.0,3.0,0.0,2.0,0.0,-10.0,24:03,1.7,1
4,202689,Kemba Walker,5.0,1.0,9.0,4.0,2.0,0.0,0.0,0.0,7.0,0.0,0.0,1.0,-5.0,24:39,2.2,1
5,203469,Cody Zeller,8.0,3.0,6.0,4.0,2.0,0.0,1.0,0.0,1.0,0.0,2.0,1.0,-9.0,12:28,3.4,1
6,202390,Gary Neal,17.0,5.0,11.0,5.0,5.0,0.0,2.0,0.0,2.0,0.0,1.0,0.0,8.0,25:13,12.9,1
7,201604,Chris Douglas-Roberts,5.0,2.0,3.0,1.0,1.0,0.0,2.0,1.0,1.0,0.0,3.0,0.0,8.0,23:23,4.8,1
8,2557,Luke Ridnour,10.0,5.0,8.0,0.0,0.0,0.0,0.0,0.0,4.0,0.0,1.0,2.0,7.0,23:21,6.8,1
9,202687,Bismack Biyombo,2.0,1.0,1.0,1.0,0.0,3.0,3.0,0.0,1.0,2.0,0.0,0.0,5.0,13:14,6.4,1
10,201229,Anthony Tolliver,6.0,2.0,7.0,0.0,0.0,0.0,6.0,1.0,0.0,0.0,1.0,0.0,5.0,20:03,4.3,1
11,2457,Jannero Pargo,,,,,,,,,,,,,,,0.0,1
12,201591,DJ White,,,,,,,,,,,,,,,0.0,1
13,201858,Cartier Martin,10.0,3.0,11.0,3.0,3.0,0.0,4.0,0.0,1.0,0.0,1.0,0.0,-9.0,35:35,5.0,0
14,203118,Mike Scott,20.0,8.0,23.0,4.0,3.0,1.0,5.0,0.0,0.0,0.0,2.0,1.0,-4.0,34:36,7.1,0
15,203544,Pero Antic,3.0,1.0,2.0,4.0,1.0,1.0,2.0,1.0,2.0,0.0,1.0,0.0,-3.0,19:09,4.1,0
16,101150,Lou Williams,13.0,5.0,13.0,3.0,3.0,1.0,4.0,1.0,6.0,0.0,1.0,1.0,-4.0,34:13,11.6,0
17,201952,Jeff Teague,11.0,4.0,6.0,0.0,0.0,0.0,4.0,1.0,5.0,0.0,3.0,0.0,6.0,22:47,12.9,0
18,1882,Elton Brand,12.0,4.0,5.0,6.0,4.0,2.0,5.0,2.0,1.0,3.0,4.0,0.0,14.0,20:46,15.4,0
19,202714,Shelvin Mack,13.0,5.0,10.0,1.0,1.0,0.0,4.0,0.0,5.0,0.0,4.0,0.0,13.0,27:44,11.1,0
20,203471,Dennis Schroder,3.0,1.0,4.0,0.0,0.0,0.0,2.0,1.0,6.0,0.0,3.0,3.0,-12.0,23:41,2.2,0
21,203488,Mike Muscala,8.0,3.0,5.0,2.0,2.0,0.0,4.0,0.0,1.0,0.0,2.0,1.0,-11.0,21:29,5.8,0
22,201960,DeMarre Carroll,,,,,,,,,,,,,,,0.0,0
23,2594,Kyle Korver,,,,,,,,,,,,,,,0.0,0
24,200794,Paul Millsap,,,,,,,,,,,,,,,0.0,0
