,id,name,PTS,FG,FGA,FTA,FT,OREB,DREB,STL,AST,BLK,PF,TO,PLUS_MINUS,MIN,GS,WIN
0,200782,P.J. Tucker,3.0,1.0,4.0,0.0,0.0,0.0,2.0,0.0,1.0,0.0,2.0,1.0,-6.0,20:57,0.1,0
1,101112,Channing Frye,7.0,3.0,8.0,0.0,0.0,2.0,1.0,0.0,2.0,2.0,1.0,0.0,-11.0,29:27,6.7,0
2,203101,Miles Plumlee,6.0,3.0,8.0,0.0,0.0,4.0,3.0,1.0,0.0,1.0,2.0,2.0,-6.0,24:35,4.2,0
3,101123,Gerald Green,17.0,6.0,15.0,4.0,4.0,1.0,2.0,2.0,0.0,0.0,2.0,2.0,-18.0,31:47,9.4,0
4,202397,Ish Smith,13.0,5.0,15.0,4.0,3.0,0.0,8.0,2.0,5.0,0.0,1.0,0.0,-24.0,35:35,11.6,0
5,203458,Alex Len,1.0,0.0,0.0,4.0,1.0,1.0,0.0,0.0,0.0,1.0,3.0,2.0,0.0,10:44,-2.0,0
6,202693,Markieff Morris,11.0,3.0,9.0,6.0,5.0,2.0,2.0,0.0,0.0,0.0,2.0,2.0,-17.0,23:26,4.7,0
7,203462,Archie Goodwin,16.0,6.0,10.0,7.0,3.0,2.0,5.0,2.0,1.0,1.0,3.0,2.0,-9.0,27:00,12.9,0
8,202694,Marcus Morris Sr.,5.0,2.0,7.0,2.0,0.0,0.0,2.0,0.0,2.0,0.0,4.0,2.0,-11.0,17:49,-1.5,0
9,202091,Dionte Christmas,7.0,2.0,4.0,2.0,2.0,2.0,1.0,0.0,3.0,0.0,1.0,0.0,-13.0,18:41,8.4,0
10,2571,Leandro Barbosa,,,,,,,,,,,,,,,0.0,0
11,201609,Goran Dragic,,,,,,,,,,,,,,,0.0,0
12,203139,Viacheslav Kravtsov,,,,,,,,,,,,,,,0.0,0
13,2210,Richard Jefferson,17.0,6.0,8.0,4.0,3.0,0.0,3.0,1.0,1.0,0.0,1.0,0.0,13.0,24:57,15.6,1
14,101107,Marvin Williams,2.0,1.0,5.0,0.0,0.0,1.0,5.0,0.0,1.0,0.0,0.0,1.0,13.0,22:06,0.8,1
15,202324,Derrick Favors,15.0,5.0,7.0,8.0,5.0,2.0,5.0,1.0,2.0,2.0,3.0,2.0,13.0,26:07,14.4,1
16,202330,Gordon Hayward,17.0,7.0,13.0,5.0,2.0,0.0,10.0,0.0,9.0,0.0,2.0,2.0,24.0,37:16,16.0,1
17,203504,Trey Burke,10.0,4.0,6.0,0.0,0.0,0.0,1.0,0.0,2.0,0.0,3.0,2.0,14.0,27:35,5.9,1
18,203197,Diante Garrett,15.0,6.0,9.0,0.0,0.0,0.0,2.0,2.0,2.0,0.0,3.0,2.0,7.0,21:00,11.9,1
19,202692,Alec Burks,15.0,5.0,8.0,5.0,5.0,2.0,1.0,0.0,2.0,1.0,2.0,0.0,8.0,27:32,14.4,1
20,202379,Jeremy Evans,11.0,5.0,7.0,2.0,1.0,2.0,6.0,1.0,0.0,1.0,5.0,4.0,10.0,25:54,6.6,1
21,202683,Enes Kanter,2.0,1.0,5.0,0.0,0.0,0.0,1.0,0.0,3.0,0.0,4.0,1.0,9.0,15:38,-1.3,1
22,203497,Rudy Gobert,2.0,1.0,2.0,0.0,0.0,1.0,2.0,0.0,0.0,0.0,0.0,0.0,1.0,6:15,2.3,1
23,101249,John Lucas III,3.0,1.0,4.0,0.0,0.0,0.0,0.0,0.0,0.0,0.0,1.0,0.0,3.0,5:40,0.2,1
24,2740,Andris Biedrins,,,,,,,,,,,,,,,0.0,1
25,201575,Brandon Rush,,,,,,,,,,,,,,,0.0,1
