,id,name,PTS,FG,FGA,FTA,FT,OREB,DREB,STL,AST,BLK,PF,TO,PLUS_MINUS,MIN,GS,WIN
0,2546,Carmelo Anthony,21,8,20,5,3,3,4,0,1,1,3,0,-23.0,40:02,12.9,0
1,2405,Amar'e Stoudemire,19,8,16,5,3,1,5,0,0,1,2,0,-27.0,29:50,12.3,0
2,2199,Tyson Chandler,1,0,4,2,1,3,4,0,2,0,5,1,-21.0,29:20,-0.5,0
3,2747,JR Smith,15,6,14,1,1,0,4,2,1,0,4,3,-37.0,30:58,6.9,0
4,101109,Raymond Felton,6,2,6,1,1,1,0,2,4,0,4,4,-26.0,23:10,2.5,0
5,202697,Iman Shumpert,7,3,6,0,0,0,3,0,0,0,1,0,-1.0,26:24,4.5,0
6,203143,Pablo Prigioni,3,1,1,0,0,0,1,1,3,0,2,2,-1.0,19:52,3.3,0
7,203501,Tim Hardaway Jr.,5,2,11,0,0,1,0,1,1,0,2,0,5.0,20:59,-0.3,0
8,202332,Cole Aldrich,0,0,0,0,0,2,2,0,1,0,1,0,5.0,6:00,2.3,0
9,203315,Toure' Murry,5,2,4,2,1,1,0,1,1,0,0,1,3.0,4:58,4.0,0
10,200769,Shannon Brown,6,3,5,0,0,1,0,0,0,0,0,0,3.0,4:58,4.4,0
11,202719,Jeremy Tyler,0,0,0,0,0,0,1,0,0,0,0,0,0.0,3:29,0.3,0
12,200782,P.J. Tucker,11,4,11,2,2,3,4,0,0,0,2,0,15.0,30:04,7.4,1
13,101112,Channing Frye,3,0,4,4,3,1,5,2,1,2,4,0,18.0,30:35,4.5,1
14,203101,Miles Plumlee,11,5,6,2,1,4,8,0,3,0,1,1,33.0,22:57,14.3,1
15,201609,Goran Dragic,32,11,17,7,5,2,0,2,4,0,2,2,23.0,32:06,27.1,1
16,202339,Eric Bledsoe,16,6,15,2,2,0,7,1,6,1,3,1,23.0,31:01,13.7,1
17,202693,Markieff Morris,16,5,7,4,4,3,5,1,1,2,4,3,13.0,26:07,15.2,1
18,101123,Gerald Green,6,2,8,0,0,0,1,1,0,1,0,2,13.0,17:22,1.2,1
19,202694,Marcus Morris Sr.,9,4,12,0,0,2,3,0,1,1,0,0,1.0,19:54,5.9,1
20,203462,Archie Goodwin,1,0,1,2,1,0,1,1,1,0,0,0,-8.0,9:07,1.9,1
21,202397,Ish Smith,0,0,1,0,0,0,0,0,1,0,1,0,-3.0,6:20,-0.4,1
22,203458,Alex Len,2,1,2,0,0,2,2,0,0,0,1,1,-5.0,6:00,1.6,1
23,202091,Dionte Christmas,3,1,2,0,0,0,0,0,0,0,1,2,-3.0,4:58,-0.4,1
24,101183,Shavlik Randolph,2,1,2,0,0,1,2,0,0,0,0,0,0.0,3:29,2.3,1
