,id,name,PTS,FG,FGA,FTA,FT,OREB,DREB,STL,AST,BLK,PF,TO,PLUS_MINUS,MIN,GS,WIN
0,201960,DeMarre Carroll,6.0,3.0,11.0,0.0,0.0,0.0,2.0,1.0,0.0,0.0,2.0,2.0,6.0,34:42,-1.7,1
1,200794,Paul Millsap,25.0,9.0,15.0,6.0,5.0,3.0,8.0,4.0,4.0,1.0,0.0,2.0,5.0,33:40,27.7,1
2,201143,Al Horford,27.0,11.0,19.0,6.0,4.0,5.0,5.0,3.0,1.0,2.0,3.0,2.0,1.0,35:16,24.2,1
3,2594,Kyle Korver,9.0,3.0,4.0,2.0,2.0,0.0,1.0,0.0,1.0,1.0,3.0,3.0,2.0,31:42,4.9,1
4,201952,Jeff Teague,18.0,6.0,12.0,8.0,4.0,0.0,3.0,1.0,10.0,0.0,2.0,4.0,6.0,33:40,14.5,1
5,203471,Dennis Schroder,6.0,3.0,7.0,0.0,0.0,0.0,2.0,0.0,7.0,0.0,4.0,0.0,1.0,19:05,6.2,1
6,1882,Elton Brand,0.0,0.0,2.0,0.0,0.0,0.0,3.0,0.0,1.0,2.0,0.0,0.0,4.0,11:31,1.6,1
7,201858,Cartier Martin,9.0,2.0,7.0,4.0,4.0,0.0,3.0,2.0,2.0,0.0,0.0,1.0,0.0,24:51,8.2,1
8,203544,Pero Antic,5.0,2.0,4.0,0.0,0.0,1.0,0.0,0.0,0.0,1.0,1.0,0.0,0.0,15:33,4.0,1
9,203099,Jared Cunningham,,,,,,,,,,,,,,,0.0,1
10,203098,John Jenkins,,,,,,,,,,,,,,,0.0,1
11,202714,Shelvin Mack,,,,,,,,,,,,,,,0.0,1
12,203118,Mike Scott,,,,,,,,,,,,,,,0.0,1
13,2422,John Salmons,13.0,5.0,11.0,2.0,2.0,1.0,3.0,0.0,5.0,2.0,2.0,3.0,-5.0,34:02,10.0,0
14,202335,Patrick Patterson,7.0,3.0,6.0,0.0,0.0,1.0,8.0,2.0,1.0,0.0,4.0,3.0,-3.0,30:58,5.2,0
15,202326,DeMarcus Cousins,11.0,5.0,12.0,2.0,1.0,2.0,4.0,0.0,2.0,1.0,5.0,1.0,-5.0,29:09,5.9,0
16,201977,Marcus Thornton,15.0,5.0,10.0,2.0,2.0,0.0,0.0,3.0,1.0,0.0,2.0,1.0,-8.0,25:14,11.9,0
17,202349,Greivis Vasquez,9.0,2.0,5.0,4.0,4.0,0.0,3.0,0.0,4.0,0.0,4.0,4.0,-7.0,19:48,4.4,0
18,203463,Ben McLemore,15.0,6.0,12.0,0.0,0.0,2.0,4.0,2.0,1.0,0.0,1.0,0.0,3.0,22:46,13.9,0
19,201574,Jason Thompson,2.0,1.0,4.0,0.0,0.0,1.0,5.0,0.0,1.0,0.0,3.0,1.0,-6.0,23:10,0.3,0
20,202738,Isaiah Thomas,26.0,8.0,17.0,9.0,9.0,2.0,0.0,1.0,5.0,0.0,2.0,4.0,2.0,28:12,18.4,0
21,101236,Chuck Hayes,0.0,0.0,1.0,0.0,0.0,0.0,0.0,2.0,1.0,0.0,2.0,0.0,4.0,12:43,1.2,0
22,2566,Travis Outlaw,2.0,0.0,2.0,2.0,2.0,1.0,2.0,0.0,1.0,1.0,1.0,1.0,0.0,13:58,1.9,0
23,202690,Jimmer Fredette,,,,,,,,,,,,,,,0.0,0
24,201601,Luc Mbah a Moute,,,,,,,,,,,,,,,0.0,0
25,203492,Ray McCallum,,,,,,,,,,,,,,,0.0,0
