,id,name,PTS,FG,FGA,FTA,FT,OREB,DREB,STL,AST,BLK,PF,TO,PLUS_MINUS,MIN,GS,WIN
0,201162,Jared Dudley,16.0,7.0,10.0,0.0,0.0,0.0,1.0,0.0,3.0,0.0,3.0,0.0,30.0,29:30,13.0,1
1,201933,Blake Griffin,16.0,6.0,13.0,4.0,4.0,1.0,8.0,2.0,5.0,1.0,2.0,3.0,22.0,39:01,14.8,1
2,201599,DeAndre Jordan,15.0,6.0,6.0,6.0,3.0,2.0,8.0,0.0,1.0,2.0,4.0,1.0,15.0,31:02,15.3,1
3,2037,Jamal Crawford,17.0,6.0,14.0,4.0,4.0,0.0,1.0,1.0,3.0,0.0,2.0,1.0,22.0,39:20,11.2,1
4,101108,Chris Paul,38.0,11.0,14.0,11.0,11.0,1.0,2.0,3.0,12.0,0.0,2.0,2.0,24.0,32:49,42.5,1
5,2584,Willie Green,0.0,0.0,3.0,0.0,0.0,0.0,0.0,0.0,2.0,0.0,2.0,0.0,-17.0,21:29,-1.5,1
6,1712,Antawn Jamison,5.0,2.0,5.0,0.0,0.0,0.0,2.0,0.0,0.0,0.0,1.0,0.0,-2.0,13:24,2.5,1
7,201954,Darren Collison,5.0,1.0,3.0,4.0,3.0,1.0,2.0,2.0,0.0,0.0,2.0,0.0,-1.0,18:18,5.4,1
8,1536,Stephen Jackson,1.0,0.0,0.0,2.0,1.0,0.0,3.0,1.0,1.0,0.0,1.0,2.0,1.0,7:57,0.8,1
9,200797,Ryan Hollins,0.0,0.0,0.0,0.0,0.0,0.0,2.0,0.0,0.0,0.0,1.0,0.0,-7.0,4:34,0.2,1
10,201957,Byron Mullens,0.0,0.0,1.0,0.0,0.0,0.0,0.0,0.0,0.0,0.0,0.0,1.0,-7.0,2:36,-1.7,1
11,2440,Matt Barnes,,,,,,,,,,,,,,,0.0,1
12,203493,Reggie Bullock,,,,,,,,,,,,,,,0.0,1
13,101110,Martell Webster,12.0,4.0,9.0,6.0,4.0,0.0,1.0,0.0,0.0,0.0,2.0,0.0,-22.0,32:51,6.0,0
14,202344,Trevor Booker,12.0,6.0,11.0,0.0,0.0,2.0,5.0,0.0,0.0,0.0,5.0,0.0,-10.0,26:33,7.6,0
15,101162,Marcin Gortat,6.0,3.0,10.0,0.0,0.0,2.0,5.0,0.0,1.0,1.0,0.0,1.0,-21.0,28:02,3.5,0
16,2772,Trevor Ariza,11.0,3.0,10.0,5.0,4.0,1.0,2.0,2.0,5.0,2.0,3.0,2.0,-15.0,40:37,9.8,0
17,202322,John Wall,24.0,10.0,16.0,5.0,4.0,1.0,2.0,1.0,12.0,0.0,5.0,6.0,-15.0,40:37,19.1,0
18,202686,Jan Vesely,4.0,2.0,3.0,2.0,0.0,0.0,3.0,2.0,0.0,0.0,1.0,3.0,2.0,12:25,1.4,0
19,203318,Glen Rice,6.0,3.0,5.0,0.0,0.0,1.0,2.0,1.0,0.0,0.0,1.0,0.0,5.0,17:35,5.6,0
20,202066,Garrett Temple,0.0,0.0,0.0,0.0,0.0,0.0,0.0,0.0,1.0,0.0,2.0,1.0,-5.0,4:01,-1.1,0
21,203490,Otto Porter Jr.,0.0,0.0,2.0,0.0,0.0,1.0,1.0,0.0,0.0,0.0,3.0,0.0,-8.0,10:30,-1.6,0
22,202338,Kevin Seraphin,16.0,7.0,12.0,2.0,2.0,1.0,2.0,0.0,1.0,0.0,3.0,0.0,1.0,20:05,11.2,0
23,201953,Eric Maynor,0.0,0.0,0.0,0.0,0.0,0.0,0.0,0.0,1.0,0.0,0.0,0.0,4.0,3:22,0.7,0
24,202698,Chris Singleton,6.0,2.0,3.0,0.0,0.0,0.0,1.0,0.0,0.0,0.0,1.0,0.0,4.0,3:22,4.6,0
25,2403,Nene,,,,,,,,,,,,,,,0.0,0
