,id,name,PTS,FG,FGA,FTA,FT,OREB,DREB,STL,AST,BLK,PF,TO,PLUS_MINUS,MIN,GS,WIN
0,2210,Richard Jefferson,2.0,1.0,7.0,0.0,0.0,0.0,3.0,0.0,2.0,0.0,3.0,3.0,-21.0,23:18,-4.4,0
1,202324,Derrick Favors,6.0,2.0,8.0,2.0,2.0,1.0,4.0,1.0,0.0,0.0,3.0,1.0,-18.0,24:29,1.9,0
2,202683,Enes Kanter,21.0,9.0,12.0,4.0,3.0,7.0,1.0,0.0,3.0,0.0,3.0,7.0,-11.0,35:01,14.9,0
3,202330,Gordon Hayward,22.0,8.0,16.0,5.0,5.0,1.0,4.0,0.0,4.0,0.0,0.0,2.0,-25.0,31:27,16.7,0
4,2224,Jamaal Tinsley,3.0,1.0,5.0,0.0,0.0,0.0,1.0,0.0,0.0,0.0,0.0,1.0,-14.0,10:39,-0.8,0
5,101249,John Lucas III,9.0,4.0,12.0,0.0,0.0,1.0,6.0,1.0,3.0,0.0,1.0,3.0,1.0,34:15,4.4,0
6,202692,Alec Burks,13.0,4.0,13.0,9.0,5.0,3.0,2.0,3.0,4.0,0.0,3.0,1.0,3.0,27:42,10.2,0
7,201575,Brandon Rush,0.0,0.0,0.0,0.0,0.0,0.0,0.0,0.0,1.0,0.0,2.0,2.0,-1.0,9:46,-2.1,0
8,203497,Rudy Gobert,0.0,0.0,4.0,2.0,0.0,5.0,6.0,0.0,0.0,2.0,6.0,0.0,-3.0,15:38,0.7,0
9,200839,Mike Harris,9.0,1.0,3.0,8.0,7.0,1.0,1.0,1.0,0.0,1.0,2.0,0.0,1.0,15:45,8.8,0
10,203546,Ian Clark,3.0,1.0,2.0,0.0,0.0,0.0,0.0,0.0,0.0,0.0,1.0,0.0,8.0,12:00,1.6,0
11,101107,Marvin Williams,,,,,,,,,,,,,,,0.0,0
12,1718,Paul Pierce,11.0,4.0,7.0,3.0,2.0,0.0,5.0,2.0,4.0,0.0,0.0,1.0,26.0,22:56,12.6,1
13,708,Kevin Garnett,4.0,2.0,5.0,0.0,0.0,0.0,4.0,0.0,1.0,0.0,1.0,1.0,8.0,13:36,1.8,1
14,201572,Brook Lopez,27.0,10.0,13.0,9.0,7.0,2.0,5.0,2.0,2.0,1.0,2.0,1.0,22.0,25:00,26.3,1
15,2207,Joe Johnson,12.0,5.0,9.0,0.0,0.0,0.0,3.0,2.0,2.0,0.0,4.0,1.0,23.0,25:29,9.4,1
16,101114,Deron Williams,10.0,4.0,6.0,1.0,1.0,0.0,1.0,2.0,8.0,0.0,2.0,2.0,21.0,24:24,12.5,1
17,101154,Andray Blatche,10.0,4.0,10.0,4.0,2.0,1.0,2.0,1.0,0.0,0.0,2.0,3.0,16.0,22:24,2.3,1
18,2733,Shaun Livingston,11.0,3.0,6.0,6.0,5.0,1.0,2.0,0.0,3.0,1.0,2.0,1.0,-5.0,23:36,9.9,1
19,1905,Andrei Kirilenko,6.0,3.0,3.0,1.0,0.0,3.0,2.0,0.0,0.0,0.0,1.0,1.0,0.0,16:53,6.0,1
20,2501,Reggie Evans,5.0,2.0,4.0,4.0,1.0,1.0,2.0,0.0,0.0,1.0,5.0,1.0,-7.0,13:46,0.8,1
21,1891,Jason Terry,0.0,0.0,0.0,0.0,0.0,0.0,0.0,0.0,2.0,0.0,2.0,0.0,1.0,10:31,0.6,1
22,203486,Mason Plumlee,5.0,2.0,6.0,2.0,1.0,3.0,1.0,0.0,0.0,0.0,4.0,2.0,-9.0,17:25,0.0,1
23,101187,Alan Anderson,2.0,1.0,4.0,0.0,0.0,0.0,0.0,2.0,1.0,0.0,1.0,0.0,-8.0,12:00,1.9,1
24,203141,Mirza Teletovic,1.0,0.0,5.0,2.0,1.0,0.0,1.0,0.0,0.0,0.0,1.0,1.0,-8.0,12:00,-4.0,1
