,id,name,PTS,FG,FGA,FTA,FT,OREB,DREB,STL,AST,BLK,PF,TO,PLUS_MINUS,MIN,GS,WIN
0,2594,Kyle Korver,17.0,6.0,9.0,1.0,1.0,0.0,2.0,1.0,1.0,0.0,4.0,1.0,-4.0,31:17,12.8,0
1,201960,DeMarre Carroll,24.0,8.0,11.0,6.0,5.0,3.0,4.0,1.0,0.0,1.0,3.0,2.0,-4.0,37:07,20.9,0
2,1882,Elton Brand,10.0,5.0,9.0,0.0,0.0,3.0,4.0,1.0,5.0,5.0,5.0,3.0,-7.0,34:19,12.0,0
3,202714,Shelvin Mack,6.0,1.0,5.0,4.0,3.0,0.0,3.0,0.0,8.0,0.0,2.0,4.0,-6.0,30:33,4.2,0
4,201952,Jeff Teague,26.0,10.0,18.0,7.0,6.0,0.0,3.0,2.0,3.0,0.0,2.0,3.0,5.0,32:30,18.2,0
5,101150,Lou Williams,13.0,5.0,13.0,4.0,2.0,0.0,3.0,0.0,4.0,0.0,1.0,1.0,-14.0,32:22,7.4,0
6,203118,Mike Scott,0.0,0.0,6.0,0.0,0.0,0.0,1.0,0.0,1.0,0.0,3.0,1.0,-10.0,17:11,-5.4,0
7,203471,Dennis Schroder,4.0,2.0,3.0,0.0,0.0,0.0,3.0,1.0,1.0,0.0,2.0,2.0,-14.0,17:18,2.5,0
8,201858,Cartier Martin,4.0,1.0,2.0,2.0,2.0,0.0,0.0,0.0,0.0,0.0,3.0,1.0,-1.0,6:53,0.8,0
9,202354,Dexter Pittman,0.0,0.0,0.0,0.0,0.0,0.0,0.0,0.0,0.0,0.0,0.0,0.0,0.0,0:30,0.0,0
10,202970,Gustavo Ayon,,,,,,,,,,,,,,,0.0,0
11,200794,Paul Millsap,,,,,,,,,,,,,,,0.0,0
12,201145,Jeff Green,17.0,7.0,15.0,2.0,2.0,1.0,7.0,1.0,0.0,0.0,3.0,3.0,5.0,40:05,8.9,1
13,101138,Brandon Bass,14.0,5.0,11.0,4.0,4.0,2.0,6.0,1.0,1.0,1.0,2.0,3.0,-4.0,27:08,10.1,1
14,2743,Kris Humphries,10.0,4.0,8.0,2.0,2.0,2.0,3.0,1.0,0.0,0.0,2.0,0.0,-5.0,16:57,8.5,1
15,201573,Jerryd Bayless,29.0,12.0,21.0,0.0,0.0,1.0,1.0,1.0,2.0,0.0,5.0,2.0,7.0,35:34,18.5,1
16,200765,Rajon Rondo,22.0,8.0,14.0,6.0,5.0,0.0,0.0,3.0,11.0,0.0,4.0,3.0,9.0,35:36,21.1,1
17,2222,Gerald Wallace,12.0,4.0,8.0,5.0,4.0,3.0,7.0,0.0,4.0,0.0,3.0,2.0,25.0,32:43,11.4,1
18,203187,Chris Johnson,5.0,1.0,7.0,2.0,2.0,3.0,4.0,1.0,2.0,0.0,3.0,1.0,10.0,25:27,4.0,1
19,201202,Joel Anthony,4.0,2.0,3.0,0.0,0.0,1.0,1.0,1.0,0.0,0.0,1.0,0.0,9.0,8:09,4.3,1
20,203515,Phil Pressey,2.0,0.0,3.0,2.0,2.0,1.0,3.0,1.0,4.0,0.0,1.0,0.0,-1.0,18:21,4.9,1
21,203482,Kelly Olynyk,,,,,,,,,,,,,,,0.0,1
22,203096,Jared Sullinger,,,,,,,,,,,,,,,0.0,1
