,id,name,PTS,FG,FGA,FTA,FT,OREB,DREB,STL,AST,BLK,PF,TO,PLUS_MINUS,MIN,GS,WIN
0,202323,Evan Turner,12.0,6.0,13.0,0.0,0.0,0.0,4.0,3.0,2.0,0.0,1.0,2.0,-23.0,32:05,8.5,0
1,201152,Thaddeus Young,12.0,5.0,15.0,2.0,2.0,2.0,0.0,3.0,0.0,0.0,2.0,4.0,-31.0,28:17,3.1,0
2,201150,Spencer Hawes,6.0,3.0,10.0,1.0,0.0,0.0,6.0,2.0,4.0,0.0,4.0,0.0,-20.0,25:23,4.8,0
3,202341,James Anderson,2.0,1.0,6.0,0.0,0.0,0.0,1.0,0.0,2.0,0.0,2.0,1.0,-42.0,25:43,-1.9,0
4,203487,Michael Carter-Williams,24.0,8.0,18.0,10.0,7.0,1.0,3.0,0.0,3.0,0.0,3.0,4.0,-17.0,31:04,11.9,0
5,202730,Lavoy Allen,4.0,2.0,5.0,0.0,0.0,1.0,5.0,1.0,1.0,1.0,3.0,0.0,-23.0,24:48,4.7,0
6,202343,Elliot Williams,7.0,2.0,6.0,2.0,2.0,0.0,3.0,1.0,1.0,0.0,3.0,2.0,-16.0,25:47,3.0,0
7,203100,Tony Wroten,9.0,4.0,12.0,2.0,1.0,3.0,2.0,0.0,1.0,0.0,0.0,4.0,-28.0,25:50,1.2,0
8,203102,Arnett Moultrie,2.0,1.0,3.0,0.0,0.0,0.0,4.0,0.0,0.0,1.0,2.0,0.0,-12.0,17:32,1.4,0
9,203485,Lorenzo Brown,2.0,1.0,2.0,0.0,0.0,0.0,3.0,0.0,1.0,0.0,1.0,0.0,-3.0,3:31,2.2,0
10,203138,Hollis Thompson,,,,,,,,,,,,,,,0.0,0
11,2738,Andre Iguodala,11.0,4.0,9.0,2.0,2.0,2.0,5.0,2.0,6.0,2.0,2.0,1.0,39.0,33:14,15.0,1
12,203110,Draymond Green,11.0,3.0,8.0,4.0,4.0,1.0,10.0,0.0,1.0,4.0,3.0,1.0,25.0,28:10,11.6,1
13,101135,David Lee,13.0,5.0,8.0,4.0,3.0,3.0,10.0,1.0,4.0,1.0,3.0,2.0,40.0,30:53,15.4,1
14,202691,Klay Thompson,6.0,2.0,9.0,1.0,1.0,0.0,5.0,0.0,3.0,1.0,1.0,0.0,29.0,23:07,4.4,1
15,201939,Stephen Curry,23.0,7.0,11.0,3.0,3.0,2.0,3.0,1.0,8.0,0.0,3.0,7.0,34.0,27:17,18.8,1
16,203084,Harrison Barnes,11.0,5.0,9.0,0.0,0.0,0.0,1.0,1.0,0.0,0.0,1.0,0.0,25.0,23:48,7.6,1
17,201578,Marreese Speights,32.0,12.0,15.0,8.0,7.0,3.0,5.0,0.0,1.0,3.0,3.0,3.0,20.0,26:17,28.1,1
18,202348,Jordan Crawford,2.0,1.0,6.0,0.0,0.0,0.0,5.0,2.0,1.0,0.0,1.0,3.0,11.0,25:08,-1.0,1
19,203145,Kent Bazemore,8.0,3.0,7.0,2.0,1.0,0.0,1.0,1.0,0.0,0.0,2.0,0.0,-4.0,8:26,4.4,1
20,202705,MarShon Brooks,5.0,1.0,5.0,4.0,3.0,1.0,1.0,0.0,0.0,0.0,0.0,0.0,-2.0,7:20,2.5,1
21,203136,Ognjen Kuzmic,1.0,0.0,1.0,2.0,1.0,1.0,1.0,1.0,0.0,0.0,1.0,1.0,-2.0,6:19,0.5,1
22,203517,Nemanja Nedovic,,,,,,,,,,,,,,,0.0,1
