,id,name,PTS,FG,FGA,FTA,FT,OREB,DREB,STL,AST,BLK,PF,TO,PLUS_MINUS,MIN,GS,WIN
0,200782,P.J. Tucker,8.0,3.0,6.0,2.0,1.0,0.0,5.0,1.0,0.0,0.0,2.0,2.0,-16.0,29:28,4.3,0
1,101112,Channing Frye,7.0,3.0,9.0,0.0,0.0,4.0,2.0,0.0,0.0,0.0,3.0,1.0,-10.0,19:23,3.1,0
2,203101,Miles Plumlee,3.0,1.0,4.0,2.0,1.0,2.0,4.0,0.0,2.0,0.0,1.0,2.0,-11.0,18:21,1.8,0
3,201609,Goran Dragic,13.0,6.0,12.0,1.0,1.0,0.0,1.0,3.0,2.0,0.0,5.0,2.0,-20.0,25:01,7.7,0
4,202339,Eric Bledsoe,10.0,4.0,10.0,2.0,1.0,1.0,4.0,1.0,5.0,0.0,4.0,2.0,-13.0,23:13,7.0,0
5,101123,Gerald Green,17.0,6.0,11.0,3.0,2.0,0.0,0.0,2.0,0.0,0.0,2.0,1.0,-13.0,30:43,11.5,0
6,202397,Ish Smith,4.0,2.0,4.0,0.0,0.0,1.0,1.0,1.0,6.0,0.0,0.0,2.0,4.0,22:17,6.2,0
7,202693,Markieff Morris,18.0,8.0,14.0,5.0,2.0,0.0,3.0,1.0,1.0,1.0,3.0,1.0,-5.0,26:12,11.3,0
8,202694,Marcus Morris Sr.,6.0,2.0,4.0,4.0,2.0,2.0,2.0,0.0,2.0,0.0,1.0,1.0,-1.0,19:32,5.2,0
9,203458,Alex Len,0.0,0.0,0.0,0.0,0.0,0.0,2.0,0.0,0.0,0.0,1.0,1.0,3.0,7:46,-0.8,0
10,203462,Archie Goodwin,6.0,2.0,3.0,3.0,2.0,0.0,1.0,0.0,0.0,1.0,1.0,1.0,12.0,11:53,3.9,0
11,202091,Dionte Christmas,2.0,0.0,3.0,4.0,2.0,2.0,1.0,0.0,0.0,0.0,0.0,0.0,2.0,3:13,0.8,0
12,101183,Shavlik Randolph,1.0,0.0,0.0,2.0,1.0,0.0,2.0,0.0,0.0,0.0,1.0,0.0,3.0,2:58,0.8,0
13,2207,Joe Johnson,19.0,7.0,11.0,2.0,2.0,1.0,4.0,2.0,5.0,1.0,1.0,0.0,20.0,29:29,21.8,1
14,1718,Paul Pierce,10.0,4.0,7.0,1.0,0.0,1.0,4.0,0.0,2.0,0.0,3.0,0.0,23.0,27:44,8.4,1
15,203486,Mason Plumlee,14.0,5.0,6.0,7.0,4.0,1.0,10.0,2.0,1.0,0.0,1.0,3.0,16.0,27:17,13.6,1
16,2733,Shaun Livingston,12.0,6.0,11.0,0.0,0.0,0.0,1.0,1.0,5.0,1.0,2.0,4.0,22.0,31:50,7.4,1
17,101114,Deron Williams,28.0,11.0,13.0,5.0,3.0,0.0,3.0,3.0,4.0,0.0,4.0,3.0,16.0,33:11,24.6,1
18,101154,Andray Blatche,7.0,3.0,5.0,2.0,1.0,1.0,4.0,0.0,2.0,0.0,2.0,1.0,-3.0,20:43,5.8,1
19,203268,Jorge Gutierrez,0.0,0.0,1.0,0.0,0.0,0.0,1.0,1.0,1.0,0.0,1.0,0.0,-1.0,7:45,0.9,1
20,1905,Andrei Kirilenko,2.0,1.0,2.0,2.0,0.0,1.0,1.0,1.0,2.0,1.0,4.0,1.0,-7.0,17:18,1.7,1
21,101187,Alan Anderson,7.0,2.0,6.0,2.0,2.0,0.0,0.0,1.0,0.0,0.0,2.0,1.0,-7.0,18:31,2.8,1
22,201977,Marcus Thornton,8.0,2.0,8.0,4.0,4.0,1.0,2.0,1.0,1.0,0.0,2.0,2.0,-8.0,20:16,3.4,1
23,203104,Marquis Teague,1.0,0.0,0.0,2.0,1.0,0.0,0.0,0.0,0.0,0.0,0.0,1.0,-3.0,2:58,-0.4,1
24,2215,Jason Collins,0.0,0.0,0.0,0.0,0.0,0.0,0.0,0.0,0.0,0.0,2.0,0.0,-3.0,2:58,-0.8,1
25,203141,Mirza Teletovic,,,,,,,,,,,,,,,0.0,1
