,id,name,PTS,FG,FGA,FTA,FT,OREB,DREB,STL,AST,BLK,PF,TO,PLUS_MINUS,MIN,GS,WIN
0,201587,Nicolas Batum,6.0,3.0,9.0,0.0,0.0,1.0,8.0,1.0,3.0,1.0,2.0,6.0,-8.0,34:54,1.0,0
1,2748,Dorell Wright,8.0,3.0,11.0,0.0,0.0,0.0,8.0,0.0,1.0,0.0,1.0,2.0,-5.0,26:29,2.2,0
2,201577,Robin Lopez,20.0,9.0,13.0,3.0,2.0,9.0,4.0,0.0,1.0,2.0,3.0,0.0,-16.0,39:41,22.5,0
3,202083,Wesley Matthews,18.0,5.0,13.0,4.0,4.0,0.0,1.0,0.0,3.0,0.0,2.0,1.0,-4.0,35:01,11.5,0
4,203081,Damian Lillard,17.0,5.0,17.0,8.0,7.0,0.0,0.0,1.0,2.0,0.0,3.0,3.0,-10.0,36:00,4.9,0
5,2590,Mo Williams,3.0,1.0,6.0,0.0,0.0,2.0,1.0,1.0,3.0,0.0,1.0,1.0,-15.0,20:09,2.6,0
6,203115,Will Barton,7.0,3.0,8.0,2.0,1.0,1.0,8.0,1.0,4.0,1.0,0.0,0.0,3.0,15:42,9.8,0
7,203080,Thomas Robinson,2.0,1.0,4.0,0.0,0.0,2.0,3.0,0.0,0.0,0.0,2.0,2.0,-1.0,16:02,-0.9,0
8,201964,Victor Claver,2.0,1.0,4.0,0.0,0.0,1.0,1.0,0.0,0.0,0.0,0.0,0.0,2.0,13:48,0.6,0
9,203468,CJ McCollum,0.0,0.0,0.0,0.0,0.0,0.0,0.0,0.0,0.0,0.0,0.0,0.0,2.0,1:07,0.0,0
10,203086,Meyers Leonard,2.0,1.0,1.0,0.0,0.0,0.0,0.0,0.0,0.0,0.0,0.0,0.0,2.0,1:07,1.7,0
11,2248,Earl Watson,,,,,,,,,,,,,,,0.0,0
12,203090,Maurice Harkless,5.0,2.0,5.0,0.0,0.0,1.0,4.0,3.0,2.0,0.0,0.0,2.0,8.0,25:18,6.6,1
13,203124,Kyle O'Quinn,6.0,3.0,8.0,0.0,0.0,3.0,3.0,1.0,0.0,1.0,2.0,0.0,12.0,22:41,5.5,1
14,202696,Nikola Vucevic,22.0,10.0,18.0,3.0,2.0,3.0,7.0,2.0,1.0,1.0,1.0,1.0,10.0,33:04,19.2,1
15,201167,Arron Afflalo,10.0,3.0,9.0,5.0,4.0,0.0,3.0,0.0,5.0,0.0,2.0,5.0,9.0,33:56,3.1,1
16,203506,Victor Oladipo,13.0,5.0,16.0,3.0,3.0,1.0,4.0,3.0,6.0,0.0,2.0,3.0,13.0,37:48,9.1,1
17,202699,Tobias Harris,25.0,10.0,15.0,4.0,3.0,6.0,5.0,0.0,0.0,1.0,1.0,0.0,1.0,33:17,24.1,1
18,203117,Doron Lamb,11.0,3.0,4.0,5.0,2.0,1.0,1.0,0.0,1.0,0.0,3.0,1.0,2.0,22:42,7.7,1
19,202734,E'Twaun Moore,1.0,0.0,3.0,2.0,1.0,1.0,3.0,1.0,1.0,0.0,4.0,0.0,1.0,14:04,0.2,1
20,203094,Andrew Nicholson,2.0,1.0,3.0,0.0,0.0,0.0,2.0,0.0,1.0,0.0,0.0,0.0,-3.0,6:58,1.6,1
21,101179,Ronnie Price,0.0,0.0,4.0,0.0,0.0,0.0,2.0,0.0,2.0,0.0,1.0,1.0,-3.0,10:12,-2.2,1
22,203473,Dewayne Dedmon,,,,,,,,,,,,,,,0.0,1
23,101131,Jason Maxiell,,,,,,,,,,,,,,,0.0,1
24,2749,Jameer Nelson,,,,,,,,,,,,,,,0.0,1
