,id,name,PTS,FG,FGA,FTA,FT,OREB,DREB,STL,AST,BLK,PF,TO,PLUS_MINUS,MIN,GS,WIN
0,203114,Khris Middleton,9.0,3.0,9.0,2.0,2.0,0.0,5.0,3.0,3.0,2.0,1.0,1.0,-6.0,30:27,10.5,0
1,101141,Ersan Ilyasova,0.0,0.0,6.0,0.0,0.0,0.0,4.0,0.0,0.0,0.0,0.0,0.0,-6.0,12:28,-3.0,0
2,2585,Zaza Pachulia,6.0,2.0,4.0,2.0,2.0,0.0,3.0,1.0,3.0,0.0,2.0,1.0,-3.0,16:57,6.2,0
3,201564,O.J. Mayo,5.0,2.0,11.0,0.0,0.0,0.0,4.0,0.0,0.0,0.0,3.0,2.0,-18.0,31:07,-3.9,0
4,202688,Brandon Knight,17.0,7.0,11.0,3.0,2.0,0.0,3.0,2.0,2.0,0.0,2.0,2.0,-7.0,30:13,13.2,0
5,203507,Giannis Antetokounmpo,4.0,2.0,3.0,1.0,0.0,0.0,2.0,1.0,1.0,1.0,3.0,0.0,-1.0,13:25,4.1,0
6,202390,Gary Neal,10.0,4.0,11.0,0.0,0.0,1.0,0.0,1.0,1.0,0.0,1.0,0.0,-11.0,19:35,5.9,0
7,203089,John Henson,7.0,3.0,9.0,2.0,1.0,2.0,3.0,0.0,3.0,6.0,3.0,0.0,-15.0,24:00,8.9,0
8,202327,Ekpe Udoh,10.0,2.0,8.0,8.0,6.0,3.0,3.0,0.0,2.0,0.0,3.0,1.0,-8.0,24:46,6.6,0
9,2557,Luke Ridnour,2.0,1.0,6.0,0.0,0.0,0.0,2.0,1.0,0.0,0.0,2.0,0.0,-10.0,13:45,-1.0,0
10,203489,Nate Wolters,6.0,2.0,5.0,2.0,2.0,1.0,1.0,1.0,2.0,0.0,1.0,1.0,4.0,19:46,5.3,0
11,203545,Miroslav Raduljica,0.0,0.0,1.0,0.0,0.0,0.0,1.0,0.0,0.0,0.0,1.0,1.0,1.0,3:31,-1.8,0
12,2406,Caron Butler,,,,,,,,,,,,,,,0.0,0
13,203106,Jeffery Taylor,4.0,2.0,7.0,2.0,0.0,0.0,0.0,0.0,2.0,0.0,1.0,0.0,10.0,28:00,0.1,1
14,201177,Josh McRoberts,2.0,1.0,4.0,0.0,0.0,0.0,6.0,2.0,4.0,0.0,3.0,0.0,4.0,28:57,5.0,1
15,2744,Al Jefferson,23.0,11.0,18.0,3.0,1.0,6.0,6.0,1.0,3.0,0.0,5.0,0.0,9.0,25:35,21.1,1
16,201945,Gerald Henderson,19.0,7.0,13.0,6.0,4.0,1.0,5.0,1.0,3.0,0.0,2.0,5.0,9.0,38:33,11.4,1
17,202689,Kemba Walker,10.0,3.0,10.0,4.0,3.0,0.0,5.0,0.0,2.0,0.0,1.0,6.0,2.0,32:25,0.3,1
18,202687,Bismack Biyombo,7.0,3.0,4.0,2.0,1.0,4.0,10.0,0.0,0.0,1.0,1.0,2.0,10.0,19:39,9.1,1
19,201196,Ramon Sessions,11.0,3.0,6.0,6.0,4.0,2.0,2.0,0.0,3.0,2.0,2.0,1.0,19.0,22:15,10.9,1
20,203469,Cody Zeller,7.0,3.0,5.0,1.0,1.0,2.0,2.0,0.0,1.0,1.0,1.0,0.0,12.0,19:03,7.7,1
21,2732,Ben Gordon,8.0,2.0,8.0,4.0,4.0,0.0,1.0,1.0,2.0,0.0,1.0,2.0,14.0,17:15,3.5,1
22,2457,Jannero Pargo,1.0,0.0,1.0,3.0,1.0,0.0,0.0,0.0,0.0,0.0,0.0,1.0,-3.0,2:46,-1.5,1
23,203480,James Southerland,0.0,0.0,3.0,0.0,0.0,0.0,0.0,0.0,0.0,0.0,0.0,0.0,-3.0,2:46,-2.1,1
24,202399,Jeff Adrien,0.0,0.0,0.0,0.0,0.0,1.0,1.0,0.0,0.0,0.0,0.0,0.0,-3.0,2:46,1.0,1
25,201229,Anthony Tolliver,,,,,,,,,,,,,,,0.0,1
