,id,name,PTS,FG,FGA,FTA,FT,OREB,DREB,STL,AST,BLK,PF,TO,PLUS_MINUS,MIN,GS,WIN
0,201147,Corey Brewer,4.0,2.0,3.0,2.0,0.0,0.0,0.0,0.0,1.0,0.0,4.0,1.0,-5.0,19:14,0.0,0
1,201567,Kevin Love,16.0,7.0,19.0,2.0,1.0,4.0,8.0,1.0,3.0,0.0,5.0,1.0,-5.0,32:24,10.4,0
2,201593,Nikola Pekovic,13.0,6.0,12.0,2.0,1.0,3.0,3.0,0.0,1.0,2.0,2.0,1.0,-9.0,25:16,9.9,0
3,2755,Kevin Martin,18.0,7.0,14.0,2.0,2.0,0.0,1.0,0.0,1.0,1.0,3.0,3.0,-1.0,32:31,8.5,0
4,201937,Ricky Rubio,6.0,2.0,6.0,2.0,2.0,0.0,4.0,2.0,4.0,0.0,0.0,0.0,1.0,22:58,8.6,0
5,101142,Ronny Turiaf,6.0,3.0,4.0,2.0,0.0,4.0,6.0,0.0,0.0,0.0,2.0,1.0,4.0,22:44,6.4,0
6,201978,Chase Budinger,0.0,0.0,4.0,0.0,0.0,0.0,0.0,0.0,1.0,0.0,1.0,2.0,-7.0,17:21,-4.5,0
7,200826,J.J. Barea,14.0,5.0,13.0,4.0,4.0,0.0,4.0,1.0,5.0,0.0,2.0,1.0,-6.0,25:02,10.8,0
8,203144,Alexey Shved,2.0,0.0,0.0,2.0,2.0,0.0,0.0,0.0,0.0,0.0,0.0,0.0,1.0,4:35,2.0,0
9,201967,Dante Cunningham,8.0,3.0,3.0,2.0,2.0,1.0,3.0,0.0,0.0,0.0,0.0,0.0,0.0,15:36,8.7,0
10,201601,Luc Mbah a Moute,2.0,1.0,2.0,0.0,0.0,0.0,3.0,0.0,0.0,0.0,1.0,0.0,0.0,18:02,1.5,0
11,201985,AJ Price,0.0,0.0,2.0,0.0,0.0,0.0,0.0,0.0,0.0,0.0,1.0,0.0,2.0,4:18,-1.8,0
12,203498,Shabazz Muhammad,,,,,,,,,,,,,,,0.0,0
13,203082,Terrence Ross,16.0,6.0,14.0,4.0,3.0,0.0,4.0,2.0,1.0,1.0,3.0,1.0,7.0,39:04,10.6,1
14,101161,Amir Johnson,19.0,7.0,11.0,6.0,4.0,0.0,2.0,0.0,1.0,1.0,5.0,1.0,2.0,32:28,12.3,1
15,202685,Jonas Valanciunas,4.0,2.0,6.0,0.0,0.0,4.0,7.0,1.0,3.0,0.0,3.0,2.0,18.0,23:00,5.4,1
16,201942,DeMar DeRozan,15.0,5.0,17.0,5.0,4.0,1.0,4.0,2.0,5.0,0.0,3.0,3.0,3.0,40:19,7.9,1
17,200768,Kyle Lowry,24.0,7.0,12.0,5.0,4.0,0.0,5.0,1.0,6.0,0.0,3.0,2.0,5.0,34:18,21.5,1
18,101236,Chuck Hayes,0.0,0.0,1.0,0.0,0.0,3.0,6.0,0.0,1.0,0.0,1.0,1.0,-10.0,19:17,2.5,1
19,2422,John Salmons,2.0,1.0,2.0,0.0,0.0,0.0,1.0,0.0,3.0,0.0,0.0,0.0,2.0,10:29,3.4,1
20,202349,Greivis Vasquez,3.0,1.0,6.0,0.0,0.0,0.0,1.0,0.0,5.0,0.0,1.0,0.0,0.0,19:07,2.6,1
21,202335,Patrick Patterson,11.0,5.0,9.0,0.0,0.0,4.0,1.0,0.0,1.0,0.0,2.0,0.0,0.0,21:15,9.7,1
22,202361,Landry Fields,0.0,0.0,0.0,0.0,0.0,0.0,0.0,0.0,0.0,0.0,0.0,1.0,-2.0,0:43,-1.0,1
23,202779,Dwight Buycks,,,,,,,,,,,,,,,0.0,1
24,200779,Steve Novak,,,,,,,,,,,,,,,0.0,1
25,202933,Julyan Stone,,,,,,,,,,,,,,,0.0,1
