,id,name,PTS,FG,FGA,FTA,FT,OREB,DREB,STL,AST,BLK,PF,TO,PLUS_MINUS,MIN,GS,WIN
0,1717,Dirk Nowitzki,21.0,7.0,17.0,8.0,6.0,0.0,7.0,2.0,3.0,4.0,1.0,1.0,10.0,32:06,18.7,1
1,1890,Shawn Marion,10.0,4.0,8.0,0.0,0.0,1.0,4.0,1.0,1.0,1.0,1.0,1.0,-7.0,35:20,8.9,1
2,201971,DeJuan Blair,12.0,6.0,10.0,3.0,0.0,0.0,4.0,0.0,0.0,1.0,4.0,0.0,1.0,29:11,6.5,1
3,101181,Jose Calderon,12.0,4.0,11.0,1.0,1.0,0.0,0.0,2.0,4.0,0.0,0.0,1.0,-1.0,31:27,9.7,1
4,101145,Monta Ellis,14.0,5.0,13.0,6.0,4.0,0.0,6.0,3.0,10.0,0.0,0.0,1.0,-3.0,39:18,16.9,1
5,1713,Vince Carter,15.0,5.0,9.0,2.0,2.0,2.0,3.0,0.0,4.0,0.0,3.0,1.0,7.0,24:06,13.6,1
6,203109,Jae Crowder,7.0,2.0,6.0,2.0,2.0,1.0,2.0,0.0,0.0,0.0,3.0,2.0,6.0,14:44,1.7,1
7,2223,Samuel Dalembert,6.0,3.0,6.0,0.0,0.0,4.0,3.0,0.0,1.0,1.0,1.0,0.0,2.0,18:49,7.7,1
8,203539,Gal Mekel,3.0,1.0,4.0,0.0,0.0,0.0,0.0,0.0,1.0,0.0,2.0,0.0,5.0,10:43,0.5,1
9,201961,Wayne Ellington,0.0,0.0,2.0,0.0,0.0,0.0,1.0,0.0,1.0,1.0,1.0,0.0,-5.0,4:16,-0.1,1
10,203108,Bernard James,,,,,,,,,,,,,,,0.0,1
11,203499,Shane Larkin,,,,,,,,,,,,,,,0.0,1
12,202329,Al-Farouq Aminu,16.0,8.0,17.0,0.0,0.0,4.0,16.0,3.0,1.0,0.0,1.0,3.0,1.0,33:34,15.2,0
13,201583,Ryan Anderson,18.0,6.0,19.0,5.0,5.0,7.0,7.0,0.0,1.0,0.0,2.0,1.0,10.0,41:51,13.0,0
14,201160,Jason Smith,12.0,6.0,10.0,0.0,0.0,3.0,6.0,1.0,1.0,1.0,2.0,2.0,-14.0,35:59,10.9,0
15,201569,Eric Gordon,15.0,6.0,14.0,2.0,1.0,1.0,3.0,0.0,2.0,0.0,3.0,3.0,2.0,35:40,6.0,0
16,201950,Jrue Holiday,26.0,10.0,17.0,2.0,2.0,1.0,3.0,0.0,9.0,0.0,4.0,3.0,6.0,36:17,21.4,0
17,201936,Tyreke Evans,8.0,1.0,9.0,6.0,6.0,1.0,3.0,1.0,4.0,0.0,1.0,2.0,-3.0,22:54,5.1,0
18,201627,Anthony Morrow,0.0,0.0,5.0,0.0,0.0,0.0,0.0,0.0,1.0,1.0,0.0,0.0,-2.0,10:02,-2.1,0
19,200811,Lou Amundson,0.0,0.0,0.0,0.0,0.0,1.0,0.0,0.0,1.0,0.0,3.0,2.0,-5.0,11:00,-1.8,0
20,203148,Brian Roberts,2.0,1.0,2.0,0.0,0.0,0.0,2.0,0.0,1.0,0.0,0.0,0.0,-9.0,11:43,2.3,0
21,203121,Darius Miller,0.0,0.0,1.0,0.0,0.0,0.0,0.0,0.0,0.0,0.0,1.0,0.0,-1.0,1:00,-1.1,0
22,2735,Josh Childress,,,,,,,,,,,,,,,0.0,0
23,203085,Austin Rivers,,,,,,,,,,,,,,,0.0,0
24,203481,Jeff Withey,,,,,,,,,,,,,,,0.0,0
