,id,name,PTS,FG,FGA,FTA,FT,OREB,DREB,STL,AST,BLK,PF,TO,PLUS_MINUS,MIN,GS,WIN
0,202329,Al-Farouq Aminu,4.0,2.0,8.0,0.0,0.0,0.0,7.0,0.0,1.0,0.0,1.0,0.0,-11.0,23:04,1.6,1
1,203076,Anthony Davis,23.0,9.0,12.0,8.0,5.0,3.0,6.0,1.0,2.0,3.0,2.0,1.0,2.0,38:01,23.6,1
2,201582,Alexis Ajinca,0.0,0.0,2.0,0.0,0.0,1.0,0.0,0.0,1.0,0.0,4.0,0.0,-5.0,12:04,-1.6,1
3,201569,Eric Gordon,12.0,3.0,7.0,6.0,6.0,1.0,4.0,0.0,3.0,0.0,2.0,2.0,-3.0,33:00,9.5,1
4,201950,Jrue Holiday,4.0,2.0,11.0,0.0,0.0,1.0,3.0,1.0,5.0,0.0,1.0,4.0,-4.0,33:16,-1.2,1
5,201583,Ryan Anderson,13.0,5.0,11.0,3.0,2.0,3.0,4.0,0.0,0.0,0.0,2.0,1.0,3.0,24:54,8.4,1
6,201936,Tyreke Evans,16.0,8.0,13.0,0.0,0.0,3.0,5.0,1.0,6.0,0.0,2.0,5.0,5.0,29:13,13.1,1
7,203121,Darius Miller,0.0,0.0,0.0,0.0,0.0,0.0,0.0,0.0,0.0,0.0,1.0,0.0,10.0,13:05,-0.4,1
8,203148,Brian Roberts,11.0,3.0,6.0,4.0,4.0,0.0,1.0,0.0,5.0,0.0,0.0,2.0,9.0,14:45,9.8,1
9,201880,Greg Stiemsma,12.0,6.0,7.0,1.0,0.0,0.0,3.0,0.0,0.0,1.0,4.0,0.0,9.0,18:39,9.1,1
10,201627,Anthony Morrow,,,,,,,,,,,,,,,0.0,1
11,203085,Austin Rivers,,,,,,,,,,,,,,,0.0,1
12,203481,Jeff Withey,,,,,,,,,,,,,,,0.0,1
13,201145,Jeff Green,16.0,5.0,12.0,6.0,4.0,0.0,2.0,0.0,2.0,1.0,2.0,2.0,10.0,30:25,8.7,0
14,101138,Brandon Bass,16.0,8.0,10.0,0.0,0.0,6.0,5.0,0.0,0.0,1.0,2.0,0.0,3.0,34:34,17.8,0
15,203096,Jared Sullinger,13.0,3.0,17.0,7.0,7.0,9.0,2.0,1.0,2.0,1.0,4.0,3.0,3.0,29:47,7.7,0
16,202340,Avery Bradley,22.0,7.0,15.0,4.0,4.0,0.0,4.0,1.0,0.0,1.0,0.0,0.0,4.0,33:39,17.2,0
17,202348,Jordan Crawford,5.0,2.0,14.0,1.0,1.0,0.0,4.0,1.0,11.0,0.0,3.0,2.0,-2.0,37:20,2.7,0
18,2743,Kris Humphries,7.0,2.0,6.0,4.0,3.0,6.0,6.0,0.0,3.0,1.0,3.0,1.0,-7.0,23:40,9.8,0
19,203482,Kelly Olynyk,3.0,0.0,1.0,4.0,3.0,0.0,1.0,0.0,0.0,0.0,3.0,1.0,-5.0,7:53,-0.0,0
20,2222,Gerald Wallace,5.0,2.0,3.0,2.0,1.0,0.0,1.0,0.0,1.0,0.0,1.0,0.0,-13.0,17:41,3.9,0
21,201584,Courtney Lee,3.0,1.0,8.0,0.0,0.0,1.0,1.0,1.0,1.0,0.0,2.0,0.0,-7.0,14:21,-0.3,0
22,203515,Phil Pressey,2.0,1.0,3.0,0.0,0.0,0.0,1.0,1.0,2.0,0.0,1.0,0.0,-1.0,10:40,2.6,0
23,2586,Keith Bogans,,,,,,,,,,,,,,,0.0,0
24,203543,Vitor Faverani,,,,,,,,,,,,,,,0.0,0
