,id,name,PTS,FG,FGA,FTA,FT,OREB,DREB,STL,AST,BLK,PF,TO,PLUS_MINUS,MIN,GS,WIN
0,202329,Al-Farouq Aminu,4.0,2.0,4.0,0.0,0.0,1.0,2.0,0.0,3.0,0.0,1.0,2.0,-9.0,17:22,3.0,0
1,203076,Anthony Davis,26.0,9.0,23.0,8.0,8.0,8.0,9.0,1.0,1.0,3.0,4.0,0.0,-10.0,38:20,24.0,0
2,201160,Jason Smith,6.0,3.0,12.0,0.0,0.0,3.0,3.0,1.0,0.0,1.0,3.0,0.0,-14.0,26:13,2.3,0
3,201569,Eric Gordon,12.0,4.0,11.0,6.0,3.0,1.0,1.0,1.0,2.0,0.0,2.0,0.0,-12.0,28:19,7.3,0
4,201950,Jrue Holiday,17.0,7.0,19.0,2.0,2.0,0.0,0.0,3.0,5.0,0.0,4.0,4.0,-17.0,34:11,7.4,0
5,201936,Tyreke Evans,0.0,0.0,7.0,0.0,0.0,0.0,1.0,0.0,3.0,0.0,3.0,2.0,-14.0,17:23,-5.7,0
6,201880,Greg Stiemsma,1.0,0.0,2.0,2.0,1.0,1.0,5.0,0.0,0.0,0.0,2.0,1.0,-11.0,16:48,-0.4,0
7,201627,Anthony Morrow,14.0,4.0,5.0,2.0,2.0,1.0,3.0,1.0,0.0,1.0,1.0,0.0,-8.0,18:16,15.0,0
8,203148,Brian Roberts,4.0,2.0,4.0,0.0,0.0,0.0,1.0,0.0,1.0,0.0,0.0,2.0,-5.0,15:51,1.0,0
9,202620,Arinze Onuaku,1.0,0.0,1.0,2.0,1.0,1.0,1.0,0.0,0.0,0.0,0.0,0.0,-6.0,9:52,0.9,0
10,203085,Austin Rivers,3.0,1.0,4.0,2.0,1.0,1.0,1.0,0.0,1.0,0.0,1.0,0.0,5.0,12:38,1.5,0
11,203481,Jeff Withey,2.0,0.0,0.0,2.0,2.0,0.0,0.0,0.0,0.0,0.0,0.0,1.0,1.0,4:47,1.0,0
12,202498,Lance Thomas,,,,,,,,,,,,,,,0.0,0
13,203090,Maurice Harkless,20.0,6.0,10.0,8.0,6.0,3.0,5.0,4.0,0.0,0.0,1.0,6.0,18.0,27:26,15.8,1
14,101131,Jason Maxiell,2.0,1.0,2.0,0.0,0.0,1.0,1.0,1.0,0.0,1.0,1.0,1.0,6.0,16:24,2.3,1
15,202696,Nikola Vucevic,10.0,4.0,6.0,4.0,2.0,0.0,7.0,0.0,3.0,0.0,2.0,0.0,24.0,27:26,10.0,1
16,201167,Arron Afflalo,30.0,10.0,14.0,7.0,6.0,0.0,4.0,0.0,4.0,0.0,0.0,3.0,12.0,35:21,24.8,1
17,2749,Jameer Nelson,10.0,3.0,8.0,2.0,2.0,0.0,4.0,0.0,5.0,0.0,4.0,1.0,19.0,23:45,7.7,1
18,203094,Andrew Nicholson,9.0,4.0,10.0,0.0,0.0,0.0,5.0,0.0,0.0,0.0,3.0,3.0,13.0,29:57,0.9,1
19,203506,Victor Oladipo,10.0,4.0,10.0,2.0,1.0,0.0,6.0,4.0,6.0,2.0,4.0,4.0,12.0,31:20,10.0,1
20,202734,E'Twaun Moore,5.0,1.0,2.0,2.0,2.0,0.0,0.0,1.0,3.0,0.0,2.0,0.0,-1.0,22:16,6.3,1
21,203124,Kyle O'Quinn,14.0,6.0,8.0,2.0,2.0,0.0,6.0,0.0,1.0,4.0,2.0,0.0,-3.0,22:13,15.3,1
22,101179,Ronnie Price,0.0,0.0,0.0,0.0,0.0,1.0,1.0,1.0,0.0,0.0,0.0,0.0,0.0,3:52,2.0,1
23,202699,Tobias Harris,,,,,,,,,,,,,,,0.0,1
24,200780,Solomon Jones,,,,,,,,,,,,,,,0.0,1
25,203117,Doron Lamb,,,,,,,,,,,,,,,0.0,1
