,id,name,PTS,FG,FGA,FTA,FT,OREB,DREB,STL,AST,BLK,PF,TO,PLUS_MINUS,MIN,GS,WIN
0,2399,Mike Dunleavy,18.0,6.0,10.0,5.0,3.0,1.0,3.0,0.0,1.0,0.0,2.0,1.0,9.0,34:42,13.1,1
1,2430,Carlos Boozer,19.0,6.0,12.0,12.0,7.0,3.0,10.0,1.0,1.0,0.0,4.0,3.0,10.0,30:35,13.2,1
2,201149,Joakim Noah,8.0,2.0,5.0,6.0,4.0,1.0,9.0,2.0,7.0,2.0,2.0,3.0,-5.0,35:01,12.4,1
3,202710,Jimmy Butler,10.0,3.0,8.0,4.0,3.0,0.0,3.0,0.0,0.0,1.0,3.0,3.0,10.0,40:17,2.6,1
4,2550,Kirk Hinrich,6.0,2.0,9.0,2.0,2.0,1.0,1.0,0.0,6.0,0.0,3.0,0.0,10.0,33:16,4.5,1
5,201959,Taj Gibson,12.0,2.0,7.0,10.0,8.0,1.0,5.0,0.0,0.0,2.0,3.0,0.0,7.0,23:52,9.5,1
6,201571,D.J. Augustin,6.0,2.0,8.0,0.0,0.0,0.0,1.0,1.0,1.0,0.0,1.0,1.0,1.0,23:35,1.8,1
7,203503,Tony Snell,2.0,1.0,3.0,0.0,0.0,0.0,1.0,0.0,1.0,0.0,1.0,0.0,-5.0,12:20,0.9,1
8,1737,Nazr Mohammed,0.0,0.0,0.0,0.0,0.0,1.0,3.0,1.0,1.0,0.0,0.0,0.0,8.0,6:22,3.3,1
9,203513,Erik Murphy,,,,,,,,,,,,,,,0.0,1
10,203507,Giannis Antetokounmpo,0.0,0.0,5.0,0.0,0.0,0.0,1.0,0.0,1.0,0.0,3.0,3.0,-5.0,11:42,-6.7,0
11,101141,Ersan Ilyasova,14.0,6.0,13.0,0.0,0.0,1.0,5.0,1.0,0.0,0.0,4.0,0.0,-10.0,29:54,8.9,0
12,202336,Larry Sanders,1.0,0.0,2.0,2.0,1.0,3.0,6.0,0.0,0.0,2.0,6.0,1.0,-12.0,22:55,1.1,0
13,2557,Luke Ridnour,14.0,6.0,14.0,0.0,0.0,1.0,4.0,1.0,8.0,0.0,4.0,1.0,-2.0,40:20,12.5,0
14,202688,Brandon Knight,12.0,5.0,21.0,2.0,2.0,2.0,2.0,3.0,1.0,0.0,3.0,2.0,-13.0,30:31,1.8,0
15,203114,Khris Middleton,3.0,1.0,7.0,0.0,0.0,1.0,7.0,0.0,2.0,0.0,3.0,1.0,3.0,29:20,0.5,0
16,203545,Miroslav Raduljica,10.0,3.0,4.0,4.0,4.0,4.0,1.0,0.0,0.0,1.0,3.0,0.0,3.0,20:37,11.0,0
17,201564,O.J. Mayo,16.0,6.0,16.0,4.0,2.0,2.0,2.0,0.0,1.0,0.0,2.0,2.0,-7.0,27:07,6.3,0
18,202327,Ekpe Udoh,2.0,1.0,4.0,0.0,0.0,2.0,2.0,0.0,2.0,1.0,0.0,2.0,2.0,19:27,1.7,0
19,2406,Caron Butler,0.0,0.0,2.0,0.0,0.0,0.0,2.0,1.0,0.0,0.0,1.0,0.0,-4.0,8:08,-0.2,0
20,203089,John Henson,,,,,,,,,,,,,,,0.0,0
21,202390,Gary Neal,,,,,,,,,,,,,,,0.0,0
22,203489,Nate Wolters,,,,,,,,,,,,,,,0.0,0
