,id,name,PTS,FG,FGA,FTA,FT,OREB,DREB,STL,AST,BLK,PF,TO,PLUS_MINUS,MIN,GS,WIN
0,2544,LeBron James,30.0,11.0,21.0,8.0,5.0,1.0,3.0,1.0,6.0,0.0,1.0,3.0,0.0,38:43,21.9,0
1,2203,Shane Battier,11.0,3.0,3.0,2.0,2.0,1.0,2.0,0.0,1.0,0.0,1.0,1.0,-8.0,20:53,10.7,0
2,2547,Chris Bosh,21.0,7.0,18.0,6.0,5.0,0.0,7.0,0.0,2.0,0.0,5.0,4.0,5.0,34:08,8.3,0
3,951,Ray Allen,14.0,5.0,5.0,0.0,0.0,1.0,6.0,1.0,3.0,1.0,3.0,2.0,10.0,35:58,15.6,0
4,201596,Mario Chalmers,17.0,6.0,12.0,4.0,3.0,0.0,5.0,2.0,4.0,0.0,4.0,3.0,-17.0,27:22,12.3,0
5,2365,Chris Andersen,8.0,2.0,4.0,4.0,4.0,1.0,1.0,0.0,0.0,1.0,2.0,0.0,-11.0,17:28,6.9,0
6,202708,Norris Cole,7.0,2.0,7.0,2.0,2.0,1.0,3.0,3.0,8.0,0.0,4.0,4.0,1.0,28:51,7.5,0
7,1740,Rashard Lewis,0.0,0.0,2.0,0.0,0.0,0.0,1.0,2.0,2.0,0.0,1.0,0.0,-4.0,8:29,1.9,0
8,2427,Roger Mason Jr.,0.0,0.0,2.0,0.0,0.0,0.0,0.0,0.0,1.0,0.0,1.0,0.0,-8.0,12:58,-1.1,0
9,201563,Michael Beasley,0.0,0.0,1.0,0.0,0.0,0.0,0.0,0.0,0.0,0.0,0.0,0.0,-7.0,3:16,-0.7,0
10,2617,Udonis Haslem,6.0,2.0,3.0,2.0,2.0,3.0,1.0,0.0,1.0,0.0,4.0,0.0,4.0,11:54,6.2,0
11,2592,James Jones,,,,,,,,,,,,,,,0.0,0
12,201141,Greg Oden,,,,,,,,,,,,,,,0.0,0
13,201960,DeMarre Carroll,19.0,8.0,13.0,0.0,0.0,2.0,4.0,1.0,0.0,0.0,2.0,1.0,1.0,36:29,14.9,1
14,200794,Paul Millsap,26.0,8.0,13.0,11.0,10.0,0.0,7.0,1.0,4.0,1.0,5.0,2.0,10.0,30:59,22.3,1
15,203544,Pero Antic,17.0,7.0,10.0,2.0,1.0,2.0,4.0,0.0,3.0,0.0,5.0,0.0,4.0,24:42,15.1,1
16,2594,Kyle Korver,12.0,3.0,10.0,3.0,3.0,1.0,6.0,2.0,6.0,0.0,4.0,3.0,15.0,39:14,10.3,1
17,201952,Jeff Teague,2.0,1.0,7.0,0.0,0.0,0.0,0.0,0.0,6.0,0.0,1.0,1.0,-5.0,19:40,0.3,1
18,1882,Elton Brand,8.0,4.0,5.0,0.0,0.0,1.0,4.0,1.0,1.0,0.0,4.0,1.0,-4.0,20:32,7.1,1
19,101150,Lou Williams,12.0,2.0,4.0,6.0,6.0,0.0,0.0,1.0,5.0,0.0,1.0,3.0,-5.0,20:51,11.1,1
20,203118,Mike Scott,12.0,4.0,9.0,3.0,3.0,1.0,3.0,2.0,1.0,0.0,2.0,1.0,1.0,20:41,9.8,1
21,202714,Shelvin Mack,13.0,5.0,10.0,2.0,2.0,0.0,3.0,0.0,7.0,0.0,2.0,1.0,18.0,26:53,12.0,1
22,202970,Gustavo Ayon,,,,,,,,,,,,,,,0.0,1
23,203263,James Nunnally,,,,,,,,,,,,,,,0.0,1
24,203471,Dennis Schroder,,,,,,,,,,,,,,,0.0,1
