,id,name,PTS,FG,FGA,FTA,FT,OREB,DREB,STL,AST,BLK,PF,TO,PLUS_MINUS,MIN,GS,WIN
0,202695,Kawhi Leonard,14.0,7.0,14.0,0.0,0.0,0.0,3.0,2.0,2.0,0.0,3.0,2.0,-5.0,33:51,8.1,1
1,1495,Tim Duncan,17.0,7.0,15.0,3.0,3.0,2.0,6.0,0.0,8.0,4.0,4.0,4.0,-1.0,33:57,15.3,1
2,201168,Tiago Splitter,12.0,4.0,7.0,5.0,4.0,4.0,4.0,0.0,1.0,1.0,1.0,0.0,-4.0,21:26,13.3,1
3,201980,Danny Green,4.0,2.0,7.0,0.0,0.0,0.0,3.0,1.0,1.0,1.0,2.0,1.0,7.0,24:26,1.4,1
4,2225,Tony Parker,24.0,9.0,13.0,6.0,6.0,0.0,4.0,2.0,6.0,1.0,2.0,5.0,-1.0,33:38,20.8,1
5,201158,Marco Belinelli,4.0,2.0,5.0,0.0,0.0,0.0,0.0,1.0,1.0,0.0,1.0,1.0,-2.0,10:51,1.6,1
6,2564,Boris Diaw,9.0,4.0,10.0,0.0,0.0,2.0,6.0,1.0,1.0,1.0,1.0,0.0,20.0,26:17,8.8,1
7,1938,Manu Ginobili,6.0,1.0,9.0,4.0,4.0,0.0,3.0,3.0,5.0,0.0,1.0,1.0,15.0,26:57,6.1,1
8,201988,Patty Mills,8.0,3.0,5.0,0.0,0.0,0.0,0.0,3.0,2.0,0.0,4.0,1.0,9.0,14:22,7.5,1
9,2588,Matt Bonner,3.0,1.0,1.0,0.0,0.0,0.0,0.0,0.0,0.0,1.0,3.0,1.0,-2.0,8:28,1.2,1
10,201965,Jeff Ayres,1.0,0.0,0.0,2.0,1.0,0.0,2.0,1.0,0.0,0.0,0.0,0.0,4.0,5:47,2.2,1
11,203382,Aron Baynes,,,,,,,,,,,,,,,0.0,1
12,202709,Cory Joseph,,,,,,,,,,,,,,,0.0,1
13,202706,Jordan Hamilton,11.0,4.0,6.0,0.0,0.0,0.0,4.0,0.0,1.0,0.0,1.0,2.0,-6.0,23:06,7.9,0
14,202702,Kenneth Faried,15.0,7.0,14.0,2.0,1.0,2.0,6.0,1.0,2.0,0.0,1.0,0.0,1.0,28:17,12.8,0
15,201580,JaVale McGee,9.0,4.0,10.0,1.0,1.0,4.0,3.0,0.0,0.0,2.0,5.0,5.0,1.0,20:31,1.7,0
16,200751,Randy Foye,11.0,4.0,9.0,0.0,0.0,0.0,1.0,2.0,3.0,0.0,4.0,1.0,5.0,27:38,8.1,0
17,201951,Ty Lawson,20.0,6.0,18.0,9.0,7.0,0.0,2.0,1.0,8.0,0.0,1.0,2.0,-6.0,37:23,13.8,0
18,101126,Nate Robinson,5.0,2.0,9.0,2.0,1.0,0.0,2.0,0.0,4.0,0.0,1.0,3.0,-1.0,18:36,-0.9,0
19,201581,JJ Hickson,4.0,2.0,5.0,0.0,0.0,2.0,5.0,0.0,0.0,1.0,1.0,4.0,-8.0,16:40,0.5,0
20,202389,Timofey Mozgov,11.0,4.0,6.0,4.0,3.0,1.0,4.0,0.0,2.0,1.0,6.0,4.0,-4.0,21:11,5.6,0
21,203095,Evan Fournier,0.0,0.0,0.0,0.0,0.0,1.0,1.0,0.0,1.0,0.0,3.0,1.0,-1.0,9:01,-0.5,0
22,1889,Andre Miller,6.0,2.0,6.0,0.0,0.0,0.0,5.0,0.0,1.0,0.0,0.0,0.0,-12.0,29:16,4.8,0
23,201589,Darrell Arthur,2.0,0.0,0.0,2.0,2.0,0.0,2.0,0.0,0.0,0.0,0.0,0.0,-9.0,8:21,2.6,0
24,203113,Quincy Miller,,,,,,,,,,,,,,,0.0,0
25,201576,Anthony Randolph,,,,,,,,,,,,,,,0.0,0
