,id,name,PTS,FG,FGA,FTA,FT,OREB,DREB,STL,AST,BLK,PF,TO,PLUS_MINUS,MIN,GS,WIN
0,201587,Nicolas Batum,3.0,1.0,4.0,0.0,0.0,2.0,3.0,2.0,2.0,2.0,2.0,2.0,-16.0,35:25,4.9,0
1,200746,LaMarcus Aldridge,29.0,12.0,26.0,8.0,5.0,5.0,11.0,0.0,2.0,0.0,0.0,3.0,-8.0,37:01,19.6,0
2,201577,Robin Lopez,10.0,5.0,10.0,0.0,0.0,3.0,7.0,0.0,2.0,1.0,1.0,0.0,2.0,33:25,10.9,0
3,202083,Wesley Matthews,21.0,7.0,15.0,4.0,3.0,1.0,3.0,1.0,4.0,0.0,0.0,1.0,-7.0,35:10,17.3,0
4,203081,Damian Lillard,14.0,6.0,15.0,4.0,2.0,0.0,2.0,1.0,4.0,1.0,1.0,0.0,-2.0,35:24,9.8,0
5,2590,Mo Williams,13.0,6.0,10.0,0.0,0.0,1.0,1.0,0.0,9.0,0.0,3.0,3.0,3.0,26:20,11.5,0
6,200777,Joel Freeland,2.0,1.0,2.0,0.0,0.0,1.0,1.0,0.0,0.0,0.0,4.0,0.0,-9.0,13:47,0.4,0
7,203468,CJ McCollum,5.0,2.0,3.0,0.0,0.0,0.0,0.0,0.0,0.0,0.0,1.0,0.0,-6.0,12:36,3.3,0
8,203080,Thomas Robinson,0.0,0.0,1.0,0.0,0.0,0.0,4.0,0.0,0.0,1.0,0.0,0.0,3.0,10:52,1.2,0
9,203115,Will Barton,,,,,,,,,,,,,,,0.0,0
10,203086,Meyers Leonard,,,,,,,,,,,,,,,0.0,0
11,2248,Earl Watson,,,,,,,,,,,,,,,0.0,0
12,2748,Dorell Wright,,,,,,,,,,,,,,,0.0,0
13,201142,Kevin Durant,46.0,17.0,25.0,7.0,6.0,0.0,5.0,0.0,4.0,0.0,2.0,4.0,13.0,37:45,34.4,1
14,201586,Serge Ibaka,10.0,4.0,15.0,2.0,2.0,1.0,4.0,0.0,0.0,5.0,2.0,1.0,4.0,31:30,4.7,1
15,2570,Kendrick Perkins,4.0,2.0,4.0,0.0,0.0,3.0,5.0,1.0,2.0,1.0,4.0,1.0,10.0,27:01,6.1,1
16,200757,Thabo Sefolosha,5.0,2.0,3.0,0.0,0.0,0.0,2.0,0.0,0.0,1.0,0.0,0.0,10.0,30:34,5.0,1
17,202704,Reggie Jackson,15.0,7.0,18.0,0.0,0.0,2.0,5.0,0.0,5.0,0.0,1.0,1.0,1.0,38:22,10.2,1
18,2555,Nick Collison,2.0,1.0,2.0,0.0,0.0,5.0,2.0,0.0,1.0,0.0,2.0,0.0,-1.0,19:13,5.0,1
19,203087,Jeremy Lamb,9.0,4.0,10.0,4.0,1.0,2.0,2.0,1.0,1.0,0.0,0.0,0.0,0.0,20:30,6.1,1
20,203500,Steven Adams,4.0,2.0,3.0,0.0,0.0,2.0,4.0,0.0,1.0,1.0,2.0,0.0,-1.0,17:19,5.9,1
21,965,Derek Fisher,10.0,3.0,7.0,4.0,2.0,0.0,1.0,1.0,2.0,0.0,1.0,0.0,4.0,17:46,7.8,1
22,2767,Royal Ivey,,,,,,,,,,,,,,,0.0,1
23,203103,Perry Jones III,,,,,,,,,,,,,,,0.0,1
24,203460,Andre Roberson,,,,,,,,,,,,,,,0.0,1
25,201934,Hasheem Thabeet,,,,,,,,,,,,,,,0.0,1
