,id,name,PTS,FG,FGA,FTA,FT,OREB,DREB,STL,AST,BLK,PF,TO,PLUS_MINUS,MIN,GS,WIN
0,203084,Harrison Barnes,5.0,2.0,6.0,0.0,0.0,0.0,2.0,0.0,1.0,0.0,2.0,0.0,-10.0,21:10,2.1,0
1,101135,David Lee,13.0,5.0,13.0,4.0,3.0,1.0,9.0,0.0,3.0,0.0,3.0,3.0,3.0,36:06,6.8,0
2,101106,Andrew Bogut,6.0,3.0,7.0,0.0,0.0,4.0,9.0,0.0,5.0,0.0,5.0,3.0,-3.0,32:14,6.3,0
3,2738,Andre Iguodala,9.0,4.0,7.0,2.0,1.0,0.0,6.0,4.0,2.0,0.0,0.0,6.0,3.0,44:03,6.5,0
4,202691,Klay Thompson,11.0,5.0,16.0,0.0,0.0,0.0,1.0,3.0,2.0,1.0,4.0,3.0,-1.0,39:27,2.6,0
5,201962,Toney Douglas,21.0,8.0,14.0,0.0,0.0,0.0,2.0,0.0,1.0,0.0,2.0,0.0,2.0,27:48,14.9,0
6,203110,Draymond Green,5.0,2.0,2.0,0.0,0.0,0.0,2.0,0.0,1.0,2.0,0.0,0.0,-1.0,14:59,7.1,0
7,979,Jermaine O'Neal,2.0,0.0,4.0,2.0,2.0,1.0,6.0,0.0,1.0,1.0,2.0,2.0,1.0,15:47,0.3,0
8,201578,Marreese Speights,2.0,0.0,2.0,2.0,2.0,0.0,2.0,0.0,0.0,0.0,2.0,2.0,-4.0,8:26,-1.6,0
9,203145,Kent Bazemore,,,,,,,,,,,,,,,0.0,0
10,201939,Stephen Curry,,,,,,,,,,,,,,,0.0,0
11,203136,Ognjen Kuzmic,,,,,,,,,,,,,,,0.0,0
12,203517,Nemanja Nedovic,,,,,,,,,,,,,,,0.0,0
13,202695,Kawhi Leonard,13.0,6.0,8.0,1.0,0.0,2.0,5.0,4.0,2.0,0.0,1.0,0.0,0.0,30:52,17.3,1
14,1495,Tim Duncan,8.0,3.0,11.0,2.0,2.0,1.0,3.0,1.0,5.0,2.0,2.0,3.0,3.0,32:07,5.2,1
15,201168,Tiago Splitter,4.0,2.0,5.0,0.0,0.0,5.0,3.0,1.0,1.0,0.0,2.0,1.0,7.0,25:34,5.6,1
16,201980,Danny Green,3.0,1.0,6.0,0.0,0.0,1.0,5.0,0.0,1.0,0.0,0.0,0.0,14.0,28:20,2.1,1
17,2225,Tony Parker,18.0,7.0,14.0,10.0,4.0,0.0,5.0,1.0,4.0,0.0,1.0,2.0,2.0,33:28,11.5,1
18,1938,Manu Ginobili,6.0,3.0,11.0,0.0,0.0,1.0,2.0,0.0,2.0,1.0,2.0,2.0,-4.0,21:53,0.1,1
19,2564,Boris Diaw,8.0,4.0,8.0,1.0,0.0,0.0,0.0,0.0,1.0,0.0,3.0,0.0,-9.0,15:30,3.1,1
20,201988,Patty Mills,6.0,2.0,4.0,0.0,0.0,0.0,0.0,1.0,1.0,0.0,0.0,0.0,-5.0,11:02,5.7,1
21,203382,Aron Baynes,5.0,2.0,7.0,2.0,1.0,1.0,5.0,0.0,0.0,0.0,5.0,2.0,-1.0,15:53,-1.3,1
22,201965,Jeff Ayres,2.0,0.0,1.0,2.0,2.0,0.0,1.0,0.0,2.0,0.0,1.0,2.0,4.0,6:29,0.6,1
23,201158,Marco Belinelli,3.0,1.0,4.0,0.0,0.0,0.0,2.0,1.0,0.0,0.0,1.0,0.0,-1.0,18:52,1.8,1
24,201986,Nando De Colo,,,,,,,,,,,,,,,0.0,1
25,202709,Cory Joseph,,,,,,,,,,,,,,,0.0,1
