,id,name,PTS,FG,FGA,FTA,FT,OREB,DREB,STL,AST,BLK,PF,TO,PLUS_MINUS,MIN,GS,WIN
0,202328,Greg Monroe,19.0,8.0,15.0,4.0,3.0,3.0,4.0,1.0,0.0,0.0,3.0,3.0,-15.0,32:03,11.4,0
1,2746,Josh Smith,21.0,6.0,14.0,9.0,8.0,2.0,10.0,3.0,5.0,2.0,2.0,8.0,-8.0,40:16,16.7,0
2,203083,Andre Drummond,12.0,4.0,8.0,6.0,4.0,5.0,12.0,0.0,0.0,1.0,2.0,0.0,-14.0,35:37,14.2,0
3,203484,Kentavious Caldwell-Pope,2.0,1.0,6.0,0.0,0.0,1.0,2.0,0.0,2.0,1.0,2.0,1.0,-9.0,28:34,-0.2,0
4,201943,Brandon Jennings,5.0,2.0,12.0,0.0,0.0,1.0,2.0,2.0,5.0,0.0,3.0,1.0,-11.0,31:20,2.0,0
5,202713,Kyle Singler,11.0,5.0,12.0,0.0,0.0,1.0,4.0,1.0,2.0,0.0,2.0,0.0,13.0,29:53,8.1,0
6,1497,Chauncey Billups,0.0,0.0,3.0,0.0,0.0,0.0,0.0,0.0,1.0,0.0,2.0,1.0,5.0,7:56,-3.2,0
7,101198,Will Bynum,10.0,4.0,10.0,2.0,2.0,1.0,3.0,1.0,3.0,0.0,4.0,2.0,7.0,23:07,5.7,0
8,202725,Josh Harrellson,0.0,0.0,0.0,0.0,0.0,0.0,0.0,0.0,0.0,0.0,0.0,0.0,0.0,0:54,0.0,0
9,101111,Charlie Villanueva,5.0,2.0,6.0,2.0,1.0,2.0,1.0,0.0,1.0,0.0,0.0,0.0,12.0,10:20,3.6,0
10,203540,Gigi Datome,,,,,,,,,,,,,,,0.0,0
11,201973,Jonas Jerebko,,,,,,,,,,,,,,,0.0,0
12,201155,Rodney Stuckey,,,,,,,,,,,,,,,0.0,0
13,2546,Carmelo Anthony,34.0,13.0,24.0,4.0,2.0,1.0,3.0,4.0,2.0,1.0,4.0,2.0,10.0,38:57,25.7,1
14,2030,Kenyon Martin,6.0,2.0,4.0,2.0,2.0,0.0,7.0,1.0,5.0,2.0,5.0,1.0,3.0,30:10,9.0,1
15,200745,Andrea Bargnani,13.0,6.0,13.0,0.0,0.0,3.0,8.0,2.0,1.0,0.0,1.0,0.0,17.0,31:51,13.1,1
16,101109,Raymond Felton,12.0,4.0,9.0,4.0,3.0,1.0,1.0,1.0,6.0,0.0,2.0,4.0,10.0,30:36,8.3,1
17,202697,Iman Shumpert,5.0,2.0,8.0,1.0,1.0,1.0,5.0,2.0,5.0,0.0,3.0,1.0,16.0,29:14,5.7,1
18,2747,JR Smith,6.0,2.0,6.0,1.0,1.0,0.0,0.0,0.0,2.0,0.0,3.0,2.0,-10.0,29:59,0.8,1
19,2405,Amar'e Stoudemire,9.0,3.0,9.0,6.0,3.0,3.0,2.0,0.0,0.0,1.0,2.0,1.0,-4.0,24:12,4.3,1
20,2757,Beno Udrih,0.0,0.0,3.0,0.0,0.0,0.0,1.0,0.0,2.0,0.0,0.0,1.0,-5.0,7:56,-1.4,1
21,203501,Tim Hardaway Jr.,2.0,0.0,4.0,2.0,2.0,0.0,2.0,0.0,0.0,0.0,1.0,0.0,-12.0,12:51,-0.6,1
22,203315,Toure' Murry,2.0,1.0,1.0,0.0,0.0,0.0,0.0,0.0,1.0,0.0,1.0,1.0,-5.0,4:14,1.0,1
23,202332,Cole Aldrich,,,,,,,,,,,,,,,0.0,1
24,2199,Tyson Chandler,,,,,,,,,,,,,,,0.0,1
25,202719,Jeremy Tyler,,,,,,,,,,,,,,,0.0,1
