,id,name,PTS,FG,FGA,FTA,FT,OREB,DREB,STL,AST,BLK,PF,TO,PLUS_MINUS,MIN,GS,WIN
0,201163,Wilson Chandler,18.0,7.0,11.0,4.0,3.0,0.0,3.0,1.0,0.0,1.0,5.0,4.0,-5.0,32:33,9.3,0
1,202702,Kenneth Faried,8.0,4.0,7.0,0.0,0.0,1.0,5.0,0.0,2.0,1.0,3.0,2.0,0.0,21:27,5.8,0
2,201581,JJ Hickson,12.0,6.0,10.0,0.0,0.0,1.0,6.0,0.0,5.0,0.0,5.0,3.0,0.0,36:50,8.4,0
3,200751,Randy Foye,14.0,5.0,10.0,0.0,0.0,1.0,2.0,0.0,5.0,1.0,3.0,1.0,-12.0,26:31,12.3,0
4,201951,Ty Lawson,13.0,3.0,11.0,9.0,7.0,0.0,2.0,2.0,11.0,0.0,4.0,3.0,1.0,37:38,11.4,0
5,201576,Anthony Randolph,12.0,4.0,5.0,2.0,2.0,1.0,2.0,1.0,1.0,1.0,2.0,1.0,-1.0,16:24,12.0,0
6,203113,Quincy Miller,3.0,1.0,2.0,1.0,1.0,0.0,5.0,1.0,0.0,0.0,2.0,2.0,5.0,13:56,1.7,0
7,203095,Evan Fournier,4.0,2.0,7.0,0.0,0.0,0.0,2.0,0.0,0.0,0.0,0.0,1.0,-1.0,14:01,-0.5,0
8,202389,Timofey Mozgov,8.0,3.0,4.0,2.0,2.0,3.0,1.0,0.0,2.0,2.0,3.0,1.0,-5.0,20:49,9.4,0
9,101126,Nate Robinson,13.0,4.0,12.0,2.0,2.0,0.0,0.0,0.0,1.0,0.0,3.0,1.0,-7.0,19:53,4.7,0
10,201589,Darrell Arthur,,,,,,,,,,,,,,,0.0,0
11,202706,Jordan Hamilton,,,,,,,,,,,,,,,0.0,0
12,1889,Andre Miller,,,,,,,,,,,,,,,0.0,0
13,201587,Nicolas Batum,6.0,1.0,5.0,4.0,4.0,1.0,6.0,2.0,10.0,0.0,0.0,2.0,-3.0,37:47,12.4,1
14,200746,LaMarcus Aldridge,44.0,15.0,29.0,17.0,14.0,4.0,9.0,0.0,5.0,2.0,2.0,2.0,4.0,38:15,36.1,1
15,201577,Robin Lopez,12.0,5.0,14.0,2.0,2.0,8.0,1.0,0.0,2.0,2.0,3.0,0.0,10.0,39:07,11.7,1
16,202083,Wesley Matthews,24.0,8.0,15.0,6.0,6.0,0.0,1.0,1.0,4.0,0.0,3.0,1.0,11.0,39:26,18.6,1
17,203081,Damian Lillard,11.0,5.0,10.0,1.0,1.0,0.0,2.0,0.0,3.0,2.0,3.0,3.0,2.0,36:37,5.9,1
18,2590,Mo Williams,2.0,1.0,5.0,0.0,0.0,0.0,1.0,2.0,4.0,0.0,5.0,1.0,4.0,19:02,1.0,1
19,200777,Joel Freeland,0.0,0.0,2.0,0.0,0.0,1.0,0.0,0.0,0.0,0.0,2.0,0.0,-7.0,8:38,-1.5,1
20,203468,CJ McCollum,7.0,2.0,6.0,2.0,1.0,1.0,0.0,0.0,0.0,0.0,2.0,0.0,3.0,11:23,3.1,1
21,203080,Thomas Robinson,4.0,1.0,2.0,2.0,2.0,1.0,4.0,2.0,1.0,0.0,1.0,0.0,1.0,9:45,7.2,1
22,203115,Will Barton,,,,,,,,,,,,,,,0.0,1
23,203086,Meyers Leonard,,,,,,,,,,,,,,,0.0,1
24,2248,Earl Watson,,,,,,,,,,,,,,,0.0,1
25,2748,Dorell Wright,,,,,,,,,,,,,,,0.0,1
