,id,name,PTS,FG,FGA,FTA,FT,OREB,DREB,STL,AST,BLK,PF,TO,PLUS_MINUS,MIN,GS,WIN
0,201960,DeMarre Carroll,10.0,4.0,9.0,1.0,1.0,2.0,3.0,2.0,3.0,0.0,2.0,0.0,0.0,29:41,10.9,0
1,200794,Paul Millsap,29.0,10.0,15.0,11.0,7.0,2.0,8.0,2.0,5.0,1.0,4.0,0.0,13.0,34:28,29.3,0
2,201143,Al Horford,21.0,10.0,21.0,1.0,1.0,3.0,6.0,1.0,5.0,4.0,2.0,4.0,0.0,35:07,16.7,0
3,2594,Kyle Korver,16.0,6.0,10.0,2.0,2.0,0.0,5.0,2.0,4.0,2.0,2.0,3.0,3.0,34:21,15.3,0
4,201952,Jeff Teague,14.0,7.0,17.0,0.0,0.0,1.0,1.0,0.0,11.0,0.0,3.0,3.0,0.0,34:23,9.4,0
5,203544,Pero Antic,7.0,2.0,5.0,2.0,1.0,2.0,2.0,0.0,1.0,2.0,2.0,1.0,-9.0,20:12,6.2,0
6,201858,Cartier Martin,1.0,0.0,7.0,2.0,1.0,1.0,2.0,3.0,0.0,0.0,4.0,0.0,0.0,23:06,-1.6,0
7,203118,Mike Scott,2.0,1.0,2.0,0.0,0.0,1.0,3.0,0.0,0.0,0.0,2.0,0.0,-8.0,6:13,1.8,0
8,203099,Jared Cunningham,0.0,0.0,0.0,0.0,0.0,0.0,0.0,0.0,0.0,0.0,0.0,0.0,-9.0,3:49,0.0,0
9,202714,Shelvin Mack,7.0,3.0,8.0,0.0,0.0,1.0,3.0,1.0,2.0,0.0,2.0,0.0,0.0,18:40,5.8,0
10,1882,Elton Brand,,,,,,,,,,,,,,,0.0,0
11,203098,John Jenkins,,,,,,,,,,,,,,,0.0,0
12,203471,Dennis Schroder,,,,,,,,,,,,,,,0.0,0
13,202706,Jordan Hamilton,6.0,2.0,7.0,2.0,1.0,0.0,1.0,0.0,1.0,1.0,1.0,0.0,-5.0,15:38,2.8,1
14,202702,Kenneth Faried,4.0,2.0,6.0,0.0,0.0,4.0,5.0,1.0,4.0,1.0,2.0,2.0,3.0,26:17,6.6,1
15,201580,JaVale McGee,14.0,7.0,13.0,0.0,0.0,1.0,2.0,1.0,0.0,2.0,3.0,0.0,12.0,23:40,10.2,1
16,200751,Randy Foye,13.0,4.0,7.0,3.0,2.0,1.0,3.0,1.0,2.0,0.0,3.0,3.0,-4.0,24:12,9.1,1
17,201951,Ty Lawson,23.0,9.0,16.0,3.0,2.0,1.0,6.0,0.0,8.0,0.0,1.0,3.0,-4.0,39:02,19.7,1
18,101126,Nate Robinson,15.0,5.0,11.0,2.0,1.0,0.0,3.0,1.0,3.0,0.0,2.0,2.0,-6.0,20:37,10.1,1
19,203095,Evan Fournier,12.0,5.0,10.0,0.0,0.0,0.0,3.0,0.0,1.0,1.0,1.0,1.0,10.0,24:17,7.9,1
20,201581,JJ Hickson,3.0,1.0,4.0,2.0,1.0,1.0,7.0,0.0,0.0,1.0,2.0,2.0,-6.0,22:14,0.9,1
21,202389,Timofey Mozgov,10.0,3.0,4.0,5.0,4.0,2.0,4.0,0.0,1.0,0.0,0.0,1.0,-1.0,18:04,10.3,1
22,1889,Andre Miller,7.0,3.0,5.0,0.0,0.0,0.0,1.0,0.0,7.0,1.0,2.0,1.0,17.0,20:41,8.8,1
23,201589,Darrell Arthur,2.0,1.0,3.0,0.0,0.0,0.0,0.0,0.0,1.0,1.0,1.0,1.0,-6.0,5:17,0.3,1
24,203113,Quincy Miller,,,,,,,,,,,,,,,0.0,1
25,201576,Anthony Randolph,,,,,,,,,,,,,,,0.0,1
