,id,name,PTS,FG,FGA,FTA,FT,OREB,DREB,STL,AST,BLK,PF,TO,PLUS_MINUS,MIN,GS,WIN
0,202325,Wesley Johnson,13.0,6.0,13.0,0.0,0.0,1.0,2.0,2.0,1.0,1.0,3.0,0.0,-10.0,34:22,9.8,0
1,201941,Jordan Hill,6.0,3.0,4.0,2.0,0.0,3.0,2.0,0.0,1.0,0.0,1.0,0.0,-4.0,12:17,6.6,0
2,2200,Pau Gasol,14.0,6.0,10.0,3.0,2.0,3.0,4.0,0.0,3.0,0.0,2.0,1.0,-16.0,23:09,12.6,0
3,201975,Jodie Meeks,9.0,3.0,16.0,2.0,1.0,1.0,1.0,0.0,1.0,0.0,2.0,5.0,-22.0,36:01,-5.5,0
4,977,Kobe Bryant,4.0,2.0,6.0,0.0,0.0,0.0,1.0,2.0,13.0,0.0,1.0,7.0,-16.0,23:09,4.6,0
5,200761,Shawne Williams,6.0,2.0,7.0,2.0,2.0,1.0,3.0,2.0,0.0,0.0,1.0,1.0,-13.0,18:56,4.1,0
6,201156,Nick Young,17.0,6.0,13.0,1.0,1.0,0.0,2.0,0.0,2.0,0.0,2.0,1.0,-20.0,30:47,10.5,0
7,202333,Xavier Henry,15.0,3.0,7.0,16.0,9.0,0.0,4.0,1.0,2.0,0.0,2.0,2.0,-16.0,27:05,9.3,0
8,203135,Robert Sacre,2.0,1.0,3.0,0.0,0.0,4.0,4.0,0.0,2.0,1.0,1.0,1.0,-4.0,16:53,5.0,0
9,2549,Chris Kaman,9.0,3.0,4.0,5.0,3.0,1.0,1.0,0.0,1.0,1.0,2.0,1.0,-5.0,12:00,7.2,0
10,203527,Ryan Kelly,2.0,1.0,4.0,0.0,0.0,1.0,2.0,0.0,0.0,1.0,0.0,0.0,1.0,5:21,1.6,0
11,2581,Steve Blake,,,,,,,,,,,,,,,0.0,0
12,200770,Jordan Farmar,,,,,,,,,,,,,,,0.0,0
13,201142,Kevin Durant,31.0,10.0,13.0,8.0,8.0,0.0,8.0,4.0,5.0,1.0,2.0,2.0,24.0,31:08,33.7,1
14,201586,Serge Ibaka,19.0,8.0,13.0,4.0,3.0,4.0,6.0,1.0,1.0,1.0,2.0,1.0,13.0,24:39,17.9,1
15,2570,Kendrick Perkins,6.0,3.0,4.0,0.0,0.0,1.0,2.0,0.0,4.0,0.0,4.0,3.0,6.0,16:55,3.9,1
16,203460,Andre Roberson,2.0,1.0,4.0,0.0,0.0,2.0,2.0,2.0,1.0,1.0,3.0,0.0,7.0,22:15,3.8,1
17,201566,Russell Westbrook,19.0,7.0,19.0,4.0,4.0,0.0,8.0,2.0,12.0,0.0,3.0,3.0,22.0,30:54,17.1,1
18,203500,Steven Adams,1.0,0.0,0.0,2.0,1.0,3.0,2.0,0.0,3.0,2.0,5.0,0.0,24.0,15:13,4.8,1
19,203087,Jeremy Lamb,11.0,5.0,10.0,0.0,0.0,1.0,3.0,0.0,1.0,1.0,2.0,1.0,8.0,26:38,7.2,1
20,203103,Perry Jones III,9.0,4.0,9.0,2.0,1.0,2.0,3.0,1.0,1.0,1.0,0.0,2.0,3.0,19:19,6.6,1
21,202704,Reggie Jackson,19.0,7.0,18.0,3.0,3.0,2.0,3.0,2.0,4.0,0.0,1.0,0.0,6.0,25:46,15.9,1
22,965,Derek Fisher,3.0,1.0,5.0,0.0,0.0,0.0,1.0,2.0,1.0,0.0,1.0,0.0,13.0,14:19,2.5,1
23,2555,Nick Collison,0.0,0.0,2.0,0.0,0.0,2.0,0.0,0.0,0.0,1.0,1.0,2.0,3.0,5:32,-1.7,1
24,201934,Hasheem Thabeet,2.0,1.0,2.0,0.0,0.0,3.0,1.0,0.0,1.0,0.0,1.0,0.0,-4.0,7:22,3.7,1
25,101155,Ryan Gomes,,,,,,,,,,,,,,,0.0,1
