,id,name,PTS,FG,FGA,FTA,FT,OREB,DREB,STL,AST,BLK,PF,TO,PLUS_MINUS,MIN,GS,WIN
0,2544,LeBron James,15.0,5.0,13.0,8.0,5.0,1.0,7.0,1.0,8.0,0.0,1.0,3.0,17.0,35:55,12.7,1
1,1740,Rashard Lewis,18.0,6.0,11.0,3.0,3.0,0.0,4.0,3.0,2.0,1.0,1.0,1.0,20.0,31:22,17.6,1
2,2547,Chris Bosh,20.0,9.0,9.0,3.0,2.0,0.0,6.0,1.0,0.0,1.0,1.0,0.0,14.0,31:08,20.0,1
3,2548,Dwyane Wade,20.0,8.0,15.0,5.0,4.0,1.0,5.0,1.0,4.0,0.0,2.0,2.0,12.0,35:58,15.5,1
4,201596,Mario Chalmers,9.0,4.0,6.0,0.0,0.0,0.0,0.0,2.0,6.0,0.0,2.0,2.0,14.0,28:48,9.8,1
5,951,Ray Allen,1.0,0.0,4.0,1.0,1.0,0.0,1.0,0.0,0.0,0.0,3.0,0.0,3.0,18:12,-2.7,1
6,2365,Chris Andersen,6.0,1.0,3.0,4.0,4.0,2.0,1.0,0.0,0.0,0.0,4.0,2.0,0.0,15:12,2.4,1
7,202708,Norris Cole,8.0,3.0,5.0,0.0,0.0,0.0,6.0,0.0,1.0,0.0,2.0,4.0,-2.0,22:11,3.4,1
8,201563,Michael Beasley,13.0,4.0,7.0,7.0,5.0,3.0,2.0,1.0,2.0,0.0,0.0,1.0,-2.0,18:18,13.0,1
9,201202,Joel Anthony,0.0,0.0,1.0,0.0,0.0,0.0,0.0,0.0,0.0,0.0,0.0,0.0,2.0,1:40,-0.7,1
10,2427,Roger Mason Jr.,0.0,0.0,0.0,0.0,0.0,0.0,1.0,0.0,0.0,0.0,0.0,0.0,2.0,1:16,0.3,1
11,2617,Udonis Haslem,,,,,,,,,,,,,,,0.0,1
12,2592,James Jones,,,,,,,,,,,,,,,0.0,1
13,202699,Tobias Harris,17.0,7.0,16.0,2.0,2.0,3.0,7.0,0.0,1.0,1.0,3.0,1.0,-15.0,39:51,12.0,0
14,203094,Andrew Nicholson,0.0,0.0,4.0,0.0,0.0,0.0,0.0,0.0,0.0,0.0,1.0,0.0,0.0,6:26,-3.2,0
15,201175,Glen Davis,14.0,5.0,9.0,6.0,4.0,2.0,7.0,0.0,3.0,2.0,1.0,2.0,-2.0,32:39,13.5,0
16,201167,Arron Afflalo,16.0,5.0,16.0,6.0,6.0,3.0,5.0,1.0,3.0,0.0,1.0,3.0,-9.0,39:48,10.1,0
17,2749,Jameer Nelson,21.0,7.0,11.0,2.0,2.0,1.0,4.0,0.0,6.0,0.0,5.0,2.0,-4.0,39:19,18.2,0
18,203506,Victor Oladipo,16.0,5.0,13.0,4.0,4.0,2.0,4.0,1.0,3.0,0.0,2.0,4.0,-12.0,34:41,9.8,0
19,101131,Jason Maxiell,0.0,0.0,1.0,2.0,0.0,1.0,0.0,0.0,0.0,0.0,0.0,0.0,-12.0,7:16,-0.8,0
20,202734,E'Twaun Moore,6.0,2.0,5.0,2.0,2.0,0.0,1.0,2.0,0.0,0.0,3.0,2.0,-16.0,14:53,2.4,0
21,203090,Maurice Harkless,4.0,2.0,4.0,0.0,0.0,0.0,1.0,2.0,0.0,0.0,3.0,1.0,-4.0,14:00,2.1,0
22,101179,Ronnie Price,0.0,0.0,1.0,0.0,0.0,0.0,0.0,0.0,0.0,0.0,1.0,0.0,-4.0,3:02,-1.1,0
23,203124,Kyle O'Quinn,0.0,0.0,0.0,0.0,0.0,0.0,0.0,0.0,0.0,0.0,4.0,0.0,-2.0,8:05,-1.6,0
24,200780,Solomon Jones,,,,,,,,,,,,,,,0.0,0
25,203117,Doron Lamb,,,,,,,,,,,,,,,0.0,0
