,id,name,PTS,FG,FGA,FTA,FT,OREB,DREB,STL,AST,BLK,PF,TO,PLUS_MINUS,MIN,GS,WIN
0,1718,Paul Pierce,4.0,1.0,5.0,3.0,2.0,0.0,8.0,2.0,3.0,0.0,3.0,3.0,0.0,26:32,2.8,0
1,708,Kevin Garnett,4.0,2.0,11.0,1.0,0.0,0.0,6.0,2.0,2.0,1.0,5.0,0.0,-19.0,23:57,0.6,0
2,201572,Brook Lopez,23.0,10.0,14.0,5.0,3.0,3.0,2.0,0.0,0.0,1.0,3.0,1.0,-11.0,37:11,17.6,0
3,2207,Joe Johnson,16.0,7.0,15.0,0.0,0.0,2.0,5.0,1.0,4.0,0.0,1.0,1.0,-16.0,34:19,13.6,0
4,101114,Deron Williams,14.0,5.0,14.0,3.0,2.0,0.0,3.0,0.0,3.0,0.0,4.0,6.0,-5.0,30:44,1.2,0
5,101154,Andray Blatche,10.0,4.0,5.0,4.0,2.0,3.0,10.0,2.0,3.0,0.0,5.0,4.0,10.0,27:03,10.5,0
6,1905,Andrei Kirilenko,6.0,0.0,2.0,8.0,6.0,0.0,2.0,2.0,2.0,0.0,0.0,0.0,-1.0,12:47,7.8,0
7,2733,Shaun Livingston,12.0,5.0,7.0,2.0,2.0,1.0,2.0,0.0,2.0,1.0,1.0,1.0,1.0,22:16,11.1,0
8,1891,Jason Terry,11.0,4.0,9.0,1.0,1.0,0.0,2.0,0.0,2.0,0.0,0.0,1.0,8.0,20:52,7.3,0
9,2501,Reggie Evans,2.0,0.0,0.0,2.0,2.0,2.0,0.0,0.0,0.0,0.0,2.0,3.0,6.0,14:09,-0.4,0
10,101187,Alan Anderson,6.0,3.0,6.0,0.0,0.0,0.0,0.0,2.0,2.0,0.0,3.0,1.0,7.0,15:10,4.2,0
11,203486,Mason Plumlee,,,,,,,,,,,,,,,0.0,0
12,203141,Mirza Teletovic,,,,,,,,,,,,,,,0.0,0
13,2772,Trevor Ariza,5.0,2.0,8.0,0.0,0.0,0.0,1.0,3.0,3.0,0.0,1.0,3.0,5.0,43:36,2.2,1
14,2403,Nene,20.0,8.0,12.0,7.0,4.0,2.0,6.0,1.0,3.0,1.0,4.0,2.0,6.0,34:32,17.0,1
15,101162,Marcin Gortat,15.0,6.0,11.0,5.0,3.0,2.0,10.0,1.0,1.0,2.0,3.0,0.0,20.0,35:24,15.2,1
16,203078,Bradley Beal,29.0,11.0,20.0,4.0,4.0,0.0,3.0,0.0,2.0,0.0,0.0,2.0,18.0,46:27,19.7,1
17,202322,John Wall,17.0,4.0,14.0,8.0,8.0,0.0,6.0,4.0,14.0,0.0,1.0,4.0,17.0,42:43,20.0,1
18,1733,Al Harrington,15.0,5.0,11.0,2.0,1.0,0.0,2.0,0.0,1.0,0.0,2.0,2.0,-11.0,24:54,7.4,1
19,101110,Martell Webster,0.0,0.0,1.0,0.0,0.0,0.0,0.0,0.0,2.0,0.0,4.0,0.0,-15.0,15:57,-0.9,1
20,202338,Kevin Seraphin,6.0,3.0,5.0,0.0,0.0,2.0,1.0,0.0,0.0,1.0,3.0,2.0,-5.0,11:03,2.9,1
21,201953,Eric Maynor,5.0,2.0,6.0,0.0,0.0,1.0,0.0,1.0,2.0,0.0,0.0,1.0,-13.0,10:17,3.7,1
22,202066,Garrett Temple,0.0,0.0,0.0,0.0,0.0,0.0,0.0,0.0,0.0,0.0,1.0,0.0,-2.0,0:07,-0.4,1
23,202344,Trevor Booker,,,,,,,,,,,,,,,0.0,1
24,203318,Glen Rice,,,,,,,,,,,,,,,0.0,1
25,202686,Jan Vesely,,,,,,,,,,,,,,,0.0,1
