,id,name,PTS,FG,FGA,FTA,FT,OREB,DREB,STL,AST,BLK,PF,TO,PLUS_MINUS,MIN,GS,WIN
0,203082,Terrence Ross,16.0,5.0,12.0,2.0,2.0,0.0,2.0,0.0,1.0,0.0,2.0,2.0,-6.0,32:24,8.1,0
1,101161,Amir Johnson,12.0,6.0,9.0,0.0,0.0,6.0,3.0,1.0,2.0,2.0,5.0,0.0,-6.0,33:43,15.0,0
2,202685,Jonas Valanciunas,4.0,2.0,6.0,0.0,0.0,2.0,1.0,0.0,0.0,0.0,2.0,0.0,-27.0,17:52,1.5,0
3,201942,DeMar DeRozan,13.0,5.0,16.0,7.0,3.0,0.0,3.0,1.0,8.0,0.0,4.0,1.0,-3.0,38:03,7.1,0
4,200768,Kyle Lowry,22.0,8.0,18.0,7.0,3.0,1.0,4.0,3.0,10.0,0.0,4.0,2.0,0.0,33:30,19.3,0
5,202349,Greivis Vasquez,16.0,4.0,13.0,4.0,4.0,1.0,3.0,0.0,4.0,0.0,1.0,1.0,5.0,24:12,11.5,0
6,2422,John Salmons,5.0,1.0,4.0,2.0,2.0,0.0,2.0,0.0,3.0,0.0,0.0,0.0,-1.0,14:21,5.3,0
7,201946,Tyler Hansbrough,0.0,0.0,0.0,2.0,0.0,1.0,1.0,0.0,1.0,0.0,2.0,0.0,-7.0,8:51,0.1,0
8,201986,Nando De Colo,3.0,1.0,1.0,0.0,0.0,1.0,1.0,0.0,1.0,0.0,1.0,1.0,-3.0,5:04,3.0,0
9,101236,Chuck Hayes,6.0,2.0,4.0,2.0,2.0,1.0,3.0,1.0,0.0,0.0,2.0,0.0,17.0,15:23,5.8,0
10,200779,Steve Novak,3.0,1.0,5.0,0.0,0.0,0.0,2.0,0.0,0.0,1.0,1.0,0.0,21.0,16:37,0.8,0
11,202361,Landry Fields,,,,,,,,,,,,,,,0.0,0
12,202933,Julyan Stone,,,,,,,,,,,,,,,0.0,0
13,2736,Luol Deng,19.0,7.0,13.0,4.0,3.0,0.0,6.0,1.0,7.0,1.0,1.0,1.0,-2.0,39:56,19.3,1
14,202684,Tristan Thompson,15.0,3.0,4.0,10.0,9.0,4.0,9.0,0.0,0.0,1.0,5.0,2.0,9.0,27:12,15.2,1
15,201150,Spencer Hawes,11.0,4.0,10.0,2.0,2.0,1.0,6.0,0.0,1.0,3.0,3.0,2.0,8.0,21:48,7.7,1
16,203079,Dion Waiters,24.0,10.0,19.0,4.0,3.0,1.0,2.0,1.0,7.0,2.0,0.0,4.0,4.0,42:58,18.9,1
17,101127,Jarrett Jack,13.0,6.0,9.0,3.0,1.0,0.0,5.0,2.0,5.0,1.0,2.0,1.0,1.0,37:13,14.2,1
18,203521,Matthew Dellavedova,0.0,0.0,2.0,0.0,0.0,0.0,4.0,0.0,5.0,0.0,3.0,0.0,-8.0,25:41,2.1,1
19,2760,Anderson Varejao,11.0,4.0,8.0,4.0,3.0,3.0,5.0,1.0,2.0,0.0,3.0,2.0,-1.0,22:56,9.4,1
20,202087,Alonzo Gee,4.0,1.0,4.0,2.0,2.0,0.0,2.0,1.0,0.0,1.0,4.0,2.0,0.0,13:22,0.3,1
21,203092,Tyler Zeller,5.0,1.0,1.0,4.0,3.0,1.0,0.0,0.0,0.0,0.0,1.0,0.0,-1.0,8:54,4.6,1
22,203461,Anthony Bennett,,,,,,,,,,,,,,,0.0,1
23,203552,Seth Curry,,,,,,,,,,,,,,,0.0,1
24,203508,Sergey Karasev,,,,,,,,,,,,,,,0.0,1
25,101139,CJ Miles,,,,,,,,,,,,,,,0.0,1
