,id,name,PTS,FG,FGA,FTA,FT,OREB,DREB,STL,AST,BLK,PF,TO,PLUS_MINUS,MIN,GS,WIN
0,101110,Martell Webster,9.0,3.0,8.0,3.0,2.0,0.0,4.0,2.0,5.0,1.0,4.0,0.0,3.0,41:30,10.0,0
1,2403,Nene,10.0,5.0,14.0,0.0,0.0,0.0,10.0,0.0,4.0,2.0,3.0,4.0,2.0,36:44,4.2,0
2,101162,Marcin Gortat,6.0,3.0,10.0,0.0,0.0,1.0,7.0,0.0,2.0,1.0,4.0,1.0,6.0,31:33,2.5,0
3,203078,Bradley Beal,17.0,7.0,21.0,1.0,1.0,1.0,3.0,0.0,2.0,0.0,4.0,1.0,-6.0,42:33,5.5,0
4,202322,John Wall,37.0,15.0,21.0,7.0,5.0,1.0,5.0,3.0,2.0,0.0,2.0,4.0,7.0,39:35,29.3,0
5,202686,Jan Vesely,0.0,0.0,3.0,0.0,0.0,3.0,1.0,0.0,0.0,0.0,0.0,1.0,-13.0,10:44,-0.7,0
6,202066,Garrett Temple,2.0,1.0,3.0,0.0,0.0,1.0,0.0,1.0,1.0,0.0,1.0,1.0,-15.0,17:25,1.3,0
7,201953,Eric Maynor,3.0,1.0,2.0,0.0,0.0,0.0,0.0,0.0,1.0,0.0,0.0,2.0,-15.0,8:24,0.7,0
8,202344,Trevor Booker,0.0,0.0,1.0,0.0,0.0,1.0,0.0,0.0,0.0,0.0,0.0,0.0,-9.0,3:56,0.0,0
9,203318,Glen Rice,0.0,0.0,0.0,0.0,0.0,0.0,0.0,0.0,0.0,0.0,0.0,0.0,3.0,0:26,0.0,0
10,202338,Kevin Seraphin,4.0,1.0,3.0,2.0,2.0,1.0,0.0,0.0,0.0,0.0,4.0,0.0,-3.0,7:10,1.4,0
11,2772,Trevor Ariza,,,,,,,,,,,,,,,0.0,0
12,1733,Al Harrington,,,,,,,,,,,,,,,0.0,0
13,200752,Rudy Gay,17.0,6.0,16.0,6.0,5.0,0.0,3.0,1.0,1.0,4.0,1.0,3.0,2.0,31:20,9.8,1
14,101161,Amir Johnson,14.0,7.0,8.0,1.0,0.0,1.0,3.0,1.0,2.0,1.0,5.0,0.0,22.0,24:44,13.5,1
15,202685,Jonas Valanciunas,11.0,5.0,14.0,2.0,1.0,3.0,10.0,0.0,0.0,1.0,1.0,1.0,-7.0,36:49,7.2,1
16,201942,DeMar DeRozan,17.0,7.0,14.0,4.0,3.0,1.0,5.0,0.0,4.0,1.0,2.0,4.0,-7.0,36:41,10.5,1
17,200768,Kyle Lowry,12.0,4.0,9.0,2.0,2.0,2.0,4.0,3.0,9.0,1.0,4.0,3.0,-2.0,36:18,15.3,1
18,200779,Steve Novak,3.0,1.0,4.0,0.0,0.0,1.0,2.0,0.0,2.0,0.0,2.0,0.0,15.0,19:02,2.5,1
19,201946,Tyler Hansbrough,8.0,2.0,5.0,6.0,4.0,4.0,2.0,0.0,0.0,0.0,3.0,2.0,-7.0,18:52,4.7,1
20,203082,Terrence Ross,11.0,4.0,7.0,2.0,2.0,1.0,2.0,0.0,1.0,0.0,2.0,0.0,14.0,24:32,8.9,1
21,202933,Julyan Stone,0.0,0.0,0.0,0.0,0.0,0.0,1.0,0.0,1.0,0.0,0.0,0.0,4.0,6:16,1.0,1
22,201571,D.J. Augustin,3.0,1.0,1.0,0.0,0.0,0.0,1.0,0.0,2.0,0.0,0.0,1.0,6.0,5:26,3.4,1
23,201948,Austin Daye,,,,,,,,,,,,,,,0.0,1
24,202361,Landry Fields,,,,,,,,,,,,,,,0.0,1
25,201189,Aaron Gray,,,,,,,,,,,,,,,0.0,1
