,id,name,PTS,FG,FGA,FTA,FT,OREB,DREB,STL,AST,BLK,PF,TO,PLUS_MINUS,MIN,GS,WIN
0,2440,Matt Barnes,10.0,4.0,10.0,0.0,0.0,0.0,4.0,0.0,5.0,0.0,4.0,2.0,-13.0,31:49,5.7,0
1,201933,Blake Griffin,36.0,13.0,21.0,16.0,10.0,6.0,5.0,1.0,5.0,0.0,4.0,0.0,0.0,37:34,32.7,0
2,201599,DeAndre Jordan,19.0,7.0,10.0,6.0,5.0,2.0,10.0,1.0,1.0,3.0,4.0,3.0,-8.0,41:03,18.0,0
3,200755,JJ Redick,9.0,4.0,11.0,0.0,0.0,0.0,2.0,1.0,4.0,0.0,2.0,0.0,-10.0,29:59,6.5,0
4,201954,Darren Collison,9.0,4.0,12.0,0.0,0.0,0.0,1.0,4.0,6.0,0.0,3.0,1.0,-7.0,25:50,8.5,0
5,2037,Jamal Crawford,19.0,5.0,8.0,9.0,8.0,0.0,1.0,1.0,5.0,0.0,3.0,3.0,6.0,28:59,15.6,0
6,201162,Jared Dudley,5.0,2.0,5.0,0.0,0.0,0.0,2.0,1.0,3.0,0.0,1.0,1.0,12.0,16:11,4.6,0
7,200797,Ryan Hollins,2.0,1.0,1.0,0.0,0.0,1.0,0.0,0.0,0.0,1.0,2.0,0.0,2.0,4:57,2.3,0
8,2045,Hedo Turkoglu,4.0,1.0,3.0,3.0,2.0,0.0,3.0,2.0,1.0,0.0,1.0,1.0,1.0,11:33,4.1,0
9,2584,Willie Green,2.0,1.0,3.0,0.0,0.0,0.0,0.0,1.0,1.0,1.0,3.0,0.0,12.0,12:05,1.5,0
10,203493,Reggie Bullock,,,,,,,,,,,,,,,0.0,0
11,1712,Antawn Jamison,,,,,,,,,,,,,,,0.0,0
12,2756,Sasha Vujacic,,,,,,,,,,,,,,,0.0,0
13,201163,Wilson Chandler,14.0,3.0,8.0,8.0,7.0,1.0,1.0,0.0,1.0,0.0,4.0,0.0,3.0,33:29,9.3,1
14,202702,Kenneth Faried,28.0,11.0,13.0,9.0,6.0,3.0,8.0,1.0,3.0,2.0,3.0,1.0,16.0,31:07,28.9,1
15,201581,JJ Hickson,17.0,7.0,12.0,6.0,3.0,4.0,8.0,1.0,5.0,1.0,5.0,3.0,8.0,34:51,15.6,1
16,200751,Randy Foye,14.0,4.0,11.0,5.0,4.0,0.0,7.0,1.0,4.0,2.0,3.0,4.0,9.0,40:12,9.6,1
17,201951,Ty Lawson,27.0,10.0,19.0,8.0,6.0,2.0,4.0,3.0,4.0,0.0,1.0,5.0,10.0,44:47,19.9,1
18,202389,Timofey Mozgov,4.0,1.0,6.0,2.0,2.0,2.0,2.0,0.0,0.0,0.0,2.0,3.0,-15.0,16:30,-1.6,1
19,203095,Evan Fournier,1.0,0.0,1.0,2.0,1.0,1.0,1.0,0.0,1.0,0.0,2.0,0.0,-15.0,9:16,0.8,1
20,201589,Darrell Arthur,2.0,1.0,7.0,0.0,0.0,2.0,2.0,1.0,0.0,0.0,3.0,0.0,-7.0,13:33,-0.7,1
21,203113,Quincy Miller,9.0,3.0,6.0,4.0,2.0,2.0,2.0,1.0,0.0,1.0,0.0,1.0,-4.0,16:17,7.9,1
22,202706,Jordan Hamilton,,,,,,,,,,,,,,,0.0,1
23,1889,Andre Miller,,,,,,,,,,,,,,,0.0,1
24,201576,Anthony Randolph,,,,,,,,,,,,,,,0.0,1
25,101126,Nate Robinson,,,,,,,,,,,,,,,0.0,1
