,id,name,PTS,FG,FGA,FTA,FT,OREB,DREB,STL,AST,BLK,PF,TO,PLUS_MINUS,MIN,GS,WIN
0,202323,Evan Turner,23.0,8.0,17.0,8.0,6.0,0.0,5.0,2.0,6.0,1.0,3.0,1.0,11.0,40:20,19.7,1
1,201152,Thaddeus Young,17.0,7.0,17.0,3.0,2.0,4.0,6.0,2.0,2.0,1.0,2.0,3.0,2.0,40:03,12.4,1
2,201150,Spencer Hawes,13.0,4.0,11.0,4.0,3.0,1.0,7.0,2.0,4.0,1.0,4.0,1.0,2.0,31:41,12.2,1
3,203138,Hollis Thompson,11.0,5.0,6.0,0.0,0.0,3.0,1.0,0.0,0.0,0.0,4.0,0.0,9.0,16:60,9.6,1
4,203487,Michael Carter-Williams,16.0,5.0,15.0,8.0,6.0,3.0,6.0,2.0,6.0,0.0,4.0,5.0,1.0,34:30,10.2,1
5,202341,James Anderson,12.0,4.0,7.0,2.0,2.0,0.0,4.0,1.0,0.0,1.0,2.0,3.0,0.0,24:46,7.8,1
6,202730,Lavoy Allen,13.0,6.0,9.0,0.0,0.0,0.0,5.0,0.0,3.0,0.0,3.0,1.0,10.0,16:18,10.5,1
7,203100,Tony Wroten,7.0,3.0,6.0,3.0,0.0,1.0,4.0,1.0,1.0,0.0,1.0,2.0,14.0,19:42,4.0,1
8,202343,Elliot Williams,0.0,0.0,2.0,0.0,0.0,1.0,1.0,0.0,0.0,0.0,1.0,1.0,1.0,7:39,-1.8,1
9,203561,Brandon Davies,2.0,1.0,2.0,0.0,0.0,1.0,0.0,0.0,1.0,1.0,1.0,0.0,10.0,7:56,2.7,1
10,203102,Arnett Moultrie,,,,,,,,,,,,,,,0.0,1
11,202350,Daniel Orton,,,,,,,,,,,,,,,0.0,1
12,201163,Wilson Chandler,16.0,5.0,13.0,2.0,2.0,1.0,6.0,3.0,2.0,1.0,6.0,0.0,0.0,31:24,14.1,0
13,202702,Kenneth Faried,12.0,6.0,9.0,3.0,0.0,4.0,2.0,1.0,1.0,1.0,2.0,0.0,2.0,21:58,11.9,0
14,201581,JJ Hickson,19.0,7.0,14.0,9.0,5.0,4.0,7.0,1.0,0.0,2.0,4.0,1.0,-5.0,32:06,15.1,0
15,200751,Randy Foye,14.0,6.0,17.0,2.0,2.0,1.0,3.0,0.0,6.0,0.0,2.0,4.0,-11.0,36:36,5.5,0
16,201951,Ty Lawson,15.0,4.0,13.0,7.0,6.0,1.0,5.0,1.0,11.0,1.0,2.0,4.0,-2.0,40:46,13.9,0
17,203113,Quincy Miller,2.0,1.0,5.0,0.0,0.0,2.0,0.0,0.0,0.0,0.0,1.0,0.0,-7.0,5:56,-0.1,0
18,202389,Timofey Mozgov,4.0,1.0,2.0,2.0,2.0,0.0,2.0,0.0,1.0,0.0,2.0,1.0,-3.0,10:11,2.5,0
19,101126,Nate Robinson,0.0,0.0,3.0,0.0,0.0,0.0,2.0,0.0,0.0,0.0,0.0,0.0,-8.0,13:08,-1.5,0
20,203095,Evan Fournier,7.0,3.0,6.0,2.0,1.0,0.0,2.0,0.0,1.0,0.0,5.0,2.0,-5.0,14:24,0.9,0
21,201589,Darrell Arthur,8.0,2.0,6.0,4.0,4.0,2.0,3.0,1.0,0.0,1.0,4.0,1.0,-15.0,22:14,6.0,0
22,201576,Anthony Randolph,3.0,0.0,1.0,4.0,3.0,0.0,1.0,0.0,1.0,1.0,0.0,0.0,-4.0,7:32,3.6,0
23,202706,Jordan Hamilton,2.0,1.0,2.0,0.0,0.0,0.0,0.0,0.0,0.0,1.0,0.0,1.0,-2.0,3:42,0.7,0
24,1889,Andre Miller,,,,,,,,,,,,,,,0.0,0
