,id,name,PTS,FG,FGA,FTA,FT,OREB,DREB,STL,AST,BLK,PF,TO,PLUS_MINUS,MIN,GS,WIN
0,2736,Luol Deng,18.0,6.0,17.0,7.0,6.0,3.0,0.0,1.0,2.0,1.0,2.0,0.0,-7.0,30:08,12.5,1
1,202684,Tristan Thompson,20.0,8.0,9.0,6.0,4.0,3.0,7.0,1.0,0.0,2.0,1.0,3.0,8.0,37:16,19.3,1
2,2760,Anderson Varejao,7.0,2.0,5.0,4.0,3.0,3.0,13.0,3.0,7.0,1.0,2.0,2.0,14.0,30:48,15.7,1
3,101139,CJ Miles,19.0,6.0,12.0,4.0,4.0,1.0,3.0,0.0,2.0,1.0,4.0,0.0,14.0,37:60,15.1,1
4,202681,Kyrie Irving,23.0,9.0,16.0,5.0,4.0,1.0,3.0,0.0,6.0,1.0,4.0,1.0,9.0,33:12,18.9,1
5,203079,Dion Waiters,9.0,3.0,14.0,2.0,2.0,0.0,0.0,2.0,2.0,0.0,2.0,1.0,8.0,28:01,2.0,1
6,203092,Tyler Zeller,4.0,1.0,4.0,4.0,2.0,5.0,2.0,0.0,1.0,0.0,1.0,2.0,-5.0,16:57,3.2,1
7,101127,Jarrett Jack,13.0,5.0,7.0,3.0,3.0,0.0,4.0,1.0,1.0,0.0,2.0,1.0,-1.0,14:48,11.2,1
8,201947,Earl Clark,4.0,2.0,4.0,0.0,0.0,0.0,1.0,0.0,0.0,0.0,1.0,1.0,0.0,10:50,0.9,1
9,203461,Anthony Bennett,,,,,,,,,,,,,,,0.0,1
10,203521,Matthew Dellavedova,,,,,,,,,,,,,,,0.0,1
11,202087,Alonzo Gee,,,,,,,,,,,,,,,0.0,1
12,203156,Henry Sims,,,,,,,,,,,,,,,0.0,1
13,201163,Wilson Chandler,23.0,7.0,17.0,6.0,4.0,0.0,4.0,0.0,4.0,1.0,6.0,2.0,-3.0,35:17,13.4,0
14,202702,Kenneth Faried,8.0,3.0,6.0,4.0,2.0,3.0,3.0,0.0,2.0,1.0,3.0,1.0,-8.0,21:40,7.1,0
15,201581,JJ Hickson,8.0,4.0,8.0,0.0,0.0,2.0,8.0,1.0,0.0,1.0,5.0,3.0,-11.0,32:20,4.5,0
16,200751,Randy Foye,16.0,5.0,15.0,2.0,2.0,0.0,0.0,1.0,4.0,0.0,4.0,0.0,-4.0,35:22,9.7,0
17,201951,Ty Lawson,19.0,5.0,16.0,7.0,7.0,1.0,3.0,2.0,11.0,0.0,2.0,2.0,-3.0,39:55,18.3,0
18,202389,Timofey Mozgov,10.0,5.0,7.0,0.0,0.0,6.0,5.0,0.0,2.0,5.0,3.0,1.0,0.0,26:24,15.5,0
19,203113,Quincy Miller,0.0,0.0,4.0,0.0,0.0,1.0,3.0,0.0,0.0,0.0,2.0,2.0,-5.0,12:17,-4.0,0
20,203095,Evan Fournier,6.0,3.0,8.0,0.0,0.0,0.0,1.0,1.0,3.0,1.0,1.0,2.0,1.0,16:15,3.3,0
21,101126,Nate Robinson,19.0,8.0,11.0,0.0,0.0,0.0,1.0,1.0,2.0,0.0,2.0,0.0,-7.0,20:30,16.4,0
22,201589,Darrell Arthur,,,,,,,,,,,,,,,0.0,0
23,202706,Jordan Hamilton,,,,,,,,,,,,,,,0.0,0
24,1889,Andre Miller,,,,,,,,,,,,,,,0.0,0
25,201576,Anthony Randolph,,,,,,,,,,,,,,,0.0,0
