,id,name,PTS,FG,FGA,FTA,FT,OREB,DREB,STL,AST,BLK,PF,TO,PLUS_MINUS,MIN,GS,WIN
0,203082,Terrence Ross,15.0,5.0,8.0,2.0,2.0,0.0,2.0,0.0,1.0,1.0,6.0,1.0,-2.0,24:51,10.0,1
1,101161,Amir Johnson,15.0,7.0,9.0,3.0,0.0,0.0,2.0,0.0,3.0,2.0,4.0,4.0,-9.0,32:24,8.8,1
2,202685,Jonas Valanciunas,4.0,2.0,4.0,0.0,0.0,4.0,5.0,0.0,1.0,2.0,3.0,2.0,3.0,24:18,5.2,1
3,201942,DeMar DeRozan,25.0,8.0,17.0,9.0,7.0,1.0,6.0,0.0,0.0,1.0,5.0,4.0,3.0,33:54,12.7,1
4,200768,Kyle Lowry,20.0,5.0,13.0,10.0,9.0,4.0,8.0,2.0,11.0,0.0,3.0,4.0,4.0,36:20,22.2,1
5,200779,Steve Novak,15.0,5.0,6.0,0.0,0.0,0.0,1.0,0.0,0.0,0.0,0.0,0.0,16.0,19:48,13.1,1
6,2422,John Salmons,2.0,1.0,6.0,0.0,0.0,0.0,5.0,0.0,1.0,0.0,1.0,0.0,3.0,27:14,0.0,1
7,202349,Greivis Vasquez,12.0,3.0,8.0,4.0,4.0,1.0,5.0,1.0,3.0,0.0,4.0,2.0,12.0,22:23,9.3,1
8,201946,Tyler Hansbrough,0.0,0.0,2.0,1.0,0.0,0.0,1.0,0.0,1.0,0.0,0.0,0.0,4.0,6:40,-0.8,1
9,101236,Chuck Hayes,3.0,1.0,3.0,2.0,1.0,2.0,1.0,0.0,1.0,0.0,1.0,2.0,1.0,12:03,0.9,1
10,202361,Landry Fields,0.0,0.0,0.0,0.0,0.0,0.0,0.0,0.0,0.0,0.0,0.0,0.0,0.0,0:05,0.0,1
11,202779,Dwight Buycks,,,,,,,,,,,,,,,0.0,1
12,201986,Nando De Colo,,,,,,,,,,,,,,,0.0,1
13,201147,Corey Brewer,17.0,6.0,13.0,9.0,5.0,2.0,1.0,6.0,3.0,1.0,4.0,0.0,11.0,44:10,17.6,0
14,201567,Kevin Love,26.0,9.0,22.0,4.0,4.0,3.0,8.0,1.0,9.0,1.0,2.0,0.0,0.0,40:35,25.9,0
15,201593,Nikola Pekovic,17.0,8.0,13.0,1.0,1.0,5.0,6.0,0.0,0.0,0.0,3.0,5.0,-6.0,33:01,10.2,0
16,2755,Kevin Martin,20.0,8.0,19.0,3.0,3.0,0.0,2.0,0.0,0.0,0.0,3.0,0.0,-6.0,32:24,9.3,0
17,201937,Ricky Rubio,8.0,3.0,8.0,2.0,2.0,1.0,0.0,2.0,7.0,0.0,6.0,0.0,-1.0,25:59,8.8,0
18,201967,Dante Cunningham,2.0,1.0,4.0,1.0,0.0,0.0,2.0,0.0,2.0,0.0,1.0,0.0,-14.0,17:17,0.8,0
19,201601,Luc Mbah a Moute,0.0,0.0,1.0,0.0,0.0,1.0,0.0,0.0,0.0,0.0,0.0,1.0,-18.0,3:50,-1.0,0
20,201978,Chase Budinger,3.0,1.0,3.0,0.0,0.0,1.0,1.0,0.0,0.0,0.0,1.0,0.0,2.0,13:13,1.9,0
21,200826,J.J. Barea,5.0,2.0,8.0,0.0,0.0,1.0,1.0,0.0,3.0,0.0,4.0,2.0,-3.0,19:05,-0.3,0
22,203144,Alexey Shved,0.0,0.0,0.0,0.0,0.0,1.0,0.0,0.0,1.0,0.0,0.0,0.0,-3.0,2:56,1.4,0
23,203498,Shabazz Muhammad,6.0,3.0,4.0,0.0,0.0,1.0,1.0,0.0,0.0,0.0,1.0,1.0,3.0,7:30,4.0,0
24,203476,Gorgui Dieng,,,,,,,,,,,,,,,0.0,0
25,203133,Robbie Hummel,,,,,,,,,,,,,,,0.0,0
