,id,name,PTS,FG,FGA,FTA,FT,OREB,DREB,STL,AST,BLK,PF,TO,PLUS_MINUS,MIN,GS,WIN
0,202718,Chandler Parsons,16.0,7.0,17.0,0.0,0.0,0.0,4.0,0.0,6.0,2.0,1.0,1.0,23.0,38:25,12.3,1
1,203093,Terrence Jones,14.0,4.0,5.0,7.0,5.0,2.0,3.0,0.0,2.0,2.0,3.0,0.0,10.0,29:01,15.2,1
2,201600,Omer Asik,9.0,4.0,8.0,2.0,1.0,2.0,6.0,0.0,2.0,2.0,0.0,1.0,13.0,33:04,9.6,1
3,201935,James Harden,37.0,9.0,15.0,14.0,14.0,0.0,3.0,4.0,10.0,1.0,1.0,1.0,20.0,29:28,41.3,1
4,201976,Patrick Beverley,15.0,6.0,12.0,0.0,0.0,0.0,3.0,0.0,7.0,0.0,2.0,1.0,11.0,34:27,13.0,1
5,202700,Donatas Motiejunas,11.0,5.0,5.0,1.0,1.0,0.0,0.0,1.0,0.0,0.0,4.0,1.0,0.0,18:55,7.9,1
6,201956,Omri Casspi,0.0,0.0,3.0,0.0,0.0,0.0,1.0,2.0,1.0,2.0,3.0,4.0,-9.0,14:32,-2.9,1
7,202391,Jeremy Lin,13.0,3.0,11.0,6.0,6.0,1.0,6.0,2.0,2.0,1.0,1.0,1.0,-9.0,26:04,11.7,1
8,202706,Jordan Hamilton,0.0,0.0,2.0,0.0,0.0,0.0,0.0,0.0,1.0,0.0,2.0,2.0,-12.0,10:44,-3.5,1
9,203477,Isaiah Canaan,3.0,0.0,1.0,4.0,3.0,0.0,0.0,0.0,0.0,0.0,1.0,1.0,-12.0,5:20,0.5,1
10,101128,Francisco Garcia,,,,,,,,,,,,,,,0.0,1
11,2730,Dwight Howard,,,,,,,,,,,,,,,0.0,1
12,202962,Greg Smith,,,,,,,,,,,,,,,0.0,1
13,202087,Alonzo Gee,9.0,4.0,5.0,0.0,0.0,0.0,2.0,2.0,2.0,0.0,3.0,1.0,-16.0,23:00,8.9,0
14,202684,Tristan Thompson,10.0,4.0,8.0,2.0,2.0,3.0,9.0,1.0,1.0,0.0,5.0,0.0,-13.0,25:12,10.5,0
15,201150,Spencer Hawes,3.0,1.0,8.0,2.0,1.0,2.0,0.0,0.0,2.0,1.0,2.0,2.0,-18.0,16:30,-1.9,0
16,203079,Dion Waiters,26.0,11.0,21.0,4.0,3.0,1.0,4.0,0.0,7.0,0.0,5.0,3.0,-8.0,39:48,17.1,0
17,101127,Jarrett Jack,11.0,5.0,13.0,1.0,1.0,0.0,4.0,1.0,5.0,1.0,1.0,2.0,-1.0,35:52,7.9,0
18,203521,Matthew Dellavedova,14.0,5.0,11.0,1.0,1.0,1.0,4.0,0.0,10.0,0.0,4.0,6.0,9.0,36:58,9.6,0
19,2760,Anderson Varejao,12.0,5.0,7.0,2.0,2.0,3.0,8.0,1.0,2.0,1.0,3.0,1.0,1.0,23:33,14.5,0
20,203092,Tyler Zeller,23.0,10.0,16.0,5.0,3.0,3.0,4.0,0.0,3.0,1.0,4.0,1.0,16.0,30:17,18.5,0
21,203552,Seth Curry,3.0,1.0,3.0,0.0,0.0,0.0,1.0,2.0,0.0,0.0,0.0,0.0,-5.0,8:50,3.6,0
22,203461,Anthony Bennett,,,,,,,,,,,,,,,0.0,0
23,2736,Luol Deng,,,,,,,,,,,,,,,0.0,0
24,203508,Sergey Karasev,,,,,,,,,,,,,,,0.0,0
25,101139,CJ Miles,,,,,,,,,,,,,,,0.0,0
