,id,name,PTS,FG,FGA,FTA,FT,OREB,DREB,STL,AST,BLK,PF,TO,PLUS_MINUS,MIN,GS,WIN
0,2594,Kyle Korver,8.0,3.0,5.0,0.0,0.0,1.0,3.0,1.0,2.0,0.0,1.0,0.0,-16.0,37:37,9.3,0
1,200794,Paul Millsap,17.0,4.0,14.0,10.0,8.0,2.0,5.0,2.0,2.0,2.0,4.0,4.0,-3.0,36:09,10.1,0
2,1882,Elton Brand,7.0,3.0,4.0,2.0,1.0,1.0,1.0,0.0,0.0,0.0,2.0,0.0,-6.0,14:20,5.2,0
3,101150,Lou Williams,18.0,6.0,16.0,2.0,2.0,0.0,3.0,1.0,3.0,0.0,3.0,2.0,-9.0,36:26,10.0,0
4,201952,Jeff Teague,22.0,9.0,17.0,2.0,2.0,0.0,3.0,2.0,8.0,1.0,3.0,3.0,-4.0,34:13,18.7,0
5,203544,Pero Antic,5.0,2.0,4.0,0.0,0.0,1.0,4.0,0.0,1.0,0.0,4.0,0.0,8.0,20:20,4.0,0
6,202714,Shelvin Mack,14.0,5.0,11.0,0.0,0.0,1.0,3.0,2.0,3.0,0.0,2.0,3.0,9.0,24:39,10.2,0
7,203471,Dennis Schroder,6.0,2.0,3.0,3.0,2.0,0.0,2.0,0.0,1.0,0.0,3.0,0.0,-3.0,13:08,4.4,0
8,202970,Gustavo Ayon,0.0,0.0,1.0,0.0,0.0,0.0,2.0,0.0,0.0,0.0,1.0,0.0,-4.0,5:39,-0.5,0
9,203118,Mike Scott,5.0,2.0,6.0,2.0,0.0,1.0,3.0,1.0,0.0,0.0,0.0,1.0,-7.0,17:29,2.4,0
10,201960,DeMarre Carroll,,,,,,,,,,,,,,,0.0,0
11,203099,Jared Cunningham,,,,,,,,,,,,,,,0.0,0
12,201858,Cartier Martin,,,,,,,,,,,,,,,0.0,0
13,202699,Tobias Harris,17.0,7.0,15.0,1.0,0.0,1.0,6.0,2.0,2.0,0.0,5.0,3.0,5.0,35:29,9.8,1
14,201175,Glen Davis,16.0,6.0,12.0,5.0,4.0,1.0,4.0,1.0,1.0,0.0,3.0,1.0,19.0,30:24,11.0,1
15,202696,Nikola Vucevic,16.0,8.0,11.0,0.0,0.0,2.0,12.0,3.0,2.0,1.0,2.0,2.0,4.0,34:28,18.8,1
16,201167,Arron Afflalo,21.0,7.0,10.0,7.0,6.0,0.0,3.0,1.0,7.0,0.0,2.0,3.0,11.0,42:20,19.4,1
17,2749,Jameer Nelson,10.0,3.0,7.0,2.0,2.0,0.0,3.0,0.0,8.0,0.0,1.0,1.0,11.0,36:22,11.4,1
18,203094,Andrew Nicholson,0.0,0.0,3.0,0.0,0.0,0.0,1.0,0.0,0.0,1.0,1.0,0.0,-5.0,7:55,-1.5,1
19,203506,Victor Oladipo,15.0,4.0,7.0,8.0,6.0,0.0,5.0,2.0,8.0,1.0,5.0,5.0,1.0,28:32,13.7,1
20,202734,E'Twaun Moore,3.0,1.0,3.0,1.0,1.0,0.0,0.0,0.0,0.0,0.0,0.0,2.0,-7.0,11:48,-0.7,1
21,203090,Maurice Harkless,11.0,5.0,6.0,0.0,0.0,0.0,2.0,1.0,2.0,0.0,1.0,0.0,-4.0,12:43,11.4,1
22,203117,Doron Lamb,,,,,,,,,,,,,,,0.0,1
23,101131,Jason Maxiell,,,,,,,,,,,,,,,0.0,1
24,203124,Kyle O'Quinn,,,,,,,,,,,,,,,0.0,1
25,101179,Ronnie Price,,,,,,,,,,,,,,,0.0,1
