,id,name,PTS,FG,FGA,FTA,FT,OREB,DREB,STL,AST,BLK,PF,TO,PLUS_MINUS,MIN,GS,WIN
0,201145,Jeff Green,13.0,5.0,15.0,2.0,1.0,0.0,6.0,0.0,3.0,2.0,2.0,3.0,-6.0,35:45,5.6,0
1,101138,Brandon Bass,6.0,3.0,7.0,0.0,0.0,1.0,2.0,0.0,0.0,0.0,1.0,0.0,-8.0,33:02,3.2,0
2,203096,Jared Sullinger,15.0,6.0,15.0,2.0,2.0,4.0,7.0,1.0,2.0,1.0,5.0,2.0,-8.0,36:56,10.9,0
3,202340,Avery Bradley,24.0,8.0,16.0,4.0,4.0,1.0,3.0,3.0,2.0,0.0,4.0,1.0,-5.0,34:49,19.4,0
4,200765,Rajon Rondo,19.0,8.0,15.0,3.0,1.0,1.0,3.0,3.0,12.0,0.0,4.0,5.0,-9.0,40:44,17.3,0
5,201573,Jerryd Bayless,5.0,2.0,5.0,0.0,0.0,0.0,1.0,0.0,2.0,0.0,1.0,0.0,-7.0,21:10,3.6,0
6,203482,Kelly Olynyk,5.0,2.0,5.0,0.0,0.0,3.0,6.0,0.0,1.0,0.0,3.0,1.0,1.0,15:20,4.7,0
7,203187,Chris Johnson,10.0,3.0,6.0,3.0,3.0,1.0,0.0,0.0,1.0,0.0,1.0,1.0,8.0,14:26,7.0,0
8,203515,Phil Pressey,0.0,0.0,0.0,0.0,0.0,0.0,0.0,0.0,2.0,0.0,1.0,1.0,-3.0,3:54,-0.0,0
9,201202,Joel Anthony,0.0,0.0,0.0,0.0,0.0,0.0,0.0,0.0,0.0,0.0,0.0,0.0,-3.0,3:54,0.0,0
10,203569,Chris Babb,,,,,,,,,,,,,,,0.0,0
11,2743,Kris Humphries,,,,,,,,,,,,,,,0.0,0
12,201960,DeMarre Carroll,13.0,6.0,13.0,2.0,1.0,1.0,7.0,0.0,4.0,0.0,4.0,1.0,4.0,38:18,8.9,1
13,200794,Paul Millsap,14.0,5.0,11.0,7.0,4.0,2.0,12.0,1.0,3.0,1.0,2.0,5.0,15.0,38:46,10.1,1
14,1882,Elton Brand,13.0,6.0,12.0,2.0,1.0,4.0,9.0,3.0,3.0,1.0,1.0,3.0,3.0,33:01,14.5,1
15,2594,Kyle Korver,17.0,5.0,8.0,3.0,3.0,0.0,5.0,1.0,4.0,1.0,1.0,2.0,17.0,36:57,17.0,1
16,201952,Jeff Teague,19.0,6.0,12.0,4.0,4.0,0.0,0.0,2.0,8.0,1.0,1.0,2.0,11.0,31:53,18.9,1
17,203118,Mike Scott,13.0,6.0,9.0,1.0,0.0,0.0,1.0,0.0,1.0,1.0,2.0,0.0,-2.0,20:10,9.6,1
18,202714,Shelvin Mack,5.0,2.0,6.0,0.0,0.0,0.0,0.0,0.0,5.0,0.0,0.0,0.0,-5.0,20:05,5.1,1
19,101150,Lou Williams,9.0,3.0,4.0,3.0,3.0,0.0,1.0,0.0,2.0,0.0,3.0,0.0,0.0,16:43,7.9,1
20,203488,Mike Muscala,2.0,1.0,1.0,0.0,0.0,1.0,0.0,0.0,0.0,0.0,0.0,1.0,0.0,4:03,1.4,1
21,201858,Cartier Martin,0.0,0.0,0.0,0.0,0.0,0.0,0.0,0.0,0.0,0.0,0.0,0.0,-3.0,0:04,0.0,1
22,203544,Pero Antic,,,,,,,,,,,,,,,0.0,1
23,203471,Dennis Schroder,,,,,,,,,,,,,,,0.0,1
