,id,name,PTS,FG,FGA,FTA,FT,OREB,DREB,STL,AST,BLK,PF,TO,PLUS_MINUS,MIN,GS,WIN
0,201152,Thaddeus Young,0.0,0.0,7.0,0.0,0.0,0.0,4.0,1.0,2.0,1.0,2.0,2.0,-25.0,21:33,-3.4,0
1,202323,Evan Turner,4.0,2.0,13.0,0.0,0.0,1.0,0.0,0.0,2.0,0.0,3.0,0.0,-11.0,17:31,-3.4,0
2,201150,Spencer Hawes,9.0,3.0,5.0,2.0,2.0,2.0,1.0,1.0,2.0,2.0,1.0,0.0,-23.0,22:42,11.8,0
3,203487,Michael Carter-Williams,33.0,13.0,25.0,7.0,5.0,1.0,5.0,0.0,5.0,0.0,2.0,1.0,-30.0,36:43,23.8,0
4,203138,Hollis Thompson,4.0,1.0,4.0,2.0,2.0,2.0,3.0,1.0,3.0,0.0,1.0,2.0,-19.0,31:55,4.6,0
5,202341,James Anderson,15.0,6.0,15.0,3.0,3.0,0.0,5.0,3.0,2.0,2.0,2.0,0.0,-11.0,32:53,13.4,0
6,202730,Lavoy Allen,2.0,1.0,2.0,0.0,0.0,1.0,2.0,0.0,2.0,1.0,2.0,0.0,-8.0,18:11,3.6,0
7,203561,Brandon Davies,11.0,3.0,4.0,7.0,5.0,1.0,3.0,2.0,1.0,0.0,3.0,1.0,10.0,23:53,10.7,0
8,202343,Elliot Williams,12.0,4.0,8.0,4.0,3.0,0.0,4.0,0.0,1.0,0.0,2.0,2.0,10.0,23:19,6.7,0
9,203485,Lorenzo Brown,3.0,1.0,3.0,2.0,1.0,0.0,3.0,1.0,1.0,0.0,0.0,2.0,17.0,11:20,1.5,0
10,203102,Arnett Moultrie,,,,,,,,,,,,,,,0.0,0
11,203100,Tony Wroten,,,,,,,,,,,,,,,0.0,0
12,201947,Earl Clark,2.0,1.0,6.0,0.0,0.0,0.0,3.0,0.0,0.0,1.0,0.0,0.0,5.0,10:47,-0.2,1
13,202684,Tristan Thompson,12.0,5.0,11.0,4.0,2.0,5.0,5.0,1.0,1.0,0.0,0.0,3.0,19.0,29:07,9.2,1
14,2760,Anderson Varejao,18.0,8.0,10.0,5.0,2.0,3.0,11.0,0.0,2.0,1.0,2.0,1.0,21.0,26:22,18.7,1
15,101139,CJ Miles,34.0,11.0,18.0,3.0,2.0,2.0,3.0,2.0,2.0,0.0,3.0,0.0,32.0,31:24,29.9,1
16,202681,Kyrie Irving,16.0,6.0,9.0,2.0,2.0,0.0,1.0,0.0,8.0,3.0,3.0,1.0,19.0,30:01,17.9,1
17,203079,Dion Waiters,12.0,5.0,14.0,3.0,1.0,0.0,4.0,2.0,8.0,0.0,2.0,2.0,16.0,27:38,9.4,1
18,203092,Tyler Zeller,9.0,4.0,5.0,1.0,1.0,1.0,3.0,0.0,1.0,3.0,3.0,1.0,6.0,18:06,9.3,1
19,203521,Matthew Dellavedova,2.0,1.0,5.0,0.0,0.0,0.0,3.0,0.0,6.0,0.0,4.0,3.0,2.0,30:46,-0.6,1
20,203461,Anthony Bennett,2.0,1.0,6.0,0.0,0.0,1.0,7.0,0.0,0.0,0.0,4.0,5.0,-4.0,17:42,-5.6,1
21,202087,Alonzo Gee,0.0,0.0,0.0,0.0,0.0,0.0,1.0,0.0,0.0,0.0,1.0,0.0,1.0,2:49,-0.1,1
22,203508,Sergey Karasev,0.0,0.0,2.0,0.0,0.0,0.0,1.0,0.0,0.0,0.0,3.0,1.0,-13.0,7:07,-3.3,1
23,203156,Henry Sims,2.0,1.0,2.0,0.0,0.0,2.0,2.0,0.0,1.0,1.0,1.0,0.0,-6.0,4:43,4.0,1
24,203467,Carrick Felix,2.0,1.0,1.0,0.0,0.0,0.0,0.0,0.0,0.0,0.0,1.0,1.0,-8.0,3:28,0.3,1
