,id,name,PTS,FG,FGA,FTA,FT,OREB,DREB,STL,AST,BLK,PF,TO,PLUS_MINUS,MIN,GS,WIN
0,201147,Corey Brewer,3.0,1.0,5.0,0.0,0.0,0.0,0.0,1.0,1.0,1.0,1.0,2.0,-4.0,23:25,-0.1,0
1,201567,Kevin Love,45.0,15.0,23.0,15.0,13.0,3.0,16.0,1.0,6.0,0.0,3.0,4.0,-3.0,43:23,41.0,0
2,201593,Nikola Pekovic,34.0,16.0,28.0,3.0,2.0,8.0,6.0,0.0,1.0,1.0,5.0,2.0,2.0,46:09,25.2,0
3,2755,Kevin Martin,16.0,7.0,12.0,1.0,1.0,2.0,5.0,0.0,4.0,0.0,6.0,6.0,1.0,32:19,7.7,0
4,201937,Ricky Rubio,0.0,0.0,4.0,0.0,0.0,0.0,2.0,0.0,12.0,0.0,2.0,3.0,-11.0,38:40,2.4,0
5,201601,Luc Mbah a Moute,2.0,1.0,5.0,2.0,0.0,3.0,3.0,2.0,2.0,0.0,1.0,1.0,-13.0,25:16,3.1,0
6,201967,Dante Cunningham,2.0,0.0,2.0,2.0,2.0,1.0,0.0,0.0,0.0,1.0,3.0,1.0,1.0,11:20,-0.2,0
7,200826,J.J. Barea,12.0,4.0,11.0,4.0,2.0,0.0,1.0,0.0,1.0,0.0,2.0,0.0,7.0,25:26,5.3,0
8,203144,Alexey Shved,0.0,0.0,2.0,0.0,0.0,0.0,0.0,0.0,0.0,0.0,0.0,0.0,-1.0,6:08,-1.4,0
9,203133,Robbie Hummel,2.0,1.0,4.0,0.0,0.0,2.0,2.0,0.0,0.0,0.0,0.0,0.0,1.0,12:54,1.6,0
10,203476,Gorgui Dieng,,,,,,,,,,,,,,,0.0,0
11,203498,Shabazz Muhammad,,,,,,,,,,,,,,,0.0,0
12,201985,AJ Price,,,,,,,,,,,,,,,0.0,0
13,201162,Jared Dudley,15.0,6.0,14.0,3.0,2.0,0.0,4.0,4.0,0.0,0.0,2.0,0.0,12.0,37:56,11.6,1
14,201933,Blake Griffin,32.0,11.0,20.0,11.0,10.0,3.0,7.0,4.0,2.0,0.0,6.0,2.0,0.0,40:48,27.2,1
15,201599,DeAndre Jordan,4.0,2.0,4.0,0.0,0.0,9.0,8.0,0.0,1.0,1.0,3.0,1.0,5.0,37:00,9.9,1
16,2037,Jamal Crawford,22.0,9.0,19.0,1.0,0.0,1.0,3.0,0.0,5.0,0.0,4.0,4.0,5.0,42:19,11.4,1
17,101108,Chris Paul,19.0,6.0,19.0,8.0,7.0,2.0,4.0,2.0,13.0,0.0,0.0,3.0,6.0,43:07,18.4,1
18,201954,Darren Collison,18.0,8.0,12.0,2.0,1.0,0.0,0.0,2.0,2.0,0.0,2.0,2.0,0.0,27:22,13.0,1
19,200797,Ryan Hollins,2.0,1.0,1.0,0.0,0.0,0.0,1.0,1.0,0.0,0.0,2.0,1.0,-8.0,12:52,1.2,1
20,2440,Matt Barnes,3.0,1.0,2.0,2.0,1.0,1.0,1.0,0.0,1.0,0.0,2.0,0.0,0.0,10:30,2.5,1
21,2584,Willie Green,5.0,2.0,5.0,0.0,0.0,0.0,0.0,1.0,0.0,0.0,2.0,0.0,5.0,11:25,2.5,1
22,1712,Antawn Jamison,0.0,0.0,1.0,0.0,0.0,0.0,1.0,0.0,0.0,0.0,0.0,0.0,-5.0,1:41,-0.4,1
23,203493,Reggie Bullock,,,,,,,,,,,,,,,0.0,1
24,1536,Stephen Jackson,,,,,,,,,,,,,,,0.0,1
25,201957,Byron Mullens,,,,,,,,,,,,,,,0.0,1
