,id,name,PTS,FG,FGA,FTA,FT,OREB,DREB,STL,AST,BLK,PF,TO,PLUS_MINUS,MIN,GS,WIN
0,1890,Shawn Marion,4.0,2.0,6.0,0.0,0.0,1.0,3.0,2.0,0.0,1.0,2.0,1.0,-2.0,36:51,3.1,1
1,1717,Dirk Nowitzki,15.0,6.0,13.0,3.0,3.0,1.0,0.0,2.0,3.0,0.0,2.0,1.0,2.0,32:26,11.3,1
2,2223,Samuel Dalembert,6.0,2.0,5.0,4.0,2.0,5.0,5.0,1.0,1.0,0.0,3.0,2.0,7.0,22:47,6.0,1
3,101181,Jose Calderon,20.0,6.0,9.0,3.0,3.0,1.0,2.0,0.0,6.0,0.0,0.0,0.0,2.0,33:40,21.6,1
4,101145,Monta Ellis,22.0,9.0,22.0,2.0,2.0,0.0,3.0,0.0,6.0,0.0,2.0,4.0,6.0,41:08,10.5,1
5,1713,Vince Carter,23.0,8.0,17.0,0.0,0.0,1.0,2.0,0.0,3.0,1.0,4.0,0.0,6.0,25:37,16.8,1
6,201971,DeJuan Blair,1.0,0.0,0.0,2.0,1.0,0.0,1.0,0.0,0.0,0.0,1.0,0.0,3.0,2:28,0.5,1
7,2734,Devin Harris,2.0,0.0,3.0,2.0,2.0,0.0,4.0,0.0,8.0,0.0,2.0,2.0,0.0,14:20,3.9,1
8,201961,Wayne Ellington,5.0,2.0,3.0,0.0,0.0,0.0,1.0,0.0,0.0,0.0,2.0,0.0,-2.0,10:04,3.2,1
9,201148,Brandan Wright,12.0,6.0,8.0,0.0,0.0,2.0,2.0,0.0,0.0,1.0,1.0,0.0,-9.0,20:35,11.1,1
10,203109,Jae Crowder,0.0,0.0,0.0,0.0,0.0,0.0,0.0,0.0,0.0,0.0,0.0,0.0,-3.0,0:04,0.0,1
11,203108,Bernard James,,,,,,,,,,,,,,,0.0,1
12,203499,Shane Larkin,,,,,,,,,,,,,,,0.0,1
13,2546,Carmelo Anthony,44.0,14.0,29.0,9.0,9.0,4.0,5.0,0.0,4.0,1.0,3.0,4.0,2.0,41:42,31.9,0
14,2405,Amar'e Stoudemire,9.0,3.0,5.0,3.0,3.0,1.0,1.0,0.0,1.0,0.0,4.0,2.0,-8.0,20:22,4.8,0
15,2199,Tyson Chandler,12.0,5.0,5.0,4.0,2.0,3.0,9.0,1.0,0.0,2.0,4.0,4.0,-14.0,36:24,11.3,0
16,101109,Raymond Felton,8.0,3.0,4.0,0.0,0.0,2.0,1.0,2.0,7.0,0.0,3.0,2.0,-7.0,33:35,11.8,0
17,203143,Pablo Prigioni,8.0,3.0,5.0,0.0,0.0,0.0,3.0,0.0,4.0,0.0,3.0,1.0,-2.0,28:25,7.2,0
18,2747,JR Smith,15.0,7.0,16.0,0.0,0.0,1.0,3.0,0.0,7.0,0.0,2.0,4.0,4.0,35:23,8.3,0
19,203501,Tim Hardaway Jr.,10.0,4.0,10.0,0.0,0.0,0.0,2.0,0.0,0.0,0.0,3.0,1.0,8.0,30:42,3.0,0
20,202719,Jeremy Tyler,0.0,0.0,1.0,0.0,0.0,0.0,3.0,0.0,0.0,0.0,2.0,1.0,-5.0,5:06,-1.6,0
21,202332,Cole Aldrich,2.0,1.0,1.0,0.0,0.0,0.0,3.0,0.0,0.0,0.0,0.0,0.0,12.0,8:21,2.6,0
22,2030,Kenyon Martin,,,,,,,,,,,,,,,0.0,0
23,203315,Toure' Murry,,,,,,,,,,,,,,,0.0,0
