,id,name,PTS,FG,FGA,FTA,FT,OREB,DREB,STL,AST,BLK,PF,TO,PLUS_MINUS,MIN,GS,WIN
0,201167,Arron Afflalo,15.0,3.0,12.0,8.0,8.0,0.0,2.0,1.0,2.0,0.0,3.0,4.0,-6.0,33:38,5.6,0
1,202699,Tobias Harris,16.0,5.0,10.0,5.0,4.0,1.0,5.0,1.0,0.0,0.0,3.0,0.0,-24.0,34:35,12.6,0
2,201175,Glen Davis,12.0,4.0,12.0,4.0,4.0,5.0,7.0,2.0,1.0,0.0,4.0,4.0,-10.0,32:15,7.9,0
3,203506,Victor Oladipo,13.0,5.0,14.0,4.0,2.0,0.0,1.0,1.0,3.0,0.0,1.0,0.0,-20.0,37:20,7.4,0
4,2749,Jameer Nelson,6.0,2.0,11.0,0.0,0.0,1.0,3.0,0.0,8.0,0.0,4.0,3.0,-9.0,31:52,1.7,0
5,203094,Andrew Nicholson,3.0,1.0,3.0,2.0,0.0,2.0,5.0,0.0,0.0,1.0,0.0,0.0,2.0,14:57,4.1,0
6,203090,Maurice Harkless,10.0,3.0,4.0,4.0,3.0,1.0,1.0,1.0,0.0,0.0,1.0,1.0,-20.0,24:00,8.6,0
7,202734,E'Twaun Moore,4.0,2.0,8.0,0.0,0.0,0.0,0.0,2.0,1.0,0.0,2.0,0.0,-11.0,16:08,1.1,0
8,101131,Jason Maxiell,0.0,0.0,2.0,0.0,0.0,1.0,1.0,0.0,0.0,1.0,1.0,0.0,2.0,4:55,-0.1,0
9,203124,Kyle O'Quinn,4.0,1.0,2.0,2.0,2.0,0.0,1.0,1.0,0.0,0.0,0.0,1.0,-2.0,5:10,3.3,0
10,203117,Doron Lamb,0.0,0.0,0.0,0.0,0.0,0.0,0.0,0.0,0.0,0.0,0.0,0.0,-2.0,5:10,0.0,0
11,101179,Ronnie Price,,,,,,,,,,,,,,,0.0,0
12,202696,Nikola Vucevic,,,,,,,,,,,,,,,0.0,0
13,200752,Rudy Gay,22.0,8.0,13.0,6.0,6.0,1.0,9.0,0.0,5.0,1.0,2.0,3.0,27.0,36:24,19.9,1
14,201574,Jason Thompson,14.0,7.0,9.0,0.0,0.0,1.0,6.0,2.0,1.0,0.0,5.0,1.0,14.0,24:39,12.7,1
15,202326,DeMarcus Cousins,24.0,9.0,16.0,6.0,6.0,2.0,12.0,3.0,6.0,1.0,3.0,3.0,8.0,39:18,25.1,1
16,201977,Marcus Thornton,1.0,0.0,4.0,2.0,1.0,2.0,1.0,0.0,0.0,0.0,1.0,0.0,13.0,18:25,-0.9,1
17,202738,Isaiah Thomas,9.0,2.0,13.0,4.0,4.0,2.0,2.0,2.0,7.0,0.0,3.0,4.0,13.0,35:50,4.4,1
18,202682,Derrick Williams,14.0,7.0,11.0,0.0,0.0,2.0,4.0,0.0,0.0,0.0,2.0,1.0,6.0,32:23,9.9,1
19,203463,Ben McLemore,0.0,0.0,4.0,0.0,0.0,1.0,1.0,0.0,1.0,0.0,3.0,0.0,0.0,18:12,-2.3,1
20,203112,Quincy Acy,4.0,2.0,2.0,0.0,0.0,0.0,6.0,0.0,0.0,1.0,0.0,0.0,6.0,13:49,5.9,1
21,202690,Jimmer Fredette,11.0,4.0,6.0,1.0,1.0,0.0,0.0,0.0,3.0,0.0,0.0,1.0,8.0,12:47,9.5,1
22,201189,Aaron Gray,0.0,0.0,0.0,0.0,0.0,0.0,2.0,0.0,0.0,0.0,3.0,1.0,5.0,5:17,-1.6,1
23,203492,Ray McCallum,2.0,1.0,1.0,0.0,0.0,0.0,0.0,0.0,0.0,0.0,0.0,0.0,0.0,1:28,1.7,1
24,2566,Travis Outlaw,2.0,1.0,1.0,0.0,0.0,0.0,0.0,0.0,0.0,0.0,0.0,0.0,0.0,1:28,1.7,1
