,id,name,PTS,FG,FGA,FTA,FT,OREB,DREB,STL,AST,BLK,PF,TO,PLUS_MINUS,MIN,GS,WIN
0,201142,Kevin Durant,29.0,10.0,22.0,7.0,7.0,0.0,5.0,0.0,12.0,1.0,3.0,6.0,6.0,40:13,21.0,0
1,201586,Serge Ibaka,26.0,10.0,13.0,6.0,5.0,1.0,5.0,0.0,1.0,5.0,2.0,0.0,4.0,39:34,26.1,0
2,2570,Kendrick Perkins,4.0,2.0,2.0,0.0,0.0,1.0,3.0,1.0,1.0,1.0,3.0,2.0,-4.0,19:10,4.2,0
3,200757,Thabo Sefolosha,8.0,3.0,7.0,0.0,0.0,0.0,4.0,1.0,2.0,0.0,2.0,1.0,-2.0,29:06,6.1,0
4,202704,Reggie Jackson,12.0,4.0,14.0,4.0,4.0,0.0,2.0,3.0,4.0,0.0,2.0,1.0,-8.0,32:59,8.4,0
5,203500,Steven Adams,0.0,0.0,0.0,0.0,0.0,1.0,3.0,0.0,0.0,0.0,2.0,3.0,5.0,11:28,-2.2,0
6,965,Derek Fisher,6.0,2.0,4.0,0.0,0.0,0.0,0.0,1.0,1.0,0.0,1.0,0.0,7.0,15:01,5.3,0
7,203087,Jeremy Lamb,8.0,3.0,6.0,0.0,0.0,0.0,4.0,0.0,4.0,1.0,2.0,2.0,1.0,25:51,6.9,0
8,2555,Nick Collison,4.0,1.0,1.0,2.0,2.0,1.0,2.0,0.0,0.0,1.0,2.0,1.0,-5.0,16:05,3.9,0
9,203103,Perry Jones III,5.0,2.0,4.0,0.0,0.0,0.0,2.0,0.0,0.0,0.0,1.0,0.0,-9.0,10:34,3.2,0
10,201934,Hasheem Thabeet,,,,,,,,,,,,,,,0.0,0
11,202699,Tobias Harris,18.0,6.0,17.0,6.0,6.0,2.0,3.0,2.0,2.0,1.0,2.0,1.0,1.0,34:13,13.1,1
12,201175,Glen Davis,14.0,7.0,8.0,0.0,0.0,2.0,3.0,1.0,1.0,0.0,1.0,0.0,-3.0,27:42,14.8,1
13,202696,Nikola Vucevic,10.0,4.0,12.0,2.0,2.0,3.0,7.0,0.0,2.0,0.0,2.0,2.0,0.0,31:43,6.0,1
14,201167,Arron Afflalo,16.0,3.0,11.0,10.0,9.0,0.0,2.0,1.0,5.0,0.0,0.0,1.0,-9.0,37:00,13.2,1
15,2749,Jameer Nelson,9.0,3.0,8.0,0.0,0.0,0.0,0.0,0.0,5.0,0.0,1.0,3.0,-7.0,28:02,4.7,1
16,203124,Kyle O'Quinn,9.0,4.0,7.0,2.0,1.0,1.0,2.0,2.0,1.0,0.0,2.0,0.0,-2.0,18:22,8.5,1
17,203506,Victor Oladipo,14.0,5.0,7.0,4.0,3.0,0.0,5.0,2.0,3.0,1.0,2.0,1.0,10.0,21:29,15.2,1
18,203090,Maurice Harkless,1.0,0.0,2.0,2.0,1.0,1.0,2.0,1.0,3.0,0.0,1.0,0.0,8.0,21:46,3.2,1
19,203094,Andrew Nicholson,6.0,3.0,4.0,0.0,0.0,0.0,1.0,1.0,1.0,0.0,1.0,0.0,-2.0,6:13,6.0,1
20,202734,E'Twaun Moore,6.0,3.0,4.0,0.0,0.0,1.0,1.0,0.0,2.0,0.0,1.0,1.0,9.0,13:30,5.4,1
21,203117,Doron Lamb,,,,,,,,,,,,,,,0.0,1
22,101131,Jason Maxiell,,,,,,,,,,,,,,,0.0,1
23,101179,Ronnie Price,,,,,,,,,,,,,,,0.0,1
