,id,name,PTS,FG,FGA,FTA,FT,OREB,DREB,STL,AST,BLK,PF,TO,PLUS_MINUS,MIN,GS,WIN
0,200752,Rudy Gay,24.0,8.0,12.0,9.0,8.0,0.0,1.0,1.0,1.0,2.0,0.0,2.0,-5.0,36:28,19.8,0
1,201574,Jason Thompson,4.0,2.0,2.0,0.0,0.0,0.0,0.0,0.0,0.0,0.0,5.0,1.0,-24.0,13:57,0.4,0
2,202326,DeMarcus Cousins,15.0,5.0,16.0,6.0,5.0,5.0,11.0,5.0,5.0,1.0,2.0,3.0,-10.0,34:09,17.6,0
3,203463,Ben McLemore,4.0,1.0,6.0,2.0,2.0,1.0,1.0,0.0,1.0,0.0,1.0,3.0,-12.0,26:54,-1.5,0
4,202738,Isaiah Thomas,29.0,11.0,20.0,4.0,4.0,2.0,4.0,1.0,2.0,0.0,4.0,3.0,-8.0,42:29,19.8,0
5,202682,Derrick Williams,14.0,4.0,10.0,4.0,4.0,1.0,3.0,1.0,1.0,0.0,3.0,1.0,19.0,30:29,9.7,0
6,201189,Aaron Gray,7.0,3.0,6.0,2.0,1.0,6.0,3.0,0.0,0.0,0.0,1.0,1.0,2.0,13:11,7.3,0
7,201977,Marcus Thornton,3.0,1.0,7.0,0.0,0.0,1.0,2.0,2.0,2.0,0.0,2.0,0.0,3.0,21:06,2.4,0
8,202690,Jimmer Fredette,2.0,1.0,2.0,0.0,0.0,0.0,0.0,1.0,0.0,0.0,1.0,1.0,-1.0,5:31,0.6,0
9,2566,Travis Outlaw,5.0,2.0,6.0,2.0,1.0,1.0,1.0,0.0,0.0,1.0,3.0,0.0,-9.0,15:46,1.7,0
10,203112,Quincy Acy,,,,,,,,,,,,,,,0.0,0
11,203492,Ray McCallum,,,,,,,,,,,,,,,0.0,0
12,202380,Hamady Ndiaye,,,,,,,,,,,,,,,0.0,0
13,200782,P.J. Tucker,10.0,3.0,13.0,5.0,3.0,5.0,4.0,1.0,2.0,0.0,2.0,1.0,-2.0,32:17,6.6,1
14,101112,Channing Frye,11.0,3.0,8.0,2.0,2.0,1.0,4.0,0.0,0.0,2.0,3.0,3.0,23.0,36:38,5.7,1
15,203101,Miles Plumlee,12.0,6.0,12.0,0.0,0.0,4.0,5.0,4.0,2.0,3.0,4.0,2.0,24.0,26:53,14.2,1
16,201609,Goran Dragic,29.0,10.0,14.0,7.0,5.0,2.0,2.0,1.0,3.0,0.0,2.0,4.0,20.0,34:56,22.7,1
17,202339,Eric Bledsoe,28.0,11.0,16.0,4.0,4.0,0.0,5.0,3.0,8.0,2.0,2.0,3.0,8.0,35:04,28.9,1
18,202693,Markieff Morris,9.0,2.0,5.0,6.0,5.0,3.0,3.0,1.0,2.0,0.0,2.0,1.0,-16.0,22:10,9.5,1
19,203139,Viacheslav Kravtsov,0.0,0.0,0.0,0.0,0.0,0.0,0.0,0.0,0.0,0.0,1.0,1.0,-15.0,4:10,-1.4,1
20,101123,Gerald Green,10.0,3.0,9.0,3.0,2.0,1.0,2.0,0.0,3.0,1.0,3.0,1.0,-8.0,24:53,6.4,1
21,202694,Marcus Morris Sr.,7.0,3.0,6.0,2.0,1.0,0.0,2.0,1.0,0.0,1.0,1.0,0.0,10.0,20:12,5.5,1
22,203462,Archie Goodwin,0.0,0.0,0.0,0.0,0.0,0.0,0.0,0.0,0.0,0.0,0.0,0.0,1.0,2:47,0.0,1
23,202091,Dionte Christmas,,,,,,,,,,,,,,,0.0,1
24,203458,Alex Len,,,,,,,,,,,,,,,0.0,1
25,202397,Ish Smith,,,,,,,,,,,,,,,0.0,1
