,id,name,PTS,FG,FGA,FTA,FT,OREB,DREB,STL,AST,BLK,PF,TO,PLUS_MINUS,MIN,GS,WIN
0,202325,Wesley Johnson,6.0,3.0,9.0,0.0,0.0,1.0,3.0,0.0,1.0,1.0,1.0,1.0,-19.0,27:42,2.5,0
1,201941,Jordan Hill,21.0,8.0,8.0,6.0,5.0,4.0,5.0,0.0,0.0,1.0,1.0,0.0,-12.0,28:13,22.8,0
2,2200,Pau Gasol,16.0,7.0,9.0,4.0,2.0,2.0,8.0,0.0,2.0,0.0,4.0,3.0,-4.0,32:10,12.3,0
3,201975,Jodie Meeks,2.0,1.0,8.0,0.0,0.0,1.0,2.0,1.0,2.0,0.0,0.0,2.0,-11.0,24:39,-1.5,0
4,977,Kobe Bryant,8.0,4.0,14.0,1.0,0.0,0.0,3.0,2.0,6.0,0.0,1.0,5.0,-4.0,32:10,1.1,0
5,202333,Xavier Henry,18.0,6.0,14.0,6.0,6.0,2.0,4.0,3.0,3.0,0.0,1.0,2.0,-5.0,26:46,15.9,0
6,200761,Shawne Williams,0.0,0.0,2.0,0.0,0.0,0.0,3.0,0.0,0.0,0.0,1.0,0.0,0.0,13:02,-0.9,0
7,201156,Nick Young,23.0,7.0,14.0,4.0,4.0,1.0,3.0,0.0,1.0,1.0,3.0,1.0,-3.0,32:43,16.8,0
8,203135,Robert Sacre,6.0,3.0,4.0,0.0,0.0,0.0,0.0,0.0,1.0,1.0,2.0,0.0,-10.0,15:50,5.0,0
9,203527,Ryan Kelly,0.0,0.0,0.0,0.0,0.0,1.0,0.0,0.0,2.0,0.0,2.0,0.0,-2.0,6:45,1.3,0
10,2581,Steve Blake,,,,,,,,,,,,,,,0.0,0
11,200770,Jordan Farmar,,,,,,,,,,,,,,,0.0,0
12,2549,Chris Kaman,,,,,,,,,,,,,,,0.0,0
13,201960,DeMarre Carroll,13.0,5.0,11.0,2.0,2.0,3.0,3.0,1.0,3.0,0.0,3.0,0.0,8.0,28:08,12.2,1
14,200794,Paul Millsap,18.0,6.0,13.0,5.0,4.0,3.0,6.0,4.0,2.0,1.0,3.0,2.0,6.0,33:03,17.7,1
15,201143,Al Horford,19.0,9.0,17.0,1.0,1.0,5.0,6.0,0.0,5.0,1.0,2.0,2.0,13.0,32:40,17.4,1
16,2594,Kyle Korver,11.0,4.0,10.0,0.0,0.0,1.0,2.0,1.0,2.0,0.0,2.0,0.0,18.0,38:24,8.5,1
17,201952,Jeff Teague,17.0,6.0,16.0,4.0,3.0,0.0,4.0,1.0,10.0,1.0,1.0,2.0,8.0,38:42,15.3,1
18,1882,Elton Brand,8.0,4.0,5.0,0.0,0.0,2.0,5.0,1.0,1.0,3.0,2.0,0.0,6.0,17:25,12.0,1
19,101150,Lou Williams,5.0,2.0,8.0,0.0,0.0,0.0,2.0,1.0,8.0,0.0,1.0,2.0,3.0,21:58,5.0,1
20,202714,Shelvin Mack,9.0,4.0,6.0,0.0,0.0,1.0,0.0,1.0,2.0,0.0,2.0,0.0,5.0,16:48,8.7,1
21,203118,Mike Scott,14.0,5.0,6.0,3.0,3.0,0.0,1.0,0.0,1.0,0.0,2.0,2.0,3.0,12:52,10.0,1
22,203544,Pero Antic,,,,,,,,,,,,,,,0.0,1
23,203098,John Jenkins,,,,,,,,,,,,,,,0.0,1
24,201858,Cartier Martin,,,,,,,,,,,,,,,0.0,1
25,203471,Dennis Schroder,,,,,,,,,,,,,,,0.0,1
