,id,name,PTS,FG,FGA,FTA,FT,OREB,DREB,STL,AST,BLK,PF,TO,PLUS_MINUS,MIN,GS,WIN
0,201162,Jared Dudley,6.0,3.0,6.0,0.0,0.0,0.0,2.0,0.0,1.0,0.0,0.0,0.0,-9.0,23:23,4.3,0
1,201933,Blake Griffin,19.0,7.0,15.0,7.0,5.0,2.0,5.0,0.0,2.0,0.0,2.0,1.0,-19.0,35:03,13.0,0
2,201599,DeAndre Jordan,4.0,2.0,5.0,0.0,0.0,1.0,9.0,1.0,1.0,2.0,6.0,2.0,-20.0,32:55,3.4,0
3,2037,Jamal Crawford,24.0,10.0,22.0,5.0,3.0,0.0,1.0,1.0,7.0,0.0,2.0,1.0,-10.0,38:32,16.2,0
4,201954,Darren Collison,14.0,6.0,9.0,2.0,1.0,0.0,2.0,3.0,6.0,0.0,5.0,2.0,-23.0,35:56,13.5,0
5,2584,Willie Green,8.0,4.0,8.0,0.0,0.0,1.0,1.0,1.0,2.0,0.0,2.0,4.0,-15.0,21:32,2.6,0
6,2440,Matt Barnes,7.0,2.0,9.0,4.0,3.0,2.0,3.0,0.0,1.0,0.0,5.0,3.0,-12.0,27:43,-0.9,0
7,1536,Stephen Jackson,0.0,0.0,0.0,0.0,0.0,0.0,0.0,0.0,0.0,0.0,1.0,1.0,-15.0,5:29,-1.4,0
8,1712,Antawn Jamison,2.0,0.0,2.0,2.0,2.0,1.0,1.0,0.0,1.0,0.0,1.0,0.0,-3.0,9:54,1.9,0
9,200797,Ryan Hollins,3.0,1.0,1.0,1.0,1.0,0.0,1.0,0.0,0.0,1.0,0.0,0.0,9.0,4:36,3.7,0
10,201957,Byron Mullens,5.0,2.0,2.0,0.0,0.0,0.0,1.0,0.0,0.0,0.0,0.0,1.0,-3.0,4:57,3.7,0
11,203493,Reggie Bullock,,,,,,,,,,,,,,,0.0,0
12,101108,Chris Paul,,,,,,,,,,,,,,,0.0,0
13,202695,Kawhi Leonard,10.0,5.0,8.0,0.0,0.0,0.0,4.0,0.0,0.0,0.0,2.0,4.0,17.0,29:43,2.8,1
14,1495,Tim Duncan,19.0,9.0,18.0,1.0,1.0,3.0,8.0,1.0,4.0,1.0,1.0,0.0,25.0,31:57,18.6,1
15,201168,Tiago Splitter,22.0,8.0,12.0,9.0,6.0,1.0,4.0,0.0,1.0,0.0,2.0,3.0,-4.0,24:57,14.4,1
16,201158,Marco Belinelli,5.0,2.0,5.0,0.0,0.0,0.0,2.0,0.0,7.0,0.0,2.0,1.0,18.0,24:35,6.0,1
17,2225,Tony Parker,17.0,8.0,9.0,1.0,1.0,2.0,1.0,0.0,9.0,0.0,1.0,2.0,23.0,33:45,19.5,1
18,1938,Manu Ginobili,15.0,6.0,11.0,3.0,2.0,1.0,1.0,2.0,6.0,0.0,1.0,0.0,7.0,23:42,16.1,1
19,201980,Danny Green,3.0,1.0,8.0,0.0,0.0,0.0,4.0,0.0,3.0,3.0,3.0,0.0,11.0,26:48,2.0,1
20,201965,Jeff Ayres,6.0,3.0,5.0,0.0,0.0,2.0,5.0,0.0,3.0,0.0,3.0,2.0,12.0,15:04,5.5,1
21,201988,Patty Mills,7.0,3.0,6.0,0.0,0.0,0.0,1.0,0.0,0.0,0.0,2.0,0.0,-4.0,10:23,3.5,1
22,201986,Nando De Colo,2.0,0.0,2.0,2.0,2.0,0.0,0.0,2.0,1.0,0.0,0.0,0.0,7.0,4:44,3.3,1
23,2588,Matt Bonner,2.0,1.0,1.0,0.0,0.0,0.0,1.0,0.0,0.0,0.0,2.0,0.0,0.0,5:33,1.2,1
24,203382,Aron Baynes,6.0,3.0,4.0,0.0,0.0,2.0,0.0,0.0,0.0,0.0,0.0,0.0,3.0,4:57,5.8,1
25,202709,Cory Joseph,2.0,1.0,1.0,0.0,0.0,0.0,0.0,0.0,0.0,0.0,1.0,0.0,5.0,3:52,1.3,1
