,id,name,PTS,FG,FGA,FTA,FT,OREB,DREB,STL,AST,BLK,PF,TO,PLUS_MINUS,MIN,GS,WIN
0,202325,Wesley Johnson,11.0,4.0,7.0,0.0,0.0,0.0,2.0,2.0,3.0,1.0,1.0,1.0,-3.0,37:43,11.7,0
1,201941,Jordan Hill,10.0,5.0,10.0,0.0,0.0,5.0,3.0,0.0,0.0,2.0,1.0,3.0,-7.0,30:07,7.4,0
2,2200,Pau Gasol,17.0,8.0,15.0,1.0,1.0,2.0,4.0,0.0,8.0,2.0,4.0,5.0,-2.0,34:45,12.7,0
3,201975,Jodie Meeks,10.0,3.0,5.0,2.0,2.0,1.0,4.0,0.0,1.0,0.0,0.0,2.0,-2.0,28:02,8.3,0
4,2581,Steve Blake,15.0,6.0,11.0,1.0,1.0,0.0,3.0,0.0,5.0,0.0,3.0,3.0,-14.0,30:16,9.9,0
5,200761,Shawne Williams,2.0,1.0,7.0,0.0,0.0,0.0,2.0,0.0,2.0,0.0,3.0,1.0,-4.0,20:47,-2.7,0
6,201156,Nick Young,16.0,6.0,12.0,4.0,2.0,0.0,2.0,1.0,3.0,0.0,3.0,0.0,1.0,20:38,11.7,0
7,200770,Jordan Farmar,22.0,9.0,11.0,2.0,1.0,0.0,2.0,1.0,8.0,0.0,4.0,1.0,6.0,26:05,22.1,0
8,202333,Xavier Henry,8.0,2.0,5.0,3.0,3.0,1.0,3.0,0.0,0.0,0.0,0.0,0.0,0.0,11:37,6.9,0
9,2549,Chris Kaman,,,,,,,,,,,,,,,0.0,0
10,959,Steve Nash,,,,,,,,,,,,,,,0.0,0
11,203135,Robert Sacre,,,,,,,,,,,,,,,0.0,0
12,101110,Martell Webster,20.0,8.0,15.0,0.0,0.0,2.0,7.0,4.0,3.0,1.0,1.0,0.0,12.0,42:42,22.6,1
13,2403,Nene,30.0,13.0,22.0,6.0,4.0,0.0,2.0,2.0,5.0,0.0,2.0,1.0,7.0,37:14,23.3,1
14,101162,Marcin Gortat,15.0,6.0,8.0,4.0,3.0,1.0,7.0,1.0,1.0,0.0,1.0,0.0,10.0,34:46,15.5,1
15,2772,Trevor Ariza,13.0,6.0,14.0,0.0,0.0,3.0,4.0,3.0,3.0,0.0,2.0,2.0,3.0,32:19,11.2,1
16,202322,John Wall,31.0,10.0,18.0,12.0,11.0,1.0,5.0,3.0,9.0,0.0,2.0,3.0,8.0,36:36,29.7,1
17,202686,Jan Vesely,2.0,1.0,3.0,0.0,0.0,3.0,4.0,1.0,1.0,1.0,2.0,2.0,-7.0,18:13,3.2,1
18,202066,Garrett Temple,2.0,1.0,3.0,0.0,0.0,0.0,2.0,1.0,1.0,0.0,3.0,1.0,-5.0,26:18,0.4,1
19,201953,Eric Maynor,3.0,1.0,4.0,0.0,0.0,0.0,1.0,0.0,2.0,0.0,1.0,1.0,-2.0,10:47,0.9,1
20,202698,Chris Singleton,0.0,0.0,0.0,0.0,0.0,0.0,0.0,0.0,0.0,0.0,0.0,0.0,-1.0,1:05,0.0,1
21,202344,Trevor Booker,,,,,,,,,,,,,,,0.0,1
22,1733,Al Harrington,,,,,,,,,,,,,,,0.0,1
23,203318,Glen Rice,,,,,,,,,,,,,,,0.0,1
24,202338,Kevin Seraphin,,,,,,,,,,,,,,,0.0,1
