,id,name,PTS,FG,FGA,FTA,FT,OREB,DREB,STL,AST,BLK,PF,TO,PLUS_MINUS,MIN,GS,WIN
0,200782,P.J. Tucker,10.0,4.0,11.0,2.0,1.0,2.0,3.0,2.0,0.0,0.0,4.0,3.0,2.0,35:52,3.2,0
1,101112,Channing Frye,16.0,6.0,12.0,0.0,0.0,1.0,7.0,3.0,3.0,0.0,3.0,1.0,8.0,31:31,15.7,0
2,203101,Miles Plumlee,8.0,4.0,7.0,0.0,0.0,2.0,1.0,1.0,0.0,1.0,1.0,1.0,-7.0,24:30,6.7,0
3,101123,Gerald Green,12.0,5.0,13.0,0.0,0.0,0.0,2.0,1.0,4.0,0.0,5.0,3.0,-14.0,32:25,4.3,0
4,201609,Goran Dragic,14.0,5.0,12.0,4.0,4.0,2.0,6.0,1.0,9.0,0.0,2.0,1.0,-3.0,39:11,16.3,0
5,202693,Markieff Morris,12.0,3.0,9.0,8.0,6.0,5.0,4.0,0.0,1.0,0.0,1.0,2.0,-17.0,26:26,9.1,0
6,203462,Archie Goodwin,3.0,1.0,2.0,2.0,1.0,1.0,1.0,0.0,0.0,0.0,1.0,2.0,-16.0,10:55,0.2,0
7,202694,Marcus Morris Sr.,13.0,3.0,12.0,8.0,6.0,1.0,4.0,1.0,0.0,0.0,0.0,0.0,-20.0,22:05,7.9,0
8,202397,Ish Smith,2.0,1.0,3.0,0.0,0.0,0.0,2.0,1.0,0.0,0.0,1.0,2.0,-13.0,9:29,-0.5,0
9,202091,Dionte Christmas,2.0,1.0,2.0,0.0,0.0,0.0,1.0,0.0,0.0,0.0,0.0,0.0,5.0,6:26,1.3,0
10,203139,Viacheslav Kravtsov,0.0,0.0,0.0,0.0,0.0,0.0,0.0,0.0,0.0,0.0,0.0,0.0,0.0,1:10,0.0,0
11,202339,Eric Bledsoe,,,,,,,,,,,,,,,0.0,0
12,203458,Alex Len,,,,,,,,,,,,,,,0.0,0
13,2544,LeBron James,35.0,11.0,14.0,11.0,11.0,0.0,5.0,1.0,4.0,1.0,0.0,4.0,1.0,33:21,31.6,1
14,2203,Shane Battier,6.0,2.0,5.0,0.0,0.0,1.0,0.0,2.0,0.0,0.0,0.0,0.0,1.0,16:00,6.0,1
15,2547,Chris Bosh,7.0,2.0,9.0,4.0,3.0,0.0,4.0,1.0,0.0,0.0,4.0,2.0,2.0,27:22,-0.3,1
16,2548,Dwyane Wade,21.0,9.0,13.0,3.0,3.0,2.0,4.0,0.0,12.0,0.0,2.0,3.0,22.0,33:04,22.7,1
17,202708,Norris Cole,2.0,1.0,6.0,0.0,0.0,0.0,4.0,1.0,3.0,0.0,4.0,2.0,2.0,34:14,-1.1,1
18,951,Ray Allen,17.0,6.0,11.0,2.0,2.0,0.0,3.0,2.0,1.0,1.0,0.0,2.0,17.0,25:29,14.0,1
19,1740,Rashard Lewis,0.0,0.0,1.0,0.0,0.0,1.0,1.0,0.0,0.0,0.0,1.0,1.0,13.0,7:44,-1.1,1
20,2365,Chris Andersen,11.0,5.0,8.0,2.0,1.0,2.0,5.0,0.0,0.0,1.0,1.0,0.0,13.0,19:28,10.2,1
21,2427,Roger Mason Jr.,0.0,0.0,3.0,0.0,0.0,0.0,0.0,2.0,0.0,1.0,3.0,0.0,9.0,18:09,-0.6,1
22,201563,Michael Beasley,8.0,3.0,8.0,2.0,2.0,1.0,5.0,0.0,0.0,0.0,2.0,0.0,-5.0,22:40,5.0,1
23,2592,James Jones,0.0,0.0,0.0,0.0,0.0,0.0,0.0,0.0,0.0,0.0,0.0,0.0,0.0,1:19,0.0,1
24,201202,Joel Anthony,0.0,0.0,1.0,0.0,0.0,0.0,0.0,0.0,0.0,0.0,0.0,0.0,0.0,1:10,-0.7,1
25,2617,Udonis Haslem,,,,,,,,,,,,,,,0.0,1
