,id,name,PTS,FG,FGA,FTA,FT,OREB,DREB,STL,AST,BLK,PF,TO,PLUS_MINUS,MIN,GS,WIN
0,202718,Chandler Parsons,22.0,9.0,19.0,6.0,3.0,3.0,3.0,0.0,7.0,4.0,4.0,5.0,2.0,42:32,15.2,0
1,203093,Terrence Jones,10.0,4.0,12.0,0.0,0.0,3.0,8.0,0.0,1.0,3.0,4.0,1.0,7.0,36:43,7.9,0
2,2730,Dwight Howard,23.0,9.0,20.0,9.0,5.0,4.0,11.0,2.0,7.0,6.0,4.0,2.0,2.0,42:05,24.6,0
3,202391,Jeremy Lin,34.0,10.0,19.0,6.0,5.0,0.0,5.0,0.0,11.0,0.0,5.0,8.0,-11.0,48:37,23.5,0
4,201976,Patrick Beverley,12.0,4.0,8.0,4.0,3.0,3.0,6.0,3.0,5.0,1.0,4.0,0.0,11.0,42:21,17.1,0
5,101128,Francisco Garcia,0.0,0.0,4.0,0.0,0.0,0.0,2.0,1.0,2.0,0.0,1.0,1.0,-16.0,20:10,-1.2,0
6,201956,Omri Casspi,16.0,7.0,13.0,0.0,0.0,0.0,2.0,2.0,1.0,1.0,4.0,2.0,-9.0,23:47,10.1,0
7,201166,Aaron Brooks,0.0,0.0,1.0,0.0,0.0,0.0,0.0,0.0,0.0,0.0,1.0,0.0,-9.0,4:23,-1.1,0
8,201600,Omer Asik,0.0,0.0,0.0,0.0,0.0,0.0,0.0,0.0,0.0,0.0,0.0,0.0,-7.0,4:22,0.0,0
9,200758,Ronnie Brewer,,,,,,,,,,,,,,,0.0,0
10,201935,James Harden,,,,,,,,,,,,,,,0.0,0
11,202700,Donatas Motiejunas,,,,,,,,,,,,,,,0.0,0
12,202962,Greg Smith,,,,,,,,,,,,,,,0.0,0
13,202323,Evan Turner,23.0,9.0,23.0,5.0,5.0,0.0,7.0,1.0,5.0,0.0,2.0,3.0,3.0,46:03,13.3,1
14,201152,Thaddeus Young,15.0,5.0,15.0,6.0,5.0,1.0,7.0,1.0,2.0,1.0,1.0,2.0,0.0,40:34,9.6,1
15,201150,Spencer Hawes,18.0,7.0,16.0,2.0,1.0,3.0,6.0,3.0,4.0,3.0,4.0,3.0,4.0,35:48,16.4,1
16,202341,James Anderson,36.0,12.0,16.0,6.0,6.0,1.0,4.0,3.0,0.0,0.0,5.0,0.0,7.0,44:22,32.5,1
17,203100,Tony Wroten,18.0,7.0,18.0,7.0,4.0,5.0,5.0,0.0,11.0,1.0,5.0,4.0,4.0,41:14,14.4,1
18,202721,Darius Morris,10.0,3.0,10.0,2.0,2.0,2.0,1.0,1.0,3.0,0.0,2.0,0.0,5.0,18:60,8.2,1
19,202730,Lavoy Allen,1.0,0.0,2.0,2.0,1.0,3.0,2.0,3.0,3.0,2.0,0.0,0.0,1.0,16:46,8.4,1
20,203138,Hollis Thompson,1.0,0.0,0.0,2.0,1.0,0.0,1.0,0.0,0.0,0.0,1.0,1.0,-1.0,8:23,-0.5,1
21,203561,Brandon Davies,1.0,0.0,3.0,2.0,1.0,0.0,2.0,0.0,1.0,1.0,3.0,0.0,7.0,12:49,-0.7,1
22,202350,Daniel Orton,0.0,0.0,0.0,0.0,0.0,0.0,0.0,0.0,0.0,0.0,0.0,0.0,0.0,0:01,0.0,1
23,2198,Kwame Brown,,,,,,,,,,,,,,,0.0,1
24,203487,Michael Carter-Williams,,,,,,,,,,,,,,,0.0,1
