,id,name,PTS,FG,FGA,FTA,FT,OREB,DREB,STL,AST,BLK,PF,TO,PLUS_MINUS,MIN,GS,WIN
0,203114,Khris Middleton,14,5,9,2,2,0,5,0,2,0,1,1,-10.0,20:39,11.2,0
1,101141,Ersan Ilyasova,2,1,3,0,0,2,2,1,1,0,5,2,-16.0,16:28,0.0,0
2,2585,Zaza Pachulia,8,2,3,4,4,0,1,1,2,0,3,1,-9.0,17:25,7.2,0
3,201564,O.J. Mayo,5,1,4,4,3,0,2,0,0,0,3,3,-20.0,24:45,-1.4,0
4,202688,Brandon Knight,8,2,7,6,4,0,0,0,4,0,2,6,-12.0,21:16,-0.9,0
5,203089,John Henson,15,7,12,2,1,4,3,2,1,2,1,1,-13.0,21:58,15.4,0
6,2406,Caron Butler,8,2,7,2,2,0,5,1,3,1,0,0,-9.0,27:21,9.2,0
7,2557,Luke Ridnour,0,0,2,0,0,0,0,0,4,0,1,1,-18.0,10:07,-0.0,0
8,202327,Ekpe Udoh,4,1,2,2,2,2,3,0,1,1,1,2,-6.0,23:26,4.3,0
9,202390,Gary Neal,14,5,11,2,2,0,4,0,1,0,1,1,1.0,23:15,8.8,0
10,203489,Nate Wolters,8,4,6,0,0,0,1,0,3,0,0,0,11.0,16:37,7.8,0
11,203507,Giannis Antetokounmpo,6,2,6,2,2,1,3,0,0,0,2,0,7.0,12:00,3.4,0
12,203545,Miroslav Raduljica,2,1,1,0,0,1,0,0,1,0,0,0,-1.0,4:43,3.1,0
13,2746,Josh Smith,10,4,10,3,2,0,7,1,4,1,2,2,32.0,35:20,8.0,1
14,202328,Greg Monroe,16,5,10,8,6,1,5,1,3,0,0,0,21.0,31:57,15.5,1
15,203083,Andre Drummond,12,6,10,0,0,2,6,2,1,0,5,1,13.0,24:34,10.3,1
16,203484,Kentavious Caldwell-Pope,14,5,9,3,2,1,1,2,3,0,5,0,0.0,35:51,12.4,1
17,201943,Brandon Jennings,15,5,10,2,1,1,1,2,13,0,4,4,15.0,35:50,16.1,1
18,202713,Kyle Singler,0,0,0,0,0,0,1,0,0,0,0,0,14.0,2:25,0.3,1
19,201155,Rodney Stuckey,17,7,11,3,1,0,3,1,2,0,3,1,12.0,30:17,12.4,1
20,202725,Josh Harrellson,3,1,2,0,0,0,3,0,0,0,1,0,-10.0,8:59,2.5,1
21,101198,Will Bynum,5,1,4,4,3,0,1,1,2,0,3,2,1.0,12:38,1.7,1
22,101111,Charlie Villanueva,12,5,9,0,0,0,2,1,0,0,0,0,-4.0,12:55,9.3,1
23,201973,Jonas Jerebko,7,3,3,0,0,0,1,0,0,0,0,0,1.0,4:43,6.4,1
24,203502,Tony Mitchell,2,1,1,0,0,0,0,0,0,0,0,0,0.0,2:16,1.7,1
25,203540,Gigi Datome,0,0,1,0,0,0,1,0,0,0,1,0,0.0,2:16,-0.8,1
