,id,name,PTS,FG,FGA,FTA,FT,OREB,DREB,STL,AST,BLK,PF,TO,PLUS_MINUS,MIN,GS,WIN
0,202331,Paul George,19.0,7.0,20.0,4.0,4.0,1.0,5.0,2.0,4.0,0.0,2.0,2.0,14.0,40:49,12.0,1
1,2561,David West,10.0,5.0,14.0,0.0,0.0,0.0,5.0,1.0,8.0,1.0,1.0,1.0,3.0,32:14,9.6,1
2,201579,Roy Hibbert,13.0,6.0,9.0,2.0,1.0,1.0,8.0,0.0,1.0,2.0,6.0,0.0,13.0,34:09,11.5,1
3,202362,Lance Stephenson,15.0,6.0,11.0,5.0,3.0,0.0,5.0,2.0,4.0,0.0,2.0,2.0,3.0,33:23,12.4,1
4,201588,George Hill,10.0,5.0,9.0,0.0,0.0,0.0,4.0,0.0,3.0,0.0,1.0,1.0,11.0,29:54,7.6,1
5,2449,Luis Scola,14.0,6.0,12.0,2.0,2.0,3.0,3.0,0.0,0.0,0.0,2.0,0.0,6.0,16:27,10.2,1
6,203111,Orlando Johnson,4.0,2.0,4.0,0.0,0.0,0.0,3.0,0.0,1.0,0.0,0.0,1.0,1.0,21:07,2.6,1
7,201228,C.J. Watson,8.0,2.0,3.0,2.0,2.0,1.0,0.0,1.0,2.0,0.0,1.0,1.0,-2.0,18:47,8.4,1
8,101133,Ian Mahinmi,2.0,1.0,2.0,0.0,0.0,1.0,1.0,1.0,1.0,1.0,2.0,0.0,-4.0,13:10,3.6,1
9,2446,Rasual Butler,,,,,,,,,,,,,,,0.0,1
10,203142,Chris Copeland,,,,,,,,,,,,,,,0.0,1
11,203524,Solomon Hill,,,,,,,,,,,,,,,0.0,1
12,202388,Donald Sloan,,,,,,,,,,,,,,,0.0,1
13,2210,Richard Jefferson,4.0,2.0,6.0,0.0,0.0,0.0,1.0,1.0,1.0,0.0,2.0,1.0,-6.0,21:04,0.8,0
14,202324,Derrick Favors,22.0,9.0,18.0,4.0,4.0,4.0,9.0,1.0,0.0,0.0,5.0,0.0,3.0,37:28,17.5,0
15,202683,Enes Kanter,20.0,8.0,18.0,4.0,4.0,3.0,7.0,0.0,0.0,1.0,3.0,2.0,-6.0,39:54,12.3,0
16,202330,Gordon Hayward,12.0,3.0,14.0,4.0,4.0,1.0,3.0,2.0,6.0,0.0,3.0,3.0,-1.0,37:40,7.0,0
17,203504,Trey Burke,13.0,5.0,12.0,2.0,1.0,0.0,2.0,1.0,9.0,0.0,1.0,1.0,-6.0,38:49,12.7,0
18,202692,Alec Burks,11.0,4.0,10.0,4.0,3.0,2.0,3.0,0.0,3.0,0.0,1.0,2.0,-3.0,26:56,7.2,0
19,201575,Brandon Rush,2.0,1.0,1.0,0.0,0.0,1.0,0.0,0.0,0.0,0.0,2.0,1.0,-8.0,10:20,0.6,0
20,203497,Rudy Gobert,0.0,0.0,0.0,0.0,0.0,0.0,1.0,0.0,0.0,0.0,1.0,1.0,-5.0,6:52,-1.1,0
21,203197,Diante Garrett,0.0,0.0,0.0,0.0,0.0,0.0,0.0,0.0,2.0,0.0,0.0,1.0,-3.0,9:11,0.4,0
22,2740,Andris Biedrins,0.0,0.0,0.0,0.0,0.0,0.0,3.0,0.0,0.0,0.0,1.0,1.0,-3.0,4:13,-0.5,0
23,200839,Mike Harris,2.0,1.0,1.0,0.0,0.0,0.0,0.0,0.0,0.0,1.0,1.0,1.0,-7.0,7:33,1.0,0
24,203546,Ian Clark,,,,,,,,,,,,,,,0.0,0
25,101249,John Lucas III,,,,,,,,,,,,,,,0.0,0
