,id,name,PTS,FG,FGA,FTA,FT,OREB,DREB,STL,AST,BLK,PF,TO,PLUS_MINUS,MIN,GS,WIN
0,2210,Richard Jefferson,13.0,4.0,9.0,2.0,1.0,1.0,3.0,0.0,0.0,0.0,4.0,1.0,-16.0,33:11,6.9,0
1,101107,Marvin Williams,5.0,2.0,10.0,0.0,0.0,0.0,2.0,0.0,1.0,0.0,0.0,1.0,-2.0,26:12,-0.9,0
2,202324,Derrick Favors,8.0,3.0,9.0,3.0,2.0,0.0,3.0,2.0,3.0,2.0,3.0,0.0,-7.0,32:28,7.7,0
3,202330,Gordon Hayward,18.0,6.0,13.0,3.0,2.0,2.0,5.0,2.0,7.0,2.0,0.0,1.0,-10.0,35:45,21.1,0
4,203504,Trey Burke,4.0,2.0,9.0,0.0,0.0,0.0,5.0,1.0,3.0,0.0,2.0,1.0,-4.0,23:04,1.3,0
5,202379,Jeremy Evans,0.0,0.0,0.0,0.0,0.0,1.0,1.0,0.0,0.0,1.0,0.0,2.0,-17.0,14:14,-0.3,0
6,203197,Diante Garrett,6.0,2.0,7.0,0.0,0.0,0.0,0.0,0.0,2.0,0.0,2.0,0.0,-10.0,17:28,2.5,0
7,202692,Alec Burks,11.0,3.0,11.0,6.0,4.0,1.0,2.0,1.0,3.0,1.0,2.0,1.0,-18.0,24:52,7.0,0
8,202683,Enes Kanter,8.0,4.0,7.0,0.0,0.0,1.0,1.0,0.0,1.0,0.0,2.0,1.0,-14.0,19:17,4.6,0
9,201575,Brandon Rush,3.0,1.0,4.0,0.0,0.0,0.0,1.0,0.0,0.0,0.0,0.0,0.0,-4.0,6:55,0.9,0
10,203497,Rudy Gobert,0.0,0.0,0.0,0.0,0.0,0.0,2.0,0.0,0.0,0.0,0.0,1.0,0.0,3:49,-0.4,0
11,101249,John Lucas III,3.0,1.0,1.0,0.0,0.0,0.0,0.0,0.0,0.0,0.0,0.0,0.0,2.0,2:46,2.7,0
12,2740,Andris Biedrins,,,,,,,,,,,,,,,0.0,0
13,2736,Luol Deng,16.0,8.0,12.0,2.0,0.0,0.0,3.0,1.0,1.0,0.0,0.0,0.0,5.0,30:00,12.6,1
14,202684,Tristan Thompson,18.0,9.0,13.0,0.0,0.0,6.0,8.0,0.0,2.0,0.0,0.0,1.0,9.0,32:35,19.5,1
15,201150,Spencer Hawes,13.0,6.0,12.0,0.0,0.0,3.0,13.0,1.0,2.0,2.0,5.0,3.0,21.0,37:07,11.8,1
16,202681,Kyrie Irving,21.0,7.0,16.0,6.0,6.0,0.0,10.0,0.0,12.0,1.0,1.0,5.0,21.0,38:32,19.3,1
17,101127,Jarrett Jack,5.0,2.0,9.0,2.0,1.0,0.0,1.0,0.0,4.0,0.0,2.0,1.0,3.0,27:32,0.4,1
18,203521,Matthew Dellavedova,9.0,4.0,11.0,0.0,0.0,1.0,0.0,0.0,5.0,0.0,1.0,0.0,16.0,26:07,6.7,1
19,203092,Tyler Zeller,10.0,5.0,12.0,0.0,0.0,3.0,6.0,0.0,2.0,0.0,2.0,0.0,9.0,23:00,8.1,1
20,202087,Alonzo Gee,7.0,2.0,2.0,2.0,2.0,0.0,2.0,0.0,0.0,1.0,1.0,0.0,17.0,20:28,7.3,1
21,203508,Sergey Karasev,0.0,0.0,0.0,0.0,0.0,0.0,0.0,0.0,0.0,0.0,0.0,0.0,0.0,3:49,0.0,1
22,202620,Arinze Onuaku,0.0,0.0,1.0,0.0,0.0,0.0,0.0,0.0,0.0,0.0,0.0,0.0,-1.0,0:50,-0.7,1
23,203461,Anthony Bennett,,,,,,,,,,,,,,,0.0,1
24,101139,CJ Miles,,,,,,,,,,,,,,,0.0,1
25,203079,Dion Waiters,,,,,,,,,,,,,,,0.0,1
