,id,name,PTS,FG,FGA,FTA,FT,OREB,DREB,STL,AST,BLK,PF,TO,PLUS_MINUS,MIN,GS,WIN
0,2544,LeBron James,38.0,11.0,19.0,15.0,14.0,0.0,8.0,0.0,5.0,0.0,3.0,6.0,2.0,43:24,27.4,0
1,2547,Chris Bosh,8.0,3.0,11.0,0.0,0.0,0.0,4.0,3.0,1.0,2.0,5.0,1.0,-3.0,25:60,4.8,0
2,201141,Greg Oden,2.0,1.0,1.0,0.0,0.0,1.0,0.0,0.0,0.0,2.0,2.0,0.0,-6.0,6:09,3.0,0
3,2548,Dwyane Wade,15.0,6.0,11.0,6.0,3.0,0.0,4.0,1.0,1.0,1.0,2.0,6.0,-10.0,31:34,5.3,0
4,201596,Mario Chalmers,5.0,2.0,10.0,4.0,1.0,2.0,3.0,1.0,2.0,0.0,3.0,2.0,0.0,39:56,-0.9,0
5,202708,Norris Cole,5.0,2.0,3.0,0.0,0.0,0.0,3.0,0.0,3.0,0.0,1.0,3.0,-2.0,25:12,3.3,0
6,2365,Chris Andersen,3.0,1.0,1.0,2.0,1.0,0.0,4.0,0.0,0.0,3.0,1.0,0.0,0.0,18:43,5.2,0
7,1740,Rashard Lewis,5.0,1.0,2.0,2.0,2.0,1.0,3.0,1.0,1.0,0.0,2.0,0.0,3.0,24:17,6.5,0
8,201962,Toney Douglas,0.0,0.0,0.0,0.0,0.0,0.0,0.0,0.0,0.0,0.0,2.0,0.0,7.0,3:54,-0.8,0
9,2617,Udonis Haslem,2.0,1.0,3.0,0.0,0.0,1.0,3.0,0.0,0.0,1.0,1.0,0.0,4.0,20:51,2.2,0
10,2203,Shane Battier,,,,,,,,,,,,,,,0.0,0
11,201563,Michael Beasley,,,,,,,,,,,,,,,0.0,0
12,2592,James Jones,,,,,,,,,,,,,,,0.0,0
13,202331,Paul George,23.0,8.0,19.0,4.0,4.0,0.0,8.0,3.0,4.0,0.0,3.0,1.0,2.0,41:31,18.9,1
14,2561,David West,13.0,3.0,11.0,6.0,6.0,2.0,7.0,1.0,5.0,0.0,3.0,1.0,-4.0,36:48,12.3,1
15,201579,Roy Hibbert,21.0,7.0,15.0,9.0,7.0,2.0,2.0,1.0,0.0,0.0,2.0,2.0,1.0,33:40,12.7,1
16,202362,Lance Stephenson,15.0,6.0,12.0,0.0,0.0,0.0,2.0,1.0,2.0,0.0,4.0,2.0,6.0,33:28,8.4,1
17,201588,George Hill,2.0,1.0,4.0,2.0,0.0,2.0,2.0,0.0,4.0,0.0,2.0,2.0,0.0,41:07,0.8,1
18,202323,Evan Turner,8.0,4.0,10.0,0.0,0.0,1.0,1.0,1.0,1.0,0.0,1.0,1.0,-6.0,21:01,3.9,1
19,2449,Luis Scola,0.0,0.0,5.0,0.0,0.0,1.0,3.0,0.0,0.0,0.0,2.0,0.0,5.0,11:13,-2.7,1
20,202388,Donald Sloan,0.0,0.0,2.0,0.0,0.0,0.0,0.0,1.0,2.0,0.0,0.0,0.0,1.0,6:53,1.0,1
21,101133,Ian Mahinmi,2.0,1.0,3.0,0.0,0.0,3.0,1.0,0.0,0.0,0.0,4.0,1.0,0.0,14:19,0.1,1
22,202730,Lavoy Allen,,,,,,,,,,,,,,,0.0,1
23,2446,Rasual Butler,,,,,,,,,,,,,,,0.0,1
24,203142,Chris Copeland,,,,,,,,,,,,,,,0.0,1
25,203524,Solomon Hill,,,,,,,,,,,,,,,0.0,1
