,id,name,PTS,FG,FGA,FTA,FT,OREB,DREB,STL,AST,BLK,PF,TO,PLUS_MINUS,MIN,GS,WIN
0,201587,Nicolas Batum,6.0,2.0,6.0,3.0,1.0,2.0,1.0,2.0,7.0,0.0,5.0,2.0,-8.0,33:50,6.4,0
1,200746,LaMarcus Aldridge,27.0,11.0,26.0,6.0,5.0,8.0,12.0,2.0,3.0,1.0,1.0,0.0,-10.0,36:49,26.4,0
2,201577,Robin Lopez,13.0,5.0,8.0,3.0,3.0,3.0,0.0,1.0,0.0,1.0,2.0,1.0,-10.0,27:31,11.4,0
3,202083,Wesley Matthews,18.0,8.0,17.0,0.0,0.0,0.0,1.0,2.0,1.0,0.0,3.0,1.0,-7.0,33:54,10.1,0
4,203081,Damian Lillard,24.0,7.0,17.0,8.0,7.0,0.0,1.0,0.0,5.0,0.0,3.0,4.0,-14.0,35:52,13.1,0
5,2590,Mo Williams,9.0,4.0,10.0,0.0,0.0,1.0,2.0,2.0,3.0,0.0,2.0,1.0,-16.0,25:41,7.2,0
6,203468,CJ McCollum,7.0,3.0,7.0,0.0,0.0,0.0,1.0,0.0,0.0,1.0,2.0,0.0,-2.0,14:40,3.5,0
7,200777,Joel Freeland,0.0,0.0,0.0,0.0,0.0,0.0,0.0,1.0,0.0,0.0,3.0,0.0,-9.0,4:06,-0.2,0
8,203080,Thomas Robinson,3.0,1.0,3.0,2.0,1.0,0.0,2.0,0.0,0.0,0.0,1.0,1.0,-4.0,13:31,0.1,0
9,203086,Meyers Leonard,4.0,2.0,2.0,0.0,0.0,0.0,0.0,1.0,0.0,0.0,1.0,1.0,5.0,6:44,3.0,0
10,2248,Earl Watson,0.0,0.0,0.0,0.0,0.0,0.0,1.0,0.0,1.0,0.0,0.0,0.0,5.0,3:41,1.0,0
11,203115,Will Barton,2.0,1.0,1.0,0.0,0.0,0.0,2.0,1.0,1.0,0.0,0.0,0.0,5.0,3:41,4.0,0
12,2748,Dorell Wright,,,,,,,,,,,,,,,0.0,0
13,202718,Chandler Parsons,31.0,12.0,19.0,4.0,4.0,2.0,8.0,0.0,7.0,2.0,1.0,1.0,10.0,42:13,31.2,1
14,202700,Donatas Motiejunas,9.0,4.0,8.0,0.0,0.0,4.0,5.0,1.0,2.0,1.0,6.0,0.0,2.0,21:46,10.0,1
15,2730,Dwight Howard,24.0,9.0,15.0,9.0,6.0,4.0,8.0,1.0,3.0,0.0,4.0,4.0,12.0,37:50,18.6,1
16,201935,James Harden,22.0,7.0,15.0,5.0,4.0,2.0,4.0,1.0,5.0,0.0,3.0,5.0,5.0,41:25,14.8,1
17,201976,Patrick Beverley,17.0,5.0,11.0,4.0,4.0,1.0,1.0,1.0,3.0,0.0,2.0,2.0,26.0,28:56,12.6,1
18,202391,Jeremy Lin,8.0,3.0,8.0,0.0,0.0,1.0,1.0,1.0,5.0,0.0,0.0,4.0,-7.0,24:41,5.1,1
19,201956,Omri Casspi,15.0,5.0,9.0,2.0,2.0,3.0,5.0,0.0,2.0,0.0,2.0,2.0,10.0,33:11,12.9,1
20,200758,Ronnie Brewer,0.0,0.0,1.0,0.0,0.0,0.0,2.0,0.0,0.0,0.0,0.0,0.0,3.0,8:56,-0.1,1
21,203496,Robert Covington,0.0,0.0,0.0,0.0,0.0,0.0,1.0,0.0,0.0,0.0,0.0,0.0,2.0,0:31,0.3,1
22,201166,Aaron Brooks,0.0,0.0,0.0,0.0,0.0,0.0,0.0,0.0,0.0,0.0,0.0,0.0,2.0,0:31,0.0,1
23,101128,Francisco Garcia,,,,,,,,,,,,,,,0.0,1
24,203093,Terrence Jones,,,,,,,,,,,,,,,0.0,1
25,202962,Greg Smith,,,,,,,,,,,,,,,0.0,1
