,id,name,PTS,FG,FGA,FTA,FT,OREB,DREB,STL,AST,BLK,PF,TO,PLUS_MINUS,MIN,GS,WIN
0,201142,Kevin Durant,51.0,15.0,32.0,19.0,14.0,1.0,11.0,1.0,7.0,1.0,3.0,5.0,4.0,52:29,37.0,1
1,201586,Serge Ibaka,13.0,6.0,15.0,1.0,1.0,3.0,2.0,0.0,0.0,0.0,5.0,1.0,-4.0,44:29,4.6,1
2,203500,Steven Adams,0.0,0.0,2.0,0.0,0.0,2.0,5.0,0.0,2.0,1.0,0.0,0.0,2.0,18:17,3.6,1
3,203460,Andre Roberson,0.0,0.0,0.0,0.0,0.0,0.0,4.0,1.0,1.0,0.0,6.0,0.0,1.0,14:07,0.5,1
4,201566,Russell Westbrook,15.0,5.0,13.0,4.0,4.0,1.0,2.0,1.0,1.0,0.0,0.0,3.0,2.0,19:11,7.9,1
5,201934,Hasheem Thabeet,0.0,0.0,0.0,0.0,0.0,0.0,0.0,0.0,0.0,0.0,0.0,0.0,2.0,5:08,0.0,1
6,2406,Caron Butler,4.0,1.0,9.0,2.0,1.0,1.0,1.0,5.0,2.0,1.0,6.0,0.0,1.0,35:37,3.4,1
7,202704,Reggie Jackson,25.0,7.0,15.0,10.0,10.0,1.0,11.0,0.0,3.0,1.0,4.0,3.0,-2.0,41:44,19.5,1
8,2555,Nick Collison,3.0,1.0,2.0,2.0,1.0,0.0,0.0,0.0,1.0,0.0,3.0,1.0,8.0,19:14,0.1,1
9,965,Derek Fisher,8.0,3.0,9.0,0.0,0.0,0.0,2.0,1.0,0.0,0.0,3.0,1.0,-6.0,34:33,2.3,1
10,203087,Jeremy Lamb,0.0,0.0,1.0,0.0,0.0,0.0,0.0,1.0,1.0,0.0,0.0,0.0,-3.0,5:11,1.0,1
11,203103,Perry Jones III,,,,,,,,,,,,,,,0.0,1
12,201203,Mustafa Shakur,,,,,,,,,,,,,,,0.0,1
13,203082,Terrence Ross,2.0,1.0,9.0,0.0,0.0,0.0,3.0,2.0,0.0,0.0,4.0,0.0,-5.0,21:59,-2.6,0
14,101161,Amir Johnson,25.0,12.0,19.0,2.0,1.0,6.0,6.0,2.0,4.0,5.0,4.0,3.0,2.0,49:52,25.8,0
15,202685,Jonas Valanciunas,8.0,3.0,11.0,2.0,2.0,3.0,10.0,0.0,1.0,0.0,4.0,2.0,-5.0,45:24,3.7,0
16,201942,DeMar DeRozan,33.0,9.0,23.0,16.0,15.0,0.0,8.0,2.0,3.0,0.0,3.0,6.0,3.0,48:41,19.4,0
17,200768,Kyle Lowry,25.0,6.0,16.0,9.0,8.0,1.0,5.0,3.0,4.0,0.0,4.0,2.0,1.0,46:29,20.2,0
18,2422,John Salmons,0.0,0.0,4.0,2.0,0.0,0.0,4.0,0.0,0.0,1.0,3.0,2.0,-10.0,18:29,-4.9,0
19,201946,Tyler Hansbrough,4.0,1.0,5.0,2.0,2.0,4.0,2.0,1.0,0.0,2.0,2.0,2.0,-3.0,19:56,3.9,0
20,201986,Nando De Colo,0.0,0.0,3.0,0.0,0.0,0.0,0.0,0.0,1.0,0.0,2.0,0.0,-1.0,7:09,-2.2,0
21,202349,Greivis Vasquez,21.0,9.0,11.0,0.0,0.0,0.0,5.0,0.0,4.0,0.0,6.0,1.0,9.0,31:15,17.8,0
22,200779,Steve Novak,0.0,0.0,0.0,0.0,0.0,0.0,0.0,0.0,0.0,0.0,0.0,0.0,4.0,0:47,0.0,0
23,202779,Dwight Buycks,,,,,,,,,,,,,,,0.0,0
24,202361,Landry Fields,,,,,,,,,,,,,,,0.0,0
25,101236,Chuck Hayes,,,,,,,,,,,,,,,0.0,0
