,id,name,PTS,FG,FGA,FTA,FT,OREB,DREB,STL,AST,BLK,PF,TO,PLUS_MINUS,MIN,GS,WIN
0,202331,Paul George,14.0,4.0,21.0,9.0,5.0,1.0,4.0,2.0,6.0,0.0,3.0,2.0,10.0,34:27,4.2,1
1,2561,David West,19.0,8.0,14.0,3.0,3.0,2.0,6.0,0.0,0.0,1.0,1.0,0.0,14.0,29:04,15.9,1
2,201579,Roy Hibbert,11.0,5.0,11.0,2.0,1.0,4.0,6.0,1.0,2.0,0.0,4.0,1.0,9.0,29:55,9.3,1
3,202362,Lance Stephenson,15.0,6.0,9.0,9.0,3.0,0.0,14.0,2.0,6.0,0.0,3.0,0.0,12.0,37:30,17.9,1
4,201588,George Hill,13.0,6.0,9.0,0.0,0.0,1.0,6.0,1.0,3.0,0.0,0.0,0.0,12.0,28:58,14.7,1
5,2449,Luis Scola,8.0,4.0,11.0,0.0,0.0,2.0,4.0,0.0,2.0,0.0,2.0,0.0,-2.0,18:56,5.1,1
6,101122,Danny Granger,10.0,3.0,10.0,2.0,2.0,3.0,3.0,0.0,1.0,0.0,0.0,0.0,6.0,22:37,7.9,1
7,201228,C.J. Watson,9.0,4.0,8.0,0.0,0.0,0.0,1.0,1.0,2.0,0.0,0.0,1.0,0.0,19:02,6.7,1
8,101133,Ian Mahinmi,5.0,2.0,5.0,2.0,1.0,4.0,2.0,0.0,1.0,1.0,3.0,0.0,3.0,18:05,5.5,1
9,203111,Orlando Johnson,0.0,0.0,1.0,0.0,0.0,0.0,0.0,0.0,0.0,0.0,0.0,0.0,-2.0,0:43,-0.7,1
10,2446,Rasual Butler,0.0,0.0,0.0,0.0,0.0,0.0,0.0,0.0,0.0,0.0,0.0,0.0,-2.0,0:43,0.0,1
11,203142,Chris Copeland,,,,,,,,,,,,,,,0.0,1
12,202388,Donald Sloan,,,,,,,,,,,,,,,0.0,1
13,202325,Wesley Johnson,7.0,3.0,7.0,0.0,0.0,2.0,8.0,0.0,1.0,1.0,1.0,1.0,-8.0,30:30,7.1,0
14,203527,Ryan Kelly,10.0,2.0,7.0,7.0,6.0,1.0,2.0,1.0,2.0,2.0,3.0,0.0,-12.0,19:13,9.4,0
15,2200,Pau Gasol,21.0,10.0,19.0,1.0,1.0,2.0,11.0,0.0,2.0,0.0,2.0,2.0,-10.0,35:48,15.0,0
16,201975,Jodie Meeks,21.0,7.0,16.0,5.0,5.0,0.0,2.0,2.0,1.0,0.0,1.0,2.0,-10.0,32:40,13.5,0
17,203088,Kendall Marshall,11.0,5.0,11.0,1.0,0.0,0.0,2.0,0.0,13.0,0.0,1.0,1.0,-9.0,39:19,13.2,0
18,201156,Nick Young,12.0,5.0,16.0,2.0,1.0,0.0,1.0,0.0,1.0,0.0,2.0,0.0,-5.0,24:01,2.6,0
19,202412,Manny Harris,0.0,0.0,6.0,0.0,0.0,1.0,4.0,0.0,2.0,0.0,1.0,1.0,-4.0,17:30,-2.3,0
20,201941,Jordan Hill,10.0,5.0,10.0,0.0,0.0,1.0,11.0,0.0,1.0,1.0,3.0,2.0,0.0,28:47,7.2,0
21,203135,Robert Sacre,0.0,0.0,2.0,0.0,0.0,0.0,2.0,0.0,1.0,0.0,4.0,0.0,-2.0,12:12,-1.7,0
22,2581,Steve Blake,,,,,,,,,,,,,,,0.0,0
23,200770,Jordan Farmar,,,,,,,,,,,,,,,0.0,0
24,202333,Xavier Henry,,,,,,,,,,,,,,,0.0,0
25,2549,Chris Kaman,,,,,,,,,,,,,,,0.0,0
