,id,name,PTS,FG,FGA,FTA,FT,OREB,DREB,STL,AST,BLK,PF,TO,PLUS_MINUS,MIN,GS,WIN
0,101122,Danny Granger,14.0,4.0,10.0,5.0,5.0,2.0,3.0,1.0,3.0,1.0,1.0,3.0,-9.0,32:23,11.3,0
1,2561,David West,8.0,4.0,11.0,0.0,0.0,3.0,8.0,1.0,3.0,1.0,3.0,3.0,-8.0,33:27,6.0,0
2,201579,Roy Hibbert,2.0,1.0,8.0,0.0,0.0,3.0,1.0,0.0,0.0,1.0,1.0,2.0,-21.0,22:22,-2.5,0
3,202331,Paul George,28.0,11.0,25.0,4.0,3.0,1.0,11.0,2.0,3.0,0.0,4.0,4.0,-10.0,41:39,17.0,0
4,201588,George Hill,10.0,4.0,12.0,0.0,0.0,1.0,0.0,1.0,3.0,0.0,2.0,0.0,-10.0,32:51,6.2,0
5,2446,Rasual Butler,8.0,3.0,4.0,0.0,0.0,0.0,1.0,1.0,1.0,0.0,3.0,0.0,0.0,16:04,7.2,0
6,2449,Luis Scola,4.0,2.0,6.0,0.0,0.0,2.0,3.0,0.0,3.0,1.0,2.0,1.0,1.0,18:41,3.9,0
7,201228,C.J. Watson,9.0,4.0,7.0,0.0,0.0,1.0,3.0,1.0,3.0,0.0,2.0,2.0,-1.0,24:06,7.6,0
8,101133,Ian Mahinmi,4.0,2.0,4.0,0.0,0.0,1.0,2.0,0.0,0.0,0.0,3.0,1.0,8.0,18:27,1.1,0
9,203142,Chris Copeland,,,,,,,,,,,,,,,0.0,0
10,203524,Solomon Hill,,,,,,,,,,,,,,,0.0,0
11,203111,Orlando Johnson,,,,,,,,,,,,,,,0.0,0
12,202388,Donald Sloan,,,,,,,,,,,,,,,0.0,0
13,201960,DeMarre Carroll,11.0,5.0,8.0,0.0,0.0,2.0,2.0,3.0,4.0,0.0,5.0,1.0,10.0,38:34,12.2,1
14,200794,Paul Millsap,4.0,1.0,10.0,2.0,2.0,0.0,6.0,1.0,5.0,1.0,1.0,0.0,8.0,32:52,4.0,1
15,203544,Pero Antic,16.0,6.0,10.0,2.0,1.0,0.0,4.0,0.0,1.0,1.0,3.0,0.0,20.0,26:39,12.4,1
16,2594,Kyle Korver,17.0,6.0,8.0,2.0,2.0,0.0,2.0,1.0,2.0,0.0,3.0,1.0,11.0,36:32,14.6,1
17,201952,Jeff Teague,15.0,5.0,14.0,6.0,5.0,0.0,5.0,1.0,6.0,0.0,1.0,3.0,10.0,35:04,10.1,1
18,1882,Elton Brand,8.0,3.0,5.0,2.0,2.0,2.0,2.0,1.0,1.0,1.0,0.0,0.0,-8.0,19:51,10.1,1
19,101150,Lou Williams,6.0,2.0,6.0,2.0,1.0,0.0,2.0,1.0,4.0,0.0,1.0,3.0,-1.0,20:54,3.2,1
20,203118,Mike Scott,15.0,5.0,9.0,4.0,4.0,1.0,3.0,0.0,1.0,0.0,0.0,0.0,0.0,16:38,13.0,1
21,202714,Shelvin Mack,5.0,1.0,5.0,2.0,2.0,1.0,2.0,0.0,3.0,0.0,0.0,2.0,0.0,12:56,3.3,1
22,202970,Gustavo Ayon,,,,,,,,,,,,,,,0.0,1
23,203471,Dennis Schroder,,,,,,,,,,,,,,,0.0,1
