,id,name,PTS,FG,FGA,FTA,FT,OREB,DREB,STL,AST,BLK,PF,TO,PLUS_MINUS,MIN,GS,WIN
0,201147,Corey Brewer,15.0,6.0,11.0,0.0,0.0,0.0,0.0,2.0,4.0,0.0,2.0,0.0,-6.0,33:20,13.7,1
1,201567,Kevin Love,26.0,7.0,18.0,14.0,11.0,5.0,9.0,1.0,8.0,0.0,1.0,2.0,-1.0,36:42,25.4,1
2,201593,Nikola Pekovic,22.0,11.0,18.0,0.0,0.0,5.0,9.0,0.0,1.0,0.0,1.0,1.0,14.0,32:56,19.3,1
3,2755,Kevin Martin,26.0,10.0,17.0,5.0,3.0,1.0,3.0,1.0,2.0,0.0,4.0,2.0,7.0,34:21,17.7,1
4,201937,Ricky Rubio,9.0,4.0,7.0,2.0,1.0,1.0,0.0,4.0,12.0,0.0,5.0,4.0,7.0,33:26,12.4,1
5,200826,J.J. Barea,5.0,2.0,4.0,1.0,0.0,0.0,2.0,0.0,2.0,0.0,1.0,2.0,-5.0,9:41,2.2,1
6,203144,Alexey Shved,7.0,2.0,5.0,5.0,3.0,0.0,3.0,1.0,0.0,0.0,1.0,0.0,-8.0,14:06,5.0,1
7,101142,Ronny Turiaf,2.0,1.0,3.0,0.0,0.0,0.0,1.0,0.0,0.0,2.0,1.0,0.0,-13.0,14:56,1.6,1
8,201978,Chase Budinger,5.0,2.0,5.0,0.0,0.0,0.0,2.0,0.0,0.0,0.0,1.0,0.0,7.0,14:48,2.5,1
9,201967,Dante Cunningham,2.0,1.0,3.0,0.0,0.0,1.0,1.0,0.0,0.0,1.0,1.0,0.0,2.0,11:18,1.6,1
10,201985,AJ Price,2.0,1.0,3.0,1.0,0.0,1.0,0.0,0.0,0.0,0.0,0.0,1.0,1.0,4:17,-0.4,1
11,201601,Luc Mbah a Moute,0.0,0.0,0.0,0.0,0.0,0.0,0.0,0.0,0.0,0.0,0.0,0.0,0.0,0:08,0.0,1
12,203498,Shabazz Muhammad,,,,,,,,,,,,,,,0.0,1
13,2738,Andre Iguodala,16.0,6.0,9.0,5.0,3.0,0.0,5.0,1.0,2.0,0.0,2.0,2.0,0.0,32:49,12.4,0
14,101135,David Lee,23.0,10.0,15.0,3.0,3.0,1.0,6.0,0.0,2.0,0.0,5.0,2.0,-3.0,34:06,16.4,0
15,101106,Andrew Bogut,8.0,4.0,5.0,0.0,0.0,3.0,8.0,0.0,1.0,7.0,5.0,0.0,-8.0,32:01,14.2,0
16,202691,Klay Thompson,18.0,8.0,14.0,0.0,0.0,1.0,0.0,0.0,2.0,0.0,2.0,0.0,-10.0,36:40,12.7,0
17,201939,Stephen Curry,33.0,12.0,21.0,3.0,3.0,1.0,2.0,1.0,15.0,0.0,3.0,5.0,-3.0,36:53,29.7,0
18,203084,Harrison Barnes,2.0,1.0,7.0,0.0,0.0,0.0,3.0,0.0,0.0,1.0,1.0,3.0,13.0,22:51,-4.3,0
19,203110,Draymond Green,4.0,1.0,4.0,2.0,2.0,1.0,4.0,2.0,5.0,0.0,2.0,0.0,0.0,13:38,8.2,0
20,202348,Jordan Crawford,6.0,2.0,6.0,2.0,2.0,0.0,2.0,0.0,2.0,0.0,3.0,1.0,-1.0,15:11,2.4,0
21,201578,Marreese Speights,10.0,5.0,8.0,0.0,0.0,2.0,2.0,0.0,2.0,0.0,3.0,1.0,7.0,15:51,7.6,0
22,203145,Kent Bazemore,,,,,,,,,,,,,,,0.0,0
23,202705,MarShon Brooks,,,,,,,,,,,,,,,0.0,0
24,203517,Nemanja Nedovic,,,,,,,,,,,,,,,0.0,0
