,id,name,PTS,FG,FGA,FTA,FT,OREB,DREB,STL,AST,BLK,PF,TO,PLUS_MINUS,MIN,GS,WIN
0,200782,P.J. Tucker,5.0,2.0,6.0,1.0,1.0,2.0,0.0,1.0,1.0,0.0,0.0,1.0,-12.0,22:20,3.7,0
1,101112,Channing Frye,8.0,3.0,5.0,0.0,0.0,0.0,7.0,0.0,2.0,0.0,4.0,1.0,-12.0,24:17,6.6,0
2,203101,Miles Plumlee,11.0,5.0,8.0,2.0,1.0,3.0,5.0,0.0,1.0,2.0,1.0,4.0,-22.0,30:05,8.3,0
3,202339,Eric Bledsoe,9.0,4.0,13.0,2.0,1.0,1.0,2.0,0.0,5.0,0.0,3.0,1.0,-19.0,31:44,3.7,0
4,201609,Goran Dragic,16.0,7.0,13.0,4.0,1.0,1.0,2.0,1.0,5.0,1.0,2.0,3.0,-21.0,36:10,11.2,0
5,202693,Markieff Morris,10.0,4.0,9.0,2.0,2.0,3.0,5.0,0.0,3.0,1.0,3.0,2.0,8.0,25:02,8.5,0
6,202694,Marcus Morris Sr.,18.0,7.0,15.0,1.0,1.0,3.0,3.0,2.0,2.0,1.0,3.0,0.0,0.0,24:21,16.2,0
7,101123,Gerald Green,6.0,1.0,8.0,3.0,3.0,0.0,0.0,0.0,3.0,0.0,1.0,0.0,-5.0,23:51,2.5,0
8,203462,Archie Goodwin,8.0,4.0,7.0,0.0,0.0,0.0,3.0,0.0,0.0,0.0,0.0,2.0,-3.0,12:27,3.6,0
9,202091,Dionte Christmas,0.0,0.0,3.0,0.0,0.0,1.0,0.0,0.0,0.0,0.0,0.0,0.0,-3.0,4:01,-1.4,0
10,203139,Viacheslav Kravtsov,0.0,0.0,0.0,0.0,0.0,0.0,0.0,0.0,0.0,0.0,0.0,0.0,-3.0,2:51,0.0,0
11,202397,Ish Smith,0.0,0.0,0.0,0.0,0.0,0.0,0.0,0.0,0.0,0.0,0.0,0.0,-3.0,2:51,0.0,0
12,203458,Alex Len,,,,,,,,,,,,,,,0.0,0
13,2419,Tayshaun Prince,10.0,5.0,6.0,0.0,0.0,1.0,1.0,1.0,0.0,0.0,1.0,0.0,29.0,30:55,9.4,1
14,202334,Ed Davis,21.0,8.0,11.0,11.0,5.0,3.0,9.0,0.0,1.0,2.0,3.0,1.0,21.0,32:31,18.8,1
15,201585,Kosta Koufos,14.0,7.0,12.0,0.0,0.0,3.0,9.0,1.0,2.0,2.0,2.0,1.0,16.0,32:12,15.2,1
16,2754,Tony Allen,11.0,5.0,11.0,0.0,0.0,2.0,1.0,4.0,2.0,0.0,4.0,2.0,26.0,23:36,8.8,1
17,201144,Mike Conley,18.0,6.0,15.0,5.0,5.0,0.0,2.0,0.0,14.0,0.0,3.0,2.0,29.0,36:52,17.1,1
18,202720,Jon Leuer,23.0,10.0,13.0,2.0,2.0,2.0,7.0,0.0,1.0,3.0,1.0,1.0,4.0,29:52,22.8,1
19,201573,Jerryd Bayless,10.0,4.0,8.0,1.0,0.0,0.0,0.0,1.0,3.0,0.0,1.0,0.0,-4.0,20:56,8.3,1
20,2034,Mike Miller,0.0,0.0,4.0,0.0,0.0,1.0,0.0,0.0,0.0,0.0,3.0,1.0,-10.0,14:25,-4.3,1
21,201979,Nick Calathes,1.0,0.0,3.0,2.0,1.0,0.0,0.0,0.0,2.0,0.0,0.0,0.0,-10.0,11:08,-0.1,1
22,203479,Jamaal Franklin,2.0,1.0,1.0,0.0,0.0,0.0,2.0,0.0,1.0,0.0,1.0,0.0,-6.0,7:33,2.6,1
23,202347,Quincy Pondexter,,,,,,,,,,,,,,,0.0,1
24,2216,Zach Randolph,,,,,,,,,,,,,,,0.0,1
