,id,name,PTS,FG,FGA,FTA,FT,OREB,DREB,STL,AST,BLK,PF,TO,PLUS_MINUS,MIN,GS,WIN
0,201587,Nicolas Batum,12.0,4.0,9.0,2.0,2.0,2.0,5.0,0.0,5.0,0.0,3.0,2.0,18.0,36:39,10.5,1
1,200746,LaMarcus Aldridge,22.0,10.0,19.0,4.0,2.0,2.0,12.0,1.0,3.0,0.0,2.0,1.0,12.0,35:27,18.2,1
2,201577,Robin Lopez,12.0,4.0,10.0,6.0,4.0,6.0,4.0,1.0,1.0,0.0,2.0,2.0,9.0,32:38,10.1,1
3,202083,Wesley Matthews,21.0,8.0,11.0,2.0,2.0,2.0,3.0,1.0,1.0,1.0,0.0,2.0,15.0,34:37,19.2,1
4,203081,Damian Lillard,4.0,1.0,15.0,4.0,2.0,2.0,4.0,3.0,6.0,0.0,1.0,1.0,-4.0,36:45,1.5,1
5,2590,Mo Williams,8.0,3.0,5.0,0.0,0.0,1.0,1.0,0.0,5.0,0.0,4.0,1.0,6.0,25:02,7.6,1
6,2748,Dorell Wright,8.0,3.0,5.0,0.0,0.0,1.0,1.0,0.0,2.0,0.0,1.0,0.0,-2.0,11:28,7.7,1
7,200777,Joel Freeland,4.0,2.0,5.0,0.0,0.0,1.0,0.0,0.0,2.0,1.0,3.0,1.0,2.0,14:51,1.9,1
8,203080,Thomas Robinson,5.0,1.0,3.0,4.0,3.0,2.0,3.0,0.0,0.0,0.0,1.0,2.0,-1.0,12:33,2.8,1
9,203115,Will Barton,,,,,,,,,,,,,,,0.0,1
10,203459,Allen Crabbe,,,,,,,,,,,,,,,0.0,1
11,203086,Meyers Leonard,,,,,,,,,,,,,,,0.0,1
12,2248,Earl Watson,,,,,,,,,,,,,,,0.0,1
13,2422,John Salmons,0.0,0.0,2.0,0.0,0.0,0.0,3.0,0.0,1.0,1.0,4.0,0.0,-12.0,24:01,-0.7,0
14,202335,Patrick Patterson,6.0,3.0,7.0,0.0,0.0,1.0,1.0,0.0,1.0,0.0,2.0,0.0,-7.0,27:56,3.2,0
15,202326,DeMarcus Cousins,33.0,13.0,24.0,11.0,7.0,3.0,9.0,1.0,0.0,1.0,4.0,2.0,-2.0,31:12,22.7,0
16,201977,Marcus Thornton,4.0,2.0,9.0,0.0,0.0,1.0,1.0,1.0,0.0,0.0,0.0,1.0,-5.0,20:10,-0.5,0
17,202349,Greivis Vasquez,6.0,3.0,5.0,0.0,0.0,0.0,3.0,0.0,5.0,0.0,1.0,0.0,0.0,32:19,7.7,0
18,201574,Jason Thompson,7.0,3.0,6.0,1.0,1.0,1.0,2.0,1.0,2.0,0.0,2.0,2.0,-6.0,11:54,4.9,0
19,202738,Isaiah Thomas,12.0,6.0,10.0,0.0,0.0,0.0,0.0,0.0,1.0,0.0,0.0,1.0,-9.0,17:20,7.1,0
20,203463,Ben McLemore,13.0,4.0,8.0,2.0,2.0,1.0,2.0,1.0,1.0,0.0,2.0,2.0,-6.0,27:50,9.2,0
21,202690,Jimmer Fredette,4.0,2.0,6.0,0.0,0.0,0.0,3.0,2.0,3.0,0.0,0.0,1.0,-3.0,19:25,4.6,0
22,2566,Travis Outlaw,0.0,0.0,0.0,0.0,0.0,1.0,0.0,0.0,1.0,0.0,0.0,0.0,-3.0,9:06,1.4,0
23,201601,Luc Mbah a Moute,0.0,0.0,0.0,0.0,0.0,0.0,1.0,1.0,2.0,0.0,5.0,1.0,4.0,15:26,-0.3,0
24,101236,Chuck Hayes,0.0,0.0,1.0,0.0,0.0,0.0,0.0,0.0,0.0,0.0,0.0,0.0,-6.0,3:21,-0.7,0
25,203492,Ray McCallum,,,,,,,,,,,,,,,0.0,0
