,id,name,PTS,FG,FGA,FTA,FT,OREB,DREB,STL,AST,BLK,PF,TO,PLUS_MINUS,MIN,GS,WIN
0,203082,Terrence Ross,2.0,1.0,2.0,0.0,0.0,0.0,2.0,2.0,0.0,0.0,4.0,1.0,-1.0,17:56,1.0,1
1,202335,Patrick Patterson,10.0,4.0,7.0,1.0,1.0,0.0,6.0,3.0,1.0,1.0,6.0,2.0,-2.0,34:11,8.5,1
2,202685,Jonas Valanciunas,10.0,5.0,7.0,0.0,0.0,1.0,3.0,0.0,0.0,0.0,1.0,1.0,-7.0,17:42,7.3,1
3,201942,DeMar DeRozan,14.0,6.0,13.0,3.0,2.0,0.0,4.0,0.0,3.0,1.0,3.0,3.0,9.0,40:36,6.7,1
4,200768,Kyle Lowry,24.0,8.0,19.0,6.0,6.0,1.0,1.0,2.0,11.0,0.0,4.0,3.0,3.0,35:05,20.0,1
5,101161,Amir Johnson,14.0,6.0,8.0,4.0,2.0,0.0,5.0,1.0,1.0,1.0,4.0,2.0,9.0,25:05,10.3,1
6,2422,John Salmons,8.0,3.0,6.0,0.0,0.0,0.0,4.0,0.0,2.0,0.0,1.0,1.0,14.0,26:00,6.2,1
7,201946,Tyler Hansbrough,7.0,3.0,4.0,1.0,1.0,0.0,2.0,1.0,1.0,2.0,2.0,1.0,14.0,17:02,7.3,1
8,202349,Greivis Vasquez,14.0,6.0,8.0,0.0,0.0,0.0,0.0,0.0,6.0,0.0,0.0,1.0,9.0,25:55,14.0,1
9,200779,Steve Novak,0.0,0.0,0.0,0.0,0.0,0.0,0.0,0.0,0.0,0.0,0.0,0.0,2.0,0:28,0.0,1
10,202361,Landry Fields,,,,,,,,,,,,,,,0.0,1
11,101236,Chuck Hayes,,,,,,,,,,,,,,,0.0,1
12,202933,Julyan Stone,,,,,,,,,,,,,,,0.0,1
13,2772,Trevor Ariza,6.0,2.0,8.0,2.0,2.0,4.0,7.0,4.0,2.0,1.0,1.0,2.0,1.0,37:44,9.8,0
14,2403,Nene,17.0,8.0,17.0,5.0,1.0,1.0,4.0,0.0,2.0,0.0,4.0,2.0,4.0,33:52,6.4,0
15,101162,Marcin Gortat,18.0,8.0,11.0,5.0,2.0,6.0,5.0,0.0,4.0,0.0,3.0,2.0,0.0,30:42,17.6,0
16,203078,Bradley Beal,9.0,2.0,10.0,4.0,4.0,0.0,3.0,1.0,5.0,0.0,2.0,3.0,2.0,36:46,4.4,0
17,202322,John Wall,22.0,9.0,19.0,4.0,3.0,0.0,2.0,3.0,7.0,0.0,4.0,5.0,-2.0,39:19,13.8,0
18,101110,Martell Webster,7.0,2.0,5.0,1.0,1.0,0.0,1.0,0.0,1.0,0.0,2.0,0.0,-15.0,23:52,4.5,0
19,202344,Trevor Booker,10.0,5.0,6.0,0.0,0.0,1.0,0.0,0.0,0.0,1.0,2.0,2.0,-14.0,14:08,6.4,0
20,202338,Kevin Seraphin,4.0,2.0,2.0,0.0,0.0,1.0,2.0,0.0,0.0,1.0,1.0,0.0,-14.0,13:24,5.0,0
21,202066,Garrett Temple,0.0,0.0,3.0,0.0,0.0,3.0,0.0,0.0,0.0,0.0,0.0,0.0,-12.0,10:13,0.0,0
22,201953,Eric Maynor,,,,,,,,,,,,,,,0.0,0
23,203490,Otto Porter Jr.,,,,,,,,,,,,,,,0.0,0
24,202698,Chris Singleton,,,,,,,,,,,,,,,0.0,0
25,202686,Jan Vesely,,,,,,,,,,,,,,,0.0,0
