,id,name,PTS,FG,FGA,FTA,FT,OREB,DREB,STL,AST,BLK,PF,TO,PLUS_MINUS,MIN,GS,WIN
0,202323,Evan Turner,20.0,7.0,12.0,4.0,4.0,0.0,4.0,3.0,3.0,0.0,3.0,4.0,1.0,31:23,15.5,0
1,201152,Thaddeus Young,24.0,9.0,17.0,5.0,4.0,2.0,3.0,1.0,0.0,2.0,6.0,2.0,-7.0,29:27,15.6,0
2,201150,Spencer Hawes,11.0,5.0,15.0,0.0,0.0,0.0,9.0,1.0,5.0,3.0,3.0,0.0,-3.0,30:52,10.6,0
3,203138,Hollis Thompson,6.0,3.0,6.0,0.0,0.0,1.0,5.0,0.0,3.0,0.0,4.0,1.0,-13.0,27:57,4.7,0
4,203487,Michael Carter-Williams,15.0,5.0,15.0,5.0,5.0,0.0,6.0,6.0,6.0,0.0,1.0,4.0,-8.0,34:04,14.1,0
5,202341,James Anderson,11.0,4.0,8.0,1.0,1.0,0.0,2.0,0.0,0.0,1.0,1.0,3.0,-6.0,21:50,4.9,0
6,203561,Brandon Davies,4.0,1.0,2.0,2.0,2.0,0.0,0.0,1.0,1.0,0.0,1.0,0.0,-3.0,14:22,4.3,0
7,202730,Lavoy Allen,2.0,1.0,2.0,0.0,0.0,1.0,4.0,0.0,0.0,0.0,2.0,1.0,-15.0,15:21,1.1,0
8,203100,Tony Wroten,5.0,2.0,6.0,2.0,1.0,1.0,0.0,3.0,3.0,0.0,0.0,3.0,-14.0,20:41,4.0,0
9,202343,Elliot Williams,0.0,0.0,1.0,0.0,0.0,1.0,0.0,0.0,0.0,0.0,1.0,0.0,-7.0,5:05,-0.4,0
10,202350,Daniel Orton,2.0,1.0,3.0,0.0,0.0,0.0,1.0,0.0,1.0,1.0,5.0,2.0,-2.0,5:52,-2.0,0
11,203485,Lorenzo Brown,0.0,0.0,1.0,0.0,0.0,0.0,1.0,0.0,0.0,0.0,0.0,0.0,2.0,3:06,-0.4,0
12,2746,Josh Smith,20.0,8.0,14.0,2.0,1.0,0.0,2.0,0.0,5.0,3.0,4.0,3.0,22.0,35:24,14.6,1
13,202328,Greg Monroe,7.0,1.0,6.0,6.0,5.0,1.0,9.0,1.0,4.0,0.0,3.0,3.0,9.0,26:05,5.8,1
14,203083,Andre Drummond,31.0,12.0,15.0,18.0,7.0,6.0,13.0,6.0,0.0,2.0,2.0,1.0,25.0,32:59,34.6,1
15,203484,Kentavious Caldwell-Pope,10.0,4.0,8.0,0.0,0.0,0.0,3.0,1.0,1.0,0.0,1.0,1.0,7.0,28:56,7.2,1
16,201943,Brandon Jennings,20.0,7.0,16.0,3.0,3.0,2.0,4.0,0.0,12.0,0.0,2.0,5.0,10.0,37:45,16.8,1
17,201155,Rodney Stuckey,17.0,7.0,16.0,2.0,2.0,2.0,2.0,1.0,3.0,1.0,1.0,2.0,11.0,31:47,12.0,1
18,202713,Kyle Singler,5.0,1.0,7.0,4.0,2.0,2.0,2.0,1.0,0.0,0.0,1.0,1.0,-2.0,16:26,1.3,1
19,203491,Peyton Siva,0.0,0.0,1.0,0.0,0.0,0.0,1.0,1.0,1.0,0.0,1.0,2.0,-1.0,7:19,-1.1,1
20,202725,Josh Harrellson,0.0,0.0,1.0,0.0,0.0,0.0,0.0,0.0,0.0,0.0,1.0,1.0,9.0,5:11,-2.1,1
21,201973,Jonas Jerebko,5.0,1.0,3.0,4.0,3.0,2.0,3.0,1.0,0.0,0.0,3.0,4.0,-11.0,12:21,1.0,1
22,203540,Gigi Datome,0.0,0.0,2.0,0.0,0.0,1.0,1.0,0.0,0.0,0.0,1.0,0.0,-2.0,3:12,-0.8,1
23,203502,Tony Mitchell,0.0,0.0,0.0,0.0,0.0,0.0,1.0,0.0,0.0,1.0,0.0,0.0,-2.0,2:35,1.0,1
24,101111,Charlie Villanueva,,,,,,,,,,,,,,,0.0,1
