,id,name,PTS,FG,FGA,FTA,FT,OREB,DREB,STL,AST,BLK,PF,TO,PLUS_MINUS,MIN,GS,WIN
0,201142,Kevin Durant,35.0,12.0,21.0,9.0,8.0,2.0,9.0,0.0,6.0,1.0,2.0,1.0,12.0,35:49,31.9,1
1,201586,Serge Ibaka,16.0,6.0,13.0,4.0,4.0,4.0,7.0,0.0,1.0,3.0,3.0,3.0,16.0,33:58,12.8,1
2,203500,Steven Adams,4.0,2.0,3.0,0.0,0.0,3.0,3.0,0.0,0.0,1.0,2.0,2.0,-13.0,18:12,3.6,1
3,203460,Andre Roberson,4.0,2.0,8.0,0.0,0.0,3.0,1.0,0.0,0.0,0.0,3.0,1.0,-11.0,17:07,-0.6,1
4,202704,Reggie Jackson,13.0,5.0,13.0,2.0,2.0,2.0,2.0,1.0,6.0,0.0,0.0,3.0,6.0,26:35,10.1,1
5,2555,Nick Collison,0.0,0.0,1.0,0.0,0.0,2.0,3.0,1.0,3.0,0.0,2.0,0.0,12.0,21:03,3.9,1
6,2406,Caron Butler,8.0,3.0,10.0,0.0,0.0,1.0,4.0,2.0,2.0,0.0,1.0,0.0,24.0,26:22,7.1,1
7,965,Derek Fisher,12.0,4.0,7.0,4.0,1.0,0.0,3.0,4.0,1.0,0.0,3.0,1.0,4.0,23:35,10.9,1
8,201934,Hasheem Thabeet,0.0,0.0,1.0,0.0,0.0,0.0,1.0,0.0,0.0,0.0,3.0,2.0,0.0,6:24,-3.6,1
9,203087,Jeremy Lamb,10.0,4.0,10.0,1.0,1.0,1.0,2.0,0.0,2.0,2.0,2.0,2.0,5.0,25:50,5.9,1
10,203103,Perry Jones III,0.0,0.0,2.0,0.0,0.0,0.0,0.0,0.0,0.0,0.0,0.0,0.0,-11.0,2:44,-1.4,1
11,201203,Mustafa Shakur,0.0,0.0,0.0,0.0,0.0,0.0,0.0,0.0,0.0,0.0,0.0,1.0,-9.0,2:21,-1.0,1
12,201566,Russell Westbrook,,,,,,,,,,,,,,,0.0,1
13,202087,Alonzo Gee,7.0,3.0,4.0,0.0,0.0,0.0,1.0,2.0,3.0,0.0,4.0,0.0,-6.0,25:43,8.2,0
14,202684,Tristan Thompson,5.0,2.0,8.0,2.0,1.0,3.0,7.0,0.0,0.0,0.0,3.0,0.0,1.0,31:32,2.8,0
15,201150,Spencer Hawes,20.0,8.0,17.0,2.0,1.0,0.0,3.0,0.0,3.0,0.0,3.0,3.0,4.0,30:48,9.7,0
16,203079,Dion Waiters,30.0,11.0,25.0,12.0,6.0,0.0,2.0,3.0,4.0,0.0,3.0,1.0,1.0,40:51,18.7,0
17,101127,Jarrett Jack,6.0,2.0,8.0,2.0,2.0,1.0,2.0,1.0,4.0,0.0,2.0,2.0,-19.0,33:52,3.5,0
18,203521,Matthew Dellavedova,11.0,4.0,8.0,2.0,1.0,2.0,2.0,1.0,10.0,0.0,1.0,3.0,8.0,33:07,13.2,0
19,2760,Anderson Varejao,8.0,3.0,5.0,2.0,2.0,2.0,6.0,2.0,1.0,0.0,3.0,2.0,-11.0,19:18,8.4,0
20,202197,Shane Edwards,2.0,1.0,2.0,0.0,0.0,0.0,1.0,0.0,0.0,0.0,1.0,1.0,-5.0,10:27,-0.1,0
21,203092,Tyler Zeller,6.0,2.0,4.0,2.0,2.0,1.0,3.0,0.0,2.0,0.0,0.0,0.0,-8.0,14:22,7.0,0
22,203461,Anthony Bennett,,,,,,,,,,,,,,,0.0,0
23,2736,Luol Deng,,,,,,,,,,,,,,,0.0,0
24,203508,Sergey Karasev,,,,,,,,,,,,,,,0.0,0
25,101139,CJ Miles,,,,,,,,,,,,,,,0.0,0
