,id,name,PTS,FG,FGA,FTA,FT,OREB,DREB,STL,AST,BLK,PF,TO,PLUS_MINUS,MIN,GS,WIN
0,201145,Jeff Green,29.0,11.0,22.0,7.0,6.0,0.0,1.0,2.0,3.0,1.0,1.0,3.0,10.0,44:08,19.3,1
1,101138,Brandon Bass,12.0,5.0,10.0,2.0,2.0,2.0,5.0,1.0,0.0,1.0,2.0,1.0,3.0,26:47,9.8,1
2,203096,Jared Sullinger,13.0,6.0,13.0,2.0,1.0,3.0,7.0,1.0,2.0,4.0,3.0,2.0,5.0,33:21,12.1,1
3,203515,Phil Pressey,13.0,5.0,10.0,0.0,0.0,0.0,2.0,1.0,6.0,0.0,5.0,3.0,2.0,24:09,8.8,1
4,2222,Gerald Wallace,8.0,3.0,3.0,2.0,1.0,2.0,1.0,3.0,4.0,0.0,1.0,2.0,-3.0,27:47,11.8,1
5,201573,Jerryd Bayless,4.0,2.0,10.0,0.0,0.0,1.0,1.0,0.0,6.0,0.0,2.0,0.0,14.0,23:51,2.2,1
6,203187,Chris Johnson,5.0,2.0,5.0,0.0,0.0,1.0,3.0,0.0,1.0,0.0,3.0,0.0,25.0,24:05,3.4,1
7,2743,Kris Humphries,4.0,2.0,4.0,0.0,0.0,1.0,2.0,0.0,0.0,0.0,3.0,1.0,11.0,14:39,1.1,1
8,203482,Kelly Olynyk,14.0,6.0,11.0,1.0,1.0,4.0,7.0,0.0,3.0,0.0,2.0,3.0,13.0,21:13,11.9,1
9,201202,Joel Anthony,,,,,,,,,,,,,,,0.0,1
10,202340,Avery Bradley,,,,,,,,,,,,,,,0.0,1
11,200765,Rajon Rondo,,,,,,,,,,,,,,,0.0,1
12,203114,Khris Middleton,8.0,2.0,6.0,4.0,3.0,0.0,5.0,1.0,1.0,0.0,4.0,2.0,0.0,26:39,3.8,0
13,203089,John Henson,16.0,8.0,12.0,0.0,0.0,0.0,3.0,0.0,2.0,2.0,5.0,5.0,-7.0,37:29,7.5,0
14,2585,Zaza Pachulia,8.0,3.0,8.0,2.0,2.0,5.0,3.0,2.0,4.0,0.0,3.0,3.0,-3.0,31:52,8.6,0
15,203489,Nate Wolters,7.0,2.0,9.0,4.0,2.0,2.0,4.0,2.0,3.0,1.0,2.0,0.0,-5.0,36:29,7.3,0
16,202688,Brandon Knight,22.0,7.0,18.0,8.0,6.0,0.0,5.0,0.0,4.0,0.0,1.0,5.0,-7.0,40:42,10.3,0
17,203507,Giannis Antetokounmpo,4.0,1.0,5.0,2.0,1.0,0.0,4.0,0.0,0.0,0.0,1.0,1.0,-20.0,26:13,0.3,0
18,202327,Ekpe Udoh,0.0,0.0,0.0,0.0,0.0,0.0,1.0,0.0,1.0,1.0,2.0,2.0,-13.0,14:30,-1.1,0
19,202390,Gary Neal,17.0,6.0,11.0,5.0,4.0,0.0,1.0,0.0,2.0,0.0,0.0,1.0,-17.0,18:55,12.0,0
20,203545,Miroslav Raduljica,4.0,2.0,3.0,0.0,0.0,1.0,2.0,0.0,0.0,0.0,1.0,0.0,-8.0,7:11,3.6,0
21,101141,Ersan Ilyasova,,,,,,,,,,,,,,,0.0,0
22,201564,O.J. Mayo,,,,,,,,,,,,,,,0.0,0
23,2557,Luke Ridnour,,,,,,,,,,,,,,,0.0,0
24,202336,Larry Sanders,,,,,,,,,,,,,,,0.0,0
