,id,name,PTS,FG,FGA,FTA,FT,OREB,DREB,STL,AST,BLK,PF,TO,PLUS_MINUS,MIN,GS,WIN
0,2738,Andre Iguodala,12.0,5.0,10.0,0.0,0.0,1.0,5.0,0.0,2.0,1.0,0.0,3.0,11.0,30:51,8.3,1
1,101135,David Lee,28.0,11.0,21.0,6.0,6.0,2.0,8.0,0.0,2.0,0.0,3.0,2.0,9.0,38:28,19.7,1
2,101106,Andrew Bogut,4.0,2.0,4.0,2.0,0.0,5.0,6.0,0.0,1.0,3.0,1.0,1.0,12.0,30:32,7.9,1
3,202691,Klay Thompson,13.0,6.0,16.0,0.0,0.0,1.0,5.0,2.0,2.0,0.0,3.0,3.0,11.0,37:60,5.6,1
4,201939,Stephen Curry,14.0,5.0,14.0,4.0,2.0,0.0,3.0,2.0,7.0,1.0,4.0,2.0,8.0,35:14,10.3,1
5,203084,Harrison Barnes,2.0,1.0,6.0,2.0,0.0,0.0,0.0,0.0,1.0,0.0,0.0,2.0,-1.0,21:38,-3.9,1
6,201578,Marreese Speights,8.0,3.0,4.0,4.0,2.0,1.0,2.0,0.0,0.0,0.0,2.0,0.0,-5.0,13:57,6.1,1
7,201962,Toney Douglas,0.0,0.0,1.0,0.0,0.0,0.0,1.0,0.0,0.0,0.0,1.0,0.0,-4.0,8:41,-0.8,1
8,203110,Draymond Green,3.0,1.0,4.0,0.0,0.0,1.0,0.0,0.0,2.0,3.0,3.0,2.0,-2.0,17:02,1.6,1
9,203145,Kent Bazemore,5.0,2.0,4.0,0.0,0.0,0.0,1.0,0.0,0.0,0.0,1.0,0.0,1.0,5:24,2.9,1
10,200756,Hilton Armstrong,0.0,0.0,0.0,0.0,0.0,0.0,0.0,0.0,0.0,0.0,0.0,0.0,0.0,0:08,0.0,1
11,203517,Nemanja Nedovic,0.0,0.0,0.0,0.0,0.0,0.0,0.0,0.0,0.0,0.0,0.0,0.0,0.0,0:08,0.0,1
12,201163,Wilson Chandler,10.0,4.0,12.0,2.0,1.0,0.0,2.0,0.0,0.0,1.0,3.0,4.0,-11.0,32:31,-1.1,0
13,201581,JJ Hickson,7.0,3.0,7.0,2.0,1.0,1.0,7.0,1.0,0.0,0.0,1.0,2.0,-3.0,26:22,4.3,0
14,202389,Timofey Mozgov,14.0,6.0,11.0,4.0,2.0,5.0,6.0,0.0,0.0,2.0,0.0,1.0,-7.0,32:05,13.6,0
15,200751,Randy Foye,1.0,0.0,5.0,1.0,1.0,1.0,1.0,0.0,1.0,1.0,0.0,1.0,-3.0,10:18,-1.1,0
16,201951,Ty Lawson,16.0,5.0,14.0,5.0,5.0,0.0,4.0,2.0,4.0,1.0,2.0,5.0,-6.0,36:38,9.1,0
17,101126,Nate Robinson,13.0,4.0,9.0,4.0,4.0,1.0,1.0,1.0,1.0,0.0,2.0,0.0,0.0,16:43,10.2,0
18,202706,Jordan Hamilton,0.0,0.0,4.0,0.0,0.0,2.0,3.0,2.0,0.0,2.0,0.0,0.0,-6.0,18:56,2.9,0
19,201589,Darrell Arthur,2.0,1.0,5.0,0.0,0.0,0.0,5.0,0.0,2.0,1.0,6.0,2.0,-1.0,21:48,-1.9,0
20,1889,Andre Miller,14.0,6.0,8.0,3.0,2.0,1.0,3.0,1.0,8.0,1.0,2.0,0.0,-3.0,29:51,18.5,0
21,201576,Anthony Randolph,4.0,2.0,6.0,0.0,0.0,1.0,3.0,0.0,0.0,1.0,1.0,2.0,0.0,14:48,0.5,0
22,202702,Kenneth Faried,,,,,,,,,,,,,,,0.0,0
23,203095,Evan Fournier,,,,,,,,,,,,,,,0.0,0
24,203113,Quincy Miller,,,,,,,,,,,,,,,0.0,0
