,id,name,PTS,FG,FGA,FTA,FT,OREB,DREB,STL,AST,BLK,PF,TO,PLUS_MINUS,MIN,GS,WIN
0,2736,Luol Deng,8.0,4.0,7.0,0.0,0.0,0.0,2.0,0.0,2.0,0.0,0.0,0.0,28.0,21:02,6.7,1
1,202684,Tristan Thompson,20.0,6.0,10.0,8.0,8.0,5.0,6.0,2.0,0.0,1.0,4.0,0.0,18.0,32:28,21.8,1
2,201150,Spencer Hawes,20.0,7.0,16.0,2.0,2.0,0.0,8.0,0.0,5.0,0.0,1.0,1.0,17.0,33:30,16.1,1
3,203079,Dion Waiters,26.0,10.0,15.0,4.0,3.0,0.0,0.0,1.0,3.0,0.0,3.0,3.0,10.0,33:31,18.0,1
4,202681,Kyrie Irving,17.0,7.0,8.0,4.0,3.0,0.0,6.0,1.0,8.0,0.0,1.0,4.0,20.0,28:27,17.8,1
5,101127,Jarrett Jack,13.0,5.0,9.0,2.0,2.0,0.0,4.0,1.0,4.0,0.0,2.0,3.0,-2.0,30:14,9.9,1
6,203521,Matthew Dellavedova,3.0,1.0,5.0,0.0,0.0,0.0,2.0,0.0,5.0,0.0,0.0,0.0,8.0,22:05,4.0,1
7,203092,Tyler Zeller,4.0,2.0,3.0,0.0,0.0,1.0,2.0,0.0,0.0,2.0,1.0,1.0,9.0,18:39,4.0,1
8,202087,Alonzo Gee,3.0,1.0,3.0,2.0,1.0,0.0,1.0,1.0,0.0,1.0,2.0,0.0,-7.0,15:39,2.1,1
9,203508,Sergey Karasev,4.0,2.0,2.0,0.0,0.0,0.0,0.0,0.0,1.0,0.0,1.0,0.0,2.0,2:36,3.7,1
10,203816,Scotty Hopson,1.0,0.0,0.0,2.0,1.0,0.0,0.0,1.0,0.0,0.0,0.0,0.0,2.0,1:49,1.6,1
11,2760,Anderson Varejao,,,,,,,,,,,,,,,0.0,1
12,203090,Maurice Harkless,10.0,4.0,7.0,0.0,0.0,0.0,2.0,1.0,0.0,0.0,2.0,3.0,-12.0,21:11,4.5,0
13,203124,Kyle O'Quinn,8.0,3.0,5.0,2.0,2.0,1.0,4.0,0.0,2.0,3.0,4.0,2.0,-7.0,18:03,7.5,0
14,202696,Nikola Vucevic,7.0,3.0,11.0,2.0,1.0,4.0,3.0,3.0,2.0,0.0,1.0,3.0,-15.0,27:17,4.8,0
15,201167,Arron Afflalo,7.0,3.0,10.0,0.0,0.0,0.0,4.0,0.0,5.0,1.0,0.0,0.0,-18.0,28:45,6.6,0
16,2749,Jameer Nelson,9.0,3.0,8.0,3.0,2.0,0.0,2.0,0.0,4.0,0.0,1.0,1.0,-17.0,22:55,6.2,0
17,203094,Andrew Nicholson,4.0,2.0,6.0,0.0,0.0,0.0,1.0,0.0,1.0,0.0,3.0,0.0,-20.0,12:30,0.4,0
18,203506,Victor Oladipo,16.0,4.0,10.0,6.0,6.0,0.0,0.0,2.0,4.0,0.0,4.0,2.0,-9.0,27:24,11.8,0
19,202734,E'Twaun Moore,10.0,4.0,7.0,0.0,0.0,0.0,0.0,0.0,0.0,0.0,3.0,0.0,-3.0,19:15,5.5,0
20,202699,Tobias Harris,11.0,5.0,8.0,2.0,1.0,2.0,5.0,0.0,1.0,0.0,1.0,1.0,7.0,20:59,9.2,0
21,203117,Doron Lamb,14.0,3.0,5.0,5.0,5.0,0.0,1.0,0.0,1.0,0.0,1.0,4.0,-4.0,24:30,8.3,0
22,203473,Dewayne Dedmon,2.0,1.0,2.0,0.0,0.0,2.0,3.0,0.0,1.0,0.0,1.0,1.0,-7.0,17:11,2.6,0
23,101131,Jason Maxiell,,,,,,,,,,,,,,,0.0,0
24,101179,Ronnie Price,,,,,,,,,,,,,,,0.0,0
