,id,name,PTS,FG,FGA,FTA,FT,OREB,DREB,STL,AST,BLK,PF,TO,PLUS_MINUS,MIN,GS,WIN
0,201980,Danny Green,15.0,6.0,12.0,2.0,1.0,1.0,1.0,0.0,1.0,0.0,0.0,3.0,-18.0,30:12,7.3,0
1,1495,Tim Duncan,13.0,4.0,10.0,5.0,5.0,0.0,5.0,1.0,0.0,0.0,1.0,2.0,-14.0,21:29,7.7,0
2,2564,Boris Diaw,2.0,1.0,5.0,0.0,0.0,2.0,3.0,1.0,2.0,0.0,0.0,1.0,-22.0,23:00,2.6,0
3,201158,Marco Belinelli,10.0,1.0,8.0,8.0,8.0,0.0,3.0,1.0,4.0,0.0,2.0,0.0,-5.0,27:08,8.7,0
4,202709,Cory Joseph,11.0,4.0,8.0,4.0,3.0,1.0,2.0,0.0,0.0,0.0,3.0,4.0,-24.0,25:07,2.7,0
5,201988,Patty Mills,4.0,2.0,14.0,0.0,0.0,2.0,4.0,1.0,1.0,0.0,1.0,3.0,0.0,25:27,-4.1,0
6,1938,Manu Ginobili,6.0,2.0,5.0,2.0,2.0,1.0,2.0,1.0,1.0,0.0,1.0,2.0,-2.0,13:16,3.9,0
7,2588,Matt Bonner,10.0,3.0,6.0,4.0,4.0,1.0,5.0,0.0,0.0,0.0,1.0,1.0,1.0,25:00,7.8,0
8,201168,Tiago Splitter,6.0,3.0,4.0,0.0,0.0,3.0,1.0,0.0,0.0,0.0,1.0,0.0,5.0,5:39,6.4,0
9,200769,Shannon Brown,4.0,1.0,6.0,2.0,2.0,0.0,1.0,0.0,2.0,0.0,3.0,1.0,-12.0,16:30,-0.3,0
10,201965,Jeff Ayres,0.0,0.0,1.0,0.0,0.0,1.0,2.0,0.0,0.0,0.0,2.0,1.0,-15.0,10:26,-1.2,0
11,203382,Aron Baynes,4.0,2.0,4.0,0.0,0.0,3.0,3.0,0.0,1.0,0.0,2.0,0.0,1.0,16:46,4.9,0
12,201948,Austin Daye,,,,,,,,,,,,,,,0.0,0
13,200782,P.J. Tucker,4.0,2.0,6.0,0.0,0.0,0.0,5.0,1.0,2.0,0.0,2.0,1.0,-2.0,23:38,2.7,1
14,101112,Channing Frye,17.0,7.0,12.0,2.0,1.0,1.0,7.0,3.0,1.0,1.0,4.0,0.0,25.0,36:38,16.6,1
15,203101,Miles Plumlee,4.0,1.0,1.0,2.0,2.0,2.0,2.0,0.0,1.0,0.0,1.0,2.0,6.0,18:37,4.0,1
16,101123,Gerald Green,13.0,5.0,14.0,5.0,3.0,2.0,4.0,1.0,1.0,0.0,0.0,1.0,-2.0,26:20,7.7,1
17,201609,Goran Dragic,8.0,3.0,10.0,4.0,2.0,1.0,1.0,0.0,5.0,0.0,3.0,4.0,29.0,28:47,0.7,1
18,202693,Markieff Morris,21.0,8.0,10.0,6.0,4.0,0.0,5.0,3.0,5.0,2.0,4.0,1.0,20.0,24:59,23.2,1
19,202397,Ish Smith,15.0,7.0,9.0,2.0,1.0,1.0,6.0,2.0,4.0,2.0,1.0,1.0,11.0,30:36,18.4,1
20,203458,Alex Len,2.0,1.0,2.0,0.0,0.0,0.0,0.0,0.0,0.0,0.0,1.0,0.0,-5.0,6:55,0.6,1
21,202694,Marcus Morris Sr.,13.0,5.0,11.0,1.0,1.0,0.0,2.0,1.0,0.0,0.0,0.0,2.0,21.0,24:35,6.9,1
22,203462,Archie Goodwin,9.0,3.0,5.0,3.0,3.0,2.0,1.0,0.0,0.0,1.0,4.0,0.0,4.0,13:43,7.5,1
23,202091,Dionte Christmas,0.0,0.0,1.0,0.0,0.0,0.0,0.0,0.0,0.0,0.0,0.0,0.0,-1.0,2:36,-0.7,1
24,203139,Viacheslav Kravtsov,0.0,0.0,1.0,0.0,0.0,0.0,1.0,0.0,0.0,0.0,0.0,0.0,-1.0,2:36,-0.4,1
25,2571,Leandro Barbosa,,,,,,,,,,,,,,,0.0,1
