,id,name,PTS,FG,FGA,FTA,FT,OREB,DREB,STL,AST,BLK,PF,TO,PLUS_MINUS,MIN,GS,WIN
0,201152,Thaddeus Young,16.0,8.0,22.0,1.0,0.0,0.0,4.0,0.0,1.0,0.0,5.0,1.0,-3.0,37:46,2.3,0
1,203138,Hollis Thompson,3.0,1.0,4.0,0.0,0.0,1.0,4.0,0.0,2.0,1.0,5.0,0.0,-3.0,27:11,2.6,0
2,203156,Henry Sims,15.0,5.0,8.0,7.0,5.0,3.0,3.0,0.0,0.0,0.0,2.0,0.0,-3.0,25:42,12.8,0
3,203487,Michael Carter-Williams,23.0,7.0,11.0,10.0,9.0,1.0,6.0,1.0,8.0,0.0,4.0,3.0,-5.0,36:35,22.2,0
4,202341,James Anderson,8.0,3.0,11.0,2.0,1.0,0.0,1.0,3.0,1.0,0.0,1.0,1.0,-3.0,30:30,3.7,0
5,201957,Byron Mullens,13.0,6.0,12.0,0.0,0.0,4.0,3.0,1.0,0.0,0.0,1.0,1.0,-1.0,20:19,10.3,0
6,202343,Elliot Williams,10.0,4.0,9.0,2.0,1.0,1.0,1.0,1.0,1.0,0.0,3.0,1.0,-5.0,20:17,5.4,0
7,203100,Tony Wroten,10.0,4.0,8.0,4.0,2.0,0.0,5.0,0.0,1.0,0.0,3.0,1.0,-1.0,18:02,5.2,0
8,203561,Brandon Davies,0.0,0.0,4.0,0.0,0.0,1.0,2.0,1.0,2.0,0.0,6.0,1.0,-5.0,12:13,-2.5,0
9,203810,Casper Ware,7.0,3.0,4.0,0.0,0.0,0.0,0.0,1.0,2.0,0.0,0.0,0.0,-1.0,11:25,7.8,0
10,203519,Adonis Thomas,,,,,,,,,,,,,,,0.0,0
11,202363,Jarvis Varnado,,,,,,,,,,,,,,,0.0,0
12,203077,Michael Kidd-Gilchrist,10.0,4.0,6.0,4.0,2.0,2.0,6.0,1.0,0.0,1.0,2.0,1.0,11.0,22:07,9.7,1
13,201177,Josh McRoberts,4.0,1.0,4.0,2.0,1.0,0.0,3.0,1.0,4.0,0.0,3.0,3.0,-1.0,26:37,1.7,1
14,2744,Al Jefferson,29.0,13.0,19.0,5.0,3.0,2.0,10.0,0.0,3.0,2.0,3.0,3.0,3.0,36:02,23.8,1
15,201945,Gerald Henderson,14.0,5.0,8.0,7.0,4.0,1.0,3.0,0.0,3.0,2.0,1.0,2.0,-2.0,28:33,11.9,1
16,2557,Luke Ridnour,12.0,4.0,8.0,4.0,2.0,0.0,2.0,0.0,8.0,1.0,3.0,1.0,1.0,30:43,11.9,1
17,203469,Cody Zeller,12.0,2.0,4.0,10.0,8.0,1.0,2.0,1.0,0.0,1.0,4.0,1.0,7.0,21:23,9.6,1
18,202390,Gary Neal,10.0,4.0,10.0,3.0,2.0,0.0,0.0,0.0,1.0,0.0,0.0,1.0,8.0,19:27,3.9,1
19,2457,Jannero Pargo,6.0,2.0,5.0,0.0,0.0,0.0,4.0,0.0,2.0,0.0,2.0,1.0,5.0,17:17,4.1,1
20,201604,Chris Douglas-Roberts,12.0,4.0,8.0,2.0,2.0,2.0,2.0,0.0,1.0,1.0,3.0,1.0,-5.0,25:53,9.2,1
21,202687,Bismack Biyombo,2.0,0.0,0.0,4.0,2.0,1.0,0.0,0.0,1.0,1.0,1.0,0.0,3.0,11:58,2.9,1
22,201229,Anthony Tolliver,,,,,,,,,,,,,,,0.0,1
23,202689,Kemba Walker,,,,,,,,,,,,,,,0.0,1
24,201591,DJ White,,,,,,,,,,,,,,,0.0,1
