,id,name,PTS,FG,FGA,FTA,FT,OREB,DREB,STL,AST,BLK,PF,TO,PLUS_MINUS,MIN,GS,WIN
0,202331,Paul George,22,7,17,7,5,2,3,2,5,0,2,4,-14.0,39:40,15.1,0
1,2561,David West,18,7,13,4,4,1,7,0,1,1,6,1,-16.0,25:48,12.5,0
2,201579,Roy Hibbert,5,2,7,2,1,0,1,0,2,2,2,0,-16.0,33:45,2.8,0
3,202362,Lance Stephenson,11,4,7,2,2,0,4,1,3,0,3,4,-20.0,34:55,6.8,0
4,201588,George Hill,0,0,0,0,0,0,0,0,4,0,1,2,-16.0,32:44,0.4,0
5,101133,Ian Mahinmi,2,1,1,0,0,1,4,0,1,0,3,1,1.0,13:42,2.1,0
6,202323,Evan Turner,3,1,5,0,0,0,2,0,2,0,1,1,4.0,16:16,0.5,0
7,201228,C.J. Watson,10,3,5,2,2,0,1,2,1,0,2,1,4.0,19:19,8.9,0
8,2449,Luis Scola,12,5,8,2,2,1,4,0,1,0,3,2,2.0,18:51,7.8,0
9,203142,Chris Copeland,3,1,2,0,0,0,0,0,0,0,0,0,2.0,3:21,2.0,0
10,202730,Lavoy Allen,0,0,0,0,0,0,0,0,0,0,0,0,3.0,0:33,0.0,0
11,2446,Rasual Butler,0,0,0,0,0,0,0,0,0,0,0,0,3.0,0:33,0.0,0
12,202388,Donald Sloan,0,0,0,0,0,0,0,0,0,0,0,0,3.0,0:33,0.0,0
13,2544,LeBron James,36,11,20,13,12,1,5,1,1,1,1,2,13.0,34:52,28.2,1
14,2617,Udonis Haslem,11,5,7,4,1,4,5,1,0,0,2,1,24.0,31:16,10.4,1
15,2547,Chris Bosh,10,4,9,2,2,1,4,0,0,2,1,0,16.0,36:55,8.2,1
16,201962,Toney Douglas,7,3,3,0,0,0,1,1,3,0,2,0,9.0,15:11,8.7,1
17,201596,Mario Chalmers,13,6,14,0,0,2,3,2,5,0,5,1,24.0,28:41,10.4,1
18,951,Ray Allen,10,3,7,3,3,0,4,2,2,0,2,2,2.0,28:34,8.1,1
19,202708,Norris Cole,3,1,3,0,0,0,1,2,2,0,3,0,-8.0,23:01,3.8,1
20,1740,Rashard Lewis,3,1,8,2,1,1,2,1,1,0,1,1,-5.0,20:25,-1.0,1
21,2365,Chris Andersen,5,1,4,4,3,2,4,0,0,1,4,2,-9.0,16:11,1.9,1
22,2203,Shane Battier,0,0,0,0,0,0,0,0,0,0,1,0,3.0,3:15,-0.4,1
23,201563,Michael Beasley,0,0,0,0,0,0,0,0,0,0,0,0,-3.0,0:33,0.0,1
24,203120,Justin Hamilton,0,0,0,0,0,0,0,0,0,0,0,0,-3.0,0:33,0.0,1
25,2592,James Jones,0,0,0,0,0,0,0,0,0,0,0,0,-3.0,0:33,0.0,1
