,id,name,PTS,FG,FGA,FTA,FT,OREB,DREB,STL,AST,BLK,PF,TO,PLUS_MINUS,MIN,GS,WIN
0,2210,Richard Jefferson,10.0,4.0,6.0,1.0,1.0,0.0,3.0,1.0,4.0,0.0,1.0,2.0,-4.0,26:40,9.7,0
1,101107,Marvin Williams,21.0,8.0,15.0,0.0,0.0,1.0,4.0,0.0,2.0,0.0,3.0,0.0,-5.0,28:26,15.8,0
2,202324,Derrick Favors,6.0,2.0,6.0,2.0,2.0,1.0,5.0,0.0,1.0,3.0,3.0,4.0,-6.0,26:19,2.4,0
3,202330,Gordon Hayward,8.0,3.0,7.0,2.0,1.0,1.0,2.0,2.0,5.0,0.0,2.0,2.0,-13.0,30:17,7.9,0
4,203504,Trey Burke,13.0,5.0,15.0,0.0,0.0,0.0,1.0,0.0,5.0,0.0,1.0,1.0,-16.0,33:36,6.9,0
5,202379,Jeremy Evans,5.0,2.0,3.0,1.0,1.0,1.0,3.0,1.0,0.0,0.0,2.0,0.0,-17.0,19:34,5.5,0
6,202692,Alec Burks,0.0,0.0,7.0,4.0,0.0,1.0,6.0,2.0,3.0,0.0,2.0,4.0,-18.0,19:46,-4.7,0
7,201575,Brandon Rush,5.0,2.0,7.0,0.0,0.0,0.0,1.0,0.0,0.0,0.0,0.0,0.0,-8.0,13:45,1.2,0
8,202683,Enes Kanter,6.0,3.0,4.0,2.0,0.0,0.0,1.0,0.0,0.0,0.0,4.0,0.0,-14.0,15:04,2.3,0
9,101249,John Lucas III,5.0,2.0,4.0,0.0,0.0,0.0,1.0,1.0,2.0,0.0,2.0,1.0,-6.0,14:24,3.9,0
10,203497,Rudy Gobert,2.0,0.0,0.0,2.0,2.0,1.0,2.0,0.0,0.0,1.0,0.0,0.0,-2.0,6:21,4.0,0
11,203197,Diante Garrett,0.0,0.0,2.0,0.0,0.0,0.0,2.0,0.0,0.0,0.0,0.0,1.0,-1.0,5:48,-1.8,0
12,2740,Andris Biedrins,,,,,,,,,,,,,,,0.0,0
13,1890,Shawn Marion,6.0,3.0,5.0,0.0,0.0,1.0,4.0,2.0,3.0,1.0,2.0,3.0,10.0,27:36,6.6,1
14,1717,Dirk Nowitzki,20.0,5.0,9.0,9.0,8.0,0.0,3.0,0.0,1.0,0.0,2.0,0.0,4.0,26:28,16.1,1
15,2223,Samuel Dalembert,12.0,6.0,8.0,0.0,0.0,4.0,2.0,0.0,0.0,0.0,4.0,0.0,6.0,23:30,10.6,1
16,101145,Monta Ellis,22.0,8.0,17.0,6.0,5.0,0.0,4.0,1.0,4.0,0.0,2.0,1.0,11.0,33:37,16.1,1
17,101181,Jose Calderon,12.0,4.0,11.0,0.0,0.0,2.0,2.0,2.0,7.0,0.0,0.0,1.0,16.0,32:39,13.8,1
18,1713,Vince Carter,9.0,3.0,6.0,4.0,2.0,1.0,7.0,2.0,4.0,0.0,2.0,0.0,23.0,25:12,12.0,1
19,201971,DeJuan Blair,4.0,2.0,4.0,1.0,0.0,1.0,3.0,0.0,0.0,0.0,1.0,1.0,3.0,12:42,1.8,1
20,201148,Brandan Wright,8.0,3.0,5.0,2.0,2.0,1.0,4.0,0.0,0.0,1.0,2.0,0.0,11.0,12:59,7.5,1
21,203109,Jae Crowder,0.0,0.0,2.0,0.0,0.0,0.0,2.0,3.0,2.0,0.0,4.0,1.0,10.0,17:09,1.0,1
22,2734,Devin Harris,7.0,3.0,11.0,0.0,0.0,1.0,4.0,0.0,2.0,0.0,0.0,2.0,10.0,17:25,1.8,1
23,203499,Shane Larkin,0.0,0.0,1.0,0.0,0.0,0.0,0.0,0.0,1.0,0.0,0.0,0.0,2.0,3:35,0.0,1
24,203108,Bernard James,0.0,0.0,0.0,0.0,0.0,0.0,2.0,0.0,0.0,0.0,1.0,0.0,2.0,3:35,0.2,1
25,201961,Wayne Ellington,3.0,1.0,2.0,0.0,0.0,0.0,0.0,0.0,0.0,0.0,0.0,0.0,2.0,3:35,2.0,1
