,id,name,PTS,FG,FGA,FTA,FT,OREB,DREB,STL,AST,BLK,PF,TO,PLUS_MINUS,MIN,GS,WIN
0,2772,Trevor Ariza,7.0,3.0,10.0,4.0,0.0,2.0,4.0,1.0,5.0,0.0,3.0,2.0,-16.0,32:60,3.5,0
1,202344,Trevor Booker,3.0,1.0,4.0,4.0,1.0,1.0,4.0,1.0,0.0,0.0,3.0,3.0,-18.0,17:56,-1.9,0
2,101162,Marcin Gortat,4.0,2.0,8.0,0.0,0.0,3.0,6.0,0.0,1.0,2.0,3.0,1.0,-6.0,30:00,3.0,0
3,203078,Bradley Beal,17.0,6.0,18.0,4.0,2.0,0.0,2.0,2.0,0.0,2.0,3.0,3.0,-21.0,28:20,5.8,0
4,202322,John Wall,13.0,4.0,15.0,6.0,4.0,0.0,7.0,1.0,3.0,1.0,2.0,2.0,-13.0,38:45,6.4,0
5,2403,Nene,12.0,6.0,15.0,3.0,0.0,1.0,4.0,1.0,4.0,1.0,4.0,1.0,-7.0,28:52,6.5,0
6,101110,Martell Webster,4.0,1.0,2.0,2.0,2.0,0.0,2.0,1.0,0.0,0.0,2.0,2.0,0.0,24:30,1.8,0
7,202066,Garrett Temple,2.0,1.0,2.0,0.0,0.0,0.0,1.0,0.0,0.0,0.0,1.0,0.0,-14.0,9:15,0.9,0
8,203490,Otto Porter Jr.,2.0,1.0,3.0,0.0,0.0,0.0,1.0,0.0,0.0,0.0,0.0,0.0,-12.0,7:41,0.6,0
9,202686,Jan Vesely,0.0,0.0,0.0,0.0,0.0,1.0,2.0,1.0,0.0,0.0,2.0,0.0,-15.0,15:18,1.5,0
10,202338,Kevin Seraphin,2.0,1.0,3.0,0.0,0.0,0.0,0.0,0.0,0.0,1.0,1.0,0.0,-8.0,3:28,0.6,0
11,202698,Chris Singleton,0.0,0.0,1.0,0.0,0.0,0.0,0.0,0.0,0.0,0.0,1.0,0.0,-5.0,2:55,-1.1,0
12,201953,Eric Maynor,,,,,,,,,,,,,,,0.0,0
13,202331,Paul George,8.0,2.0,14.0,4.0,4.0,2.0,12.0,2.0,6.0,0.0,1.0,1.0,18.0,38:25,8.8,1
14,2561,David West,20.0,9.0,13.0,4.0,2.0,3.0,5.0,1.0,2.0,0.0,1.0,0.0,16.0,27:16,19.3,1
15,201579,Roy Hibbert,12.0,4.0,10.0,4.0,3.0,2.0,4.0,1.0,2.0,0.0,4.0,0.0,23.0,31:11,9.6,1
16,202362,Lance Stephenson,11.0,5.0,9.0,2.0,0.0,1.0,9.0,0.0,5.0,0.0,3.0,5.0,29.0,33:57,6.6,1
17,201588,George Hill,5.0,2.0,5.0,2.0,0.0,0.0,6.0,1.0,4.0,0.0,3.0,3.0,8.0,28:44,2.9,1
18,101122,Danny Granger,2.0,1.0,7.0,0.0,0.0,0.0,3.0,0.0,2.0,0.0,4.0,3.0,1.0,18:39,-4.8,1
19,2449,Luis Scola,10.0,4.0,11.0,2.0,2.0,1.0,5.0,0.0,1.0,0.0,1.0,1.0,10.0,18:26,5.4,1
20,101133,Ian Mahinmi,5.0,2.0,6.0,3.0,1.0,1.0,5.0,1.0,0.0,1.0,4.0,1.0,2.0,16:01,2.1,1
21,201228,C.J. Watson,16.0,6.0,6.0,1.0,1.0,1.0,1.0,0.0,2.0,0.0,1.0,1.0,16.0,17:23,15.2,1
22,2446,Rasual Butler,2.0,1.0,1.0,0.0,0.0,0.0,0.0,0.0,0.0,0.0,0.0,0.0,3.0,2:40,1.7,1
23,203142,Chris Copeland,2.0,1.0,1.0,0.0,0.0,0.0,0.0,0.0,0.0,0.0,0.0,0.0,3.0,2:40,1.7,1
24,203111,Orlando Johnson,0.0,0.0,0.0,0.0,0.0,0.0,0.0,0.0,0.0,0.0,0.0,0.0,3.0,2:19,0.0,1
25,202388,Donald Sloan,0.0,0.0,0.0,0.0,0.0,0.0,0.0,0.0,1.0,0.0,0.0,0.0,3.0,2:19,0.7,1
