,id,name,PTS,FG,FGA,FTA,FT,OREB,DREB,STL,AST,BLK,PF,TO,PLUS_MINUS,MIN,GS,WIN
0,2746,Josh Smith,7.0,2.0,11.0,2.0,2.0,0.0,10.0,1.0,3.0,0.0,2.0,5.0,15.0,34:52,0.4,1
1,202328,Greg Monroe,8.0,3.0,10.0,4.0,2.0,1.0,11.0,2.0,3.0,2.0,2.0,3.0,20.0,36:25,7.1,1
2,203083,Andre Drummond,8.0,4.0,11.0,0.0,0.0,8.0,6.0,0.0,1.0,2.0,4.0,3.0,-2.0,30:29,6.8,1
3,203484,Kentavious Caldwell-Pope,9.0,4.0,8.0,0.0,0.0,1.0,2.0,1.0,0.0,0.0,3.0,0.0,19.0,38:15,6.1,1
4,201943,Brandon Jennings,33.0,12.0,22.0,4.0,4.0,0.0,3.0,2.0,5.0,0.0,1.0,3.0,25.0,41:55,25.4,1
5,201155,Rodney Stuckey,2.0,0.0,3.0,2.0,2.0,0.0,0.0,0.0,1.0,0.0,0.0,1.0,-2.0,9:45,-0.4,1
6,202713,Kyle Singler,12.0,4.0,5.0,3.0,2.0,1.0,3.0,2.0,0.0,1.0,2.0,1.0,5.0,22:29,12.2,1
7,201973,Jonas Jerebko,3.0,1.0,3.0,0.0,0.0,0.0,0.0,0.0,0.0,0.0,2.0,1.0,-3.0,6:49,-0.5,1
8,203491,Peyton Siva,0.0,0.0,1.0,0.0,0.0,0.0,0.0,0.0,0.0,1.0,1.0,1.0,-8.0,6:05,-1.4,1
9,202725,Josh Harrellson,10.0,4.0,6.0,0.0,0.0,2.0,3.0,0.0,2.0,3.0,3.0,0.0,16.0,12:56,12.0,1
10,203540,Gigi Datome,,,,,,,,,,,,,,,0.0,1
11,203502,Tony Mitchell,,,,,,,,,,,,,,,0.0,1
12,101111,Charlie Villanueva,,,,,,,,,,,,,,,0.0,1
13,201959,Taj Gibson,21.0,9.0,20.0,6.0,3.0,3.0,7.0,0.0,1.0,1.0,1.0,2.0,-16.0,42:27,12.6,0
14,2430,Carlos Boozer,13.0,4.0,16.0,5.0,5.0,3.0,4.0,0.0,0.0,0.0,2.0,1.0,-18.0,33:09,4.9,0
15,201149,Joakim Noah,2.0,1.0,7.0,0.0,0.0,4.0,5.0,0.0,2.0,4.0,2.0,2.0,-2.0,28:38,3.2,0
16,203503,Tony Snell,8.0,3.0,12.0,2.0,2.0,0.0,3.0,2.0,3.0,1.0,0.0,1.0,-16.0,42:27,5.5,0
17,2550,Kirk Hinrich,3.0,1.0,10.0,0.0,0.0,0.0,4.0,4.0,4.0,1.0,1.0,5.0,-18.0,36:18,-0.3,0
18,2399,Mike Dunleavy,16.0,7.0,15.0,0.0,0.0,0.0,6.0,1.0,4.0,0.0,2.0,1.0,-17.0,33:44,12.1,0
19,203104,Marquis Teague,10.0,4.0,8.0,2.0,2.0,0.0,3.0,0.0,3.0,0.0,2.0,0.0,0.0,17:15,8.2,0
20,1737,Nazr Mohammed,2.0,1.0,2.0,0.0,0.0,1.0,1.0,1.0,0.0,0.0,1.0,1.0,2.0,6:02,1.6,0
21,202710,Jimmy Butler,,,,,,,,,,,,,,,0.0,0
22,2736,Luol Deng,,,,,,,,,,,,,,,0.0,0
23,2229,Mike James,,,,,,,,,,,,,,,0.0,0
24,203513,Erik Murphy,,,,,,,,,,,,,,,0.0,0
