,id,name,PTS,FG,FGA,FTA,FT,OREB,DREB,STL,AST,BLK,PF,TO,PLUS_MINUS,MIN,GS,WIN
0,202329,Al-Farouq Aminu,10.0,5.0,8.0,0.0,0.0,1.0,3.0,2.0,1.0,0.0,4.0,1.0,-4.0,25:60,8.1,1
1,203076,Anthony Davis,14.0,4.0,12.0,6.0,6.0,3.0,5.0,2.0,2.0,4.0,3.0,1.0,10.0,39:27,14.8,1
2,201582,Alexis Ajinca,6.0,3.0,5.0,0.0,0.0,0.0,4.0,1.0,0.0,3.0,3.0,3.0,-14.0,15:28,3.8,1
3,201569,Eric Gordon,15.0,5.0,10.0,4.0,3.0,0.0,3.0,2.0,3.0,0.0,2.0,7.0,-11.0,32:34,6.8,1
4,203148,Brian Roberts,13.0,4.0,6.0,4.0,4.0,0.0,2.0,1.0,2.0,0.0,3.0,1.0,5.0,21:42,11.2,1
5,201880,Greg Stiemsma,4.0,2.0,2.0,0.0,0.0,2.0,2.0,1.0,3.0,1.0,5.0,1.0,-3.0,18:33,6.2,1
6,203121,Darius Miller,3.0,0.0,1.0,3.0,3.0,0.0,1.0,0.0,1.0,0.0,0.0,0.0,-3.0,15:34,3.3,1
7,203085,Austin Rivers,15.0,6.0,15.0,3.0,3.0,1.0,0.0,2.0,3.0,0.0,2.0,2.0,-3.0,27:01,8.9,1
8,203481,Jeff Withey,2.0,1.0,3.0,0.0,0.0,1.0,4.0,1.0,0.0,0.0,0.0,1.0,9.0,18:58,2.2,1
9,201627,Anthony Morrow,21.0,7.0,11.0,4.0,3.0,0.0,3.0,2.0,0.0,0.0,3.0,1.0,24.0,24:43,16.4,1
10,201936,Tyreke Evans,,,,,,,,,,,,,,,0.0,1
11,201950,Jrue Holiday,,,,,,,,,,,,,,,0.0,1
12,201160,Jason Smith,,,,,,,,,,,,,,,0.0,1
13,2746,Josh Smith,13.0,6.0,12.0,1.0,0.0,3.0,2.0,4.0,4.0,1.0,1.0,2.0,6.0,35:37,14.4,0
14,202328,Greg Monroe,8.0,4.0,8.0,0.0,0.0,3.0,8.0,1.0,1.0,0.0,2.0,5.0,7.0,25:21,4.4,0
15,203083,Andre Drummond,21.0,9.0,17.0,6.0,3.0,10.0,10.0,1.0,1.0,2.0,4.0,2.0,11.0,39:25,21.0,0
16,203484,Kentavious Caldwell-Pope,14.0,6.0,12.0,1.0,1.0,0.0,2.0,2.0,2.0,0.0,3.0,1.0,-1.0,40:36,9.8,0
17,201943,Brandon Jennings,28.0,7.0,20.0,14.0,12.0,0.0,1.0,2.0,7.0,1.0,4.0,1.0,1.0,36:49,21.3,0
18,201155,Rodney Stuckey,9.0,3.0,9.0,4.0,3.0,1.0,1.0,1.0,0.0,0.0,2.0,3.0,-16.0,26:45,1.7,0
19,202713,Kyle Singler,3.0,1.0,5.0,0.0,0.0,0.0,3.0,0.0,0.0,0.0,4.0,2.0,-15.0,24:16,-2.8,0
20,101198,Will Bynum,5.0,1.0,2.0,2.0,2.0,0.0,0.0,0.0,3.0,0.0,1.0,0.0,-3.0,11:11,5.7,0
21,203540,Gigi Datome,,,,,,,,,,,,,,,0.0,0
22,202725,Josh Harrellson,,,,,,,,,,,,,,,0.0,0
23,201973,Jonas Jerebko,,,,,,,,,,,,,,,0.0,0
24,203502,Tony Mitchell,,,,,,,,,,,,,,,0.0,0
25,101111,Charlie Villanueva,,,,,,,,,,,,,,,0.0,0
