,id,name,PTS,FG,FGA,FTA,FT,OREB,DREB,STL,AST,BLK,PF,TO,PLUS_MINUS,MIN,GS,WIN
0,201163,Wilson Chandler,22.0,7.0,20.0,6.0,5.0,2.0,7.0,1.0,1.0,0.0,2.0,0.0,-11.0,37:27,14.8,0
1,201581,JJ Hickson,16.0,7.0,9.0,6.0,2.0,3.0,7.0,1.0,1.0,0.0,4.0,2.0,-4.0,36:29,13.2,0
2,202389,Timofey Mozgov,8.0,4.0,8.0,0.0,0.0,4.0,5.0,1.0,0.0,1.0,2.0,0.0,-3.0,27:37,9.2,0
3,202706,Jordan Hamilton,12.0,5.0,13.0,2.0,0.0,0.0,7.0,0.0,1.0,1.0,2.0,0.0,-5.0,32:10,6.8,0
4,201951,Ty Lawson,14.0,3.0,12.0,8.0,8.0,0.0,1.0,3.0,12.0,0.0,0.0,8.0,-9.0,35:39,10.5,0
5,101126,Nate Robinson,0.0,0.0,3.0,0.0,0.0,0.0,0.0,1.0,1.0,0.0,1.0,3.0,-16.0,15:44,-3.8,0
6,201576,Anthony Randolph,8.0,3.0,7.0,2.0,2.0,0.0,4.0,1.0,1.0,2.0,2.0,2.0,-11.0,19:30,5.8,0
7,1889,Andre Miller,0.0,0.0,3.0,0.0,0.0,0.0,0.0,1.0,1.0,0.0,1.0,1.0,-10.0,15:10,-1.8,0
8,200751,Randy Foye,0.0,0.0,1.0,0.0,0.0,0.0,0.0,1.0,1.0,0.0,1.0,0.0,-8.0,7:11,0.6,0
9,203113,Quincy Miller,9.0,4.0,6.0,0.0,0.0,2.0,0.0,0.0,0.0,0.0,0.0,1.0,-3.0,13:03,6.8,0
10,201589,Darrell Arthur,,,,,,,,,,,,,,,0.0,0
11,202702,Kenneth Faried,,,,,,,,,,,,,,,0.0,0
12,203095,Evan Fournier,,,,,,,,,,,,,,,0.0,0
13,202329,Al-Farouq Aminu,11.0,5.0,8.0,2.0,1.0,2.0,6.0,1.0,4.0,0.0,2.0,1.0,7.0,30:45,12.2,1
14,201583,Ryan Anderson,16.0,6.0,19.0,0.0,0.0,5.0,5.0,0.0,1.0,0.0,1.0,1.0,7.0,39:30,9.4,1
15,203076,Anthony Davis,17.0,7.0,12.0,6.0,3.0,3.0,4.0,1.0,1.0,4.0,4.0,2.0,7.0,27:50,14.4,1
16,201627,Anthony Morrow,8.0,3.0,8.0,0.0,0.0,0.0,0.0,1.0,1.0,1.0,0.0,2.0,-2.0,16:46,4.0,1
17,201950,Jrue Holiday,17.0,8.0,13.0,0.0,0.0,1.0,3.0,4.0,8.0,0.0,5.0,2.0,7.0,29:17,18.3,1
18,201582,Alexis Ajinca,4.0,2.0,3.0,0.0,0.0,2.0,6.0,0.0,2.0,1.0,2.0,2.0,9.0,20:10,5.2,1
19,201936,Tyreke Evans,19.0,7.0,17.0,4.0,4.0,1.0,6.0,2.0,10.0,0.0,1.0,2.0,20.0,32:17,19.0,1
20,203148,Brian Roberts,0.0,0.0,4.0,0.0,0.0,0.0,4.0,1.0,0.0,0.0,1.0,3.0,12.0,19:24,-4.0,1
21,203121,Darius Miller,11.0,3.0,4.0,3.0,2.0,0.0,4.0,0.0,1.0,1.0,4.0,1.0,7.0,19:09,9.0,1
22,200811,Lou Amundson,2.0,1.0,1.0,0.0,0.0,1.0,0.0,0.0,0.0,1.0,1.0,0.0,6.0,4:52,2.7,1
23,203085,Austin Rivers,,,,,,,,,,,,,,,0.0,1
24,201160,Jason Smith,,,,,,,,,,,,,,,0.0,1
25,203481,Jeff Withey,,,,,,,,,,,,,,,0.0,1
