,id,name,PTS,FG,FGA,FTA,FT,OREB,DREB,STL,AST,BLK,PF,TO,PLUS_MINUS,MIN,GS,WIN
0,2546,Carmelo Anthony,20.0,9.0,22.0,2.0,2.0,0.0,6.0,0.0,3.0,1.0,1.0,2.0,-20.0,38:25,10.4,0
1,200745,Andrea Bargnani,8.0,3.0,4.0,2.0,1.0,0.0,1.0,0.0,1.0,2.0,1.0,0.0,-21.0,22:27,8.0,0
2,2199,Tyson Chandler,5.0,2.0,2.0,1.0,1.0,0.0,4.0,0.0,0.0,1.0,2.0,2.0,-7.0,16:25,3.5,0
3,101109,Raymond Felton,13.0,5.0,12.0,2.0,2.0,0.0,2.0,1.0,3.0,1.0,6.0,1.0,-21.0,29:16,7.6,0
4,202697,Iman Shumpert,5.0,2.0,5.0,1.0,0.0,0.0,3.0,1.0,3.0,1.0,5.0,1.0,5.0,32:44,3.6,0
5,2030,Kenyon Martin,6.0,3.0,6.0,0.0,0.0,1.0,5.0,0.0,1.0,1.0,5.0,0.0,-7.0,27:41,4.6,0
6,2405,Amar'e Stoudemire,17.0,6.0,10.0,5.0,5.0,0.0,4.0,0.0,2.0,0.0,3.0,2.0,4.0,22:15,11.8,0
7,203501,Tim Hardaway Jr.,12.0,4.0,10.0,3.0,2.0,1.0,0.0,1.0,1.0,0.0,0.0,0.0,-6.0,26:43,8.6,0
8,203315,Toure' Murry,0.0,0.0,3.0,0.0,0.0,0.0,1.0,0.0,2.0,0.0,0.0,0.0,13.0,8:16,-0.4,0
9,2757,Beno Udrih,6.0,2.0,3.0,2.0,1.0,1.0,1.0,1.0,5.0,1.0,0.0,1.0,3.0,12:43,9.5,0
10,202719,Jeremy Tyler,6.0,3.0,4.0,0.0,0.0,1.0,1.0,0.0,0.0,0.0,0.0,0.0,5.0,2:16,5.4,0
11,202332,Cole Aldrich,0.0,0.0,0.0,0.0,0.0,0.0,0.0,0.0,0.0,0.0,0.0,0.0,2.0,0:49,0.0,0
12,2747,JR Smith,,,,,,,,,,,,,,,0.0,0
13,203077,Michael Kidd-Gilchrist,8.0,3.0,12.0,4.0,2.0,1.0,6.0,2.0,2.0,0.0,4.0,0.0,3.0,30:15,4.3,1
14,201177,Josh McRoberts,4.0,0.0,4.0,6.0,4.0,0.0,6.0,0.0,3.0,0.0,2.0,0.0,1.0,32:31,3.5,1
15,2744,Al Jefferson,35.0,14.0,20.0,8.0,7.0,2.0,6.0,1.0,2.0,1.0,3.0,1.0,19.0,38:36,30.3,1
16,201945,Gerald Henderson,17.0,6.0,13.0,4.0,4.0,0.0,3.0,0.0,3.0,0.0,1.0,1.0,6.0,35:35,11.9,1
17,202689,Kemba Walker,25.0,9.0,15.0,7.0,5.0,1.0,6.0,1.0,5.0,1.0,2.0,3.0,18.0,39:41,21.2,1
18,201229,Anthony Tolliver,9.0,3.0,3.0,0.0,0.0,0.0,1.0,0.0,0.0,0.0,2.0,0.0,7.0,17:45,7.6,1
19,203469,Cody Zeller,2.0,1.0,2.0,0.0,0.0,0.0,4.0,0.0,1.0,0.0,5.0,0.0,9.0,15:29,0.9,1
20,201196,Ramon Sessions,6.0,1.0,4.0,4.0,4.0,1.0,0.0,0.0,5.0,0.0,1.0,0.0,0.0,19:06,7.4,1
21,202687,Bismack Biyombo,2.0,1.0,2.0,0.0,0.0,0.0,0.0,0.0,0.0,0.0,0.0,0.0,-7.0,8:35,1.0,1
22,201604,Chris Douglas-Roberts,0.0,0.0,0.0,0.0,0.0,0.0,0.0,0.0,0.0,0.0,0.0,0.0,-2.0,0:49,0.0,1
23,202399,Jeff Adrien,0.0,0.0,0.0,0.0,0.0,0.0,0.0,0.0,0.0,0.0,0.0,0.0,-2.0,0:49,0.0,1
24,2457,Jannero Pargo,0.0,0.0,0.0,0.0,0.0,0.0,0.0,0.0,0.0,0.0,0.0,0.0,-2.0,0:49,0.0,1
25,2732,Ben Gordon,,,,,,,,,,,,,,,0.0,1
