,id,name,PTS,FG,FGA,FTA,FT,OREB,DREB,STL,AST,BLK,PF,TO,PLUS_MINUS,MIN,GS,WIN
0,202087,Alonzo Gee,0.0,0.0,2.0,0.0,0.0,0.0,1.0,0.0,0.0,0.0,0.0,1.0,-12.0,10:33,-2.1,0
1,202684,Tristan Thompson,9.0,4.0,9.0,2.0,1.0,3.0,8.0,1.0,1.0,0.0,1.0,0.0,-20.0,34:56,9.7,0
2,101115,Andrew Bynum,20.0,9.0,14.0,7.0,2.0,9.0,4.0,0.0,2.0,2.0,1.0,3.0,-11.0,26:37,18.7,0
3,101139,CJ Miles,3.0,1.0,8.0,0.0,0.0,0.0,2.0,0.0,0.0,0.0,2.0,2.0,-14.0,11:46,-4.4,0
4,202681,Kyrie Irving,0.0,0.0,9.0,3.0,0.0,0.0,4.0,0.0,4.0,0.0,1.0,0.0,-19.0,20:28,-3.9,0
5,203079,Dion Waiters,30.0,13.0,20.0,3.0,3.0,0.0,2.0,0.0,1.0,0.0,0.0,2.0,-7.0,34:42,20.5,0
6,101127,Jarrett Jack,12.0,4.0,10.0,2.0,2.0,0.0,3.0,1.0,3.0,0.0,2.0,1.0,-6.0,28:56,8.8,0
7,2760,Anderson Varejao,2.0,1.0,6.0,0.0,0.0,1.0,5.0,1.0,4.0,0.0,1.0,0.0,3.0,20:41,3.8,0
8,203461,Anthony Bennett,0.0,0.0,3.0,0.0,0.0,0.0,0.0,0.0,0.0,0.0,0.0,0.0,-12.0,9:13,-2.1,0
9,201947,Earl Clark,2.0,1.0,3.0,0.0,0.0,0.0,0.0,0.0,0.0,0.0,0.0,0.0,-6.0,6:25,0.3,0
10,203092,Tyler Zeller,4.0,2.0,3.0,0.0,0.0,2.0,1.0,0.0,0.0,0.0,1.0,1.0,-4.0,7:15,3.0,0
11,203521,Matthew Dellavedova,7.0,3.0,7.0,0.0,0.0,1.0,0.0,1.0,4.0,0.0,2.0,1.0,13.0,25:37,6.0,0
12,203508,Sergey Karasev,0.0,0.0,0.0,0.0,0.0,0.0,1.0,0.0,0.0,0.0,0.0,0.0,0.0,2:51,0.3,0
13,201960,DeMarre Carroll,10.0,4.0,10.0,3.0,2.0,1.0,7.0,1.0,2.0,0.0,3.0,2.0,2.0,27:03,6.2,1
14,200794,Paul Millsap,16.0,7.0,14.0,3.0,1.0,7.0,7.0,1.0,5.0,0.0,0.0,0.0,15.0,27:18,19.7,1
15,201143,Al Horford,22.0,10.0,19.0,2.0,2.0,3.0,6.0,2.0,4.0,2.0,1.0,2.0,12.0,31:14,20.4,1
16,2594,Kyle Korver,10.0,4.0,6.0,0.0,0.0,0.0,1.0,0.0,2.0,0.0,1.0,0.0,8.0,31:59,8.7,1
17,201952,Jeff Teague,13.0,6.0,14.0,0.0,0.0,0.0,0.0,1.0,6.0,0.0,2.0,1.0,6.0,24:59,9.0,1
18,1882,Elton Brand,0.0,0.0,1.0,0.0,0.0,2.0,2.0,0.0,0.0,1.0,5.0,2.0,6.0,14:04,-2.0,1
19,101150,Lou Williams,13.0,5.0,11.0,3.0,1.0,0.0,1.0,0.0,3.0,0.0,2.0,3.0,13.0,26:45,5.1,1
20,202714,Shelvin Mack,6.0,3.0,8.0,0.0,0.0,0.0,2.0,1.0,5.0,0.0,1.0,0.0,13.0,19:25,6.3,1
21,201858,Cartier Martin,12.0,5.0,5.0,0.0,0.0,0.0,4.0,0.0,0.0,0.0,1.0,1.0,15.0,11:04,10.3,1
22,202970,Gustavo Ayon,6.0,3.0,3.0,0.0,0.0,1.0,6.0,0.0,3.0,0.0,2.0,0.0,5.0,20:27,8.9,1
23,203099,Jared Cunningham,0.0,0.0,0.0,0.0,0.0,0.0,0.0,0.0,1.0,0.0,0.0,1.0,0.0,2:51,-0.3,1
24,203118,Mike Scott,0.0,0.0,0.0,0.0,0.0,0.0,0.0,0.0,0.0,0.0,0.0,0.0,0.0,2:51,0.0,1
25,203544,Pero Antic,,,,,,,,,,,,,,,0.0,1
