,id,name,PTS,FG,FGA,FTA,FT,OREB,DREB,STL,AST,BLK,PF,TO,PLUS_MINUS,MIN,GS,WIN
0,2738,Andre Iguodala,32.0,11.0,18.0,4.0,3.0,1.0,2.0,3.0,3.0,1.0,2.0,1.0,35.0,32:39,28.7,1
1,101135,David Lee,18.0,8.0,15.0,2.0,2.0,3.0,4.0,0.0,2.0,0.0,0.0,5.0,34.0,26:12,10.4,1
2,101106,Andrew Bogut,4.0,1.0,1.0,4.0,2.0,0.0,7.0,2.0,3.0,1.0,4.0,1.0,25.0,22:57,7.2,1
3,202691,Klay Thompson,15.0,5.0,12.0,2.0,1.0,1.0,2.0,2.0,2.0,0.0,3.0,1.0,38.0,29:38,10.7,1
4,201939,Stephen Curry,18.0,7.0,16.0,2.0,2.0,3.0,7.0,5.0,12.0,1.0,0.0,2.0,34.0,29:13,25.9,1
5,201578,Marreese Speights,9.0,4.0,8.0,2.0,1.0,0.0,2.0,0.0,0.0,1.0,3.0,1.0,-8.0,14:00,3.7,1
6,203110,Draymond Green,2.0,1.0,4.0,0.0,0.0,0.0,9.0,2.0,2.0,2.0,2.0,1.0,-3.0,20:50,5.3,1
7,979,Jermaine O'Neal,0.0,0.0,3.0,0.0,0.0,1.0,3.0,1.0,1.0,0.0,3.0,1.0,-1.0,12:06,-1.0,1
8,201962,Toney Douglas,3.0,1.0,5.0,0.0,0.0,2.0,1.0,1.0,2.0,0.0,3.0,3.0,-14.0,18:47,-0.2,1
9,203145,Kent Bazemore,7.0,2.0,6.0,4.0,2.0,1.0,2.0,2.0,1.0,1.0,2.0,2.0,-15.0,13:02,4.7,1
10,203517,Nemanja Nedovic,2.0,1.0,3.0,0.0,0.0,0.0,1.0,0.0,0.0,0.0,0.0,2.0,-14.0,11:40,-1.4,1
11,203136,Ognjen Kuzmic,0.0,0.0,1.0,0.0,0.0,1.0,1.0,0.0,0.0,0.0,2.0,2.0,-11.0,8:56,-2.5,1
12,203084,Harrison Barnes,,,,,,,,,,,,,,,0.0,1
13,202323,Evan Turner,18.0,7.0,12.0,5.0,4.0,2.0,5.0,3.0,1.0,0.0,0.0,5.0,-26.0,25:05,13.6,0
14,201152,Thaddeus Young,6.0,3.0,10.0,0.0,0.0,0.0,2.0,0.0,1.0,0.0,1.0,2.0,-29.0,22:34,-0.9,0
15,201150,Spencer Hawes,5.0,1.0,6.0,4.0,2.0,3.0,5.0,0.0,3.0,1.0,4.0,3.0,-41.0,26:22,2.2,0
16,202341,James Anderson,7.0,3.0,7.0,0.0,0.0,2.0,3.0,0.0,1.0,1.0,1.0,0.0,-31.0,25:30,6.6,0
17,203487,Michael Carter-Williams,18.0,4.0,17.0,12.0,9.0,1.0,5.0,0.0,4.0,0.0,3.0,6.0,-23.0,34:56,4.3,0
18,202730,Lavoy Allen,2.0,1.0,3.0,0.0,0.0,0.0,8.0,0.0,1.0,0.0,2.0,2.0,1.0,18:28,0.6,0
19,203100,Tony Wroten,14.0,6.0,14.0,5.0,1.0,1.0,2.0,0.0,1.0,0.0,1.0,0.0,-10.0,22:19,6.6,0
20,202350,Daniel Orton,1.0,0.0,2.0,3.0,1.0,2.0,4.0,0.0,1.0,0.0,2.0,2.0,15.0,17:04,-0.7,0
21,202721,Darius Morris,8.0,2.0,6.0,5.0,4.0,1.0,1.0,4.0,5.0,0.0,3.0,2.0,15.0,19:27,9.5,0
22,203138,Hollis Thompson,7.0,3.0,7.0,0.0,0.0,1.0,3.0,0.0,0.0,1.0,1.0,2.0,15.0,16:43,3.2,0
23,203561,Brandon Davies,4.0,1.0,4.0,3.0,2.0,1.0,0.0,2.0,1.0,0.0,0.0,0.0,14.0,11:32,4.6,0
24,2198,Kwame Brown,,,,,,,,,,,,,,,0.0,0
