,id,name,PTS,FG,FGA,FTA,FT,OREB,DREB,STL,AST,BLK,PF,TO,PLUS_MINUS,MIN,GS,WIN
0,201589,Darrell Arthur,0.0,0.0,4.0,0.0,0.0,0.0,1.0,0.0,1.0,0.0,5.0,0.0,-14.0,10:59,-3.8,0
1,202702,Kenneth Faried,6.0,2.0,6.0,2.0,2.0,1.0,1.0,2.0,1.0,2.0,3.0,2.0,-22.0,19:03,4.5,0
2,201581,JJ Hickson,14.0,6.0,11.0,2.0,2.0,6.0,7.0,0.0,3.0,0.0,4.0,3.0,-11.0,25:23,12.5,0
3,201163,Wilson Chandler,12.0,4.0,10.0,0.0,0.0,1.0,7.0,0.0,0.0,0.0,2.0,1.0,-19.0,29:50,7.6,0
4,200751,Randy Foye,10.0,3.0,12.0,2.0,2.0,0.0,1.0,0.0,4.0,1.0,2.0,8.0,-32.0,33:10,-2.2,0
5,202706,Jordan Hamilton,16.0,7.0,14.0,0.0,0.0,2.0,4.0,3.0,7.0,0.0,0.0,1.0,-3.0,33:15,18.5,0
6,202389,Timofey Mozgov,9.0,3.0,8.0,6.0,3.0,1.0,5.0,1.0,1.0,3.0,3.0,2.0,-14.0,31:10,6.2,0
7,203095,Evan Fournier,13.0,4.0,9.0,4.0,4.0,1.0,4.0,0.0,1.0,0.0,4.0,3.0,-10.0,32:38,6.3,0
8,201576,Anthony Randolph,9.0,4.0,8.0,2.0,1.0,0.0,2.0,1.0,1.0,0.0,2.0,0.0,-7.0,14:43,6.1,0
9,203113,Quincy Miller,1.0,0.0,2.0,2.0,1.0,1.0,0.0,0.0,0.0,1.0,0.0,1.0,-3.0,9:49,-0.4,0
10,201951,Ty Lawson,,,,,,,,,,,,,,,0.0,0
11,1889,Andre Miller,,,,,,,,,,,,,,,0.0,0
12,101126,Nate Robinson,,,,,,,,,,,,,,,0.0,0
13,201147,Corey Brewer,22.0,9.0,14.0,4.0,3.0,0.0,2.0,5.0,1.0,0.0,2.0,3.0,27.0,36:02,17.9,1
14,201567,Kevin Love,32.0,11.0,20.0,4.0,4.0,2.0,9.0,0.0,8.0,1.0,2.0,1.0,30.0,36:54,31.0,1
15,101142,Ronny Turiaf,3.0,1.0,6.0,3.0,1.0,1.0,10.0,0.0,3.0,4.0,1.0,1.0,15.0,28:54,5.6,1
16,201978,Chase Budinger,12.0,4.0,13.0,2.0,1.0,0.0,1.0,2.0,1.0,0.0,2.0,0.0,17.0,26:36,6.3,1
17,201937,Ricky Rubio,11.0,4.0,6.0,4.0,3.0,1.0,0.0,7.0,12.0,0.0,2.0,1.0,28.0,32:48,22.3,1
18,200826,J.J. Barea,18.0,8.0,8.0,0.0,0.0,0.0,1.0,0.0,3.0,0.0,4.0,1.0,15.0,18:26,15.4,1
19,201967,Dante Cunningham,6.0,3.0,7.0,0.0,0.0,2.0,3.0,0.0,1.0,0.0,2.0,0.0,18.0,16:03,4.5,1
20,203144,Alexey Shved,0.0,0.0,1.0,0.0,0.0,0.0,0.0,0.0,0.0,0.0,1.0,0.0,1.0,6:50,-1.1,1
21,201601,Luc Mbah a Moute,2.0,1.0,1.0,0.0,0.0,0.0,1.0,0.0,0.0,0.0,0.0,1.0,4.0,9:32,1.0,1
22,203476,Gorgui Dieng,2.0,0.0,0.0,4.0,2.0,0.0,4.0,0.0,1.0,0.0,1.0,1.0,-4.0,7:57,1.7,1
23,201985,AJ Price,4.0,2.0,4.0,0.0,0.0,0.0,1.0,0.0,1.0,0.0,0.0,1.0,-6.0,7:34,2.0,1
24,203498,Shabazz Muhammad,5.0,2.0,4.0,2.0,1.0,0.0,0.0,0.0,0.0,0.0,1.0,0.0,-5.0,6:13,2.2,1
25,203133,Robbie Hummel,0.0,0.0,2.0,0.0,0.0,0.0,2.0,0.0,0.0,0.0,2.0,0.0,-5.0,6:13,-1.6,1
