,id,name,PTS,FG,FGA,FTA,FT,OREB,DREB,STL,AST,BLK,PF,TO,PLUS_MINUS,MIN,GS,WIN
0,2399,Mike Dunleavy,12.0,4.0,12.0,4.0,2.0,1.0,6.0,0.0,3.0,2.0,4.0,0.0,3.0,42:01,8.8,0
1,2430,Carlos Boozer,14.0,7.0,12.0,0.0,0.0,0.0,11.0,0.0,0.0,0.0,2.0,0.0,10.0,24:00,10.9,0
2,201149,Joakim Noah,14.0,7.0,16.0,0.0,0.0,1.0,12.0,1.0,6.0,2.0,4.0,2.0,-8.0,42:23,12.9,0
3,202710,Jimmy Butler,12.0,3.0,8.0,8.0,6.0,1.0,3.0,5.0,4.0,0.0,0.0,0.0,7.0,47:55,16.2,0
4,2550,Kirk Hinrich,11.0,4.0,8.0,0.0,0.0,0.0,1.0,1.0,6.0,0.0,6.0,1.0,-3.0,30:30,9.1,0
5,201571,D.J. Augustin,17.0,6.0,16.0,3.0,2.0,0.0,1.0,0.0,2.0,0.0,3.0,2.0,-16.0,35:49,6.3,0
6,201959,Taj Gibson,4.0,2.0,10.0,0.0,0.0,3.0,2.0,0.0,0.0,0.0,3.0,6.0,-15.0,33:37,-6.7,0
7,1737,Nazr Mohammed,2.0,1.0,3.0,0.0,0.0,0.0,2.0,0.0,0.0,0.0,0.0,0.0,3.0,6:00,0.9,0
8,203503,Tony Snell,0.0,0.0,1.0,0.0,0.0,0.0,0.0,0.0,0.0,0.0,0.0,0.0,-6.0,2:45,-0.7,0
9,200811,Lou Amundson,,,,,,,,,,,,,,,0.0,0
10,200758,Ronnie Brewer,,,,,,,,,,,,,,,0.0,0
11,202690,Jimmer Fredette,,,,,,,,,,,,,,,0.0,0
12,2229,Mike James,,,,,,,,,,,,,,,0.0,0
13,203077,Michael Kidd-Gilchrist,8.0,3.0,4.0,2.0,2.0,2.0,1.0,0.0,0.0,1.0,1.0,0.0,1.0,23:11,8.4,1
14,201177,Josh McRoberts,7.0,3.0,8.0,0.0,0.0,1.0,4.0,1.0,7.0,1.0,3.0,1.0,2.0,34:34,8.9,1
15,2744,Al Jefferson,10.0,4.0,14.0,4.0,2.0,6.0,12.0,1.0,3.0,2.0,1.0,2.0,9.0,41:42,10.9,1
16,201945,Gerald Henderson,11.0,5.0,13.0,3.0,1.0,0.0,6.0,0.0,1.0,0.0,1.0,1.0,11.0,33:19,4.2,1
17,202689,Kemba Walker,22.0,6.0,16.0,11.0,10.0,0.0,7.0,1.0,8.0,1.0,0.0,0.0,7.0,39:55,22.2,1
18,203469,Cody Zeller,8.0,4.0,6.0,0.0,0.0,1.0,0.0,1.0,1.0,0.0,0.0,3.0,3.0,18:26,4.8,1
19,202390,Gary Neal,5.0,2.0,8.0,0.0,0.0,0.0,4.0,2.0,3.0,0.0,2.0,1.0,-6.0,19:41,3.7,1
20,2557,Luke Ridnour,3.0,1.0,3.0,0.0,0.0,0.0,1.0,0.0,0.0,0.0,2.0,0.0,-2.0,13:05,0.8,1
21,201604,Chris Douglas-Roberts,13.0,4.0,10.0,4.0,3.0,0.0,1.0,1.0,0.0,1.0,3.0,1.0,4.0,29:49,7.0,1
22,202687,Bismack Biyombo,4.0,2.0,3.0,2.0,0.0,2.0,5.0,1.0,0.0,1.0,1.0,0.0,-4.0,11:18,6.1,1
23,2457,Jannero Pargo,,,,,,,,,,,,,,,0.0,1
24,201229,Anthony Tolliver,,,,,,,,,,,,,,,0.0,1
25,201591,DJ White,,,,,,,,,,,,,,,0.0,1
