,id,name,PTS,FG,FGA,FTA,FT,OREB,DREB,STL,AST,BLK,PF,TO,PLUS_MINUS,MIN,GS,WIN
0,2419,Tayshaun Prince,15.0,6.0,11.0,2.0,2.0,0.0,4.0,0.0,4.0,0.0,0.0,1.0,13.0,32:24,12.7,1
1,2216,Zach Randolph,16.0,8.0,18.0,1.0,0.0,4.0,12.0,0.0,5.0,0.0,3.0,1.0,14.0,33:02,13.9,1
2,201585,Kosta Koufos,8.0,3.0,10.0,2.0,2.0,5.0,4.0,0.0,0.0,2.0,4.0,1.0,10.0,24:32,5.7,1
3,2034,Mike Miller,6.0,1.0,3.0,4.0,4.0,1.0,3.0,0.0,2.0,0.0,0.0,0.0,0.0,17:31,7.3,1
4,201144,Mike Conley,15.0,6.0,14.0,0.0,0.0,0.0,2.0,0.0,6.0,0.0,2.0,2.0,14.0,32:17,9.6,1
5,202334,Ed Davis,17.0,7.0,11.0,5.0,3.0,5.0,6.0,0.0,0.0,1.0,2.0,3.0,24.0,17:11,13.5,1
6,202720,Jon Leuer,23.0,8.0,13.0,6.0,5.0,4.0,4.0,1.0,1.0,0.0,2.0,1.0,8.0,21:15,20.6,1
7,201573,Jerryd Bayless,10.0,3.0,7.0,2.0,2.0,0.0,3.0,0.0,5.0,0.0,0.0,0.0,22.0,26:24,10.7,1
8,201949,James Johnson,0.0,0.0,2.0,0.0,0.0,0.0,2.0,0.0,3.0,1.0,0.0,0.0,15.0,15:36,2.0,1
9,201979,Nick Calathes,2.0,1.0,3.0,0.0,0.0,0.0,0.0,3.0,5.0,0.0,2.0,1.0,14.0,15:43,5.0,1
10,203552,Seth Curry,0.0,0.0,0.0,0.0,0.0,0.0,0.0,0.0,0.0,0.0,0.0,0.0,6.0,4:05,0.0,1
11,2754,Tony Allen,,,,,,,,,,,,,,,0.0,1
12,2746,Josh Smith,13.0,6.0,17.0,2.0,1.0,0.0,9.0,0.0,3.0,2.0,3.0,0.0,-18.0,35:16,8.1,0
13,202328,Greg Monroe,19.0,8.0,17.0,5.0,3.0,2.0,6.0,0.0,2.0,0.0,2.0,1.0,-8.0,34:43,12.3,0
14,203083,Andre Drummond,15.0,6.0,10.0,8.0,3.0,7.0,7.0,1.0,2.0,2.0,4.0,1.0,-1.0,35:42,16.6,0
15,203484,Kentavious Caldwell-Pope,14.0,6.0,8.0,0.0,0.0,0.0,1.0,1.0,0.0,0.0,1.0,1.0,-9.0,26:41,10.7,0
16,201943,Brandon Jennings,4.0,2.0,14.0,0.0,0.0,1.0,1.0,2.0,11.0,0.0,1.0,2.0,-14.0,35:02,3.3,0
17,1497,Chauncey Billups,2.0,1.0,2.0,0.0,0.0,0.0,0.0,0.0,0.0,0.0,3.0,2.0,-21.0,13:56,-2.2,0
18,202713,Kyle Singler,7.0,2.0,3.0,4.0,2.0,1.0,1.0,0.0,0.0,0.0,5.0,2.0,-19.0,13:45,1.9,0
19,101198,Will Bynum,7.0,3.0,11.0,0.0,0.0,1.0,1.0,0.0,4.0,0.0,0.0,2.0,-17.0,21:18,2.3,0
20,201973,Jonas Jerebko,3.0,1.0,2.0,1.0,1.0,0.0,4.0,0.0,0.0,0.0,0.0,0.0,-13.0,12:00,3.2,0
21,202725,Josh Harrellson,0.0,0.0,1.0,0.0,0.0,0.0,0.0,0.0,0.0,1.0,1.0,0.0,-17.0,6:20,-0.4,0
22,203540,Gigi Datome,0.0,0.0,1.0,0.0,0.0,0.0,1.0,0.0,1.0,0.0,0.0,0.0,-3.0,5:17,0.3,0
23,201155,Rodney Stuckey,,,,,,,,,,,,,,,0.0,0
24,101111,Charlie Villanueva,,,,,,,,,,,,,,,0.0,0
