,id,name,PTS,FG,FGA,FTA,FT,OREB,DREB,STL,AST,BLK,PF,TO,PLUS_MINUS,MIN,GS,WIN
0,201163,Wilson Chandler,19.0,6.0,14.0,6.0,4.0,1.0,3.0,0.0,2.0,1.0,3.0,1.0,-17.0,33:49,12.3,0
1,201581,JJ Hickson,10.0,5.0,9.0,0.0,0.0,2.0,4.0,1.0,2.0,1.0,3.0,0.0,-21.0,34:00,10.2,0
2,202389,Timofey Mozgov,4.0,1.0,3.0,2.0,2.0,1.0,1.0,0.0,1.0,1.0,1.0,1.0,-8.0,31:60,3.3,0
3,202706,Jordan Hamilton,12.0,4.0,8.0,2.0,2.0,0.0,2.0,0.0,0.0,1.0,2.0,1.0,-13.0,26:08,7.5,0
4,201951,Ty Lawson,20.0,8.0,14.0,4.0,4.0,0.0,3.0,3.0,8.0,0.0,2.0,6.0,-20.0,33:17,16.1,0
5,101126,Nate Robinson,11.0,4.0,8.0,0.0,0.0,1.0,1.0,0.0,0.0,0.0,3.0,4.0,-12.0,17:33,2.8,0
6,202702,Kenneth Faried,3.0,0.0,3.0,4.0,3.0,1.0,1.0,0.0,0.0,1.0,0.0,0.0,-5.0,12:50,2.2,0
7,201576,Anthony Randolph,2.0,0.0,2.0,2.0,2.0,0.0,0.0,1.0,0.0,0.0,1.0,0.0,-1.0,10:26,1.2,0
8,1889,Andre Miller,4.0,1.0,1.0,3.0,2.0,0.0,1.0,0.0,2.0,2.0,2.0,0.0,-9.0,11:05,5.6,0
9,200751,Randy Foye,11.0,3.0,5.0,5.0,4.0,0.0,1.0,0.0,2.0,0.0,1.0,1.0,-9.0,13:44,8.6,0
10,203113,Quincy Miller,3.0,1.0,2.0,0.0,0.0,0.0,2.0,0.0,0.0,0.0,0.0,0.0,6.0,10:49,2.6,0
11,203095,Evan Fournier,0.0,0.0,1.0,0.0,0.0,0.0,0.0,0.0,0.0,0.0,0.0,0.0,4.0,4:19,-0.7,0
12,201589,Darrell Arthur,,,,,,,,,,,,,,,0.0,0
13,2419,Tayshaun Prince,9.0,4.0,7.0,2.0,1.0,2.0,3.0,1.0,2.0,0.0,0.0,1.0,12.0,24:00,9.0,1
14,2216,Zach Randolph,20.0,8.0,15.0,4.0,4.0,1.0,5.0,1.0,5.0,0.0,2.0,0.0,14.0,30:34,18.6,1
15,201585,Kosta Koufos,9.0,4.0,10.0,1.0,1.0,7.0,5.0,2.0,0.0,1.0,3.0,2.0,6.0,25:54,9.5,1
16,2754,Tony Allen,6.0,3.0,10.0,1.0,0.0,2.0,3.0,1.0,2.0,0.0,2.0,0.0,9.0,26:56,3.7,1
17,201144,Mike Conley,14.0,5.0,14.0,4.0,3.0,3.0,3.0,2.0,4.0,0.0,2.0,2.0,18.0,30:48,10.8,1
18,202334,Ed Davis,17.0,6.0,8.0,8.0,5.0,1.0,0.0,1.0,1.0,1.0,4.0,0.0,15.0,22:50,14.1,1
19,201573,Jerryd Bayless,15.0,6.0,10.0,2.0,1.0,0.0,2.0,0.0,1.0,0.0,3.0,0.0,10.0,20:46,10.1,1
20,2034,Mike Miller,11.0,4.0,6.0,0.0,0.0,0.0,1.0,2.0,4.0,0.0,1.0,1.0,12.0,21:15,12.1,1
21,201949,James Johnson,14.0,5.0,7.0,3.0,3.0,3.0,4.0,1.0,6.0,1.0,2.0,0.0,15.0,22:30,19.5,1
22,202720,Jon Leuer,5.0,2.0,3.0,0.0,0.0,0.0,1.0,1.0,0.0,0.0,2.0,0.0,-2.0,9:03,4.2,1
23,203479,Jamaal Franklin,0.0,0.0,1.0,0.0,0.0,0.0,0.0,0.0,0.0,0.0,1.0,1.0,-2.0,2:42,-2.1,1
24,201979,Nick Calathes,0.0,0.0,0.0,0.0,0.0,0.0,0.0,0.0,1.0,0.0,0.0,0.0,-2.0,2:42,0.7,1
25,203552,Seth Curry,,,,,,,,,,,,,,,0.0,1
