,id,name,PTS,FG,FGA,FTA,FT,OREB,DREB,STL,AST,BLK,PF,TO,PLUS_MINUS,MIN,GS,WIN
0,200752,Rudy Gay,14.0,6.0,15.0,3.0,2.0,2.0,4.0,0.0,2.0,1.0,1.0,3.0,-13.0,25:36,6.8,0
1,2501,Reggie Evans,8.0,4.0,6.0,0.0,0.0,1.0,4.0,1.0,1.0,0.0,1.0,2.0,-19.0,18:35,6.6,0
2,201189,Aaron Gray,4.0,2.0,3.0,0.0,0.0,0.0,4.0,1.0,1.0,1.0,2.0,1.0,-12.0,19:21,4.5,0
3,203463,Ben McLemore,4.0,2.0,4.0,0.0,0.0,1.0,3.0,0.0,0.0,0.0,6.0,1.0,-21.0,19:00,0.2,0
4,202738,Isaiah Thomas,27.0,11.0,21.0,2.0,1.0,2.0,4.0,1.0,7.0,0.0,3.0,2.0,-3.0,33:29,21.6,0
5,203492,Ray McCallum,7.0,3.0,5.0,1.0,1.0,0.0,1.0,0.0,3.0,1.0,2.0,1.0,6.0,19:32,6.0,0
6,201574,Jason Thompson,6.0,2.0,6.0,3.0,2.0,2.0,3.0,1.0,2.0,1.0,3.0,3.0,11.0,30:34,3.4,0
7,202682,Derrick Williams,26.0,8.0,15.0,10.0,8.0,1.0,10.0,1.0,0.0,0.0,1.0,3.0,11.0,28:00,19.2,0
8,203112,Quincy Acy,0.0,0.0,3.0,0.0,0.0,1.0,4.0,0.0,1.0,0.0,3.0,0.0,16.0,21:30,-0.7,0
9,2566,Travis Outlaw,6.0,3.0,7.0,0.0,0.0,1.0,0.0,0.0,0.0,0.0,3.0,0.0,14.0,24:23,1.8,0
10,202326,DeMarcus Cousins,,,,,,,,,,,,,,,0.0,0
11,203111,Orlando Johnson,,,,,,,,,,,,,,,0.0,0
12,201147,Corey Brewer,10.0,5.0,9.0,0.0,0.0,2.0,2.0,0.0,2.0,0.0,2.0,0.0,9.0,33:23,8.3,1
13,201567,Kevin Love,26.0,9.0,15.0,7.0,5.0,1.0,9.0,1.0,5.0,0.0,1.0,4.0,9.0,38:37,21.8,1
14,203476,Gorgui Dieng,12.0,5.0,7.0,6.0,2.0,3.0,8.0,2.0,0.0,5.0,2.0,1.0,8.0,37:09,15.7,1
15,2755,Kevin Martin,31.0,8.0,20.0,14.0,14.0,0.0,3.0,1.0,3.0,0.0,2.0,2.0,6.0,40:03,21.4,1
16,201937,Ricky Rubio,12.0,3.0,8.0,7.0,5.0,0.0,5.0,3.0,9.0,0.0,4.0,1.0,14.0,33:47,15.0,1
17,201967,Dante Cunningham,2.0,1.0,7.0,0.0,0.0,1.0,1.0,0.0,0.0,0.0,3.0,0.0,-16.0,18:53,-2.7,1
18,200826,J.J. Barea,5.0,1.0,6.0,2.0,2.0,0.0,0.0,1.0,4.0,0.0,0.0,1.0,-7.0,18:02,4.0,1
19,201601,Luc Mbah a Moute,0.0,0.0,0.0,0.0,0.0,0.0,0.0,0.0,0.0,0.0,1.0,0.0,-7.0,6:02,-0.4,1
20,201978,Chase Budinger,0.0,0.0,2.0,0.0,0.0,0.0,0.0,0.0,0.0,0.0,0.0,0.0,-9.0,4:05,-1.4,1
21,203133,Robbie Hummel,6.0,2.0,4.0,2.0,2.0,0.0,0.0,1.0,0.0,0.0,2.0,0.0,3.0,9:59,4.2,1
22,203498,Shabazz Muhammad,,,,,,,,,,,,,,,0.0,1
23,201593,Nikola Pekovic,,,,,,,,,,,,,,,0.0,1
24,203144,Alexey Shved,,,,,,,,,,,,,,,0.0,1
