,id,name,PTS,FG,FGA,FTA,FT,OREB,DREB,STL,AST,BLK,PF,TO,PLUS_MINUS,MIN,GS,WIN
0,2419,Tayshaun Prince,9.0,4.0,5.0,0.0,0.0,0.0,2.0,2.0,0.0,1.0,1.0,0.0,-4.0,29:35,10.0,1
1,2216,Zach Randolph,18.0,8.0,16.0,2.0,2.0,3.0,4.0,4.0,2.0,0.0,3.0,1.0,4.0,36:11,16.5,1
2,201188,Marc Gasol,12.0,6.0,10.0,2.0,0.0,3.0,2.0,0.0,5.0,2.0,0.0,1.0,5.0,32:41,13.2,1
3,201584,Courtney Lee,4.0,2.0,4.0,0.0,0.0,0.0,2.0,1.0,0.0,0.0,2.0,1.0,2.0,24:55,1.8,1
4,201144,Mike Conley,27.0,8.0,13.0,9.0,9.0,1.0,2.0,2.0,10.0,0.0,2.0,4.0,10.0,34:25,26.6,1
5,201949,James Johnson,4.0,1.0,3.0,2.0,2.0,0.0,2.0,1.0,1.0,0.0,2.0,2.0,9.0,14:35,1.8,1
6,201979,Nick Calathes,4.0,2.0,4.0,0.0,0.0,0.0,2.0,0.0,4.0,0.0,1.0,2.0,3.0,13:40,3.0,1
7,2034,Mike Miller,11.0,5.0,11.0,1.0,0.0,1.0,2.0,1.0,2.0,0.0,2.0,1.0,10.0,26:50,6.8,1
8,202334,Ed Davis,6.0,3.0,6.0,0.0,0.0,0.0,2.0,0.0,0.0,1.0,2.0,0.0,6.0,17:22,3.5,1
9,201585,Kosta Koufos,4.0,2.0,3.0,0.0,0.0,1.0,2.0,0.0,0.0,0.0,0.0,0.0,5.0,9:46,4.0,1
10,2754,Tony Allen,,,,,,,,,,,,,,,0.0,1
11,203479,Jamaal Franklin,,,,,,,,,,,,,,,0.0,1
12,202720,Jon Leuer,,,,,,,,,,,,,,,0.0,1
13,200752,Rudy Gay,23.0,10.0,16.0,2.0,2.0,1.0,1.0,1.0,5.0,0.0,0.0,5.0,2.0,33:58,16.3,0
14,201574,Jason Thompson,6.0,3.0,8.0,0.0,0.0,1.0,6.0,0.0,1.0,0.0,3.0,2.0,-1.0,31:20,1.6,0
15,201189,Aaron Gray,4.0,2.0,5.0,0.0,0.0,3.0,3.0,2.0,3.0,1.0,1.0,0.0,1.0,22:39,8.7,0
16,201977,Marcus Thornton,2.0,1.0,2.0,0.0,0.0,0.0,0.0,0.0,1.0,0.0,0.0,0.0,4.0,16:41,1.7,0
17,202738,Isaiah Thomas,24.0,10.0,21.0,0.0,0.0,1.0,0.0,0.0,5.0,0.0,2.0,2.0,-5.0,38:51,14.7,0
18,202682,Derrick Williams,8.0,2.0,7.0,4.0,4.0,0.0,1.0,1.0,0.0,0.0,2.0,1.0,-13.0,19:13,3.4,0
19,203463,Ben McLemore,6.0,2.0,6.0,2.0,2.0,1.0,1.0,1.0,1.0,0.0,0.0,3.0,-13.0,26:08,2.3,0
20,202690,Jimmer Fredette,4.0,2.0,4.0,0.0,0.0,1.0,0.0,0.0,4.0,0.0,0.0,1.0,-5.0,9:09,4.5,0
21,203112,Quincy Acy,4.0,2.0,5.0,0.0,0.0,4.0,1.0,0.0,0.0,1.0,2.0,1.0,-9.0,18:51,3.3,0
22,201171,Carl Landry,8.0,4.0,5.0,0.0,0.0,1.0,8.0,0.0,0.0,0.0,2.0,0.0,-11.0,23:10,8.4,0
23,203492,Ray McCallum,,,,,,,,,,,,,,,0.0,0
24,2566,Travis Outlaw,,,,,,,,,,,,,,,0.0,0
