,id,name,PTS,FG,FGA,FTA,FT,OREB,DREB,STL,AST,BLK,PF,TO,PLUS_MINUS,MIN,GS,WIN
0,201163,Wilson Chandler,8.0,3.0,12.0,3.0,1.0,1.0,2.0,2.0,2.0,2.0,2.0,0.0,-3.0,32:17,5.3,0
1,202702,Kenneth Faried,5.0,2.0,4.0,2.0,1.0,1.0,5.0,0.0,1.0,1.0,2.0,2.0,0.0,25:38,3.4,0
2,201581,JJ Hickson,18.0,7.0,14.0,8.0,4.0,6.0,13.0,1.0,2.0,2.0,4.0,3.0,-4.0,33:02,16.7,0
3,200751,Randy Foye,11.0,4.0,8.0,3.0,1.0,0.0,2.0,1.0,4.0,1.0,4.0,1.0,11.0,28:54,8.7,0
4,201951,Ty Lawson,29.0,9.0,17.0,12.0,10.0,0.0,4.0,0.0,8.0,0.0,2.0,1.0,-4.0,36:39,24.9,0
5,202706,Jordan Hamilton,6.0,2.0,6.0,1.0,1.0,0.0,3.0,0.0,2.0,0.0,1.0,0.0,-9.0,16:19,4.5,0
6,202389,Timofey Mozgov,7.0,3.0,4.0,4.0,1.0,1.0,2.0,0.0,0.0,0.0,2.0,1.0,2.0,14:58,3.7,0
7,201589,Darrell Arthur,6.0,3.0,5.0,0.0,0.0,1.0,0.0,0.0,0.0,0.0,1.0,2.0,4.0,15:13,2.0,0
8,203095,Evan Fournier,12.0,4.0,7.0,4.0,2.0,0.0,3.0,0.0,2.0,0.0,3.0,0.0,-6.0,16:59,9.0,0
9,1889,Andre Miller,1.0,0.0,1.0,2.0,1.0,0.0,1.0,2.0,2.0,0.0,1.0,0.0,2.0,11:21,3.2,0
10,101126,Nate Robinson,10.0,3.0,5.0,4.0,3.0,0.0,0.0,1.0,1.0,0.0,0.0,1.0,-3.0,8:40,8.0,0
11,203113,Quincy Miller,,,,,,,,,,,,,,,0.0,0
12,201576,Anthony Randolph,,,,,,,,,,,,,,,0.0,0
13,201142,Kevin Durant,38.0,11.0,27.0,16.0,13.0,3.0,5.0,1.0,6.0,1.0,2.0,3.0,5.0,42:47,28.0,1
14,201586,Serge Ibaka,6.0,3.0,7.0,0.0,0.0,5.0,2.0,0.0,4.0,3.0,5.0,0.0,4.0,31:11,9.3,1
15,2570,Kendrick Perkins,2.0,1.0,4.0,0.0,0.0,3.0,2.0,0.0,2.0,0.0,3.0,2.0,-11.0,14:40,0.5,1
16,200757,Thabo Sefolosha,8.0,3.0,6.0,0.0,0.0,2.0,1.0,1.0,1.0,1.0,2.0,0.0,-10.0,22:17,8.3,1
17,201566,Russell Westbrook,30.0,10.0,25.0,10.0,7.0,2.0,10.0,0.0,7.0,0.0,2.0,5.0,5.0,38:06,18.8,1
18,203500,Steven Adams,0.0,0.0,0.0,0.0,0.0,0.0,0.0,0.0,1.0,1.0,1.0,0.0,-4.0,5:53,1.0,1
19,203087,Jeremy Lamb,8.0,3.0,5.0,0.0,0.0,0.0,1.0,2.0,0.0,0.0,3.0,0.0,0.0,19:40,6.8,1
20,202704,Reggie Jackson,14.0,4.0,11.0,4.0,4.0,2.0,5.0,1.0,2.0,0.0,1.0,2.0,6.0,23:43,10.8,1
21,2555,Nick Collison,4.0,2.0,5.0,0.0,0.0,2.0,4.0,0.0,1.0,0.0,3.0,0.0,0.0,19:18,3.4,1
22,965,Derek Fisher,5.0,1.0,3.0,2.0,2.0,0.0,2.0,1.0,0.0,0.0,4.0,0.0,13.0,18:52,3.3,1
23,203103,Perry Jones III,0.0,0.0,0.0,0.0,0.0,0.0,2.0,0.0,0.0,0.0,1.0,0.0,2.0,3:33,0.2,1
24,203460,Andre Roberson,,,,,,,,,,,,,,,0.0,1
25,201934,Hasheem Thabeet,,,,,,,,,,,,,,,0.0,1
