,id,name,PTS,FG,FGA,FTA,FT,OREB,DREB,STL,AST,BLK,PF,TO,PLUS_MINUS,MIN,GS,WIN
0,203082,Terrence Ross,9.0,4.0,12.0,2.0,1.0,2.0,4.0,1.0,4.0,1.0,1.0,3.0,-6.0,24:14,5.5,1
1,101161,Amir Johnson,14.0,6.0,11.0,3.0,2.0,2.0,6.0,0.0,3.0,2.0,3.0,3.0,13.0,29:36,10.8,1
2,202685,Jonas Valanciunas,15.0,6.0,11.0,4.0,3.0,2.0,9.0,1.0,1.0,4.0,4.0,1.0,14.0,30:44,15.3,1
3,201942,DeMar DeRozan,15.0,7.0,14.0,2.0,1.0,0.0,7.0,0.0,4.0,1.0,2.0,2.0,22.0,38:42,10.4,1
4,200768,Kyle Lowry,16.0,7.0,14.0,0.0,0.0,0.0,3.0,2.0,6.0,0.0,3.0,1.0,18.0,33:25,13.9,1
5,202335,Patrick Patterson,12.0,4.0,5.0,2.0,2.0,1.0,2.0,0.0,0.0,2.0,2.0,1.0,11.0,20:36,11.0,1
6,2422,John Salmons,7.0,3.0,8.0,0.0,0.0,0.0,0.0,1.0,2.0,1.0,1.0,0.0,19.0,27:49,5.3,1
7,201946,Tyler Hansbrough,4.0,1.0,2.0,2.0,2.0,0.0,3.0,0.0,0.0,0.0,1.0,0.0,7.0,14:04,3.5,1
8,202349,Greivis Vasquez,7.0,2.0,6.0,3.0,3.0,0.0,1.0,0.0,6.0,0.0,0.0,0.0,16.0,16:50,8.1,1
9,202779,Dwight Buycks,0.0,0.0,0.0,0.0,0.0,0.0,0.0,0.0,0.0,0.0,0.0,0.0,-1.0,1:00,0.0,1
10,201948,Austin Daye,0.0,0.0,0.0,0.0,0.0,0.0,0.0,0.0,0.0,0.0,0.0,0.0,-1.0,1:00,0.0,1
11,202361,Landry Fields,0.0,0.0,0.0,0.0,0.0,0.0,1.0,0.0,0.0,0.0,0.0,0.0,-1.0,1:00,0.3,1
12,200779,Steve Novak,0.0,0.0,0.0,0.0,0.0,0.0,0.0,0.0,0.0,0.0,0.0,0.0,-1.0,1:00,0.0,1
13,2736,Luol Deng,17.0,8.0,19.0,0.0,0.0,3.0,4.0,0.0,4.0,0.0,2.0,3.0,-24.0,35:15,9.2,0
14,2430,Carlos Boozer,8.0,4.0,18.0,0.0,0.0,2.0,5.0,1.0,1.0,1.0,3.0,2.0,-8.0,27:05,-0.9,0
15,201149,Joakim Noah,10.0,4.0,10.0,2.0,2.0,4.0,8.0,1.0,4.0,2.0,4.0,1.0,-12.0,35:25,12.4,0
16,202710,Jimmy Butler,11.0,4.0,6.0,3.0,1.0,1.0,3.0,1.0,0.0,1.0,0.0,1.0,-1.0,29:32,9.9,0
17,203104,Marquis Teague,7.0,3.0,6.0,0.0,0.0,0.0,1.0,2.0,3.0,3.0,3.0,2.0,-10.0,28:15,7.3,0
18,201959,Taj Gibson,4.0,2.0,7.0,0.0,0.0,0.0,7.0,0.0,0.0,1.0,2.0,4.0,-18.0,25:42,-2.1,0
19,2399,Mike Dunleavy,14.0,5.0,12.0,3.0,3.0,0.0,3.0,0.0,1.0,1.0,1.0,0.0,-11.0,23:24,9.5,0
20,1737,Nazr Mohammed,1.0,0.0,0.0,2.0,1.0,0.0,0.0,0.0,0.0,0.0,3.0,2.0,-7.0,6:48,-2.6,0
21,201571,D.J. Augustin,5.0,1.0,7.0,2.0,2.0,0.0,0.0,0.0,6.0,0.0,2.0,0.0,-12.0,19:45,3.9,0
22,203503,Tony Snell,0.0,0.0,0.0,0.0,0.0,0.0,0.0,0.0,0.0,0.0,0.0,0.0,-5.0,5:01,0.0,0
23,2229,Mike James,0.0,0.0,1.0,0.0,0.0,0.0,0.0,0.0,0.0,0.0,0.0,0.0,-3.0,2:48,-0.7,0
24,203513,Erik Murphy,0.0,0.0,0.0,0.0,0.0,0.0,0.0,0.0,0.0,0.0,0.0,0.0,1.0,1:00,0.0,0
25,2550,Kirk Hinrich,,,,,,,,,,,,,,,0.0,0
