,id,name,PTS,FG,FGA,FTA,FT,OREB,DREB,STL,AST,BLK,PF,TO,PLUS_MINUS,MIN,GS,WIN
0,203082,Terrence Ross,7.0,3.0,5.0,0.0,0.0,2.0,1.0,0.0,1.0,0.0,0.0,0.0,-2.0,22:07,7.1,1
1,101161,Amir Johnson,4.0,2.0,5.0,0.0,0.0,2.0,1.0,1.0,1.0,0.0,1.0,2.0,-2.0,34:31,2.3,1
2,202685,Jonas Valanciunas,20.0,6.0,8.0,8.0,8.0,3.0,6.0,1.0,0.0,1.0,2.0,1.0,1.0,36:38,20.6,1
3,201942,DeMar DeRozan,28.0,6.0,14.0,16.0,15.0,0.0,2.0,1.0,1.0,0.0,1.0,0.0,-1.0,37:57,22.1,1
4,200768,Kyle Lowry,16.0,6.0,18.0,2.0,2.0,0.0,3.0,2.0,4.0,0.0,3.0,6.0,0.0,35:31,4.3,1
5,201946,Tyler Hansbrough,0.0,0.0,1.0,0.0,0.0,0.0,0.0,0.0,0.0,0.0,2.0,0.0,9.0,5:09,-1.5,1
6,2422,John Salmons,2.0,1.0,1.0,0.0,0.0,0.0,1.0,1.0,1.0,0.0,1.0,2.0,-1.0,8:24,1.3,1
7,202349,Greivis Vasquez,5.0,2.0,6.0,1.0,1.0,0.0,0.0,0.0,1.0,0.0,1.0,2.0,-2.0,15:25,-0.1,1
8,202361,Landry Fields,4.0,2.0,3.0,0.0,0.0,0.0,2.0,2.0,1.0,1.0,0.0,1.0,12.0,17:07,5.7,1
9,201986,Nando De Colo,4.0,2.0,5.0,0.0,0.0,0.0,4.0,1.0,1.0,0.0,2.0,0.0,11.0,7:38,3.4,1
10,200779,Steve Novak,8.0,3.0,5.0,0.0,0.0,0.0,0.0,0.0,1.0,0.0,0.0,0.0,5.0,9:58,6.4,1
11,101236,Chuck Hayes,0.0,0.0,2.0,0.0,0.0,1.0,2.0,0.0,1.0,0.0,1.0,0.0,-5.0,9:35,0.2,1
12,202933,Julyan Stone,,,,,,,,,,,,,,,0.0,1
13,203090,Maurice Harkless,14.0,6.0,9.0,3.0,1.0,1.0,2.0,1.0,3.0,1.0,3.0,4.0,8.0,36:37,9.2,0
14,203124,Kyle O'Quinn,0.0,0.0,2.0,0.0,0.0,0.0,3.0,1.0,2.0,0.0,3.0,0.0,-4.0,15:03,0.7,0
15,202696,Nikola Vucevic,22.0,10.0,13.0,2.0,2.0,1.0,9.0,1.0,4.0,2.0,2.0,2.0,5.0,33:12,22.7,0
16,201167,Arron Afflalo,8.0,3.0,9.0,2.0,1.0,2.0,0.0,0.0,2.0,0.0,3.0,2.0,1.0,35:51,2.1,0
17,2749,Jameer Nelson,16.0,6.0,11.0,2.0,2.0,2.0,0.0,0.0,5.0,0.0,1.0,3.0,-2.0,27:28,12.2,0
18,203094,Andrew Nicholson,0.0,0.0,1.0,0.0,0.0,0.0,0.0,0.0,0.0,0.0,4.0,0.0,-8.0,6:55,-2.3,0
19,203506,Victor Oladipo,16.0,7.0,12.0,0.0,0.0,0.0,2.0,2.0,4.0,0.0,1.0,5.0,-8.0,26:28,10.4,0
20,203473,Dewayne Dedmon,2.0,1.0,1.0,0.0,0.0,0.0,2.0,0.0,0.0,1.0,4.0,0.0,9.0,14:57,1.4,0
21,202734,E'Twaun Moore,1.0,0.0,1.0,1.0,1.0,0.0,2.0,1.0,3.0,0.0,0.0,0.0,-8.0,12:54,4.0,0
22,203117,Doron Lamb,0.0,0.0,1.0,0.0,0.0,0.0,0.0,0.0,0.0,0.0,0.0,0.0,-6.0,4:42,-0.7,0
23,202699,Tobias Harris,14.0,5.0,9.0,4.0,3.0,0.0,7.0,0.0,1.0,0.0,2.0,2.0,-12.0,25:53,9.3,0
24,101131,Jason Maxiell,,,,,,,,,,,,,,,0.0,0
25,101179,Ronnie Price,,,,,,,,,,,,,,,0.0,0
