,id,name,PTS,FG,FGA,FTA,FT,OREB,DREB,STL,AST,BLK,PF,TO,PLUS_MINUS,MIN,GS,WIN
0,2440,Matt Barnes,3.0,1.0,9.0,0.0,0.0,0.0,4.0,1.0,2.0,1.0,3.0,0.0,18.0,26:48,0.2,1
1,201933,Blake Griffin,20.0,8.0,13.0,5.0,4.0,2.0,3.0,2.0,2.0,1.0,3.0,3.0,19.0,28:26,15.9,1
2,201599,DeAndre Jordan,8.0,4.0,5.0,1.0,0.0,4.0,14.0,1.0,2.0,1.0,2.0,3.0,25.0,33:21,12.0,1
3,200755,JJ Redick,14.0,4.0,8.0,3.0,3.0,0.0,2.0,0.0,2.0,0.0,0.0,1.0,28.0,24:07,11.0,1
4,201954,Darren Collison,15.0,5.0,6.0,4.0,3.0,1.0,2.0,1.0,7.0,0.0,2.0,4.0,21.0,24:31,14.8,1
5,2037,Jamal Crawford,25.0,9.0,16.0,2.0,2.0,0.0,0.0,1.0,3.0,0.0,3.0,1.0,13.0,23:35,18.3,1
6,2584,Willie Green,13.0,5.0,6.0,2.0,2.0,1.0,1.0,2.0,5.0,0.0,5.0,0.0,0.0,18:45,15.3,1
7,200797,Ryan Hollins,2.0,1.0,2.0,0.0,0.0,0.0,3.0,0.0,1.0,0.0,1.0,0.0,1.0,14:14,2.2,1
8,201162,Jared Dudley,4.0,2.0,5.0,0.0,0.0,0.0,1.0,0.0,2.0,0.0,0.0,0.0,16.0,13:47,3.0,1
9,2045,Hedo Turkoglu,6.0,2.0,4.0,2.0,0.0,2.0,5.0,1.0,3.0,0.0,2.0,2.0,7.0,19:06,6.4,1
10,203493,Reggie Bullock,2.0,1.0,3.0,0.0,0.0,1.0,0.0,0.0,0.0,0.0,1.0,1.0,-4.0,7:54,-0.4,1
11,201957,Byron Mullens,2.0,1.0,2.0,0.0,0.0,0.0,1.0,0.0,0.0,0.0,3.0,2.0,-4.0,5:28,-1.9,1
12,1712,Antawn Jamison,,,,,,,,,,,,,,,0.0,1
13,203114,Khris Middleton,14.0,7.0,15.0,0.0,0.0,0.0,4.0,2.0,3.0,0.0,1.0,2.0,-18.0,37:39,9.2,0
14,101141,Ersan Ilyasova,16.0,6.0,22.0,4.0,3.0,4.0,4.0,1.0,1.0,0.0,2.0,0.0,-17.0,30:52,7.5,0
15,203089,John Henson,11.0,5.0,10.0,2.0,1.0,4.0,4.0,0.0,2.0,1.0,4.0,1.0,-21.0,26:34,9.1,0
16,203507,Giannis Antetokounmpo,8.0,3.0,7.0,4.0,2.0,1.0,6.0,0.0,3.0,1.0,4.0,1.0,-27.0,37:06,6.2,0
17,202688,Brandon Knight,9.0,3.0,12.0,4.0,3.0,0.0,2.0,0.0,7.0,0.0,2.0,2.0,-29.0,28:13,4.1,0
18,2557,Luke Ridnour,2.0,1.0,3.0,0.0,0.0,1.0,0.0,0.0,3.0,0.0,1.0,2.0,-7.0,15:24,0.7,0
19,2406,Caron Butler,11.0,4.0,8.0,0.0,0.0,3.0,2.0,1.0,1.0,0.0,0.0,3.0,-7.0,23:10,8.4,0
20,203545,Miroslav Raduljica,11.0,4.0,6.0,4.0,3.0,4.0,2.0,0.0,1.0,1.0,1.0,0.0,-5.0,23:07,12.4,0
21,203489,Nate Wolters,4.0,1.0,6.0,4.0,2.0,0.0,0.0,2.0,3.0,0.0,0.0,0.0,-9.0,17:56,3.5,0
22,201564,O.J. Mayo,,,,,,,,,,,,,,,0.0,0
23,202390,Gary Neal,,,,,,,,,,,,,,,0.0,0
24,202336,Larry Sanders,,,,,,,,,,,,,,,0.0,0
25,202327,Ekpe Udoh,,,,,,,,,,,,,,,0.0,0
