,id,name,PTS,FG,FGA,FTA,FT,OREB,DREB,STL,AST,BLK,PF,TO,PLUS_MINUS,MIN,GS,WIN
0,2738,Andre Iguodala,14.0,5.0,8.0,6.0,3.0,1.0,3.0,2.0,11.0,0.0,1.0,3.0,-7.0,42:49,17.1,0
1,101135,David Lee,22.0,8.0,15.0,8.0,6.0,2.0,3.0,1.0,2.0,0.0,6.0,1.0,-11.0,28:51,15.2,0
2,101106,Andrew Bogut,17.0,6.0,7.0,7.0,5.0,2.0,4.0,0.0,0.0,1.0,5.0,1.0,-6.0,28:09,14.0,0
3,202691,Klay Thompson,10.0,3.0,7.0,3.0,3.0,0.0,1.0,2.0,1.0,0.0,4.0,2.0,-13.0,38:09,5.7,0
4,201939,Stephen Curry,38.0,14.0,23.0,1.0,1.0,0.0,3.0,0.0,9.0,0.0,3.0,11.0,-8.0,38:29,22.5,0
5,979,Jermaine O'Neal,4.0,1.0,6.0,2.0,2.0,2.0,1.0,0.0,0.0,1.0,3.0,1.0,-6.0,15:51,0.4,0
6,203110,Draymond Green,4.0,1.0,3.0,4.0,1.0,2.0,6.0,2.0,1.0,0.0,5.0,2.0,0.0,21:28,3.0,0
7,201962,Toney Douglas,0.0,0.0,2.0,0.0,0.0,0.0,1.0,0.0,1.0,0.0,4.0,1.0,-5.0,9:59,-3.0,0
8,201578,Marreese Speights,6.0,2.0,5.0,2.0,2.0,1.0,1.0,0.0,0.0,0.0,3.0,1.0,0.0,11:41,2.1,0
9,203145,Kent Bazemore,0.0,0.0,0.0,0.0,0.0,0.0,0.0,0.0,1.0,0.0,0.0,0.0,1.0,2:57,0.7,0
10,203517,Nemanja Nedovic,0.0,0.0,0.0,0.0,0.0,0.0,0.0,0.0,0.0,0.0,0.0,0.0,0.0,0:49,0.0,0
11,203136,Ognjen Kuzmic,0.0,0.0,0.0,0.0,0.0,0.0,0.0,0.0,0.0,0.0,1.0,1.0,0.0,0:49,-1.4,0
12,203084,Harrison Barnes,,,,,,,,,,,,,,,0.0,0
13,201162,Jared Dudley,10.0,4.0,6.0,0.0,0.0,1.0,0.0,2.0,2.0,0.0,5.0,2.0,3.0,32:57,7.5,1
14,201933,Blake Griffin,23.0,9.0,12.0,8.0,5.0,0.0,10.0,2.0,2.0,1.0,6.0,3.0,18.0,34:13,18.7,1
15,201599,DeAndre Jordan,9.0,3.0,9.0,12.0,3.0,10.0,7.0,2.0,1.0,1.0,2.0,0.0,11.0,41:06,12.0,1
16,200755,JJ Redick,17.0,5.0,11.0,4.0,4.0,1.0,4.0,0.0,2.0,0.0,4.0,0.0,15.0,28:07,13.0,1
17,101108,Chris Paul,42.0,12.0,20.0,17.0,16.0,1.0,1.0,6.0,15.0,0.0,4.0,6.0,17.0,37:26,42.3,1
18,2037,Jamal Crawford,17.0,7.0,14.0,2.0,1.0,0.0,1.0,1.0,1.0,0.0,1.0,4.0,-1.0,23:23,7.2,1
19,2440,Matt Barnes,4.0,0.0,4.0,4.0,4.0,1.0,2.0,0.0,2.0,0.0,3.0,1.0,8.0,17:58,1.7,1
20,200797,Ryan Hollins,4.0,2.0,2.0,0.0,0.0,0.0,1.0,1.0,0.0,1.0,1.0,0.0,2.0,4:22,5.0,1
21,201954,Darren Collison,0.0,0.0,3.0,1.0,0.0,1.0,1.0,0.0,1.0,0.0,1.0,1.0,-8.0,11:13,-2.2,1
22,201957,Byron Mullens,0.0,0.0,4.0,2.0,0.0,1.0,1.0,1.0,1.0,1.0,3.0,1.0,-10.0,8:58,-2.4,1
23,203493,Reggie Bullock,0.0,0.0,0.0,0.0,0.0,0.0,0.0,0.0,0.0,0.0,0.0,0.0,0.0,0:18,0.0,1
24,2584,Willie Green,,,,,,,,,,,,,,,0.0,1
25,1712,Antawn Jamison,,,,,,,,,,,,,,,0.0,1
