,id,name,PTS,FG,FGA,FTA,FT,OREB,DREB,STL,AST,BLK,PF,TO,PLUS_MINUS,MIN,GS,WIN
0,1890,Shawn Marion,6.0,2.0,8.0,2.0,2.0,0.0,5.0,1.0,2.0,0.0,2.0,2.0,-2.0,32:05,2.3,0
1,1717,Dirk Nowitzki,27.0,9.0,22.0,9.0,9.0,0.0,9.0,0.0,1.0,1.0,2.0,0.0,10.0,34:22,18.5,0
2,2223,Samuel Dalembert,3.0,0.0,0.0,4.0,3.0,1.0,2.0,1.0,2.0,0.0,2.0,0.0,2.0,21:42,5.5,0
3,101145,Monta Ellis,25.0,8.0,14.0,8.0,7.0,0.0,6.0,2.0,2.0,0.0,1.0,4.0,1.0,34:04,18.8,0
4,101181,Jose Calderon,11.0,5.0,10.0,0.0,0.0,0.0,2.0,1.0,5.0,0.0,3.0,0.0,1.0,34:04,9.9,0
5,1713,Vince Carter,16.0,6.0,13.0,0.0,0.0,1.0,2.0,0.0,0.0,1.0,1.0,0.0,-18.0,24:02,10.9,0
6,201971,DeJuan Blair,8.0,4.0,12.0,0.0,0.0,4.0,6.0,2.0,2.0,0.0,5.0,2.0,-4.0,26:18,5.2,0
7,203109,Jae Crowder,0.0,0.0,3.0,0.0,0.0,0.0,0.0,0.0,2.0,0.0,2.0,2.0,3.0,13:11,-3.5,0
8,203499,Shane Larkin,2.0,0.0,3.0,2.0,2.0,1.0,0.0,0.0,1.0,0.0,1.0,1.0,-3.0,13:56,-0.1,0
9,201961,Wayne Ellington,2.0,1.0,2.0,0.0,0.0,0.0,0.0,1.0,0.0,0.0,0.0,0.0,0.0,6:16,2.0,0
10,203108,Bernard James,,,,,,,,,,,,,,,0.0,0
11,203495,Ricky Ledo,,,,,,,,,,,,,,,0.0,0
12,203539,Gal Mekel,,,,,,,,,,,,,,,0.0,0
13,201163,Wilson Chandler,10.0,4.0,15.0,2.0,1.0,1.0,3.0,1.0,3.0,0.0,3.0,2.0,-8.0,30:01,2.2,1
14,202702,Kenneth Faried,18.0,7.0,7.0,6.0,4.0,5.0,9.0,1.0,1.0,2.0,1.0,3.0,2.0,30:52,21.0,1
15,201581,JJ Hickson,6.0,3.0,8.0,0.0,0.0,2.0,3.0,0.0,0.0,0.0,3.0,2.0,-12.0,29:22,0.7,1
16,200751,Randy Foye,17.0,5.0,13.0,2.0,2.0,0.0,5.0,1.0,2.0,0.0,3.0,2.0,2.0,29:15,10.6,1
17,201951,Ty Lawson,20.0,5.0,10.0,14.0,8.0,0.0,3.0,1.0,9.0,0.0,0.0,4.0,4.0,38:10,16.8,1
18,201589,Darrell Arthur,10.0,4.0,6.0,2.0,2.0,0.0,1.0,1.0,1.0,0.0,3.0,0.0,4.0,16:21,8.2,1
19,202706,Jordan Hamilton,3.0,1.0,5.0,0.0,0.0,0.0,1.0,0.0,1.0,0.0,0.0,0.0,10.0,11:37,0.9,1
20,202389,Timofey Mozgov,6.0,1.0,2.0,4.0,4.0,0.0,3.0,0.0,0.0,1.0,1.0,3.0,4.0,12:38,3.2,1
21,101126,Nate Robinson,10.0,4.0,7.0,0.0,0.0,0.0,3.0,2.0,1.0,0.0,1.0,1.0,-2.0,15:59,8.9,1
22,1889,Andre Miller,0.0,0.0,2.0,0.0,0.0,0.0,2.0,0.0,4.0,0.0,0.0,0.0,6.0,15:23,2.0,1
23,203095,Evan Fournier,2.0,1.0,4.0,0.0,0.0,0.0,3.0,0.0,2.0,0.0,3.0,1.0,0.0,10:22,-0.3,1
24,203113,Quincy Miller,,,,,,,,,,,,,,,0.0,1
25,201576,Anthony Randolph,,,,,,,,,,,,,,,0.0,1
