,id,name,PTS,FG,FGA,FTA,FT,OREB,DREB,STL,AST,BLK,PF,TO,PLUS_MINUS,MIN,GS,WIN
0,201167,Arron Afflalo,22.0,7.0,14.0,8.0,6.0,1.0,4.0,0.0,4.0,0.0,2.0,2.0,-20.0,39:16,16.1,0
1,202699,Tobias Harris,11.0,5.0,12.0,1.0,0.0,1.0,7.0,1.0,1.0,1.0,2.0,1.0,-18.0,36:49,7.6,0
2,201175,Glen Davis,16.0,7.0,18.0,2.0,2.0,3.0,3.0,0.0,2.0,0.0,3.0,0.0,-17.0,36:07,9.4,0
3,203506,Victor Oladipo,14.0,3.0,8.0,8.0,7.0,0.0,4.0,2.0,2.0,1.0,2.0,3.0,-19.0,38:37,10.7,0
4,2749,Jameer Nelson,17.0,6.0,18.0,2.0,2.0,1.0,4.0,1.0,10.0,0.0,1.0,1.0,-11.0,39:58,15.3,0
5,203117,Doron Lamb,2.0,1.0,4.0,0.0,0.0,0.0,1.0,1.0,1.0,0.0,0.0,1.0,4.0,9:26,0.6,0
6,203090,Maurice Harkless,6.0,2.0,4.0,2.0,2.0,1.0,2.0,0.0,0.0,0.0,0.0,0.0,-3.0,15:30,5.3,0
7,203094,Andrew Nicholson,5.0,2.0,4.0,2.0,1.0,1.0,4.0,0.0,1.0,0.0,1.0,0.0,2.0,11:11,4.8,0
8,101131,Jason Maxiell,0.0,0.0,0.0,0.0,0.0,2.0,2.0,0.0,0.0,0.0,1.0,1.0,0.0,10:40,0.6,0
9,202734,E'Twaun Moore,1.0,0.0,0.0,2.0,1.0,0.0,0.0,0.0,0.0,0.0,0.0,0.0,1.0,1:13,0.6,0
10,203124,Kyle O'Quinn,0.0,0.0,1.0,0.0,0.0,0.0,1.0,0.0,0.0,0.0,0.0,0.0,1.0,1:13,-0.4,0
11,101179,Ronnie Price,,,,,,,,,,,,,,,0.0,0
12,202696,Nikola Vucevic,,,,,,,,,,,,,,,0.0,0
13,201587,Nicolas Batum,14.0,6.0,14.0,0.0,0.0,1.0,9.0,1.0,14.0,1.0,3.0,2.0,19.0,33:59,18.3,1
14,200746,LaMarcus Aldridge,36.0,16.0,25.0,4.0,4.0,0.0,9.0,1.0,1.0,3.0,1.0,0.0,11.0,34:54,31.0,1
15,201577,Robin Lopez,7.0,2.0,3.0,4.0,3.0,4.0,3.0,0.0,0.0,2.0,1.0,0.0,1.0,25:01,10.0,1
16,202083,Wesley Matthews,17.0,6.0,17.0,2.0,2.0,2.0,3.0,0.0,4.0,0.0,4.0,1.0,12.0,30:07,10.0,1
17,203081,Damian Lillard,11.0,4.0,12.0,0.0,0.0,0.0,7.0,0.0,2.0,1.0,0.0,1.0,13.0,33:38,7.4,1
18,2590,Mo Williams,12.0,5.0,10.0,1.0,1.0,0.0,1.0,2.0,4.0,0.0,4.0,1.0,4.0,29:55,9.5,1
19,200777,Joel Freeland,3.0,1.0,3.0,2.0,1.0,3.0,0.0,1.0,1.0,1.0,0.0,1.0,6.0,18:00,4.4,1
20,203468,CJ McCollum,4.0,2.0,5.0,0.0,0.0,0.0,2.0,1.0,0.0,0.0,0.0,1.0,3.0,14:22,1.9,1
21,203086,Meyers Leonard,0.0,0.0,2.0,0.0,0.0,0.0,0.0,0.0,0.0,0.0,1.0,0.0,-8.0,6:51,-1.8,1
22,203080,Thomas Robinson,6.0,3.0,3.0,0.0,0.0,1.0,2.0,0.0,1.0,1.0,2.0,0.0,22.0,11:14,7.0,1
23,203115,Will Barton,0.0,0.0,1.0,0.0,0.0,0.0,0.0,0.0,0.0,0.0,0.0,0.0,-1.0,1:13,-0.7,1
24,2248,Earl Watson,0.0,0.0,0.0,0.0,0.0,0.0,0.0,0.0,0.0,0.0,0.0,0.0,-2.0,0:46,0.0,1
25,2748,Dorell Wright,,,,,,,,,,,,,,,0.0,1
