,id,name,PTS,FG,FGA,FTA,FT,OREB,DREB,STL,AST,BLK,PF,TO,PLUS_MINUS,MIN,GS,WIN
0,2210,Richard Jefferson,14.0,5.0,6.0,1.0,1.0,0.0,2.0,0.0,1.0,1.0,3.0,2.0,25.0,26:41,10.6,1
1,101107,Marvin Williams,11.0,4.0,9.0,0.0,0.0,1.0,2.0,4.0,2.0,0.0,2.0,0.0,16.0,26:27,12.2,1
2,202324,Derrick Favors,19.0,9.0,13.0,2.0,1.0,1.0,5.0,1.0,3.0,4.0,3.0,3.0,24.0,36:29,17.0,1
3,202330,Gordon Hayward,30.0,11.0,18.0,7.0,7.0,2.0,11.0,1.0,5.0,0.0,4.0,0.0,15.0,38:03,29.4,1
4,203504,Trey Burke,10.0,3.0,12.0,3.0,3.0,0.0,2.0,0.0,10.0,0.0,0.0,1.0,19.0,36:43,9.4,1
5,202692,Alec Burks,7.0,3.0,9.0,1.0,1.0,2.0,1.0,0.0,2.0,0.0,1.0,1.0,-14.0,22:27,3.6,1
6,202683,Enes Kanter,0.0,0.0,5.0,0.0,0.0,0.0,1.0,0.0,0.0,0.0,3.0,1.0,-14.0,11:31,-5.4,1
7,201575,Brandon Rush,0.0,0.0,1.0,0.0,0.0,1.0,1.0,0.0,1.0,1.0,3.0,1.0,-5.0,9:57,-0.5,1
8,202379,Jeremy Evans,10.0,3.0,9.0,4.0,4.0,4.0,7.0,0.0,0.0,0.0,2.0,0.0,-6.0,21:33,9.0,1
9,203197,Diante Garrett,2.0,0.0,2.0,2.0,2.0,0.0,1.0,0.0,0.0,0.0,0.0,1.0,-10.0,10:09,-0.1,1
10,2740,Andris Biedrins,,,,,,,,,,,,,,,0.0,1
11,203497,Rudy Gobert,,,,,,,,,,,,,,,0.0,1
12,101249,John Lucas III,,,,,,,,,,,,,,,0.0,1
13,201163,Wilson Chandler,17.0,7.0,16.0,2.0,1.0,3.0,4.0,2.0,3.0,2.0,4.0,1.0,-20.0,32:47,14.4,0
14,202702,Kenneth Faried,7.0,3.0,7.0,4.0,1.0,4.0,5.0,0.0,0.0,2.0,2.0,0.0,-13.0,17:51,7.0,0
15,201581,JJ Hickson,12.0,4.0,9.0,7.0,4.0,1.0,3.0,1.0,2.0,1.0,3.0,0.0,-20.0,21:07,9.6,0
16,200751,Randy Foye,0.0,0.0,3.0,0.0,0.0,0.0,1.0,0.0,1.0,1.0,2.0,1.0,-13.0,14:36,-2.2,0
17,201951,Ty Lawson,0.0,0.0,6.0,0.0,0.0,0.0,2.0,0.0,4.0,0.0,1.0,2.0,-30.0,26:44,-3.2,0
18,101126,Nate Robinson,7.0,3.0,11.0,0.0,0.0,2.0,2.0,1.0,3.0,0.0,3.0,1.0,8.0,26:47,3.4,0
19,201589,Darrell Arthur,9.0,4.0,9.0,2.0,1.0,2.0,2.0,0.0,1.0,2.0,3.0,0.0,17.0,22:33,6.8,0
20,1889,Andre Miller,11.0,3.0,5.0,6.0,5.0,0.0,3.0,2.0,7.0,1.0,2.0,3.0,15.0,27:53,13.0,0
21,202706,Jordan Hamilton,17.0,6.0,8.0,1.0,1.0,0.0,5.0,1.0,1.0,0.0,0.0,0.0,-2.0,24:46,17.0,0
22,202389,Timofey Mozgov,13.0,6.0,11.0,2.0,1.0,0.0,7.0,0.0,0.0,2.0,3.0,0.0,8.0,24:56,9.6,0
23,203095,Evan Fournier,,,,,,,,,,,,,,,0.0,0
24,203113,Quincy Miller,,,,,,,,,,,,,,,0.0,0
25,201576,Anthony Randolph,,,,,,,,,,,,,,,0.0,0
