,id,name,PTS,FG,FGA,FTA,FT,OREB,DREB,STL,AST,BLK,PF,TO,PLUS_MINUS,MIN,GS,WIN
0,2772,Trevor Ariza,16.0,6.0,12.0,2.0,2.0,2.0,8.0,1.0,1.0,0.0,6.0,1.0,1.0,49:59,12.1,1
1,202344,Trevor Booker,5.0,2.0,5.0,2.0,1.0,3.0,4.0,0.0,0.0,1.0,2.0,2.0,7.0,20:57,3.1,1
2,101162,Marcin Gortat,31.0,12.0,23.0,11.0,7.0,7.0,5.0,0.0,1.0,4.0,6.0,1.0,1.0,50:48,24.6,1
3,203078,Bradley Beal,11.0,4.0,16.0,2.0,2.0,1.0,9.0,1.0,4.0,0.0,3.0,1.0,9.0,51:07,6.4,1
4,202322,John Wall,31.0,12.0,20.0,8.0,6.0,0.0,3.0,3.0,9.0,1.0,3.0,7.0,4.0,49:12,23.7,1
5,101110,Martell Webster,7.0,3.0,9.0,0.0,0.0,1.0,0.0,1.0,2.0,0.0,2.0,0.0,7.0,37:00,4.2,1
6,202698,Chris Singleton,13.0,3.0,7.0,8.0,7.0,4.0,5.0,1.0,2.0,0.0,3.0,0.0,-9.0,25:01,14.4,1
7,1889,Andre Miller,11.0,5.0,7.0,2.0,1.0,0.0,3.0,2.0,2.0,0.0,3.0,1.0,3.0,14:34,9.8,1
8,1733,Al Harrington,8.0,4.0,9.0,0.0,0.0,0.0,1.0,1.0,1.0,0.0,4.0,1.0,3.0,15:39,2.7,1
9,202066,Garrett Temple,1.0,0.0,0.0,2.0,1.0,0.0,1.0,0.0,0.0,1.0,0.0,0.0,-1.0,0:45,1.6,1
10,2400,Drew Gooden,,,,,,,,,,,,,,,0.0,1
11,203490,Otto Porter Jr.,,,,,,,,,,,,,,,0.0,1
12,202338,Kevin Seraphin,,,,,,,,,,,,,,,0.0,1
13,203082,Terrence Ross,11.0,3.0,5.0,2.0,2.0,0.0,2.0,0.0,1.0,0.0,0.0,0.0,7.0,15:45,10.0,0
14,101161,Amir Johnson,16.0,5.0,10.0,8.0,5.0,2.0,7.0,1.0,0.0,2.0,6.0,1.0,9.0,42:45,12.3,0
15,202685,Jonas Valanciunas,7.0,3.0,9.0,1.0,1.0,1.0,9.0,0.0,1.0,0.0,3.0,2.0,-14.0,29:01,2.8,0
16,201942,DeMar DeRozan,34.0,11.0,23.0,14.0,12.0,1.0,3.0,2.0,6.0,0.0,3.0,4.0,-4.0,57:24,24.1,0
17,200768,Kyle Lowry,18.0,6.0,18.0,7.0,5.0,3.0,6.0,3.0,10.0,1.0,6.0,2.0,-2.0,54:20,17.2,0
18,202335,Patrick Patterson,5.0,2.0,5.0,0.0,0.0,2.0,2.0,2.0,0.0,2.0,6.0,1.0,9.0,23:29,4.3,0
19,2422,John Salmons,7.0,3.0,9.0,0.0,0.0,0.0,5.0,0.0,3.0,0.0,2.0,0.0,-20.0,33:52,4.7,0
20,200779,Steve Novak,3.0,1.0,2.0,0.0,0.0,1.0,0.0,0.0,0.0,0.0,1.0,0.0,-6.0,5:26,2.3,0
21,201946,Tyler Hansbrough,2.0,0.0,0.0,4.0,2.0,1.0,3.0,0.0,0.0,0.0,4.0,1.0,0.0,13:10,0.2,0
22,202349,Greivis Vasquez,26.0,11.0,19.0,0.0,0.0,0.0,2.0,2.0,8.0,0.0,4.0,6.0,0.0,38:30,17.7,0
23,202361,Landry Fields,0.0,0.0,0.0,0.0,0.0,0.0,0.0,0.0,0.0,0.0,0.0,0.0,-4.0,0:34,0.0,0
24,101236,Chuck Hayes,0.0,0.0,0.0,0.0,0.0,0.0,0.0,0.0,0.0,0.0,0.0,0.0,0.0,0:23,0.0,0
25,201986,Nando De Colo,0.0,0.0,0.0,0.0,0.0,0.0,0.0,0.0,0.0,0.0,0.0,0.0,0.0,0:21,0.0,0
