,id,name,PTS,FG,FGA,FTA,FT,OREB,DREB,STL,AST,BLK,PF,TO,PLUS_MINUS,MIN,GS,WIN
0,202718,Chandler Parsons,20.0,9.0,14.0,2.0,2.0,0.0,3.0,1.0,6.0,0.0,4.0,1.0,17.0,29:53,17.3,1
1,203093,Terrence Jones,14.0,7.0,11.0,0.0,0.0,0.0,0.0,2.0,1.0,0.0,3.0,2.0,6.0,29:00,8.6,1
2,2730,Dwight Howard,18.0,7.0,13.0,5.0,4.0,4.0,11.0,1.0,2.0,3.0,4.0,6.0,27.0,39:28,14.3,1
3,201935,James Harden,19.0,4.0,14.0,8.0,8.0,0.0,5.0,1.0,5.0,0.0,0.0,4.0,8.0,32:08,12.8,1
4,201976,Patrick Beverley,14.0,5.0,11.0,0.0,0.0,3.0,2.0,3.0,2.0,0.0,5.0,0.0,20.0,29:13,13.4,1
5,202700,Donatas Motiejunas,9.0,3.0,5.0,1.0,1.0,1.0,4.0,1.0,1.0,0.0,2.0,0.0,13.0,17:21,9.5,1
6,202391,Jeremy Lin,2.0,1.0,6.0,0.0,0.0,0.0,3.0,1.0,7.0,0.0,2.0,1.0,7.0,32:55,3.2,1
7,201600,Omer Asik,3.0,1.0,2.0,2.0,1.0,2.0,4.0,0.0,0.0,0.0,1.0,2.0,-10.0,10:11,1.8,1
8,201956,Omri Casspi,2.0,0.0,1.0,2.0,2.0,0.0,3.0,0.0,0.0,0.0,1.0,1.0,0.0,7:26,0.8,1
9,101128,Francisco Garcia,6.0,2.0,5.0,0.0,0.0,0.0,1.0,0.0,1.0,1.0,1.0,0.0,2.0,12:25,4.6,1
10,200758,Ronnie Brewer,,,,,,,,,,,,,,,0.0,1
11,201166,Aaron Brooks,,,,,,,,,,,,,,,0.0,1
12,203496,Robert Covington,,,,,,,,,,,,,,,0.0,1
13,201147,Corey Brewer,5.0,2.0,6.0,0.0,0.0,0.0,0.0,2.0,1.0,0.0,4.0,1.0,-11.0,18:24,1.7,0
14,201567,Kevin Love,31.0,9.0,23.0,12.0,12.0,3.0,7.0,1.0,1.0,0.0,1.0,4.0,-11.0,36:50,20.0,0
15,101142,Ronny Turiaf,2.0,1.0,2.0,0.0,0.0,3.0,7.0,1.0,1.0,1.0,2.0,1.0,-15.0,29:38,5.8,0
16,201978,Chase Budinger,15.0,5.0,14.0,4.0,4.0,4.0,3.0,0.0,0.0,0.0,2.0,1.0,-21.0,27:47,9.1,0
17,201937,Ricky Rubio,7.0,2.0,10.0,2.0,2.0,2.0,5.0,1.0,9.0,1.0,3.0,3.0,-15.0,29:58,7.5,0
18,201601,Luc Mbah a Moute,10.0,5.0,6.0,0.0,0.0,1.0,1.0,1.0,1.0,0.0,2.0,1.0,1.0,28:36,8.7,0
19,200826,J.J. Barea,4.0,1.0,9.0,2.0,2.0,0.0,1.0,0.0,6.0,0.0,1.0,2.0,-2.0,16:18,0.2,0
20,201967,Dante Cunningham,2.0,1.0,5.0,0.0,0.0,3.0,2.0,1.0,0.0,0.0,2.0,0.0,-3.0,18:22,1.8,0
21,203144,Alexey Shved,11.0,4.0,10.0,1.0,1.0,0.0,1.0,1.0,1.0,1.0,1.0,3.0,-4.0,19:29,4.9,0
22,203476,Gorgui Dieng,0.0,0.0,1.0,0.0,0.0,0.0,0.0,0.0,0.0,0.0,2.0,0.0,-7.0,11:10,-1.5,0
23,203498,Shabazz Muhammad,0.0,0.0,0.0,0.0,0.0,0.0,0.0,0.0,0.0,0.0,0.0,0.0,-1.0,1:44,0.0,0
24,201985,AJ Price,2.0,1.0,1.0,0.0,0.0,0.0,0.0,0.0,0.0,0.0,0.0,0.0,-1.0,1:44,1.7,0
25,203133,Robbie Hummel,,,,,,,,,,,,,,,0.0,0
