,id,name,PTS,FG,FGA,FTA,FT,OREB,DREB,STL,AST,BLK,PF,TO,PLUS_MINUS,MIN,GS,WIN
0,201147,Corey Brewer,18.0,7.0,9.0,7.0,3.0,0.0,1.0,2.0,1.0,0.0,2.0,3.0,14.0,32:46,12.1,1
1,201967,Dante Cunningham,12.0,5.0,8.0,2.0,2.0,0.0,5.0,3.0,2.0,3.0,4.0,1.0,18.0,33:43,13.8,1
2,201567,Kevin Love,33.0,10.0,22.0,14.0,10.0,3.0,10.0,0.0,9.0,2.0,1.0,3.0,16.0,38:58,29.4,1
3,201978,Chase Budinger,10.0,4.0,9.0,2.0,1.0,0.0,2.0,0.0,0.0,0.0,2.0,1.0,2.0,29:48,3.7,1
4,201937,Ricky Rubio,7.0,3.0,8.0,1.0,1.0,0.0,3.0,3.0,11.0,0.0,3.0,2.0,15.0,35:29,11.0,1
5,203498,Shabazz Muhammad,20.0,8.0,13.0,6.0,4.0,3.0,3.0,2.0,1.0,0.0,2.0,1.0,8.0,24:20,17.2,1
6,201601,Luc Mbah a Moute,2.0,1.0,4.0,0.0,0.0,1.0,3.0,0.0,0.0,0.0,1.0,0.0,-12.0,16:00,0.8,1
7,200826,J.J. Barea,6.0,3.0,9.0,0.0,0.0,1.0,0.0,0.0,0.0,0.0,4.0,3.0,-1.0,14:19,-3.0,1
8,203476,Gorgui Dieng,2.0,1.0,2.0,0.0,0.0,1.0,0.0,0.0,0.0,0.0,1.0,1.0,-5.0,4:47,0.3,1
9,203144,Alexey Shved,0.0,0.0,1.0,0.0,0.0,1.0,1.0,1.0,0.0,0.0,0.0,0.0,-5.0,4:47,1.3,1
10,203133,Robbie Hummel,0.0,0.0,2.0,0.0,0.0,0.0,0.0,0.0,0.0,0.0,1.0,0.0,-5.0,5:03,-1.8,1
11,201985,AJ Price,,,,,,,,,,,,,,,0.0,1
12,101142,Ronny Turiaf,,,,,,,,,,,,,,,0.0,1
13,200782,P.J. Tucker,6.0,2.0,11.0,4.0,2.0,7.0,8.0,1.0,0.0,2.0,3.0,2.0,-15.0,38:10,4.8,0
14,101112,Channing Frye,4.0,2.0,6.0,0.0,0.0,1.0,2.0,0.0,2.0,1.0,5.0,3.0,-23.0,25:27,-1.0,0
15,203101,Miles Plumlee,6.0,3.0,7.0,0.0,0.0,3.0,4.0,1.0,0.0,2.0,1.0,2.0,0.0,16:59,5.6,0
16,101123,Gerald Green,19.0,7.0,15.0,4.0,4.0,3.0,4.0,0.0,1.0,1.0,4.0,4.0,-3.0,32:21,10.4,0
17,201609,Goran Dragic,16.0,7.0,13.0,1.0,1.0,0.0,3.0,0.0,3.0,2.0,6.0,2.0,-17.0,24:40,9.7,0
18,203462,Archie Goodwin,10.0,5.0,9.0,0.0,0.0,2.0,3.0,1.0,0.0,0.0,1.0,1.0,-1.0,16:18,7.6,0
19,202693,Markieff Morris,24.0,9.0,20.0,8.0,6.0,1.0,2.0,1.0,2.0,0.0,5.0,1.0,-3.0,32:59,13.5,0
20,202694,Marcus Morris Sr.,9.0,4.0,8.0,0.0,0.0,0.0,4.0,2.0,4.0,1.0,5.0,2.0,13.0,24:20,7.7,0
21,202397,Ish Smith,7.0,3.0,6.0,1.0,1.0,1.0,2.0,4.0,7.0,0.0,0.0,2.0,4.0,28:46,12.2,0
22,2571,Leandro Barbosa,,,,,,,,,,,,,,,0.0,0
23,202091,Dionte Christmas,,,,,,,,,,,,,,,0.0,0
24,203139,Viacheslav Kravtsov,,,,,,,,,,,,,,,0.0,0
25,203458,Alex Len,,,,,,,,,,,,,,,0.0,0
