,id,name,PTS,FG,FGA,FTA,FT,OREB,DREB,STL,AST,BLK,PF,TO,PLUS_MINUS,MIN,GS,WIN
0,203121,Darius Miller,6.0,2.0,8.0,0.0,0.0,0.0,1.0,1.0,1.0,0.0,4.0,1.0,-1.0,20:01,0.6,0
1,203076,Anthony Davis,8.0,3.0,6.0,4.0,2.0,0.0,6.0,0.0,1.0,2.0,1.0,0.0,-1.0,23:29,7.7,0
2,201880,Greg Stiemsma,10.0,4.0,7.0,2.0,2.0,2.0,4.0,3.0,0.0,2.0,5.0,2.0,2.0,25:09,9.7,0
3,201936,Tyreke Evans,8.0,3.0,11.0,3.0,2.0,1.0,2.0,1.0,5.0,0.0,4.0,7.0,-8.0,29:44,-1.7,0
4,203148,Brian Roberts,18.0,5.0,11.0,5.0,5.0,1.0,1.0,0.0,6.0,0.0,1.0,1.0,-8.0,30:31,16.1,0
5,201627,Anthony Morrow,26.0,9.0,11.0,6.0,5.0,1.0,3.0,1.0,0.0,0.0,3.0,0.0,-2.0,30:17,22.9,0
6,202329,Al-Farouq Aminu,6.0,3.0,6.0,0.0,0.0,1.0,4.0,0.0,0.0,1.0,1.0,0.0,-11.0,25:39,5.2,0
7,201582,Alexis Ajinca,6.0,2.0,2.0,2.0,2.0,2.0,0.0,0.0,0.0,0.0,4.0,0.0,-7.0,10:48,5.2,0
8,202337,Luke Babbitt,0.0,0.0,4.0,0.0,0.0,0.0,2.0,0.0,1.0,1.0,2.0,0.0,-2.0,11:28,-1.6,0
9,203085,Austin Rivers,1.0,0.0,4.0,4.0,1.0,0.0,3.0,0.0,5.0,0.0,0.0,3.0,9.0,15:05,-1.6,0
10,203481,Jeff Withey,7.0,3.0,3.0,3.0,1.0,1.0,1.0,0.0,0.0,3.0,2.0,0.0,9.0,17:49,7.6,0
11,201569,Eric Gordon,,,,,,,,,,,,,,,0.0,0
12,201160,Jason Smith,,,,,,,,,,,,,,,0.0,0
13,2210,Richard Jefferson,7.0,3.0,5.0,0.0,0.0,0.0,2.0,0.0,0.0,1.0,4.0,1.0,7.0,19:12,3.4,1
14,202324,Derrick Favors,20.0,8.0,12.0,4.0,4.0,2.0,7.0,0.0,1.0,4.0,3.0,5.0,12.0,31:16,15.6,1
15,202683,Enes Kanter,11.0,5.0,9.0,3.0,1.0,1.0,6.0,0.0,2.0,0.0,2.0,4.0,-9.0,24:48,5.0,1
16,202330,Gordon Hayward,21.0,4.0,11.0,13.0,11.0,0.0,4.0,3.0,6.0,0.0,0.0,1.0,9.0,37:16,21.5,1
17,203504,Trey Burke,6.0,3.0,7.0,0.0,0.0,0.0,1.0,2.0,8.0,0.0,3.0,2.0,10.0,32:51,7.0,1
18,202692,Alec Burks,21.0,4.0,9.0,13.0,13.0,1.0,2.0,1.0,1.0,0.0,3.0,1.0,0.0,27:23,17.1,1
19,101107,Marvin Williams,9.0,4.0,5.0,0.0,0.0,1.0,4.0,2.0,1.0,0.0,1.0,0.0,13.0,23:12,11.3,1
20,203197,Diante Garrett,0.0,0.0,0.0,0.0,0.0,0.0,0.0,0.0,0.0,1.0,3.0,1.0,-3.0,14:06,-1.5,1
21,202379,Jeremy Evans,3.0,1.0,1.0,2.0,1.0,1.0,1.0,0.0,1.0,0.0,4.0,2.0,-8.0,16:44,0.4,1
22,203546,Ian Clark,2.0,1.0,5.0,0.0,0.0,0.0,1.0,0.0,2.0,0.0,1.0,0.0,-11.0,13:12,0.2,1
23,203497,Rudy Gobert,,,,,,,,,,,,,,,0.0,1
24,101249,John Lucas III,,,,,,,,,,,,,,,0.0,1
25,202952,Malcolm Thomas,,,,,,,,,,,,,,,0.0,1
