,id,name,PTS,FG,FGA,FTA,FT,OREB,DREB,STL,AST,BLK,PF,TO,PLUS_MINUS,MIN,GS,WIN
0,202697,Iman Shumpert,6.0,3.0,9.0,0.0,0.0,0.0,2.0,0.0,0.0,0.0,2.0,0.0,2.0,20:01,0.7,0
1,2546,Carmelo Anthony,22.0,8.0,22.0,8.0,5.0,4.0,7.0,2.0,2.0,0.0,2.0,1.0,5.0,42:10,15.1,0
2,2199,Tyson Chandler,9.0,4.0,5.0,1.0,1.0,2.0,4.0,1.0,1.0,2.0,6.0,2.0,-2.0,26:04,8.4,0
3,203143,Pablo Prigioni,7.0,3.0,5.0,0.0,0.0,3.0,2.0,1.0,10.0,0.0,4.0,2.0,2.0,30:03,11.8,0
4,101109,Raymond Felton,6.0,2.0,7.0,2.0,2.0,0.0,3.0,2.0,1.0,1.0,1.0,1.0,1.0,29:26,4.8,0
5,2747,JR Smith,4.0,2.0,8.0,0.0,0.0,1.0,4.0,0.0,1.0,0.0,0.0,1.0,-8.0,34:49,0.8,0
6,2405,Amar'e Stoudemire,12.0,4.0,11.0,4.0,4.0,3.0,3.0,1.0,0.0,1.0,3.0,2.0,-5.0,23:24,7.4,0
7,202719,Jeremy Tyler,4.0,2.0,3.0,0.0,0.0,0.0,0.0,0.0,0.0,1.0,2.0,2.0,-7.0,9:36,0.6,0
8,203501,Tim Hardaway Jr.,23.0,7.0,15.0,5.0,5.0,1.0,0.0,1.0,0.0,0.0,3.0,1.0,-13.0,24:27,14.8,0
9,202332,Cole Aldrich,,,,,,,,,,,,,,,0.0,0
10,203315,Toure' Murry,,,,,,,,,,,,,,,0.0,0
11,2757,Beno Udrih,,,,,,,,,,,,,,,0.0,0
12,1897,Metta World Peace,,,,,,,,,,,,,,,0.0,0
13,2419,Tayshaun Prince,10.0,5.0,8.0,2.0,0.0,1.0,3.0,0.0,0.0,1.0,1.0,1.0,5.0,39:09,6.5,1
14,2216,Zach Randolph,13.0,6.0,11.0,2.0,1.0,2.0,6.0,0.0,3.0,0.0,4.0,3.0,-2.0,34:16,8.0,1
15,201188,Marc Gasol,8.0,4.0,7.0,0.0,0.0,3.0,4.0,0.0,4.0,2.0,4.0,1.0,-3.0,25:48,9.6,1
16,201584,Courtney Lee,6.0,2.0,8.0,2.0,2.0,0.0,2.0,2.0,4.0,1.0,1.0,0.0,0.0,37:17,6.9,1
17,201144,Mike Conley,22.0,6.0,15.0,12.0,10.0,1.0,4.0,1.0,3.0,1.0,1.0,4.0,3.0,31:28,14.4,1
18,201979,Nick Calathes,11.0,4.0,7.0,2.0,2.0,0.0,3.0,1.0,5.0,0.0,2.0,1.0,7.0,18:55,11.3,1
19,202334,Ed Davis,2.0,1.0,2.0,0.0,0.0,1.0,2.0,0.0,0.0,0.0,3.0,1.0,3.0,7:12,0.1,1
20,201585,Kosta Koufos,4.0,2.0,4.0,0.0,0.0,1.0,1.0,0.0,0.0,2.0,1.0,0.0,4.0,13:34,4.0,1
21,2034,Mike Miller,19.0,7.0,11.0,0.0,0.0,0.0,1.0,1.0,1.0,0.0,0.0,0.0,7.0,20:21,16.1,1
22,201949,James Johnson,3.0,0.0,2.0,4.0,3.0,1.0,2.0,0.0,0.0,0.0,5.0,2.0,1.0,12:00,-1.5,1
23,2754,Tony Allen,,,,,,,,,,,,,,,0.0,1
24,203479,Jamaal Franklin,,,,,,,,,,,,,,,0.0,1
25,202720,Jon Leuer,,,,,,,,,,,,,,,0.0,1
