,id,name,PTS,FG,FGA,FTA,FT,OREB,DREB,STL,AST,BLK,PF,TO,PLUS_MINUS,MIN,GS,WIN
0,201936,Tyreke Evans,24.0,8.0,17.0,10.0,8.0,2.0,5.0,1.0,11.0,1.0,2.0,4.0,7.0,43:24,22.0,1
1,203076,Anthony Davis,28.0,10.0,16.0,11.0,8.0,3.0,12.0,0.0,3.0,1.0,1.0,1.0,7.0,42:27,26.7,1
2,201582,Alexis Ajinca,4.0,1.0,3.0,2.0,2.0,1.0,6.0,0.0,2.0,0.0,5.0,0.0,9.0,15:49,4.2,1
3,201569,Eric Gordon,28.0,9.0,13.0,6.0,6.0,0.0,2.0,2.0,6.0,0.0,0.0,2.0,9.0,37:45,27.3,1
4,203148,Brian Roberts,19.0,6.0,10.0,7.0,6.0,0.0,0.0,0.0,2.0,0.0,4.0,3.0,7.0,28:57,10.8,1
5,201880,Greg Stiemsma,0.0,0.0,0.0,0.0,0.0,2.0,1.0,0.0,1.0,0.0,3.0,1.0,-6.0,8:21,0.2,1
6,203481,Jeff Withey,4.0,2.0,2.0,0.0,0.0,0.0,1.0,0.0,1.0,0.0,3.0,0.0,2.0,12:45,3.2,1
7,203085,Austin Rivers,12.0,5.0,8.0,2.0,1.0,0.0,1.0,4.0,2.0,0.0,2.0,4.0,0.0,19:03,8.9,1
8,201627,Anthony Morrow,9.0,3.0,5.0,2.0,2.0,0.0,1.0,0.0,0.0,0.0,1.0,0.0,-1.0,16:21,6.6,1
9,202329,Al-Farouq Aminu,4.0,2.0,3.0,0.0,0.0,1.0,1.0,2.0,1.0,0.0,2.0,0.0,1.0,15:07,5.6,1
10,202337,Luke Babbitt,,,,,,,,,,,,,,,0.0,1
11,203121,Darius Miller,,,,,,,,,,,,,,,0.0,1
12,201160,Jason Smith,,,,,,,,,,,,,,,0.0,1
13,203145,Kent Bazemore,23.0,8.0,17.0,4.0,3.0,0.0,4.0,1.0,3.0,1.0,2.0,1.0,-7.0,34:38,17.1,0
14,202325,Wesley Johnson,7.0,2.0,5.0,2.0,2.0,1.0,2.0,1.0,1.0,0.0,5.0,2.0,-11.0,29:10,3.3,0
15,2200,Pau Gasol,29.0,10.0,15.0,14.0,9.0,5.0,7.0,0.0,4.0,1.0,0.0,2.0,-8.0,32:13,27.6,0
16,201975,Jodie Meeks,17.0,7.0,12.0,1.0,1.0,0.0,0.0,3.0,0.0,0.0,3.0,1.0,-11.0,31:26,12.2,0
17,203088,Kendall Marshall,0.0,0.0,4.0,0.0,0.0,0.0,1.0,1.0,10.0,0.0,1.0,2.0,-7.0,21:55,3.1,0
18,202705,MarShon Brooks,4.0,2.0,4.0,0.0,0.0,1.0,0.0,0.0,1.0,0.0,2.0,2.0,-1.0,15:35,0.6,0
19,200770,Jordan Farmar,20.0,7.0,12.0,4.0,4.0,0.0,1.0,1.0,8.0,0.0,5.0,1.0,0.0,26:05,18.3,0
20,203527,Ryan Kelly,4.0,2.0,2.0,0.0,0.0,0.0,2.0,1.0,0.0,2.0,2.0,0.0,4.0,18:50,5.6,0
21,203135,Robert Sacre,9.0,4.0,7.0,2.0,1.0,4.0,1.0,1.0,0.0,1.0,4.0,2.0,3.0,15:46,6.5,0
22,202333,Xavier Henry,12.0,4.0,7.0,4.0,3.0,0.0,1.0,0.0,2.0,0.0,2.0,1.0,3.0,14:22,8.2,0
23,201941,Jordan Hill,,,,,,,,,,,,,,,0.0,0
24,2549,Chris Kaman,,,,,,,,,,,,,,,0.0,0
25,201156,Nick Young,,,,,,,,,,,,,,,0.0,0
