,id,name,PTS,FG,FGA,FTA,FT,OREB,DREB,STL,AST,BLK,PF,TO,PLUS_MINUS,MIN,GS,WIN
0,200752,Rudy Gay,29.0,11.0,37.0,4.0,4.0,1.0,9.0,4.0,2.0,1.0,6.0,2.0,0.0,49:23,12.6,0
1,101161,Amir Johnson,10.0,4.0,10.0,6.0,2.0,5.0,6.0,0.0,0.0,1.0,5.0,2.0,-9.0,34:28,5.0,0
2,202685,Jonas Valanciunas,10.0,4.0,9.0,3.0,2.0,7.0,6.0,0.0,3.0,1.0,6.0,4.0,12.0,29:34,8.0,0
3,201942,DeMar DeRozan,22.0,6.0,25.0,11.0,10.0,1.0,2.0,4.0,1.0,1.0,1.0,0.0,-9.0,52:53,12.8,0
4,200768,Kyle Lowry,16.0,6.0,16.0,0.0,0.0,1.0,1.0,1.0,2.0,0.0,6.0,2.0,1.0,47:44,6.2,0
5,201946,Tyler Hansbrough,2.0,1.0,3.0,0.0,0.0,2.0,1.0,0.0,1.0,0.0,2.0,0.0,-7.0,9:18,1.9,0
6,202361,Landry Fields,1.0,0.0,1.0,2.0,1.0,0.0,3.0,0.0,0.0,0.0,2.0,2.0,-13.0,15:09,-2.0,0
7,203082,Terrence Ross,9.0,4.0,6.0,0.0,0.0,1.0,2.0,1.0,0.0,0.0,6.0,0.0,5.0,27:31,6.3,0
8,202779,Dwight Buycks,5.0,2.0,6.0,1.0,1.0,2.0,1.0,0.0,0.0,0.0,1.0,1.0,-7.0,15:12,1.9,0
9,203112,Quincy Acy,0.0,0.0,1.0,0.0,0.0,0.0,0.0,2.0,1.0,1.0,3.0,0.0,-3.0,8:47,1.5,0
10,201189,Aaron Gray,0.0,0.0,0.0,0.0,0.0,0.0,0.0,0.0,0.0,0.0,0.0,0.0,0.0,0:01,0.0,0
11,201571,D.J. Augustin,,,,,,,,,,,,,,,0.0,0
12,202933,Julyan Stone,,,,,,,,,,,,,,,0.0,0
13,202718,Chandler Parsons,18.0,7.0,16.0,3.0,3.0,0.0,5.0,1.0,5.0,1.0,6.0,2.0,-1.0,49:57,11.9,1
14,2730,Dwight Howard,18.0,7.0,12.0,12.0,4.0,6.0,18.0,1.0,2.0,5.0,5.0,3.0,2.0,44:48,19.7,1
15,201600,Omer Asik,4.0,2.0,4.0,2.0,0.0,1.0,1.0,0.0,0.0,1.0,2.0,0.0,1.0,18:50,2.1,1
16,201935,James Harden,26.0,7.0,19.0,11.0,9.0,0.0,3.0,3.0,10.0,1.0,4.0,6.0,3.0,47:43,18.7,1
17,201976,Patrick Beverley,1.0,0.0,5.0,2.0,1.0,1.0,3.0,0.0,0.0,0.0,4.0,3.0,5.0,24:22,-5.9,1
18,201956,Omri Casspi,5.0,1.0,4.0,6.0,3.0,2.0,4.0,1.0,3.0,1.0,1.0,2.0,16.0,26:14,5.4,1
19,202391,Jeremy Lin,31.0,10.0,17.0,9.0,8.0,0.0,5.0,2.0,1.0,1.0,3.0,5.0,7.0,45:52,21.4,1
20,203093,Terrence Jones,7.0,3.0,7.0,2.0,1.0,3.0,7.0,0.0,0.0,4.0,5.0,2.0,-4.0,32:08,5.9,1
21,201166,Aaron Brooks,0.0,0.0,0.0,0.0,0.0,0.0,0.0,0.0,0.0,0.0,0.0,0.0,1.0,0:06,0.0,1
22,200758,Ronnie Brewer,,,,,,,,,,,,,,,0.0,1
23,101128,Francisco Garcia,,,,,,,,,,,,,,,0.0,1
24,202700,Donatas Motiejunas,,,,,,,,,,,,,,,0.0,1
25,202962,Greg Smith,,,,,,,,,,,,,,,0.0,1
