,id,name,PTS,FG,FGA,FTA,FT,OREB,DREB,STL,AST,BLK,PF,TO,PLUS_MINUS,MIN,GS,WIN
0,2034,Mike Miller,8.0,3.0,5.0,0.0,0.0,1.0,3.0,0.0,2.0,0.0,1.0,1.0,-1.0,29:51,7.3,0
1,2216,Zach Randolph,14.0,5.0,18.0,6.0,4.0,6.0,3.0,0.0,3.0,0.0,3.0,2.0,-6.0,31:30,6.6,0
2,201585,Kosta Koufos,6.0,3.0,9.0,1.0,0.0,4.0,3.0,1.0,1.0,1.0,4.0,1.0,3.0,17:55,4.0,0
3,2754,Tony Allen,16.0,7.0,17.0,3.0,2.0,10.0,1.0,3.0,3.0,0.0,4.0,4.0,-8.0,32:42,13.3,0
4,201573,Jerryd Bayless,7.0,3.0,13.0,1.0,1.0,0.0,5.0,3.0,6.0,0.0,2.0,1.0,-4.0,33:51,6.0,0
5,202720,Jon Leuer,14.0,6.0,10.0,0.0,0.0,0.0,1.0,1.0,1.0,0.0,5.0,1.0,-17.0,23:09,8.4,0
6,202334,Ed Davis,12.0,6.0,11.0,1.0,0.0,1.0,1.0,0.0,0.0,0.0,2.0,2.0,-8.0,23:04,4.5,0
7,201979,Nick Calathes,0.0,0.0,4.0,0.0,0.0,0.0,1.0,1.0,4.0,1.0,2.0,2.0,-10.0,17:44,-0.8,0
8,203479,Jamaal Franklin,3.0,1.0,1.0,0.0,0.0,0.0,1.0,1.0,1.0,0.0,1.0,0.0,-5.0,9:54,4.3,0
9,201949,James Johnson,11.0,3.0,5.0,2.0,2.0,0.0,2.0,1.0,2.0,0.0,1.0,1.0,-14.0,20:20,10.3,0
10,201144,Mike Conley,,,,,,,,,,,,,,,0.0,0
11,2419,Tayshaun Prince,,,,,,,,,,,,,,,0.0,0
12,1890,Shawn Marion,10.0,5.0,10.0,0.0,0.0,1.0,6.0,1.0,1.0,1.0,3.0,1.0,0.0,30:36,7.7,1
13,1717,Dirk Nowitzki,20.0,9.0,15.0,2.0,2.0,1.0,5.0,2.0,5.0,1.0,3.0,2.0,23.0,27:04,18.3,1
14,201971,DeJuan Blair,6.0,3.0,6.0,1.0,0.0,2.0,3.0,1.0,2.0,0.0,1.0,1.0,7.0,19:31,5.9,1
15,101145,Monta Ellis,18.0,6.0,12.0,5.0,5.0,1.0,3.0,3.0,4.0,0.0,3.0,3.0,6.0,32:26,15.2,1
16,101181,Jose Calderon,12.0,5.0,7.0,0.0,0.0,0.0,1.0,0.0,3.0,0.0,1.0,0.0,8.0,32:03,11.1,1
17,1713,Vince Carter,14.0,4.0,6.0,6.0,5.0,1.0,3.0,0.0,6.0,1.0,2.0,2.0,11.0,29:44,14.7,1
18,201148,Brandan Wright,4.0,0.0,3.0,4.0,4.0,1.0,1.0,0.0,0.0,3.0,0.0,1.0,7.0,13:14,4.0,1
19,203109,Jae Crowder,8.0,3.0,6.0,2.0,2.0,0.0,5.0,2.0,0.0,2.0,1.0,1.0,5.0,21:07,8.5,1
20,203499,Shane Larkin,5.0,2.0,4.0,0.0,0.0,0.0,0.0,0.0,2.0,0.0,0.0,2.0,9.0,13:57,2.4,1
21,201961,Wayne Ellington,0.0,0.0,1.0,0.0,0.0,0.0,0.0,0.0,1.0,0.0,0.0,0.0,-1.0,3:06,0.0,1
22,2223,Samuel Dalembert,8.0,3.0,3.0,3.0,2.0,4.0,3.0,2.0,1.0,2.0,2.0,2.0,5.0,13:20,11.7,1
23,203539,Gal Mekel,0.0,0.0,0.0,0.0,0.0,0.0,0.0,0.0,0.0,0.0,0.0,0.0,-5.0,1:56,0.0,1
24,203108,Bernard James,0.0,0.0,0.0,0.0,0.0,0.0,1.0,0.0,0.0,0.0,0.0,0.0,-5.0,1:56,0.3,1
