,id,name,PTS,FG,FGA,FTA,FT,OREB,DREB,STL,AST,BLK,PF,TO,PLUS_MINUS,MIN,GS,WIN
0,203084,Harrison Barnes,9.0,3.0,11.0,4.0,3.0,1.0,3.0,1.0,0.0,0.0,2.0,1.0,-8.0,41:10,2.9,0
1,101135,David Lee,20.0,7.0,14.0,8.0,6.0,3.0,9.0,0.0,3.0,0.0,1.0,0.0,14.0,29:57,18.7,0
2,101106,Andrew Bogut,8.0,4.0,6.0,2.0,0.0,3.0,7.0,0.0,1.0,0.0,1.0,1.0,0.0,27:46,8.1,0
3,202691,Klay Thompson,20.0,5.0,16.0,8.0,7.0,1.0,9.0,0.0,2.0,0.0,2.0,4.0,5.0,37:52,10.4,0
4,201939,Stephen Curry,29.0,9.0,19.0,5.0,5.0,0.0,4.0,1.0,8.0,0.0,3.0,6.0,-3.0,42:24,19.9,0
5,979,Jermaine O'Neal,6.0,2.0,4.0,3.0,2.0,1.0,6.0,0.0,0.0,3.0,2.0,1.0,-12.0,17:12,6.4,0
6,203110,Draymond Green,1.0,0.0,3.0,2.0,1.0,1.0,4.0,0.0,3.0,3.0,3.0,4.0,-6.0,27:45,-0.6,0
7,203517,Nemanja Nedovic,4.0,1.0,2.0,2.0,2.0,0.0,0.0,0.0,1.0,0.0,1.0,1.0,-8.0,12:13,2.3,0
8,201578,Marreese Speights,2.0,1.0,1.0,0.0,0.0,0.0,0.0,0.0,0.0,0.0,0.0,0.0,-2.0,3:41,1.7,0
9,203145,Kent Bazemore,,,,,,,,,,,,,,,0.0,0
10,203473,Dewayne Dedmon,,,,,,,,,,,,,,,0.0,0
11,2738,Andre Iguodala,,,,,,,,,,,,,,,0.0,0
12,1890,Shawn Marion,11.0,4.0,10.0,2.0,2.0,1.0,4.0,1.0,0.0,0.0,4.0,0.0,-6.0,31:10,6.9,1
13,1717,Dirk Nowitzki,22.0,11.0,19.0,0.0,0.0,0.0,6.0,2.0,3.0,1.0,1.0,0.0,4.0,32:53,19.3,1
14,2223,Samuel Dalembert,11.0,4.0,6.0,3.0,3.0,1.0,5.0,1.0,0.0,3.0,2.0,0.0,-2.0,27:08,12.9,1
15,101145,Monta Ellis,4.0,2.0,16.0,0.0,0.0,1.0,1.0,2.0,10.0,0.0,2.0,3.0,-14.0,31:54,-0.2,1
16,101181,Jose Calderon,12.0,5.0,10.0,0.0,0.0,0.0,2.0,0.0,3.0,0.0,2.0,1.0,-13.0,27:43,7.9,1
17,1713,Vince Carter,7.0,3.0,10.0,0.0,0.0,1.0,4.0,0.0,2.0,0.0,2.0,1.0,-3.0,26:38,2.7,1
18,201971,DeJuan Blair,11.0,5.0,10.0,2.0,1.0,7.0,2.0,2.0,1.0,0.0,5.0,1.0,8.0,20:45,10.8,1
19,203109,Jae Crowder,12.0,4.0,7.0,1.0,1.0,1.0,5.0,0.0,2.0,0.0,0.0,0.0,19.0,18:23,12.3,1
20,203499,Shane Larkin,7.0,3.0,8.0,2.0,1.0,0.0,2.0,1.0,6.0,0.0,2.0,0.0,16.0,16:58,7.2,1
21,201961,Wayne Ellington,6.0,3.0,3.0,0.0,0.0,0.0,0.0,0.0,0.0,0.0,2.0,0.0,11.0,6:28,4.3,1
22,203108,Bernard James,,,,,,,,,,,,,,,0.0,1
23,203495,Ricky Ledo,,,,,,,,,,,,,,,0.0,1
24,203539,Gal Mekel,,,,,,,,,,,,,,,0.0,1
