,id,name,PTS,FG,FGA,FTA,FT,OREB,DREB,STL,AST,BLK,PF,TO,PLUS_MINUS,MIN,GS,WIN
0,202325,Wesley Johnson,9.0,3.0,5.0,2.0,2.0,0.0,4.0,0.0,3.0,2.0,3.0,2.0,-16.0,38:50,8.2,0
1,200761,Shawne Williams,7.0,3.0,5.0,0.0,0.0,0.0,6.0,0.0,0.0,0.0,2.0,1.0,-20.0,24:37,4.7,0
2,2200,Pau Gasol,10.0,4.0,12.0,2.0,2.0,1.0,3.0,0.0,3.0,0.0,2.0,0.0,-20.0,20:19,6.1,0
3,201975,Jodie Meeks,18.0,6.0,15.0,7.0,4.0,1.0,4.0,3.0,4.0,0.0,3.0,1.0,-26.0,39:43,14.2,0
4,202333,Xavier Henry,13.0,3.0,12.0,14.0,7.0,1.0,5.0,1.0,0.0,1.0,3.0,1.0,-34.0,34:11,4.7,0
5,201156,Nick Young,19.0,6.0,17.0,5.0,5.0,0.0,2.0,1.0,1.0,0.0,1.0,2.0,-7.0,32:31,9.4,0
6,201941,Jordan Hill,7.0,3.0,7.0,2.0,1.0,3.0,1.0,0.0,0.0,0.0,2.0,1.0,-3.0,14:06,3.5,0
7,2549,Chris Kaman,1.0,0.0,2.0,2.0,1.0,0.0,5.0,0.0,1.0,0.0,0.0,1.0,1.0,13:19,0.4,0
8,203135,Robert Sacre,3.0,1.0,3.0,2.0,1.0,1.0,1.0,0.0,0.0,0.0,1.0,1.0,-2.0,9:18,0.5,0
9,203527,Ryan Kelly,3.0,1.0,2.0,1.0,1.0,0.0,0.0,0.0,0.0,0.0,2.0,1.0,-4.0,9:17,0.2,0
10,203088,Kendall Marshall,0.0,0.0,1.0,0.0,0.0,1.0,0.0,0.0,0.0,0.0,0.0,0.0,-4.0,3:49,0.0,0
11,2581,Steve Blake,,,,,,,,,,,,,,,0.0,0
12,200770,Jordan Farmar,,,,,,,,,,,,,,,0.0,0
13,200782,P.J. Tucker,4.0,0.0,3.0,5.0,4.0,1.0,1.0,0.0,0.0,0.0,3.0,2.0,12.0,21:46,-0.7,1
14,101112,Channing Frye,7.0,3.0,10.0,0.0,0.0,0.0,8.0,0.0,2.0,2.0,1.0,1.0,26.0,27:19,5.0,1
15,203101,Miles Plumlee,17.0,8.0,14.0,5.0,1.0,6.0,14.0,0.0,1.0,2.0,5.0,3.0,35.0,30:58,14.3,1
16,201609,Goran Dragic,12.0,4.0,9.0,5.0,4.0,0.0,3.0,1.0,7.0,0.0,0.0,1.0,15.0,29:23,12.7,1
17,202339,Eric Bledsoe,16.0,5.0,10.0,5.0,5.0,1.0,10.0,0.0,7.0,1.0,3.0,3.0,25.0,30:40,16.1,1
18,101123,Gerald Green,22.0,7.0,13.0,2.0,2.0,0.0,1.0,1.0,0.0,0.0,2.0,0.0,6.0,27:42,16.2,1
19,202693,Markieff Morris,9.0,4.0,7.0,1.0,1.0,3.0,4.0,0.0,2.0,1.0,1.0,1.0,-10.0,19:13,9.7,1
20,202694,Marcus Morris Sr.,19.0,6.0,9.0,2.0,2.0,0.0,4.0,0.0,3.0,0.0,4.0,1.0,6.0,25:03,15.8,1
21,203462,Archie Goodwin,5.0,2.0,8.0,0.0,0.0,0.0,2.0,2.0,1.0,0.0,2.0,1.0,7.0,16:36,1.7,1
22,202091,Dionte Christmas,2.0,1.0,2.0,0.0,0.0,0.0,0.0,0.0,1.0,1.0,0.0,0.0,6.0,5:04,2.4,1
23,202397,Ish Smith,2.0,1.0,3.0,0.0,0.0,1.0,0.0,1.0,0.0,0.0,1.0,2.0,4.0,3:49,-0.4,1
24,203139,Viacheslav Kravtsov,2.0,1.0,2.0,0.0,0.0,1.0,2.0,0.0,0.0,0.0,0.0,0.0,3.0,2:27,2.3,1
25,203458,Alex Len,,,,,,,,,,,,,,,0.0,1
