,id,name,PTS,FG,FGA,FTA,FT,OREB,DREB,STL,AST,BLK,PF,TO,PLUS_MINUS,MIN,GS,WIN
0,2544,LeBron James,24.0,10.0,15.0,5.0,4.0,1.0,6.0,2.0,9.0,0.0,2.0,6.0,18.0,35:01,21.1,1
1,2203,Shane Battier,3.0,1.0,3.0,0.0,0.0,0.0,0.0,0.0,0.0,1.0,2.0,0.0,24.0,20:17,1.2,1
2,2547,Chris Bosh,16.0,5.0,12.0,6.0,6.0,1.0,8.0,2.0,3.0,0.0,2.0,2.0,16.0,31:21,14.0,1
3,951,Ray Allen,18.0,6.0,10.0,4.0,4.0,0.0,1.0,1.0,3.0,0.0,1.0,0.0,15.0,24:31,16.4,1
4,201596,Mario Chalmers,8.0,3.0,7.0,2.0,1.0,0.0,3.0,3.0,4.0,1.0,2.0,2.0,16.0,32:17,8.5,1
5,2365,Chris Andersen,10.0,4.0,5.0,2.0,2.0,2.0,3.0,0.0,1.0,1.0,1.0,0.0,1.0,23:26,11.4,1
6,1740,Rashard Lewis,9.0,3.0,5.0,0.0,0.0,1.0,0.0,0.0,0.0,0.0,2.0,1.0,-9.0,22:48,5.6,1
7,2427,Roger Mason Jr.,12.0,4.0,7.0,0.0,0.0,0.0,1.0,0.0,2.0,0.0,2.0,3.0,0.0,23:29,6.6,1
8,202708,Norris Cole,8.0,3.0,5.0,2.0,2.0,0.0,3.0,0.0,4.0,0.0,3.0,2.0,-1.0,15:43,6.2,1
9,2617,Udonis Haslem,2.0,1.0,2.0,0.0,0.0,0.0,3.0,0.0,0.0,0.0,1.0,1.0,-2.0,8:22,0.5,1
10,2592,James Jones,0.0,0.0,1.0,0.0,0.0,0.0,1.0,0.0,0.0,0.0,0.0,0.0,-3.0,2:45,-0.4,1
11,201202,Joel Anthony,,,,,,,,,,,,,,,0.0,1
12,201563,Michael Beasley,,,,,,,,,,,,,,,0.0,1
13,2746,Josh Smith,13.0,6.0,14.0,0.0,0.0,1.0,3.0,0.0,2.0,0.0,3.0,3.0,-16.0,30:53,4.4,0
14,202328,Greg Monroe,10.0,3.0,10.0,5.0,4.0,4.0,3.0,2.0,1.0,0.0,2.0,2.0,-15.0,28:52,7.4,0
15,203083,Andre Drummond,19.0,8.0,11.0,6.0,3.0,8.0,6.0,2.0,0.0,2.0,1.0,1.0,-12.0,35:56,22.7,0
16,203484,Kentavious Caldwell-Pope,0.0,0.0,4.0,0.0,0.0,0.0,0.0,0.0,0.0,0.0,2.0,0.0,-14.0,18:29,-3.6,0
17,201943,Brandon Jennings,19.0,6.0,14.0,7.0,6.0,0.0,4.0,2.0,6.0,0.0,3.0,6.0,-13.0,33:38,11.4,0
18,202713,Kyle Singler,10.0,3.0,4.0,4.0,3.0,2.0,0.0,1.0,1.0,0.0,3.0,1.0,-1.0,20:22,8.9,0
19,201973,Jonas Jerebko,12.0,5.0,9.0,0.0,0.0,0.0,3.0,2.0,1.0,0.0,4.0,2.0,1.0,20:41,7.7,0
20,101111,Charlie Villanueva,10.0,4.0,8.0,0.0,0.0,0.0,2.0,1.0,2.0,0.0,0.0,0.0,-6.0,14:05,9.0,0
21,202725,Josh Harrellson,0.0,0.0,3.0,0.0,0.0,1.0,2.0,0.0,0.0,0.0,1.0,0.0,-3.0,11:18,-1.2,0
22,203491,Peyton Siva,2.0,1.0,3.0,0.0,0.0,0.0,2.0,0.0,4.0,0.0,1.0,2.0,-2.0,14:22,1.3,0
23,203540,Gigi Datome,0.0,0.0,4.0,0.0,0.0,0.0,2.0,0.0,0.0,0.0,1.0,0.0,3.0,7:53,-2.6,0
24,203502,Tony Mitchell,0.0,0.0,1.0,0.0,0.0,0.0,0.0,0.0,0.0,0.0,0.0,0.0,3.0,3:31,-0.7,0
25,201155,Rodney Stuckey,,,,,,,,,,,,,,,0.0,0
