,id,name,PTS,FG,FGA,FTA,FT,OREB,DREB,STL,AST,BLK,PF,TO,PLUS_MINUS,MIN,GS,WIN
0,2419,Tayshaun Prince,0.0,0.0,0.0,0.0,0.0,0.0,1.0,0.0,1.0,0.0,0.0,0.0,-31.0,17:22,1.0,0
1,202334,Ed Davis,0.0,0.0,2.0,0.0,0.0,0.0,1.0,0.0,0.0,1.0,1.0,1.0,-7.0,12:54,-1.8,0
2,201188,Marc Gasol,18.0,7.0,14.0,5.0,4.0,3.0,4.0,2.0,1.0,1.0,2.0,2.0,-25.0,27:37,14.5,0
3,201584,Courtney Lee,4.0,2.0,7.0,0.0,0.0,1.0,1.0,3.0,2.0,0.0,1.0,0.0,-31.0,25:59,4.9,0
4,201144,Mike Conley,2.0,0.0,8.0,2.0,2.0,0.0,3.0,0.0,3.0,0.0,1.0,6.0,-30.0,20:42,-7.0,0
5,201949,James Johnson,12.0,3.0,7.0,4.0,4.0,1.0,0.0,0.0,1.0,0.0,0.0,1.0,4.0,13:31,8.7,0
6,2754,Tony Allen,15.0,5.0,9.0,6.0,4.0,4.0,2.0,0.0,2.0,0.0,3.0,4.0,1.0,21:01,9.5,0
7,201585,Kosta Koufos,12.0,6.0,9.0,2.0,0.0,4.0,4.0,2.0,0.0,1.0,4.0,1.0,20.0,19:13,11.4,0
8,201979,Nick Calathes,10.0,4.0,8.0,2.0,2.0,2.0,3.0,4.0,5.0,0.0,1.0,1.0,18.0,30:01,14.4,0
9,2034,Mike Miller,0.0,0.0,4.0,0.0,0.0,0.0,3.0,0.0,3.0,0.0,0.0,1.0,9.0,15:18,-0.8,0
10,202720,Jon Leuer,19.0,6.0,10.0,4.0,4.0,1.0,4.0,1.0,0.0,0.0,1.0,2.0,13.0,26:18,14.9,0
11,2757,Beno Udrih,2.0,1.0,1.0,0.0,0.0,0.0,1.0,1.0,2.0,0.0,1.0,2.0,14.0,10:06,2.0,0
12,2216,Zach Randolph,,,,,,,,,,,,,,,0.0,0
13,2207,Joe Johnson,21.0,8.0,13.0,0.0,0.0,0.0,2.0,1.0,4.0,0.0,4.0,1.0,30.0,33:36,16.9,1
14,1718,Paul Pierce,14.0,3.0,6.0,6.0,6.0,1.0,7.0,1.0,2.0,0.0,2.0,5.0,27.0,25:35,10.4,1
15,203486,Mason Plumlee,4.0,2.0,5.0,0.0,0.0,1.0,5.0,1.0,1.0,0.0,4.0,2.0,14.0,14:45,1.6,1
16,2733,Shaun Livingston,2.0,1.0,2.0,0.0,0.0,0.0,5.0,1.0,3.0,1.0,2.0,2.0,19.0,22:30,3.5,1
17,101114,Deron Williams,16.0,7.0,13.0,0.0,0.0,0.0,3.0,4.0,7.0,0.0,4.0,1.0,29.0,32:49,16.9,1
18,101154,Andray Blatche,12.0,4.0,6.0,5.0,4.0,0.0,4.0,1.0,2.0,3.0,3.0,2.0,2.0,16:02,11.5,1
19,1905,Andrei Kirilenko,2.0,1.0,2.0,0.0,0.0,0.0,2.0,2.0,2.0,0.0,1.0,2.0,-24.0,17:02,2.6,1
20,203141,Mirza Teletovic,8.0,3.0,9.0,0.0,0.0,2.0,1.0,0.0,0.0,1.0,2.0,0.0,-24.0,17:02,4.5,1
21,101187,Alan Anderson,2.0,0.0,3.0,2.0,2.0,0.0,0.0,0.0,0.0,0.0,1.0,1.0,-17.0,10:03,-1.5,1
22,201977,Marcus Thornton,20.0,8.0,13.0,0.0,0.0,1.0,1.0,2.0,2.0,0.0,1.0,1.0,8.0,26:23,17.1,1
23,2215,Jason Collins,0.0,0.0,0.0,0.0,0.0,1.0,0.0,1.0,1.0,0.0,2.0,1.0,-7.0,17:13,0.6,1
24,203104,Marquis Teague,2.0,1.0,2.0,0.0,0.0,0.0,0.0,0.0,1.0,0.0,2.0,1.0,-12.0,7:00,-0.1,1
25,708,Kevin Garnett,,,,,,,,,,,,,,,0.0,1
