,id,name,PTS,FG,FGA,FTA,FT,OREB,DREB,STL,AST,BLK,PF,TO,PLUS_MINUS,MIN,GS,WIN
0,200782,P.J. Tucker,13.0,2.0,8.0,9.0,9.0,3.0,8.0,1.0,1.0,0.0,2.0,1.0,11.0,37:00,12.6,1
1,101112,Channing Frye,11.0,4.0,9.0,0.0,0.0,0.0,8.0,0.0,1.0,1.0,5.0,2.0,15.0,30:34,6.1,1
2,203101,Miles Plumlee,2.0,1.0,5.0,0.0,0.0,1.0,7.0,1.0,1.0,0.0,6.0,0.0,-1.0,21:51,1.0,1
3,101123,Gerald Green,36.0,11.0,22.0,8.0,8.0,2.0,3.0,0.0,0.0,0.0,4.0,1.0,28.0,29:45,24.7,1
4,201609,Goran Dragic,21.0,6.0,15.0,12.0,8.0,2.0,3.0,3.0,14.0,0.0,2.0,4.0,19.0,42:20,21.6,1
5,202693,Markieff Morris,13.0,4.0,11.0,8.0,5.0,4.0,8.0,3.0,2.0,1.0,6.0,3.0,9.0,41:31,10.6,1
6,203458,Alex Len,0.0,0.0,3.0,0.0,0.0,2.0,1.0,0.0,0.0,2.0,3.0,1.0,-11.0,9:27,-1.2,1
7,2571,Leandro Barbosa,2.0,1.0,7.0,0.0,0.0,0.0,2.0,1.0,1.0,0.0,2.0,1.0,-21.0,17:40,-2.0,1
8,202397,Ish Smith,4.0,2.0,4.0,0.0,0.0,0.0,0.0,0.0,0.0,0.0,0.0,1.0,-14.0,9:52,1.0,1
9,202694,Marcus Morris Sr.,10.0,4.0,9.0,2.0,1.0,1.0,1.0,2.0,1.0,0.0,1.0,1.0,-10.0,25:01,7.2,1
10,202091,Dionte Christmas,,,,,,,,,,,,,,,0.0,1
11,203462,Archie Goodwin,,,,,,,,,,,,,,,0.0,1
12,203139,Viacheslav Kravtsov,,,,,,,,,,,,,,,0.0,1
13,201163,Wilson Chandler,15.0,4.0,15.0,8.0,5.0,1.0,3.0,0.0,3.0,0.0,3.0,1.0,-21.0,36:32,6.4,0
14,202702,Kenneth Faried,21.0,7.0,15.0,9.0,7.0,4.0,6.0,3.0,2.0,0.0,5.0,2.0,-13.0,35:11,17.5,0
15,201581,JJ Hickson,11.0,4.0,12.0,6.0,3.0,4.0,5.0,0.0,1.0,1.0,2.0,3.0,-30.0,32:36,4.9,0
16,202706,Jordan Hamilton,7.0,3.0,7.0,1.0,1.0,2.0,2.0,1.0,0.0,1.0,1.0,0.0,-8.0,25:45,6.6,0
17,200751,Randy Foye,8.0,3.0,11.0,2.0,2.0,0.0,1.0,3.0,5.0,1.0,6.0,2.0,-18.0,39:52,4.6,0
18,202389,Timofey Mozgov,8.0,4.0,6.0,0.0,0.0,2.0,9.0,0.0,0.0,1.0,1.0,2.0,24.0,19:08,7.8,0
19,203095,Evan Fournier,25.0,8.0,19.0,7.0,6.0,3.0,5.0,2.0,4.0,0.0,4.0,1.0,13.0,32:56,20.3,0
20,201576,Anthony Randolph,4.0,2.0,7.0,0.0,0.0,0.0,6.0,1.0,0.0,0.0,2.0,0.0,13.0,24:07,1.9,0
21,201589,Darrell Arthur,8.0,3.0,7.0,4.0,2.0,1.0,2.0,0.0,2.0,2.0,2.0,1.0,15.0,18:54,5.8,0
22,201951,Ty Lawson,,,,,,,,,,,,,,,0.0,0
23,1889,Andre Miller,,,,,,,,,,,,,,,0.0,0
24,203113,Quincy Miller,,,,,,,,,,,,,,,0.0,0
25,101126,Nate Robinson,,,,,,,,,,,,,,,0.0,0
