,id,name,PTS,FG,FGA,FTA,FT,OREB,DREB,STL,AST,BLK,PF,TO,PLUS_MINUS,MIN,GS,WIN
0,101123,Gerald Green,15.0,6.0,13.0,0.0,0.0,0.0,2.0,0.0,1.0,1.0,3.0,5.0,-11.0,35:25,4.1,0
1,203101,Miles Plumlee,15.0,7.0,12.0,2.0,1.0,2.0,4.0,1.0,1.0,2.0,3.0,1.0,-16.0,28:19,12.5,0
2,101112,Channing Frye,3.0,1.0,4.0,0.0,0.0,0.0,4.0,0.0,0.0,0.0,1.0,0.0,-2.0,19:47,1.4,0
3,200782,P.J. Tucker,3.0,1.0,7.0,0.0,0.0,1.0,3.0,2.0,2.0,2.0,1.0,3.0,-12.0,28:34,1.5,0
4,202339,Eric Bledsoe,14.0,6.0,12.0,3.0,1.0,1.0,1.0,0.0,5.0,0.0,0.0,0.0,-15.0,30:29,11.7,0
5,202694,Marcus Morris Sr.,11.0,5.0,11.0,0.0,0.0,1.0,5.0,1.0,2.0,0.0,2.0,2.0,5.0,25:29,7.1,0
6,202693,Markieff Morris,23.0,11.0,13.0,2.0,1.0,0.0,12.0,1.0,1.0,0.0,4.0,3.0,8.0,30:25,18.6,0
7,202397,Ish Smith,6.0,2.0,6.0,2.0,2.0,0.0,2.0,0.0,1.0,0.0,2.0,0.0,12.0,17:31,3.1,0
8,202091,Dionte Christmas,2.0,1.0,2.0,0.0,0.0,0.0,4.0,1.0,0.0,0.0,0.0,1.0,7.0,14:50,2.2,0
9,203462,Archie Goodwin,4.0,2.0,5.0,0.0,0.0,0.0,1.0,1.0,1.0,0.0,1.0,3.0,9.0,9:11,-0.1,0
10,201609,Goran Dragic,,,,,,,,,,,,,,,0.0,0
11,203139,Viacheslav Kravtsov,,,,,,,,,,,,,,,0.0,0
12,203458,Alex Len,,,,,,,,,,,,,,,0.0,0
13,202695,Kawhi Leonard,8.0,4.0,9.0,0.0,0.0,1.0,5.0,1.0,1.0,0.0,3.0,3.0,4.0,27:16,3.0,1
14,1495,Tim Duncan,17.0,7.0,12.0,4.0,3.0,1.0,4.0,0.0,5.0,1.0,1.0,2.0,10.0,28:27,14.7,1
15,2564,Boris Diaw,11.0,5.0,14.0,2.0,1.0,2.0,3.0,0.0,3.0,1.0,0.0,1.0,-2.0,26:41,6.9,1
16,201980,Danny Green,19.0,8.0,11.0,0.0,0.0,0.0,5.0,2.0,2.0,4.0,2.0,2.0,-5.0,35:45,19.4,1
17,2225,Tony Parker,20.0,9.0,15.0,1.0,1.0,0.0,1.0,0.0,6.0,0.0,1.0,1.0,5.0,30:51,16.2,1
18,201988,Patty Mills,2.0,1.0,5.0,0.0,0.0,0.0,1.0,0.0,3.0,0.0,3.0,0.0,-2.0,17:09,0.1,1
19,1938,Manu Ginobili,9.0,4.0,11.0,0.0,0.0,1.0,4.0,2.0,3.0,0.0,3.0,1.0,8.0,26:41,6.7,1
20,201158,Marco Belinelli,4.0,1.0,6.0,2.0,1.0,0.0,4.0,0.0,0.0,1.0,2.0,1.0,4.0,31:28,-0.1,1
21,201168,Tiago Splitter,9.0,2.0,2.0,6.0,5.0,1.0,6.0,0.0,0.0,0.0,1.0,1.0,-3.0,10:43,9.1,1
22,201965,Jeff Ayres,0.0,0.0,0.0,0.0,0.0,0.0,0.0,0.0,1.0,0.0,1.0,2.0,-3.0,2:41,-1.7,1
23,202709,Cory Joseph,0.0,0.0,0.0,0.0,0.0,0.0,0.0,0.0,1.0,0.0,0.0,0.0,-1.0,2:18,0.7,1
24,203382,Aron Baynes,,,,,,,,,,,,,,,0.0,1
25,201986,Nando De Colo,,,,,,,,,,,,,,,0.0,1
