,id,name,PTS,FG,FGA,FTA,FT,OREB,DREB,STL,AST,BLK,PF,TO,PLUS_MINUS,MIN,GS,WIN
0,201142,Kevin Durant,18.0,6.0,12.0,5.0,5.0,1.0,5.0,2.0,3.0,1.0,3.0,3.0,21.0,34:01,14.8,1
1,201586,Serge Ibaka,12.0,6.0,14.0,0.0,0.0,0.0,7.0,0.0,3.0,2.0,3.0,3.0,29.0,32:02,6.0,1
2,2570,Kendrick Perkins,0.0,0.0,1.0,0.0,0.0,1.0,1.0,0.0,2.0,0.0,4.0,0.0,4.0,13:39,0.1,1
3,203460,Andre Roberson,7.0,2.0,3.0,2.0,2.0,2.0,2.0,1.0,0.0,0.0,4.0,3.0,-1.0,19:08,4.1,1
4,201566,Russell Westbrook,27.0,7.0,12.0,11.0,11.0,1.0,5.0,2.0,9.0,0.0,1.0,3.0,22.0,27:26,28.5,1
5,203087,Jeremy Lamb,18.0,7.0,9.0,1.0,1.0,0.0,2.0,0.0,1.0,0.0,2.0,2.0,-2.0,27:47,13.0,1
6,203500,Steven Adams,3.0,1.0,2.0,2.0,1.0,2.0,3.0,1.0,0.0,0.0,4.0,3.0,3.0,15:52,0.3,1
7,2555,Nick Collison,5.0,2.0,2.0,2.0,1.0,0.0,4.0,0.0,1.0,2.0,1.0,1.0,8.0,16:55,5.9,1
8,202704,Reggie Jackson,17.0,6.0,10.0,4.0,4.0,0.0,3.0,0.0,2.0,0.0,2.0,1.0,-9.0,22:55,12.9,1
9,965,Derek Fisher,4.0,1.0,2.0,2.0,1.0,0.0,0.0,2.0,1.0,0.0,2.0,1.0,5.0,12:41,3.5,1
10,203103,Perry Jones III,5.0,2.0,4.0,4.0,1.0,1.0,1.0,0.0,0.0,0.0,0.0,0.0,7.0,11:50,2.8,1
11,201934,Hasheem Thabeet,0.0,0.0,0.0,0.0,0.0,0.0,1.0,0.0,0.0,0.0,1.0,1.0,-7.0,5:44,-1.1,1
12,101155,Ryan Gomes,,,,,,,,,,,,,,,0.0,1
13,2419,Tayshaun Prince,4.0,2.0,6.0,2.0,0.0,1.0,2.0,2.0,1.0,0.0,0.0,1.0,-25.0,28:35,2.8,0
14,2216,Zach Randolph,17.0,5.0,12.0,12.0,7.0,1.0,7.0,2.0,1.0,0.0,2.0,2.0,-16.0,30:49,11.3,0
15,201585,Kosta Koufos,12.0,3.0,10.0,6.0,6.0,3.0,4.0,0.0,1.0,1.0,6.0,1.0,-21.0,30:55,7.5,0
16,201573,Jerryd Bayless,11.0,5.0,10.0,2.0,1.0,0.0,0.0,0.0,0.0,0.0,3.0,0.0,-7.0,19:35,4.4,0
17,201144,Mike Conley,20.0,7.0,13.0,4.0,4.0,0.0,2.0,0.0,9.0,0.0,1.0,3.0,-19.0,35:11,17.2,0
18,203479,Jamaal Franklin,6.0,2.0,6.0,2.0,2.0,0.0,1.0,2.0,0.0,0.0,4.0,1.0,7.0,16:58,2.3,0
19,202720,Jon Leuer,17.0,5.0,14.0,5.0,5.0,1.0,5.0,2.0,2.0,2.0,5.0,2.0,2.0,31:53,12.2,0
20,2034,Mike Miller,9.0,3.0,8.0,1.0,1.0,2.0,3.0,1.0,1.0,0.0,2.0,0.0,-1.0,28:53,7.8,0
21,201979,Nick Calathes,4.0,2.0,2.0,0.0,0.0,1.0,0.0,2.0,2.0,0.0,2.0,2.0,0.0,17:11,4.7,0
22,2754,Tony Allen,,,,,,,,,,,,,,,0.0,0
23,202334,Ed Davis,,,,,,,,,,,,,,,0.0,0
24,202347,Quincy Pondexter,,,,,,,,,,,,,,,0.0,0
