,id,name,PTS,FG,FGA,FTA,FT,OREB,DREB,STL,AST,BLK,PF,TO,PLUS_MINUS,MIN,GS,WIN
0,201960,DeMarre Carroll,10.0,4.0,9.0,2.0,2.0,2.0,5.0,1.0,1.0,0.0,1.0,0.0,-11.0,34:03,9.5,0
1,200794,Paul Millsap,16.0,4.0,12.0,6.0,6.0,2.0,2.0,1.0,5.0,0.0,2.0,4.0,-12.0,34:51,10.9,0
2,203544,Pero Antic,8.0,2.0,6.0,2.0,2.0,1.0,2.0,1.0,0.0,0.0,5.0,2.0,-11.0,18:17,2.9,0
3,2594,Kyle Korver,7.0,1.0,5.0,4.0,4.0,1.0,6.0,1.0,6.0,0.0,2.0,1.0,-9.0,36:49,9.8,0
4,201952,Jeff Teague,16.0,5.0,15.0,7.0,5.0,0.0,2.0,0.0,5.0,1.0,3.0,7.0,-7.0,35:04,3.3,0
5,1882,Elton Brand,10.0,4.0,5.0,2.0,2.0,3.0,4.0,0.0,0.0,3.0,5.0,1.0,10.0,29:37,10.5,0
6,201858,Cartier Martin,0.0,0.0,0.0,0.0,0.0,0.0,1.0,0.0,0.0,0.0,1.0,0.0,-4.0,4:18,-0.1,0
7,101150,Lou Williams,5.0,1.0,6.0,2.0,2.0,0.0,4.0,1.0,3.0,0.0,1.0,2.0,9.0,21:22,3.1,0
8,202714,Shelvin Mack,5.0,2.0,5.0,0.0,0.0,0.0,0.0,0.0,1.0,0.0,1.0,1.0,3.0,12:31,1.6,0
9,203118,Mike Scott,9.0,4.0,7.0,1.0,1.0,1.0,3.0,0.0,0.0,0.0,2.0,0.0,7.0,13:09,6.5,0
10,202970,Gustavo Ayon,,,,,,,,,,,,,,,0.0,0
11,203471,Dennis Schroder,,,,,,,,,,,,,,,0.0,0
12,101187,Alan Anderson,14.0,4.0,12.0,6.0,4.0,2.0,3.0,1.0,1.0,0.0,3.0,1.0,16.0,32:12,8.2,1
13,1718,Paul Pierce,9.0,3.0,9.0,3.0,2.0,0.0,4.0,2.0,3.0,3.0,1.0,3.0,-4.0,32:57,7.5,1
14,708,Kevin Garnett,4.0,1.0,2.0,2.0,2.0,1.0,9.0,1.0,1.0,0.0,2.0,0.0,10.0,24:42,7.3,1
15,2207,Joe Johnson,23.0,10.0,22.0,2.0,2.0,2.0,1.0,1.0,4.0,0.0,3.0,3.0,7.0,36:13,12.9,1
16,2733,Shaun Livingston,12.0,6.0,11.0,0.0,0.0,3.0,2.0,3.0,1.0,1.0,4.0,0.0,15.0,34:19,12.2,1
17,101154,Andray Blatche,3.0,1.0,3.0,1.0,1.0,1.0,0.0,1.0,0.0,1.0,4.0,1.0,-1.0,11:38,1.1,1
18,1905,Andrei Kirilenko,8.0,1.0,3.0,10.0,6.0,2.0,1.0,0.0,4.0,0.0,1.0,2.0,-5.0,21:21,6.8,1
19,203141,Mirza Teletovic,16.0,6.0,12.0,0.0,0.0,0.0,3.0,0.0,0.0,0.0,4.0,1.0,2.0,24:26,8.3,1
20,1891,Jason Terry,0.0,0.0,5.0,0.0,0.0,1.0,2.0,0.0,2.0,0.0,1.0,0.0,-11.0,10:32,-1.2,1
21,2501,Reggie Evans,2.0,1.0,1.0,2.0,0.0,3.0,3.0,1.0,1.0,0.0,2.0,0.0,-4.0,11:40,4.8,1
22,203486,Mason Plumlee,,,,,,,,,,,,,,,0.0,1
23,203116,Tyshawn Taylor,,,,,,,,,,,,,,,0.0,1
24,101114,Deron Williams,,,,,,,,,,,,,,,0.0,1
