,id,name,PTS,FG,FGA,FTA,FT,OREB,DREB,STL,AST,BLK,PF,TO,PLUS_MINUS,MIN,GS,WIN
0,2544,LeBron James,28.0,9.0,19.0,11.0,9.0,0.0,8.0,3.0,8.0,0.0,3.0,1.0,0.0,37:06,26.3,1
1,1740,Rashard Lewis,4.0,1.0,3.0,3.0,2.0,0.0,1.0,3.0,1.0,0.0,2.0,1.0,0.0,22:10,4.1,1
2,2547,Chris Bosh,6.0,3.0,9.0,0.0,0.0,0.0,7.0,2.0,2.0,2.0,3.0,2.0,6.0,30:13,4.6,1
3,2548,Dwyane Wade,22.0,10.0,14.0,2.0,2.0,1.0,3.0,2.0,3.0,0.0,1.0,6.0,17.0,35:56,15.5,1
4,201596,Mario Chalmers,3.0,1.0,4.0,2.0,1.0,0.0,3.0,0.0,2.0,0.0,3.0,1.0,2.0,30:19,0.3,1
5,951,Ray Allen,7.0,3.0,9.0,0.0,0.0,0.0,3.0,1.0,2.0,1.0,3.0,0.0,5.0,20:23,4.7,1
6,2365,Chris Andersen,2.0,1.0,1.0,0.0,0.0,0.0,5.0,0.0,0.0,2.0,3.0,1.0,5.0,17:47,2.4,1
7,201563,Michael Beasley,17.0,5.0,10.0,7.0,7.0,1.0,8.0,0.0,2.0,1.0,1.0,1.0,11.0,25:35,15.8,1
8,202708,Norris Cole,6.0,2.0,3.0,0.0,0.0,0.0,1.0,0.0,3.0,1.0,0.0,1.0,9.0,20:32,6.8,1
9,201202,Joel Anthony,,,,,,,,,,,,,,,0.0,1
10,2617,Udonis Haslem,,,,,,,,,,,,,,,0.0,1
11,2592,James Jones,,,,,,,,,,,,,,,0.0,1
12,2427,Roger Mason Jr.,,,,,,,,,,,,,,,0.0,1
13,202087,Alonzo Gee,2.0,1.0,2.0,0.0,0.0,0.0,2.0,0.0,0.0,0.0,2.0,1.0,-11.0,13:12,-0.2,0
14,202684,Tristan Thompson,4.0,1.0,6.0,4.0,2.0,3.0,8.0,0.0,1.0,0.0,0.0,1.0,-11.0,23:22,3.6,0
15,101115,Andrew Bynum,4.0,2.0,10.0,0.0,0.0,3.0,4.0,0.0,1.0,0.0,3.0,2.0,-10.0,23:27,-1.4,0
16,203521,Matthew Dellavedova,0.0,0.0,2.0,0.0,0.0,0.0,1.0,0.0,0.0,0.0,0.0,0.0,-4.0,7:36,-1.1,0
17,202681,Kyrie Irving,16.0,6.0,19.0,4.0,4.0,2.0,1.0,1.0,3.0,0.0,3.0,4.0,-11.0,34:10,4.7,0
18,101127,Jarrett Jack,8.0,3.0,6.0,0.0,0.0,1.0,4.0,1.0,6.0,1.0,1.0,5.0,-7.0,37:13,7.4,0
19,2760,Anderson Varejao,10.0,3.0,10.0,5.0,4.0,2.0,5.0,2.0,3.0,0.0,0.0,0.0,-1.0,21:55,10.8,0
20,203079,Dion Waiters,24.0,7.0,14.0,11.0,6.0,0.0,6.0,0.0,3.0,0.0,2.0,3.0,2.0,32:58,15.1,0
21,201947,Earl Clark,13.0,5.0,11.0,0.0,0.0,1.0,1.0,2.0,2.0,0.0,4.0,0.0,0.0,27:16,10.1,0
22,203508,Sergey Karasev,3.0,1.0,3.0,0.0,0.0,0.0,3.0,1.0,0.0,1.0,3.0,2.0,-2.0,18:51,0.7,0
23,203461,Anthony Bennett,,,,,,,,,,,,,,,0.0,0
24,203467,Carrick Felix,,,,,,,,,,,,,,,0.0,0
25,203092,Tyler Zeller,,,,,,,,,,,,,,,0.0,0
