,id,name,PTS,FG,FGA,FTA,FT,OREB,DREB,STL,AST,BLK,PF,TO,PLUS_MINUS,MIN,GS,WIN
0,201147,Corey Brewer,13.0,5.0,10.0,2.0,2.0,0.0,2.0,2.0,1.0,0.0,4.0,2.0,20.0,34:19,7.7,1
1,201567,Kevin Love,22.0,4.0,12.0,14.0,12.0,1.0,9.0,2.0,7.0,1.0,3.0,3.0,19.0,37:49,21.2,1
2,201593,Nikola Pekovic,20.0,8.0,12.0,6.0,4.0,7.0,2.0,0.0,0.0,1.0,5.0,1.0,18.0,27:49,17.2,1
3,2755,Kevin Martin,26.0,9.0,16.0,8.0,7.0,0.0,4.0,2.0,2.0,0.0,0.0,1.0,20.0,34:19,21.6,1
4,201937,Ricky Rubio,8.0,2.0,4.0,4.0,3.0,1.0,1.0,1.0,8.0,0.0,4.0,2.0,13.0,32:28,9.6,1
5,201967,Dante Cunningham,7.0,3.0,9.0,2.0,1.0,1.0,3.0,0.0,0.0,1.0,4.0,0.0,-8.0,26:34,2.2,1
6,201978,Chase Budinger,6.0,3.0,6.0,0.0,0.0,1.0,1.0,0.0,0.0,0.0,2.0,0.0,-9.0,13:41,3.2,1
7,200826,J.J. Barea,6.0,3.0,9.0,0.0,0.0,0.0,5.0,0.0,5.0,0.0,0.0,0.0,-2.0,15:32,5.9,1
8,203498,Shabazz Muhammad,0.0,0.0,2.0,2.0,0.0,0.0,2.0,0.0,0.0,1.0,1.0,1.0,-9.0,13:41,-2.3,1
9,201601,Luc Mbah a Moute,0.0,0.0,1.0,0.0,0.0,0.0,0.0,0.0,0.0,0.0,0.0,0.0,-7.0,3:49,-0.7,1
10,203476,Gorgui Dieng,,,,,,,,,,,,,,,0.0,1
11,201985,AJ Price,,,,,,,,,,,,,,,0.0,1
12,203144,Alexey Shved,,,,,,,,,,,,,,,0.0,1
13,200752,Rudy Gay,24.0,8.0,14.0,4.0,4.0,3.0,3.0,2.0,1.0,1.0,1.0,3.0,-12.0,32:42,20.4,0
14,201574,Jason Thompson,2.0,1.0,2.0,0.0,0.0,1.0,1.0,2.0,1.0,0.0,4.0,3.0,-21.0,28:48,0.1,0
15,202326,DeMarcus Cousins,21.0,9.0,16.0,5.0,3.0,2.0,15.0,0.0,3.0,3.0,5.0,2.0,-11.0,32:39,18.7,0
16,203463,Ben McLemore,7.0,3.0,7.0,0.0,0.0,0.0,1.0,0.0,1.0,0.0,3.0,5.0,-9.0,20:47,-1.9,0
17,202738,Isaiah Thomas,22.0,10.0,18.0,2.0,2.0,0.0,2.0,0.0,8.0,0.0,5.0,2.0,-13.0,34:23,15.6,0
18,202682,Derrick Williams,6.0,1.0,3.0,7.0,4.0,0.0,1.0,0.0,0.0,0.0,3.0,0.0,10.0,21:05,2.2,0
19,203111,Orlando Johnson,2.0,1.0,8.0,0.0,0.0,1.0,0.0,0.0,1.0,0.0,0.0,1.0,-2.0,12:24,-2.8,0
20,203112,Quincy Acy,0.0,0.0,1.0,0.0,0.0,1.0,4.0,0.0,1.0,3.0,1.0,1.0,-4.0,15:14,2.6,0
21,2501,Reggie Evans,4.0,1.0,2.0,2.0,2.0,3.0,6.0,0.0,1.0,0.0,2.0,1.0,5.0,13:32,5.8,0
22,203492,Ray McCallum,9.0,3.0,11.0,1.0,1.0,0.0,3.0,0.0,5.0,0.0,4.0,1.0,2.0,28:26,4.3,0
23,201189,Aaron Gray,,,,,,,,,,,,,,,0.0,0
24,2566,Travis Outlaw,,,,,,,,,,,,,,,0.0,0
