,id,name,PTS,FG,FGA,FTA,FT,OREB,DREB,STL,AST,BLK,PF,TO,PLUS_MINUS,MIN,GS,WIN
0,201162,Jared Dudley,7.0,3.0,9.0,2.0,0.0,1.0,3.0,0.0,3.0,0.0,1.0,0.0,-11.0,36:26,4.4,1
1,201933,Blake Griffin,25.0,7.0,18.0,13.0,11.0,5.0,10.0,0.0,5.0,1.0,3.0,0.0,17.0,41:08,23.9,1
2,201599,DeAndre Jordan,25.0,11.0,14.0,7.0,3.0,6.0,12.0,1.0,1.0,3.0,2.0,2.0,7.0,41:12,26.8,1
3,2037,Jamal Crawford,17.0,6.0,17.0,4.0,4.0,0.0,1.0,1.0,2.0,0.0,2.0,3.0,13.0,34:43,6.4,1
4,101108,Chris Paul,19.0,5.0,8.0,4.0,4.0,0.0,3.0,1.0,6.0,0.0,1.0,1.0,7.0,21:49,20.1,1
5,2440,Matt Barnes,6.0,2.0,4.0,0.0,0.0,0.0,1.0,1.0,0.0,0.0,2.0,0.0,0.0,19:49,4.5,1
6,201954,Darren Collison,20.0,6.0,10.0,8.0,8.0,1.0,2.0,1.0,4.0,0.0,4.0,4.0,14.0,35:27,14.9,1
7,2584,Willie Green,0.0,0.0,2.0,0.0,0.0,0.0,1.0,0.0,0.0,0.0,1.0,0.0,-12.0,9:26,-1.5,1
8,200797,Ryan Hollins,,,,,,,,,,,,,,,0.0,1
9,1536,Stephen Jackson,,,,,,,,,,,,,,,0.0,1
10,1712,Antawn Jamison,,,,,,,,,,,,,,,0.0,1
11,201957,Byron Mullens,,,,,,,,,,,,,,,0.0,1
12,203146,Maalik Wayns,,,,,,,,,,,,,,,0.0,1
13,1890,Shawn Marion,20.0,8.0,16.0,2.0,2.0,2.0,4.0,2.0,2.0,0.0,1.0,2.0,-9.0,30:48,15.6,0
14,1717,Dirk Nowitzki,24.0,10.0,17.0,0.0,0.0,0.0,4.0,2.0,4.0,0.0,0.0,1.0,2.0,32:55,21.1,0
15,2223,Samuel Dalembert,9.0,2.0,5.0,6.0,5.0,2.0,3.0,0.0,0.0,1.0,3.0,1.0,-14.0,20:47,6.7,0
16,101145,Monta Ellis,13.0,6.0,12.0,2.0,1.0,0.0,2.0,2.0,9.0,0.0,4.0,2.0,-13.0,37:36,11.9,0
17,101181,Jose Calderon,11.0,4.0,10.0,0.0,0.0,0.0,6.0,0.0,5.0,0.0,3.0,0.0,-14.0,33:02,9.7,0
18,201971,DeJuan Blair,6.0,3.0,5.0,0.0,0.0,1.0,2.0,0.0,0.0,0.0,1.0,1.0,5.0,7:11,3.6,0
19,1713,Vince Carter,8.0,3.0,10.0,0.0,0.0,0.0,3.0,0.0,5.0,0.0,5.0,2.0,-4.0,24:54,2.6,0
20,201148,Brandan Wright,12.0,6.0,8.0,0.0,0.0,3.0,2.0,0.0,1.0,0.0,4.0,1.0,-4.0,22:50,9.6,0
21,203109,Jae Crowder,1.0,0.0,1.0,2.0,1.0,0.0,1.0,1.0,0.0,0.0,2.0,0.0,4.0,16:22,0.4,0
22,203499,Shane Larkin,8.0,3.0,4.0,2.0,1.0,3.0,1.0,1.0,3.0,0.0,2.0,1.0,12.0,13:35,9.7,0
23,201961,Wayne Ellington,,,,,,,,,,,,,,,0.0,0
24,203108,Bernard James,,,,,,,,,,,,,,,0.0,0
25,203539,Gal Mekel,,,,,,,,,,,,,,,0.0,0
