,id,name,PTS,FG,FGA,FTA,FT,OREB,DREB,STL,AST,BLK,PF,TO,PLUS_MINUS,MIN,GS,WIN
0,2210,Richard Jefferson,12.0,4.0,10.0,2.0,2.0,0.0,2.0,1.0,5.0,1.0,0.0,1.0,-14.0,33:41,11.4,0
1,202324,Derrick Favors,17.0,8.0,12.0,2.0,1.0,2.0,5.0,1.0,1.0,1.0,3.0,2.0,-15.0,34:06,13.5,0
2,202683,Enes Kanter,10.0,5.0,12.0,0.0,0.0,1.0,4.0,0.0,2.0,2.0,3.0,2.0,-4.0,28:18,5.1,0
3,202330,Gordon Hayward,14.0,5.0,12.0,4.0,2.0,0.0,2.0,1.0,2.0,0.0,2.0,3.0,-13.0,35:05,6.0,0
4,202692,Alec Burks,8.0,3.0,11.0,2.0,2.0,0.0,2.0,2.0,4.0,0.0,0.0,2.0,-12.0,25:58,4.9,0
5,203197,Diante Garrett,2.0,1.0,6.0,0.0,0.0,1.0,1.0,0.0,0.0,0.0,1.0,1.0,-2.0,9:41,-2.2,0
6,203497,Rudy Gobert,0.0,0.0,0.0,2.0,0.0,0.0,3.0,0.0,0.0,0.0,0.0,2.0,-2.0,9:04,-1.9,0
7,101107,Marvin Williams,14.0,5.0,9.0,2.0,1.0,3.0,3.0,1.0,0.0,0.0,6.0,4.0,-12.0,26:14,6.9,0
8,101249,John Lucas III,7.0,3.0,3.0,0.0,0.0,0.0,1.0,0.0,4.0,0.0,2.0,0.0,-1.0,25:06,8.4,0
9,200839,Mike Harris,2.0,0.0,1.0,2.0,2.0,0.0,2.0,1.0,0.0,1.0,1.0,0.0,1.0,9:48,3.2,0
10,203546,Ian Clark,2.0,1.0,1.0,0.0,0.0,0.0,0.0,0.0,0.0,0.0,0.0,0.0,4.0,2:59,1.7,0
11,201575,Brandon Rush,,,,,,,,,,,,,,,0.0,0
12,2738,Andre Iguodala,16.0,6.0,8.0,2.0,1.0,0.0,6.0,4.0,3.0,0.0,3.0,2.0,14.0,37:51,17.1,1
13,101135,David Lee,13.0,5.0,10.0,4.0,3.0,0.0,5.0,0.0,1.0,0.0,2.0,1.0,5.0,26:39,8.0,1
14,101106,Andrew Bogut,12.0,5.0,7.0,2.0,2.0,5.0,6.0,0.0,2.0,2.0,4.0,2.0,11.0,30:05,13.6,1
15,202691,Klay Thompson,25.0,9.0,14.0,2.0,2.0,1.0,3.0,0.0,2.0,0.0,0.0,2.0,21.0,39:53,19.8,1
16,201939,Stephen Curry,15.0,7.0,20.0,2.0,1.0,0.0,3.0,1.0,11.0,0.0,1.0,0.0,18.0,38:31,12.6,1
17,203084,Harrison Barnes,11.0,5.0,10.0,0.0,0.0,0.0,3.0,2.0,2.0,0.0,1.0,2.0,9.0,28:52,7.9,1
18,979,Jermaine O'Neal,6.0,2.0,2.0,2.0,2.0,1.0,3.0,0.0,0.0,1.0,3.0,3.0,2.0,12:06,3.5,1
19,201578,Marreese Speights,0.0,0.0,3.0,0.0,0.0,3.0,2.0,0.0,0.0,1.0,2.0,1.0,6.0,7:38,-0.5,1
20,203110,Draymond Green,2.0,1.0,4.0,0.0,0.0,0.0,0.0,0.0,1.0,0.0,1.0,1.0,-4.0,9:29,-1.1,1
21,203136,Ognjen Kuzmic,0.0,0.0,0.0,0.0,0.0,0.0,1.0,0.0,0.0,1.0,2.0,1.0,-4.0,2:59,-0.8,1
22,203145,Kent Bazemore,2.0,1.0,1.0,0.0,0.0,0.0,0.0,0.0,0.0,0.0,0.0,0.0,-4.0,2:59,1.7,1
23,203517,Nemanja Nedovic,0.0,0.0,1.0,0.0,0.0,0.0,0.0,0.0,2.0,0.0,0.0,0.0,-4.0,2:59,0.7,1
