,id,name,PTS,FG,FGA,FTA,FT,OREB,DREB,STL,AST,BLK,PF,TO,PLUS_MINUS,MIN,GS,WIN
0,2544,LeBron James,25.0,9.0,17.0,4.0,3.0,0.0,4.0,0.0,13.0,0.0,3.0,4.0,-8.0,36:38,21.4,0
1,2617,Udonis Haslem,2.0,1.0,1.0,1.0,0.0,0.0,0.0,0.0,0.0,0.0,0.0,1.0,-12.0,11:32,0.3,0
2,2547,Chris Bosh,22.0,8.0,13.0,4.0,4.0,3.0,7.0,1.0,1.0,0.0,4.0,4.0,-5.0,34:15,16.4,0
3,2427,Roger Mason Jr.,3.0,1.0,3.0,0.0,0.0,0.0,0.0,0.0,2.0,0.0,1.0,2.0,-6.0,14:38,0.3,0
4,201596,Mario Chalmers,16.0,6.0,13.0,0.0,0.0,2.0,3.0,3.0,4.0,0.0,4.0,2.0,-14.0,30:35,13.8,0
5,2203,Shane Battier,2.0,1.0,8.0,0.0,0.0,1.0,1.0,0.0,0.0,0.0,4.0,0.0,5.0,23:41,-3.8,0
6,202708,Norris Cole,10.0,5.0,8.0,0.0,0.0,0.0,3.0,0.0,3.0,0.0,4.0,2.0,9.0,26:57,5.8,0
7,951,Ray Allen,19.0,7.0,13.0,1.0,1.0,1.0,5.0,2.0,1.0,0.0,0.0,0.0,1.0,27:51,17.6,0
8,2365,Chris Andersen,0.0,0.0,1.0,0.0,0.0,0.0,0.0,0.0,1.0,0.0,3.0,3.0,1.0,13:45,-4.2,0
9,1740,Rashard Lewis,11.0,4.0,8.0,3.0,2.0,0.0,1.0,1.0,5.0,0.0,2.0,1.0,9.0,20:08,9.6,0
10,201202,Joel Anthony,,,,,,,,,,,,,,,0.0,0
11,201563,Michael Beasley,,,,,,,,,,,,,,,0.0,0
12,2592,James Jones,,,,,,,,,,,,,,,0.0,0
13,202323,Evan Turner,26.0,10.0,19.0,6.0,6.0,0.0,4.0,1.0,5.0,0.0,3.0,3.0,3.0,37:13,18.2,1
14,201152,Thaddeus Young,10.0,5.0,15.0,0.0,0.0,4.0,2.0,2.0,2.0,0.0,2.0,5.0,11.0,34:20,2.5,1
15,201150,Spencer Hawes,24.0,10.0,14.0,4.0,3.0,3.0,6.0,0.0,2.0,0.0,4.0,2.0,5.0,29:23,19.5,1
16,202341,James Anderson,8.0,3.0,8.0,0.0,0.0,0.0,6.0,2.0,1.0,0.0,3.0,3.0,2.0,35:24,3.9,1
17,203487,Michael Carter-Williams,22.0,6.0,10.0,8.0,6.0,0.0,7.0,9.0,12.0,0.0,1.0,1.0,12.0,36:10,34.7,1
18,203100,Tony Wroten,14.0,6.0,9.0,2.0,1.0,1.0,3.0,1.0,2.0,0.0,1.0,2.0,3.0,23:23,11.3,1
19,202730,Lavoy Allen,4.0,1.0,3.0,2.0,2.0,0.0,3.0,0.0,0.0,0.0,2.0,0.0,-2.0,17:25,2.4,1
20,202350,Daniel Orton,4.0,1.0,1.0,2.0,2.0,0.0,1.0,1.0,0.0,1.0,4.0,1.0,-6.0,14:52,3.1,1
21,202721,Darius Morris,2.0,1.0,1.0,0.0,0.0,0.0,0.0,0.0,0.0,0.0,1.0,1.0,-8.0,11:50,0.3,1
22,2198,Kwame Brown,,,,,,,,,,,,,,,0.0,1
23,203561,Brandon Davies,,,,,,,,,,,,,,,0.0,1
24,203138,Hollis Thompson,,,,,,,,,,,,,,,0.0,1
