,id,name,PTS,FG,FGA,FTA,FT,OREB,DREB,STL,AST,BLK,PF,TO,PLUS_MINUS,MIN,GS,WIN
0,203082,Terrence Ross,15.0,5.0,9.0,2.0,2.0,0.0,2.0,1.0,0.0,0.0,1.0,2.0,10.0,29:51,9.9,1
1,101161,Amir Johnson,15.0,5.0,8.0,6.0,4.0,2.0,4.0,3.0,0.0,0.0,5.0,0.0,11.0,38:42,14.2,1
2,202685,Jonas Valanciunas,18.0,8.0,13.0,2.0,2.0,4.0,9.0,1.0,0.0,1.0,1.0,1.0,-1.0,34:49,17.9,1
3,201942,DeMar DeRozan,15.0,6.0,18.0,3.0,2.0,2.0,5.0,1.0,9.0,1.0,1.0,6.0,1.0,42:19,8.9,1
4,200768,Kyle Lowry,20.0,7.0,16.0,3.0,3.0,2.0,3.0,1.0,6.0,0.0,2.0,3.0,-7.0,40:51,15.3,1
5,2422,John Salmons,5.0,2.0,7.0,0.0,0.0,0.0,3.0,1.0,1.0,0.0,3.0,1.0,-4.0,31:52,1.3,1
6,202335,Patrick Patterson,7.0,3.0,8.0,2.0,1.0,2.0,4.0,1.0,1.0,0.0,1.0,0.0,-6.0,24:46,6.1,1
7,202349,Greivis Vasquez,14.0,6.0,11.0,0.0,0.0,1.0,1.0,0.0,0.0,0.0,0.0,2.0,3.0,14:31,7.7,1
8,201946,Tyler Hansbrough,0.0,0.0,0.0,0.0,0.0,1.0,1.0,0.0,0.0,1.0,0.0,0.0,-4.0,5:27,1.7,1
9,101236,Chuck Hayes,0.0,0.0,1.0,0.0,0.0,0.0,0.0,0.0,0.0,0.0,0.0,0.0,2.0,1:53,-0.7,1
10,202779,Dwight Buycks,,,,,,,,,,,,,,,0.0,1
11,202361,Landry Fields,,,,,,,,,,,,,,,0.0,1
12,200779,Steve Novak,,,,,,,,,,,,,,,0.0,1
13,1890,Shawn Marion,14.0,7.0,14.0,0.0,0.0,1.0,8.0,4.0,2.0,0.0,1.0,2.0,-16.0,40:47,13.1,0
14,1717,Dirk Nowitzki,22.0,10.0,22.0,1.0,0.0,2.0,7.0,0.0,5.0,0.0,4.0,0.0,13.0,42:53,15.6,0
15,201971,DeJuan Blair,4.0,2.0,4.0,0.0,0.0,0.0,4.0,1.0,0.0,0.0,0.0,0.0,-2.0,21:06,4.2,0
16,101145,Monta Ellis,21.0,9.0,19.0,3.0,3.0,1.0,1.0,4.0,11.0,0.0,2.0,3.0,3.0,45:32,20.2,0
17,101181,Jose Calderon,23.0,8.0,13.0,0.0,0.0,1.0,3.0,2.0,9.0,0.0,1.0,1.0,1.0,37:13,25.6,0
18,1713,Vince Carter,0.0,0.0,1.0,0.0,0.0,1.0,2.0,2.0,2.0,0.0,4.0,6.0,-11.0,17:49,-3.6,0
19,203109,Jae Crowder,5.0,2.0,4.0,0.0,0.0,0.0,6.0,0.0,0.0,1.0,0.0,1.0,4.0,14:22,4.5,0
20,201148,Brandan Wright,13.0,5.0,8.0,6.0,3.0,5.0,1.0,0.0,0.0,2.0,2.0,1.0,9.0,26:03,11.6,0
21,203499,Shane Larkin,4.0,2.0,4.0,0.0,0.0,0.0,1.0,0.0,2.0,0.0,2.0,1.0,2.0,13:25,1.9,0
22,2223,Samuel Dalembert,2.0,1.0,2.0,0.0,0.0,0.0,1.0,0.0,0.0,0.0,1.0,0.0,-8.0,5:51,0.9,0
23,201961,Wayne Ellington,,,,,,,,,,,,,,,0.0,0
24,203108,Bernard James,,,,,,,,,,,,,,,0.0,0
25,203539,Gal Mekel,,,,,,,,,,,,,,,0.0,0
