,id,name,PTS,FG,FGA,FTA,FT,OREB,DREB,STL,AST,BLK,PF,TO,PLUS_MINUS,MIN,GS,WIN
0,201158,Marco Belinelli,9.0,3.0,4.0,2.0,2.0,0.0,4.0,1.0,4.0,0.0,0.0,1.0,27.0,25:47,11.4,1
1,1495,Tim Duncan,11.0,1.0,4.0,11.0,9.0,2.0,8.0,0.0,2.0,1.0,1.0,2.0,18.0,23:47,11.3,1
2,2564,Boris Diaw,4.0,1.0,1.0,2.0,2.0,0.0,1.0,0.0,1.0,0.0,1.0,0.0,25.0,25:00,4.3,1
3,201980,Danny Green,24.0,8.0,11.0,2.0,2.0,0.0,10.0,1.0,0.0,1.0,3.0,1.0,35.0,22:52,22.0,1
4,2225,Tony Parker,17.0,8.0,12.0,2.0,1.0,0.0,2.0,0.0,6.0,0.0,0.0,4.0,21.0,25:30,12.2,1
5,1938,Manu Ginobili,9.0,4.0,10.0,0.0,0.0,0.0,5.0,0.0,5.0,0.0,3.0,3.0,9.0,22:57,4.4,1
6,201168,Tiago Splitter,4.0,2.0,4.0,0.0,0.0,3.0,2.0,0.0,1.0,0.0,3.0,0.0,13.0,12:12,4.2,1
7,202695,Kawhi Leonard,18.0,7.0,10.0,4.0,3.0,0.0,4.0,1.0,0.0,1.0,3.0,0.0,7.0,23:19,15.1,1
8,201988,Patty Mills,15.0,4.0,11.0,5.0,5.0,0.0,1.0,0.0,0.0,0.0,1.0,2.0,10.0,22:30,6.8,1
9,201965,Jeff Ayres,0.0,0.0,3.0,0.0,0.0,2.0,2.0,1.0,1.0,1.0,2.0,0.0,4.0,13:35,1.5,1
10,201986,Nando De Colo,5.0,2.0,2.0,0.0,0.0,0.0,2.0,1.0,0.0,0.0,0.0,0.0,-2.0,8:33,6.0,1
11,202709,Cory Joseph,4.0,1.0,1.0,2.0,2.0,1.0,0.0,0.0,0.0,0.0,0.0,0.0,-6.0,6:59,4.4,1
12,203382,Aron Baynes,0.0,0.0,3.0,0.0,0.0,1.0,1.0,0.0,2.0,0.0,2.0,0.0,-6.0,6:59,-0.5,1
13,2546,Carmelo Anthony,16.0,5.0,10.0,8.0,6.0,1.0,7.0,1.0,1.0,0.0,3.0,1.0,-27.0,34:43,12.5,0
14,202697,Iman Shumpert,3.0,1.0,5.0,2.0,1.0,0.0,3.0,1.0,0.0,0.0,2.0,0.0,-20.0,22:04,0.6,0
15,200745,Andrea Bargnani,16.0,5.0,10.0,6.0,5.0,0.0,1.0,0.0,0.0,0.0,2.0,1.0,-26.0,26:01,9.1,0
16,101109,Raymond Felton,7.0,3.0,10.0,0.0,0.0,0.0,0.0,1.0,2.0,1.0,1.0,0.0,-18.0,24:50,3.9,0
17,203143,Pablo Prigioni,3.0,1.0,1.0,0.0,0.0,1.0,0.0,0.0,2.0,0.0,2.0,0.0,-20.0,15:10,4.0,0
18,2747,JR Smith,5.0,1.0,9.0,2.0,2.0,0.0,2.0,1.0,3.0,0.0,1.0,4.0,-18.0,20:33,-1.6,0
19,1897,Metta World Peace,13.0,5.0,11.0,2.0,2.0,2.0,3.0,1.0,3.0,0.0,5.0,2.0,-8.0,31:46,8.7,0
20,2757,Beno Udrih,6.0,3.0,9.0,0.0,0.0,1.0,0.0,1.0,1.0,0.0,3.0,1.0,-10.0,19:43,1.1,0
21,2405,Amar'e Stoudemire,2.0,1.0,5.0,2.0,0.0,1.0,1.0,0.0,0.0,0.0,2.0,0.0,-7.0,13:26,-1.7,0
22,203501,Tim Hardaway Jr.,11.0,3.0,7.0,5.0,4.0,1.0,1.0,0.0,1.0,0.0,1.0,1.0,-4.0,18:55,7.2,0
23,202332,Cole Aldrich,2.0,1.0,2.0,0.0,0.0,1.0,6.0,0.0,3.0,0.0,0.0,0.0,2.0,8:33,5.6,0
24,203315,Toure' Murry,5.0,2.0,3.0,2.0,1.0,1.0,0.0,0.0,0.0,0.0,0.0,0.0,1.0,4:16,4.0,0
25,2030,Kenyon Martin,,,,,,,,,,,,,,,0.0,0
