,id,name,PTS,FG,FGA,FTA,FT,OREB,DREB,STL,AST,BLK,PF,TO,PLUS_MINUS,MIN,GS,WIN
0,200758,Ronnie Brewer,0.0,0.0,2.0,0.0,0.0,0.0,2.0,0.0,1.0,0.0,0.0,1.0,2.0,25:04,-1.1,0
1,203093,Terrence Jones,6.0,3.0,10.0,0.0,0.0,3.0,5.0,1.0,2.0,0.0,0.0,0.0,0.0,26:34,6.2,0
2,2730,Dwight Howard,15.0,7.0,11.0,2.0,1.0,4.0,7.0,1.0,1.0,2.0,4.0,1.0,7.0,37:16,15.1,0
3,201935,James Harden,25.0,6.0,14.0,14.0,11.0,0.0,7.0,0.0,7.0,0.0,1.0,5.0,3.0,38:06,18.0,0
4,202391,Jeremy Lin,11.0,3.0,8.0,4.0,4.0,0.0,4.0,0.0,1.0,0.0,3.0,4.0,2.0,38:55,3.3,0
5,201166,Aaron Brooks,13.0,5.0,9.0,2.0,0.0,1.0,2.0,0.0,1.0,0.0,5.0,2.0,-8.0,27:07,5.9,0
6,202962,Greg Smith,4.0,2.0,2.0,0.0,0.0,1.0,2.0,0.0,0.0,0.0,0.0,0.0,-10.0,10:27,4.7,0
7,101128,Francisco Garcia,2.0,1.0,7.0,0.0,0.0,0.0,1.0,1.0,1.0,0.0,3.0,1.0,-5.0,23:21,-2.7,0
8,201956,Omri Casspi,0.0,0.0,2.0,0.0,0.0,0.0,0.0,0.0,0.0,0.0,0.0,0.0,0.0,6:10,-1.4,0
9,202700,Donatas Motiejunas,4.0,2.0,5.0,0.0,0.0,1.0,4.0,0.0,1.0,0.0,2.0,2.0,-6.0,7:00,1.1,0
10,201600,Omer Asik,,,,,,,,,,,,,,,0.0,0
11,203477,Isaiah Canaan,,,,,,,,,,,,,,,0.0,0
12,202718,Chandler Parsons,,,,,,,,,,,,,,,0.0,0
13,201960,DeMarre Carroll,5.0,1.0,9.0,2.0,2.0,1.0,4.0,1.0,2.0,0.0,3.0,0.0,-6.0,33:56,2.2,1
14,200794,Paul Millsap,20.0,8.0,18.0,3.0,2.0,4.0,3.0,1.0,5.0,1.0,3.0,3.0,1.0,32:00,14.9,1
15,203544,Pero Antic,4.0,2.0,8.0,0.0,0.0,1.0,2.0,0.0,0.0,0.0,4.0,3.0,-11.0,21:49,-4.1,1
16,2594,Kyle Korver,20.0,6.0,11.0,4.0,4.0,2.0,3.0,3.0,2.0,1.0,1.0,3.0,-6.0,37:28,18.7,1
17,201952,Jeff Teague,7.0,2.0,12.0,2.0,2.0,1.0,2.0,2.0,4.0,0.0,2.0,1.0,0.0,32:48,3.7,1
18,203118,Mike Scott,14.0,7.0,10.0,0.0,0.0,0.0,2.0,2.0,3.0,0.0,0.0,0.0,2.0,18:27,14.5,1
19,101150,Lou Williams,6.0,3.0,7.0,0.0,0.0,0.0,3.0,0.0,8.0,0.0,0.0,0.0,18.0,24:35,8.8,1
20,1882,Elton Brand,0.0,0.0,4.0,0.0,0.0,4.0,7.0,0.0,0.0,3.0,3.0,2.0,14.0,23:38,1.0,1
21,202714,Shelvin Mack,7.0,3.0,7.0,0.0,0.0,0.0,1.0,0.0,1.0,0.0,1.0,0.0,3.0,15:18,3.9,1
22,202970,Gustavo Ayon,,,,,,,,,,,,,,,0.0,1
23,203471,Dennis Schroder,,,,,,,,,,,,,,,0.0,1
