,id,name,PTS,FG,FGA,FTA,FT,OREB,DREB,STL,AST,BLK,PF,TO,PLUS_MINUS,MIN,GS,WIN
0,2399,Mike Dunleavy,8.0,3.0,9.0,0.0,0.0,2.0,5.0,0.0,4.0,0.0,2.0,2.0,-22.0,32:56,5.8,0
1,2430,Carlos Boozer,10.0,4.0,10.0,4.0,2.0,4.0,9.0,0.0,0.0,0.0,3.0,5.0,-21.0,29:50,3.1,0
2,201149,Joakim Noah,10.0,5.0,8.0,0.0,0.0,1.0,5.0,2.0,1.0,0.0,3.0,6.0,-13.0,34:39,4.1,0
3,202710,Jimmy Butler,13.0,4.0,11.0,9.0,5.0,1.0,1.0,4.0,2.0,0.0,2.0,5.0,-17.0,43:16,5.9,0
4,2550,Kirk Hinrich,5.0,2.0,7.0,0.0,0.0,0.0,3.0,0.0,1.0,0.0,4.0,3.0,-25.0,31:48,-2.1,0
5,201959,Taj Gibson,12.0,5.0,6.0,3.0,2.0,1.0,4.0,0.0,0.0,1.0,4.0,1.0,-3.0,21:54,9.4,0
6,201571,D.J. Augustin,16.0,4.0,9.0,7.0,7.0,0.0,3.0,0.0,4.0,0.0,2.0,2.0,9.0,26:32,12.2,0
7,203503,Tony Snell,2.0,1.0,2.0,0.0,0.0,0.0,0.0,0.0,0.0,0.0,3.0,1.0,6.0,6:31,-1.2,0
8,1737,Nazr Mohammed,2.0,1.0,1.0,0.0,0.0,0.0,4.0,0.0,0.0,0.0,0.0,0.0,5.0,9:37,2.9,0
9,202690,Jimmer Fredette,2.0,1.0,2.0,0.0,0.0,0.0,0.0,0.0,0.0,0.0,0.0,0.0,1.0,2:57,1.0,0
10,203513,Erik Murphy,,,,,,,,,,,,,,,0.0,0
11,203129,Tornike Shengelia,,,,,,,,,,,,,,,0.0,0
12,2207,Joe Johnson,19.0,7.0,11.0,2.0,2.0,0.0,2.0,1.0,3.0,0.0,0.0,1.0,29.0,32:54,16.8,1
13,1718,Paul Pierce,14.0,5.0,12.0,1.0,1.0,0.0,7.0,4.0,5.0,1.0,1.0,4.0,30.0,30:57,13.5,1
14,203486,Mason Plumlee,6.0,3.0,3.0,2.0,0.0,1.0,3.0,0.0,0.0,1.0,1.0,0.0,16.0,22:28,6.2,1
15,2733,Shaun Livingston,14.0,4.0,7.0,6.0,6.0,0.0,0.0,5.0,0.0,0.0,5.0,2.0,6.0,24:03,11.7,1
16,101114,Deron Williams,20.0,6.0,11.0,8.0,7.0,0.0,1.0,2.0,6.0,1.0,2.0,0.0,27.0,36:25,20.7,1
17,101154,Andray Blatche,11.0,4.0,11.0,3.0,3.0,1.0,4.0,3.0,3.0,0.0,3.0,1.0,-1.0,28:29,9.7,1
18,1905,Andrei Kirilenko,7.0,3.0,3.0,4.0,1.0,1.0,2.0,0.0,1.0,0.0,1.0,0.0,-2.0,24:33,6.5,1
19,203141,Mirza Teletovic,0.0,0.0,5.0,0.0,0.0,2.0,2.0,2.0,1.0,0.0,4.0,1.0,-13.0,14:06,-1.4,1
20,201977,Marcus Thornton,3.0,1.0,7.0,2.0,1.0,0.0,0.0,1.0,0.0,0.0,0.0,2.0,-10.0,20:27,-2.9,1
21,101187,Alan Anderson,2.0,1.0,2.0,0.0,0.0,1.0,0.0,0.0,0.0,0.0,0.0,0.0,-1.0,2:57,1.7,1
22,2215,Jason Collins,0.0,0.0,1.0,0.0,0.0,0.0,1.0,1.0,0.0,0.0,1.0,0.0,-1.0,2:41,0.2,1
23,708,Kevin Garnett,,,,,,,,,,,,,,,0.0,1
24,203104,Marquis Teague,,,,,,,,,,,,,,,0.0,1
