,id,name,PTS,FG,FGA,FTA,FT,OREB,DREB,STL,AST,BLK,PF,TO,PLUS_MINUS,MIN,GS,WIN
0,1890,Shawn Marion,10.0,5.0,13.0,0.0,0.0,2.0,5.0,3.0,2.0,3.0,2.0,4.0,-12.0,37:09,7.5,0
1,1717,Dirk Nowitzki,14.0,5.0,11.0,3.0,3.0,0.0,3.0,1.0,1.0,1.0,2.0,4.0,-19.0,31:26,6.8,0
2,2223,Samuel Dalembert,4.0,2.0,3.0,0.0,0.0,3.0,1.0,1.0,0.0,3.0,3.0,2.0,-16.0,12:30,5.0,0
3,101145,Monta Ellis,23.0,9.0,24.0,4.0,4.0,2.0,1.0,1.0,3.0,0.0,2.0,3.0,-16.0,36:43,10.8,0
4,101181,Jose Calderon,21.0,7.0,11.0,1.0,1.0,0.0,4.0,1.0,7.0,0.0,2.0,1.0,-14.0,33:01,21.4,0
5,201971,DeJuan Blair,8.0,4.0,6.0,2.0,0.0,5.0,4.0,2.0,2.0,0.0,4.0,2.0,6.0,20:46,9.1,0
6,203109,Jae Crowder,10.0,5.0,10.0,2.0,0.0,2.0,4.0,0.0,1.0,0.0,0.0,0.0,12.0,32:01,7.5,0
7,201961,Wayne Ellington,6.0,2.0,2.0,0.0,0.0,0.0,1.0,0.0,1.0,0.0,2.0,1.0,3.0,13:45,4.6,0
8,203539,Gal Mekel,7.0,3.0,8.0,2.0,1.0,0.0,1.0,0.0,4.0,0.0,1.0,0.0,10.0,15:25,4.9,0
9,203108,Bernard James,5.0,2.0,2.0,1.0,1.0,0.0,2.0,0.0,0.0,0.0,3.0,0.0,6.0,7:14,3.8,0
10,1713,Vince Carter,,,,,,,,,,,,,,,0.0,0
11,203495,Ricky Ledo,,,,,,,,,,,,,,,0.0,0
12,201147,Corey Brewer,17.0,7.0,14.0,3.0,2.0,1.0,2.0,0.0,4.0,0.0,3.0,2.0,13.0,37:29,10.5,1
13,201567,Kevin Love,32.0,12.0,21.0,5.0,5.0,6.0,9.0,0.0,8.0,1.0,2.0,2.0,19.0,34:39,32.5,1
14,201593,Nikola Pekovic,15.0,4.0,9.0,8.0,7.0,4.0,2.0,1.0,0.0,3.0,2.0,2.0,1.0,31:19,13.6,1
15,2755,Kevin Martin,32.0,10.0,19.0,10.0,9.0,0.0,5.0,2.0,2.0,0.0,1.0,2.0,14.0,37:40,24.8,1
16,201937,Ricky Rubio,6.0,2.0,8.0,2.0,2.0,0.0,3.0,3.0,4.0,0.0,1.0,3.0,13.0,34:36,4.5,1
17,203144,Alexey Shved,1.0,0.0,1.0,2.0,1.0,0.0,1.0,1.0,1.0,1.0,1.0,0.0,-5.0,7:26,2.2,1
18,200826,J.J. Barea,5.0,2.0,8.0,0.0,0.0,0.0,4.0,0.0,4.0,0.0,2.0,3.0,-6.0,16:18,0.4,1
19,201967,Dante Cunningham,6.0,3.0,6.0,0.0,0.0,5.0,2.0,1.0,3.0,1.0,2.0,0.0,0.0,29:36,10.1,1
20,203133,Robbie Hummel,2.0,1.0,3.0,0.0,0.0,0.0,0.0,0.0,0.0,0.0,1.0,0.0,-9.0,10:57,-0.1,1
21,203476,Gorgui Dieng,,,,,,,,,,,,,,,0.0,1
22,203498,Shabazz Muhammad,,,,,,,,,,,,,,,0.0,1
23,201985,AJ Price,,,,,,,,,,,,,,,0.0,1
24,202682,Derrick Williams,,,,,,,,,,,,,,,0.0,1
