,id,name,PTS,FG,FGA,FTA,FT,OREB,DREB,STL,AST,BLK,PF,TO,PLUS_MINUS,MIN,GS,WIN
0,203138,Hollis Thompson,17.0,6.0,7.0,1.0,1.0,2.0,4.0,1.0,3.0,1.0,5.0,1.0,-6.0,40:52,17.9,0
1,201152,Thaddeus Young,23.0,9.0,19.0,3.0,1.0,2.0,3.0,1.0,2.0,2.0,3.0,3.0,-1.0,41:00,14.4,0
2,203156,Henry Sims,9.0,3.0,10.0,4.0,3.0,3.0,8.0,0.0,3.0,1.0,5.0,1.0,8.0,28:05,7.1,0
3,203100,Tony Wroten,17.0,7.0,18.0,3.0,3.0,2.0,2.0,0.0,4.0,1.0,4.0,3.0,-3.0,36:08,8.1,0
4,203487,Michael Carter-Williams,15.0,7.0,20.0,5.0,1.0,1.0,12.0,1.0,5.0,1.0,5.0,6.0,-7.0,42:47,3.7,0
5,202343,Elliot Williams,2.0,0.0,1.0,2.0,2.0,0.0,3.0,0.0,1.0,0.0,4.0,1.0,-8.0,15:29,0.3,0
6,203263,James Nunnally,0.0,0.0,1.0,0.0,0.0,0.0,0.0,0.0,1.0,0.0,2.0,0.0,-3.0,8:44,-0.8,0
7,202363,Jarvis Varnado,2.0,1.0,2.0,0.0,0.0,0.0,0.0,0.0,1.0,0.0,2.0,1.0,-9.0,8:38,-0.1,0
8,203561,Brandon Davies,0.0,0.0,0.0,2.0,0.0,0.0,1.0,0.0,0.0,0.0,1.0,0.0,-3.0,3:19,-0.9,0
9,201957,Byron Mullens,5.0,2.0,3.0,0.0,0.0,1.0,1.0,0.0,1.0,0.0,2.0,2.0,-13.0,14:59,2.6,0
10,202341,James Anderson,,,,,,,,,,,,,,,0.0,0
11,203130,Darius Johnson-Odom,,,,,,,,,,,,,,,0.0,0
12,202331,Paul George,24.0,4.0,14.0,16.0,15.0,3.0,5.0,1.0,2.0,0.0,1.0,2.0,7.0,35:57,19.0,1
13,2561,David West,7.0,3.0,14.0,1.0,1.0,2.0,10.0,2.0,3.0,1.0,3.0,0.0,10.0,35:03,6.4,1
14,201579,Roy Hibbert,8.0,3.0,8.0,2.0,2.0,2.0,3.0,1.0,1.0,1.0,4.0,3.0,-7.0,27:36,3.7,1
15,202362,Lance Stephenson,25.0,8.0,16.0,9.0,8.0,2.0,3.0,1.0,1.0,0.0,2.0,5.0,-1.0,37:56,14.8,1
16,201588,George Hill,11.0,4.0,11.0,0.0,0.0,3.0,2.0,2.0,3.0,1.0,2.0,1.0,2.0,36:02,10.6,1
17,202323,Evan Turner,4.0,2.0,7.0,0.0,0.0,1.0,6.0,0.0,1.0,0.0,1.0,2.0,12.0,22:08,0.7,1
18,101133,Ian Mahinmi,10.0,4.0,5.0,4.0,2.0,3.0,2.0,0.0,1.0,1.0,2.0,0.0,13.0,19:28,10.6,1
19,202388,Donald Sloan,5.0,2.0,2.0,0.0,0.0,0.0,2.0,1.0,0.0,0.0,1.0,1.0,7.0,11:58,4.6,1
20,2449,Luis Scola,5.0,1.0,4.0,6.0,3.0,0.0,3.0,1.0,1.0,0.0,1.0,1.0,0.0,13:36,2.6,1
21,203142,Chris Copeland,0.0,0.0,0.0,0.0,0.0,0.0,0.0,0.0,0.0,0.0,0.0,0.0,2.0,0:18,0.0,1
22,202730,Lavoy Allen,,,,,,,,,,,,,,,0.0,1
23,2446,Rasual Butler,,,,,,,,,,,,,,,0.0,1
24,203524,Solomon Hill,,,,,,,,,,,,,,,0.0,1
