,id,name,PTS,FG,FGA,FTA,FT,OREB,DREB,STL,AST,BLK,PF,TO,PLUS_MINUS,MIN,GS,WIN
0,200752,Rudy Gay,19.0,7.0,18.0,5.0,5.0,2.0,2.0,0.0,3.0,0.0,2.0,4.0,-3.0,37:09,8.5,0
1,201574,Jason Thompson,10.0,5.0,7.0,0.0,0.0,2.0,4.0,0.0,0.0,1.0,2.0,0.0,-6.0,27:34,9.6,0
2,202326,DeMarcus Cousins,22.0,6.0,20.0,13.0,10.0,3.0,14.0,0.0,1.0,1.0,5.0,2.0,-5.0,39:30,12.9,0
3,201977,Marcus Thornton,5.0,2.0,4.0,0.0,0.0,0.0,1.0,1.0,1.0,0.0,0.0,1.0,-4.0,25:05,4.0,0
4,202738,Isaiah Thomas,14.0,5.0,14.0,3.0,2.0,0.0,3.0,1.0,9.0,0.0,3.0,3.0,-7.0,38:59,9.8,0
5,201189,Aaron Gray,0.0,0.0,0.0,0.0,0.0,0.0,2.0,0.0,0.0,0.0,2.0,2.0,1.0,12:02,-2.2,0
6,202682,Derrick Williams,10.0,4.0,7.0,2.0,2.0,2.0,3.0,1.0,1.0,0.0,1.0,0.0,4.0,26:13,10.3,0
7,203463,Ben McLemore,7.0,3.0,6.0,0.0,0.0,0.0,1.0,0.0,0.0,0.0,0.0,0.0,4.0,13:22,4.3,0
8,202690,Jimmer Fredette,3.0,1.0,4.0,0.0,0.0,0.0,0.0,0.0,1.0,0.0,0.0,2.0,6.0,9:03,-0.7,0
9,203112,Quincy Acy,0.0,0.0,1.0,0.0,0.0,1.0,3.0,1.0,1.0,0.0,1.0,0.0,5.0,11:03,2.2,0
10,201171,Carl Landry,,,,,,,,,,,,,,,0.0,0
11,2566,Travis Outlaw,,,,,,,,,,,,,,,0.0,0
12,2419,Tayshaun Prince,2.0,1.0,5.0,0.0,0.0,0.0,4.0,1.0,1.0,0.0,0.0,0.0,9.0,27:11,1.8,1
13,2216,Zach Randolph,12.0,5.0,12.0,2.0,2.0,1.0,8.0,0.0,2.0,4.0,1.0,2.0,5.0,35:54,10.5,1
14,201188,Marc Gasol,16.0,7.0,13.0,2.0,2.0,1.0,2.0,2.0,2.0,4.0,5.0,1.0,6.0,30:53,14.2,1
15,201584,Courtney Lee,17.0,7.0,14.0,2.0,2.0,0.0,5.0,0.0,2.0,1.0,1.0,1.0,10.0,32:43,12.2,1
16,201144,Mike Conley,25.0,8.0,13.0,8.0,6.0,0.0,2.0,1.0,6.0,1.0,3.0,1.0,7.0,37:20,22.6,1
17,201949,James Johnson,7.0,3.0,10.0,0.0,0.0,2.0,2.0,1.0,4.0,2.0,4.0,2.0,-8.0,20:51,4.8,1
18,201585,Kosta Koufos,2.0,1.0,3.0,2.0,0.0,0.0,2.0,1.0,0.0,1.0,3.0,0.0,-5.0,15:42,0.6,1
19,201979,Nick Calathes,7.0,3.0,4.0,0.0,0.0,0.0,2.0,2.0,0.0,0.0,2.0,1.0,-5.0,14:47,6.2,1
20,202334,Ed Davis,3.0,1.0,2.0,2.0,1.0,0.0,3.0,0.0,0.0,0.0,3.0,0.0,-4.0,12:04,1.3,1
21,2034,Mike Miller,0.0,0.0,2.0,0.0,0.0,0.0,3.0,0.0,1.0,0.0,1.0,2.0,-10.0,12:35,-2.2,1
22,2754,Tony Allen,,,,,,,,,,,,,,,0.0,1
23,203479,Jamaal Franklin,,,,,,,,,,,,,,,0.0,1
24,202720,Jon Leuer,,,,,,,,,,,,,,,0.0,1
