,id,name,PTS,FG,FGA,FTA,FT,OREB,DREB,STL,AST,BLK,PF,TO,PLUS_MINUS,MIN,GS,WIN
0,2440,Matt Barnes,14.0,5.0,7.0,0.0,0.0,1.0,4.0,1.0,0.0,1.0,5.0,1.0,6.0,31:07,11.7,0
1,201933,Blake Griffin,21.0,6.0,13.0,15.0,9.0,2.0,6.0,2.0,3.0,2.0,3.0,3.0,0.0,38:53,16.4,0
2,201599,DeAndre Jordan,8.0,4.0,6.0,4.0,0.0,7.0,9.0,0.0,1.0,4.0,3.0,4.0,4.0,35:50,9.7,0
3,201954,Darren Collison,11.0,4.0,9.0,2.0,2.0,1.0,1.0,0.0,7.0,0.0,3.0,1.0,6.0,27:08,10.0,0
4,101108,Chris Paul,2.0,0.0,12.0,2.0,2.0,1.0,3.0,3.0,12.0,0.0,3.0,2.0,1.0,35:18,3.4,0
5,2037,Jamal Crawford,31.0,10.0,23.0,5.0,4.0,0.0,1.0,1.0,2.0,0.0,2.0,1.0,-12.0,34:45,19.4,0
6,101122,Danny Granger,0.0,0.0,4.0,0.0,0.0,0.0,1.0,0.0,0.0,1.0,1.0,0.0,-7.0,16:05,-2.2,0
7,201175,Glen Davis,6.0,3.0,3.0,0.0,0.0,0.0,2.0,0.0,0.0,0.0,1.0,0.0,-3.0,13:37,5.3,0
8,2045,Hedo Turkoglu,3.0,1.0,3.0,0.0,0.0,0.0,1.0,0.0,0.0,1.0,0.0,0.0,-5.0,7:17,2.3,0
9,203493,Reggie Bullock,,,,,,,,,,,,,,,0.0,0
10,201162,Jared Dudley,,,,,,,,,,,,,,,0.0,0
11,2584,Willie Green,,,,,,,,,,,,,,,0.0,0
12,200797,Ryan Hollins,,,,,,,,,,,,,,,0.0,0
13,202329,Al-Farouq Aminu,8.0,4.0,7.0,0.0,0.0,3.0,7.0,1.0,6.0,2.0,0.0,1.0,-5.0,30:05,14.5,1
14,203076,Anthony Davis,16.0,5.0,19.0,8.0,6.0,4.0,9.0,2.0,4.0,5.0,3.0,2.0,3.0,37:30,14.5,1
15,201880,Greg Stiemsma,4.0,2.0,5.0,0.0,0.0,1.0,5.0,0.0,1.0,2.0,2.0,2.0,-3.0,20:49,2.8,1
16,201627,Anthony Morrow,27.0,9.0,17.0,8.0,7.0,2.0,3.0,0.0,0.0,0.0,4.0,0.0,5.0,33:59,19.0,1
17,201936,Tyreke Evans,10.0,5.0,16.0,0.0,0.0,1.0,3.0,2.0,9.0,0.0,3.0,4.0,-6.0,40:50,5.5,1
18,203481,Jeff Withey,2.0,0.0,3.0,2.0,2.0,1.0,0.0,0.0,0.0,0.0,1.0,1.0,5.0,6:25,-0.8,1
19,201582,Alexis Ajinca,14.0,6.0,11.0,2.0,2.0,4.0,7.0,0.0,1.0,0.0,5.0,0.0,4.0,27:35,12.3,1
20,202337,Luke Babbitt,1.0,0.0,3.0,2.0,1.0,1.0,1.0,0.0,2.0,0.0,0.0,0.0,4.0,14:03,0.9,1
21,203121,Darius Miller,16.0,7.0,9.0,3.0,1.0,0.0,1.0,1.0,1.0,0.0,2.0,1.0,3.0,28:45,11.9,1
22,201569,Eric Gordon,,,,,,,,,,,,,,,0.0,1
23,203085,Austin Rivers,,,,,,,,,,,,,,,0.0,1
24,203148,Brian Roberts,,,,,,,,,,,,,,,0.0,1
25,201160,Jason Smith,,,,,,,,,,,,,,,0.0,1
