,id,name,PTS,FG,FGA,FTA,FT,OREB,DREB,STL,AST,BLK,PF,TO,PLUS_MINUS,MIN,GS,WIN
0,203082,Terrence Ross,6.0,2.0,4.0,1.0,1.0,0.0,4.0,2.0,4.0,1.0,6.0,2.0,17.0,22:32,6.3,1
1,101161,Amir Johnson,8.0,3.0,3.0,3.0,2.0,0.0,2.0,2.0,1.0,2.0,5.0,0.0,2.0,16:50,9.4,1
2,202685,Jonas Valanciunas,18.0,5.0,12.0,9.0,8.0,2.0,6.0,1.0,1.0,0.0,2.0,0.0,9.0,29:50,15.3,1
3,201942,DeMar DeRozan,30.0,10.0,19.0,10.0,8.0,0.0,1.0,0.0,3.0,0.0,3.0,0.0,7.0,37:34,21.1,1
4,200768,Kyle Lowry,28.0,9.0,18.0,8.0,6.0,1.0,1.0,2.0,7.0,0.0,6.0,2.0,8.0,33:32,21.7,1
5,202335,Patrick Patterson,4.0,2.0,5.0,0.0,0.0,2.0,6.0,0.0,1.0,3.0,1.0,1.0,6.0,24:39,5.9,1
6,2422,John Salmons,0.0,0.0,3.0,0.0,0.0,0.0,1.0,0.0,1.0,0.0,2.0,0.0,-5.0,16:05,-1.9,1
7,201946,Tyler Hansbrough,2.0,0.0,0.0,2.0,2.0,0.0,3.0,1.0,0.0,0.0,2.0,0.0,3.0,10:36,3.1,1
8,202349,Greivis Vasquez,14.0,5.0,9.0,2.0,2.0,0.0,0.0,0.0,2.0,0.0,3.0,3.0,3.0,19:21,6.9,1
9,201986,Nando De Colo,4.0,2.0,5.0,0.0,0.0,1.0,0.0,0.0,2.0,0.0,3.0,1.0,-3.0,14:56,1.2,1
10,101236,Chuck Hayes,2.0,1.0,3.0,0.0,0.0,2.0,8.0,0.0,0.0,0.0,2.0,0.0,-2.0,14:05,3.3,1
11,202779,Dwight Buycks,,,,,,,,,,,,,,,0.0,1
12,200779,Steve Novak,,,,,,,,,,,,,,,0.0,1
13,202713,Kyle Singler,14.0,4.0,9.0,6.0,4.0,2.0,4.0,0.0,3.0,0.0,3.0,0.0,-14.0,40:32,12.0,0
14,202328,Greg Monroe,23.0,8.0,13.0,11.0,7.0,4.0,6.0,0.0,1.0,1.0,3.0,2.0,7.0,33:43,18.3,0
15,203083,Andre Drummond,14.0,5.0,9.0,8.0,4.0,6.0,11.0,2.0,2.0,3.0,5.0,3.0,2.0,31:16,16.1,0
16,201155,Rodney Stuckey,18.0,5.0,11.0,10.0,8.0,3.0,3.0,0.0,4.0,0.0,4.0,4.0,-4.0,28:07,11.7,0
17,201943,Brandon Jennings,17.0,6.0,18.0,4.0,3.0,0.0,3.0,1.0,7.0,0.0,0.0,2.0,-4.0,28:32,11.2,0
18,201973,Jonas Jerebko,6.0,2.0,5.0,1.0,1.0,2.0,2.0,1.0,2.0,0.0,4.0,1.0,-20.0,22:56,5.1,0
19,203502,Tony Mitchell,2.0,1.0,2.0,1.0,0.0,3.0,0.0,2.0,0.0,0.0,4.0,1.0,-4.0,6:41,2.1,0
20,203540,Gigi Datome,0.0,0.0,2.0,0.0,0.0,0.0,4.0,0.0,2.0,0.0,1.0,0.0,-1.0,13:24,0.8,0
21,203491,Peyton Siva,9.0,2.0,9.0,7.0,5.0,0.0,0.0,0.0,4.0,0.0,3.0,1.0,-5.0,19:53,3.3,0
22,203484,Kentavious Caldwell-Pope,4.0,2.0,6.0,0.0,0.0,1.0,1.0,0.0,0.0,0.0,2.0,0.0,-2.0,14:56,0.8,0
23,2746,Josh Smith,,,,,,,,,,,,,,,0.0,0
24,101111,Charlie Villanueva,,,,,,,,,,,,,,,0.0,0
