,id,name,PTS,FG,FGA,FTA,FT,OREB,DREB,STL,AST,BLK,PF,TO,PLUS_MINUS,MIN,GS,WIN
0,203114,Khris Middleton,2.0,1.0,8.0,0.0,0.0,0.0,2.0,2.0,5.0,0.0,3.0,2.0,-25.0,34:56,-0.3,0
1,101141,Ersan Ilyasova,29.0,11.0,16.0,4.0,4.0,2.0,7.0,2.0,0.0,0.0,0.0,0.0,3.0,33:09,27.7,0
2,202336,Larry Sanders,6.0,2.0,8.0,4.0,2.0,4.0,4.0,0.0,1.0,0.0,3.0,3.0,-3.0,27:29,0.9,0
3,203507,Giannis Antetokounmpo,11.0,5.0,10.0,4.0,1.0,3.0,4.0,2.0,4.0,1.0,5.0,4.0,-13.0,32:59,7.6,0
4,202688,Brandon Knight,16.0,4.0,11.0,6.0,6.0,3.0,1.0,1.0,4.0,0.0,2.0,1.0,-5.0,28:04,14.3,0
5,2557,Luke Ridnour,7.0,2.0,6.0,2.0,1.0,0.0,1.0,0.0,7.0,0.0,2.0,1.0,-10.0,23:55,6.6,0
6,201564,O.J. Mayo,5.0,2.0,8.0,0.0,0.0,0.0,0.0,0.0,1.0,1.0,4.0,2.0,-26.0,17:30,-2.0,0
7,203089,John Henson,8.0,4.0,6.0,0.0,0.0,3.0,2.0,0.0,0.0,4.0,0.0,2.0,-23.0,17:28,8.9,0
8,2406,Caron Butler,5.0,2.0,7.0,0.0,0.0,0.0,3.0,0.0,0.0,1.0,1.0,1.0,-22.0,16:02,1.1,0
9,203545,Miroslav Raduljica,5.0,2.0,3.0,2.0,1.0,0.0,1.0,1.0,0.0,0.0,1.0,0.0,7.0,4:14,4.2,0
10,203489,Nate Wolters,0.0,0.0,0.0,0.0,0.0,0.0,0.0,0.0,1.0,0.0,0.0,0.0,7.0,4:14,0.7,0
11,202390,Gary Neal,,,,,,,,,,,,,,,0.0,0
12,202327,Ekpe Udoh,,,,,,,,,,,,,,,0.0,0
13,203082,Terrence Ross,8.0,2.0,8.0,2.0,2.0,0.0,5.0,3.0,1.0,0.0,4.0,0.0,30.0,26:27,6.8,1
14,101161,Amir Johnson,6.0,3.0,8.0,0.0,0.0,3.0,3.0,0.0,0.0,0.0,3.0,1.0,5.0,19:53,2.4,1
15,202685,Jonas Valanciunas,17.0,5.0,10.0,10.0,7.0,4.0,6.0,0.0,0.0,1.0,3.0,4.0,23.0,31:44,10.9,1
16,201942,DeMar DeRozan,19.0,8.0,16.0,5.0,3.0,2.0,5.0,1.0,7.0,1.0,2.0,1.0,13.0,32:46,17.9,1
17,200768,Kyle Lowry,23.0,6.0,8.0,7.0,7.0,1.0,1.0,4.0,5.0,1.0,3.0,0.0,15.0,29:58,27.8,1
18,202335,Patrick Patterson,18.0,7.0,11.0,4.0,3.0,4.0,0.0,0.0,2.0,0.0,4.0,3.0,21.0,25:06,12.3,1
19,2422,John Salmons,10.0,3.0,5.0,2.0,2.0,0.0,4.0,0.0,5.0,0.0,1.0,0.0,16.0,26:55,12.0,1
20,101236,Chuck Hayes,2.0,1.0,4.0,0.0,0.0,2.0,2.0,1.0,1.0,0.0,0.0,0.0,2.0,15:03,3.3,1
21,202349,Greivis Vasquez,8.0,3.0,5.0,0.0,0.0,0.0,0.0,0.0,4.0,0.0,2.0,4.0,5.0,20:41,3.7,1
22,202361,Landry Fields,0.0,0.0,2.0,0.0,0.0,0.0,1.0,0.0,1.0,0.0,1.0,1.0,-7.0,4:14,-1.8,1
23,200779,Steve Novak,3.0,1.0,1.0,0.0,0.0,0.0,1.0,0.0,0.0,0.0,0.0,0.0,-7.0,4:14,3.0,1
24,201948,Austin Daye,2.0,1.0,1.0,0.0,0.0,0.0,2.0,0.0,0.0,0.0,0.0,0.0,-6.0,2:59,2.3,1
25,202933,Julyan Stone,,,,,,,,,,,,,,,0.0,1
