,id,name,PTS,FG,FGA,FTA,FT,OREB,DREB,STL,AST,BLK,PF,TO,PLUS_MINUS,MIN,GS,WIN
0,201147,Corey Brewer,17.0,6.0,9.0,6.0,4.0,0.0,1.0,4.0,3.0,2.0,2.0,2.0,27.0,38:02,17.3,1
1,201567,Kevin Love,25.0,8.0,17.0,5.0,5.0,1.0,12.0,1.0,3.0,0.0,2.0,3.0,21.0,36:47,19.9,1
2,201593,Nikola Pekovic,14.0,6.0,14.0,3.0,2.0,4.0,6.0,1.0,4.0,1.0,2.0,3.0,16.0,34:24,11.5,1
3,2755,Kevin Martin,27.0,11.0,23.0,2.0,2.0,0.0,5.0,2.0,1.0,0.0,1.0,0.0,10.0,33:02,19.1,1
4,201937,Ricky Rubio,12.0,5.0,9.0,0.0,0.0,1.0,9.0,5.0,14.0,0.0,1.0,5.0,27.0,38:00,20.5,1
5,201967,Dante Cunningham,2.0,1.0,4.0,0.0,0.0,2.0,3.0,0.0,1.0,2.0,3.0,0.0,8.0,18:50,2.8,1
6,200826,J.J. Barea,9.0,4.0,8.0,1.0,1.0,0.0,3.0,0.0,3.0,0.0,3.0,3.0,8.0,18:59,3.8,1
7,203144,Alexey Shved,3.0,1.0,1.0,2.0,1.0,2.0,0.0,1.0,0.0,0.0,0.0,1.0,-4.0,7:36,3.7,1
8,201985,AJ Price,2.0,1.0,1.0,0.0,0.0,0.0,0.0,0.0,0.0,0.0,0.0,0.0,1.0,3:12,1.7,1
9,202682,Derrick Williams,0.0,0.0,1.0,0.0,0.0,0.0,0.0,0.0,0.0,0.0,0.0,1.0,1.0,3:12,-1.7,1
10,203476,Gorgui Dieng,0.0,0.0,1.0,0.0,0.0,1.0,1.0,0.0,0.0,0.0,0.0,1.0,0.0,2:47,-0.7,1
11,203498,Shabazz Muhammad,0.0,0.0,1.0,0.0,0.0,0.0,0.0,0.0,0.0,0.0,1.0,1.0,0.0,2:47,-2.1,1
12,203133,Robbie Hummel,2.0,1.0,1.0,0.0,0.0,1.0,1.0,0.0,0.0,0.0,0.0,1.0,0.0,2:22,1.7,1
13,201156,Nick Young,8.0,3.0,9.0,2.0,2.0,1.0,3.0,0.0,0.0,0.0,2.0,0.0,-20.0,19:35,3.7,0
14,2200,Pau Gasol,11.0,5.0,12.0,3.0,1.0,4.0,7.0,0.0,4.0,4.0,3.0,4.0,-14.0,29:17,9.1,0
15,2549,Chris Kaman,8.0,4.0,10.0,0.0,0.0,0.0,5.0,0.0,0.0,0.0,2.0,3.0,-17.0,19:15,0.3,0
16,2581,Steve Blake,19.0,7.0,11.0,0.0,0.0,0.0,3.0,3.0,8.0,0.0,0.0,1.0,-14.0,34:42,22.6,0
17,959,Steve Nash,2.0,0.0,3.0,2.0,2.0,0.0,0.0,0.0,3.0,0.0,1.0,2.0,-16.0,13:21,-0.4,0
18,202325,Wesley Johnson,5.0,2.0,10.0,0.0,0.0,1.0,2.0,0.0,1.0,1.0,2.0,1.0,-11.0,22:13,-0.3,0
19,200770,Jordan Farmar,4.0,1.0,7.0,2.0,2.0,1.0,0.0,1.0,0.0,0.0,0.0,3.0,-15.0,14:24,-1.8,0
20,201975,Jodie Meeks,16.0,6.0,10.0,2.0,2.0,0.0,2.0,1.0,2.0,1.0,2.0,1.0,1.0,29:12,13.3,0
21,201941,Jordan Hill,7.0,3.0,5.0,3.0,1.0,6.0,3.0,1.0,1.0,0.0,1.0,2.0,-9.0,18:43,8.3,0
22,202333,Xavier Henry,2.0,1.0,8.0,4.0,0.0,3.0,5.0,1.0,1.0,0.0,0.0,0.0,-11.0,14:15,0.5,0
23,200761,Shawne Williams,8.0,3.0,7.0,0.0,0.0,0.0,0.0,1.0,4.0,2.0,3.0,1.0,11.0,25:03,7.3,0
24,203548,Elias Harris,,,,,,,,,,,,,,,0.0,0
25,203135,Robert Sacre,,,,,,,,,,,,,,,0.0,0
