,id,name,PTS,FG,FGA,FTA,FT,OREB,DREB,STL,AST,BLK,PF,TO,PLUS_MINUS,MIN,GS,WIN
0,2746,Josh Smith,2.0,1.0,6.0,0.0,0.0,0.0,0.0,1.0,2.0,0.0,1.0,0.0,-15.0,18:51,0.2,0
1,202328,Greg Monroe,15.0,6.0,15.0,6.0,3.0,3.0,2.0,2.0,2.0,0.0,2.0,3.0,-29.0,30:58,8.0,0
2,203083,Andre Drummond,16.0,8.0,10.0,0.0,0.0,8.0,6.0,3.0,0.0,3.0,3.0,0.0,1.0,28:34,23.5,0
3,1497,Chauncey Billups,0.0,0.0,1.0,0.0,0.0,0.0,0.0,0.0,1.0,0.0,0.0,0.0,-12.0,5:40,0.0,0
4,201943,Brandon Jennings,13.0,5.0,14.0,4.0,3.0,1.0,0.0,0.0,2.0,0.0,2.0,3.0,-31.0,27:02,3.1,0
5,202713,Kyle Singler,4.0,1.0,2.0,2.0,2.0,0.0,0.0,0.0,1.0,0.0,3.0,2.0,-5.0,17:32,0.5,0
6,201155,Rodney Stuckey,7.0,2.0,9.0,3.0,3.0,0.0,2.0,1.0,2.0,0.0,1.0,1.0,-11.0,27:37,3.1,0
7,203484,Kentavious Caldwell-Pope,9.0,4.0,11.0,0.0,0.0,1.0,2.0,2.0,1.0,0.0,2.0,0.0,-1.0,23:45,6.1,0
8,101198,Will Bynum,14.0,4.0,8.0,10.0,6.0,0.0,4.0,3.0,4.0,0.0,3.0,1.0,13.0,20:58,13.2,0
9,203502,Tony Mitchell,3.0,1.0,2.0,2.0,1.0,2.0,1.0,0.0,1.0,0.0,2.0,0.0,-4.0,12:43,3.2,0
10,203540,Gigi Datome,10.0,4.0,6.0,0.0,0.0,1.0,0.0,0.0,0.0,1.0,4.0,2.0,3.0,17:25,5.2,0
11,201973,Jonas Jerebko,2.0,1.0,3.0,0.0,0.0,0.0,1.0,0.0,0.0,0.0,2.0,0.0,1.0,8:55,-0.2,0
12,101111,Charlie Villanueva,,,,,,,,,,,,,,,0.0,0
13,2738,Andre Iguodala,8.0,2.0,6.0,2.0,2.0,1.0,2.0,2.0,11.0,0.0,2.0,3.0,26.0,31:57,11.8,1
14,101135,David Lee,17.0,6.0,10.0,6.0,5.0,2.0,7.0,0.0,2.0,0.0,1.0,1.0,31.0,27:02,15.5,1
15,101106,Andrew Bogut,8.0,4.0,7.0,0.0,0.0,2.0,7.0,1.0,1.0,2.0,3.0,4.0,26.0,24:24,6.1,1
16,202691,Klay Thompson,14.0,6.0,9.0,0.0,0.0,0.0,2.0,0.0,3.0,0.0,2.0,0.0,17.0,26:54,12.0,1
17,201939,Stephen Curry,25.0,7.0,10.0,9.0,9.0,1.0,1.0,1.0,8.0,0.0,4.0,2.0,20.0,29:00,24.8,1
18,979,Jermaine O'Neal,17.0,7.0,8.0,5.0,3.0,2.0,4.0,0.0,0.0,0.0,5.0,4.0,-10.0,22:56,10.0,1
19,203084,Harrison Barnes,8.0,4.0,8.0,2.0,0.0,0.0,3.0,0.0,1.0,0.0,3.0,3.0,1.0,25:51,0.6,1
20,201578,Marreese Speights,2.0,1.0,3.0,0.0,0.0,2.0,2.0,0.0,0.0,0.0,0.0,1.0,-9.0,13:50,1.3,1
21,203145,Kent Bazemore,3.0,1.0,2.0,0.0,0.0,0.0,1.0,0.0,0.0,0.0,3.0,3.0,-6.0,9:00,-1.9,1
22,203110,Draymond Green,5.0,2.0,3.0,0.0,0.0,0.0,3.0,1.0,2.0,0.0,1.0,1.0,-8.0,17:34,5.6,1
23,203517,Nemanja Nedovic,4.0,1.0,2.0,2.0,2.0,0.0,0.0,0.0,0.0,0.0,0.0,1.0,0.0,6:17,2.0,1
24,203136,Ognjen Kuzmic,2.0,1.0,2.0,0.0,0.0,0.0,1.0,0.0,0.0,1.0,1.0,0.0,2.0,5:15,1.6,1
25,201962,Toney Douglas,,,,,,,,,,,,,,,0.0,1
