,id,name,PTS,FG,FGA,FTA,FT,OREB,DREB,STL,AST,BLK,PF,TO,PLUS_MINUS,MIN,GS,WIN
0,2440,Matt Barnes,11.0,4.0,7.0,0.0,0.0,1.0,3.0,1.0,1.0,0.0,2.0,2.0,4.0,31:59,8.2,1
1,201933,Blake Griffin,30.0,10.0,18.0,13.0,10.0,2.0,3.0,1.0,2.0,0.0,5.0,0.0,5.0,39:24,22.9,1
2,201599,DeAndre Jordan,6.0,2.0,4.0,2.0,2.0,4.0,7.0,1.0,0.0,0.0,5.0,1.0,-10.0,32:38,6.9,1
3,200755,JJ Redick,18.0,7.0,13.0,2.0,2.0,0.0,2.0,0.0,0.0,0.0,1.0,0.0,1.0,23:12,11.9,1
4,201954,Darren Collison,12.0,5.0,11.0,0.0,0.0,0.0,1.0,4.0,6.0,0.0,2.0,2.0,2.0,38:29,12.0,1
5,2037,Jamal Crawford,37.0,12.0,23.0,8.0,8.0,1.0,2.0,2.0,11.0,0.0,1.0,1.0,10.0,31:59,35.3,1
6,201162,Jared Dudley,4.0,2.0,2.0,0.0,0.0,0.0,3.0,0.0,0.0,0.0,2.0,0.0,18.0,17:30,3.5,1
7,2584,Willie Green,6.0,3.0,4.0,0.0,0.0,0.0,2.0,0.0,0.0,0.0,4.0,0.0,3.0,12:21,3.4,1
8,2045,Hedo Turkoglu,2.0,1.0,2.0,0.0,0.0,0.0,1.0,0.0,0.0,0.0,1.0,0.0,3.0,9:16,0.9,1
9,200797,Ryan Hollins,0.0,0.0,0.0,0.0,0.0,0.0,0.0,1.0,0.0,1.0,0.0,0.0,4.0,3:06,1.7,1
10,202721,Darius Morris,0.0,0.0,0.0,0.0,0.0,0.0,0.0,0.0,0.0,0.0,0.0,0.0,0.0,0:07,0.0,1
11,203493,Reggie Bullock,,,,,,,,,,,,,,,0.0,1
12,1712,Antawn Jamison,,,,,,,,,,,,,,,0.0,1
13,203082,Terrence Ross,51.0,16.0,29.0,10.0,9.0,3.0,6.0,1.0,1.0,0.0,4.0,3.0,-4.0,43:53,37.7,0
14,101161,Amir Johnson,8.0,4.0,4.0,0.0,0.0,2.0,1.0,0.0,2.0,0.0,5.0,1.0,-13.0,24:28,6.9,0
15,202685,Jonas Valanciunas,17.0,5.0,9.0,8.0,7.0,4.0,8.0,0.0,1.0,0.0,3.0,2.0,-4.0,34:18,15.0,0
16,201942,DeMar DeRozan,10.0,2.0,6.0,4.0,4.0,0.0,3.0,1.0,3.0,0.0,1.0,0.0,-8.0,21:22,10.2,0
17,200768,Kyle Lowry,11.0,2.0,10.0,9.0,6.0,3.0,1.0,1.0,12.0,1.0,3.0,3.0,0.0,39:21,11.9,0
18,101236,Chuck Hayes,2.0,0.0,1.0,2.0,2.0,1.0,4.0,0.0,0.0,0.0,3.0,1.0,-7.0,13:05,1.0,0
19,2422,John Salmons,2.0,1.0,5.0,0.0,0.0,0.0,0.0,1.0,1.0,0.0,1.0,0.0,-14.0,19:25,0.2,0
20,202335,Patrick Patterson,7.0,2.0,3.0,2.0,2.0,0.0,2.0,0.0,1.0,0.0,2.0,1.0,3.0,16:12,5.2,0
21,202349,Greivis Vasquez,8.0,3.0,6.0,3.0,2.0,2.0,1.0,0.0,3.0,0.0,0.0,3.0,2.0,19:59,5.4,0
22,200779,Steve Novak,2.0,1.0,1.0,0.0,0.0,0.0,1.0,0.0,0.0,0.0,0.0,0.0,5.0,7:57,2.0,0
23,202779,Dwight Buycks,,,,,,,,,,,,,,,0.0,0
24,201948,Austin Daye,,,,,,,,,,,,,,,0.0,0
25,202933,Julyan Stone,,,,,,,,,,,,,,,0.0,0
