,id,name,PTS,FG,FGA,FTA,FT,OREB,DREB,STL,AST,BLK,PF,TO,PLUS_MINUS,MIN,GS,WIN
0,2399,Mike Dunleavy,15.0,5.0,12.0,4.0,4.0,0.0,4.0,0.0,4.0,0.0,3.0,1.0,-4.0,31:12,10.4,1
1,2430,Carlos Boozer,12.0,5.0,9.0,2.0,2.0,1.0,10.0,0.0,2.0,1.0,2.0,0.0,1.0,24:00,12.7,1
2,201149,Joakim Noah,14.0,6.0,12.0,4.0,2.0,4.0,6.0,1.0,6.0,4.0,2.0,5.0,1.0,38:03,14.0,1
3,202710,Jimmy Butler,16.0,5.0,8.0,5.0,5.0,1.0,5.0,2.0,4.0,2.0,4.0,5.0,9.0,45:59,14.2,1
4,2550,Kirk Hinrich,3.0,1.0,5.0,2.0,0.0,0.0,2.0,1.0,2.0,0.0,4.0,0.0,4.0,24:27,0.5,1
5,201571,D.J. Augustin,20.0,6.0,15.0,4.0,4.0,1.0,1.0,0.0,2.0,0.0,1.0,2.0,9.0,33:09,11.9,1
6,201959,Taj Gibson,19.0,7.0,17.0,6.0,5.0,5.0,8.0,0.0,0.0,0.0,1.0,2.0,10.0,29:36,13.0,1
7,1737,Nazr Mohammed,0.0,0.0,2.0,0.0,0.0,2.0,1.0,0.0,1.0,1.0,1.0,0.0,4.0,4:21,1.3,1
8,203503,Tony Snell,3.0,1.0,3.0,0.0,0.0,0.0,1.0,0.0,1.0,0.0,1.0,0.0,6.0,9:13,1.9,1
9,202690,Jimmer Fredette,,,,,,,,,,,,,,,0.0,1
10,203513,Erik Murphy,,,,,,,,,,,,,,,0.0,1
11,203129,Tornike Shengelia,,,,,,,,,,,,,,,0.0,1
12,203138,Hollis Thompson,2.0,0.0,1.0,2.0,2.0,0.0,1.0,0.0,1.0,0.0,2.0,0.0,1.0,19:17,1.5,0
13,201152,Thaddeus Young,24.0,10.0,19.0,0.0,0.0,0.0,4.0,4.0,2.0,0.0,2.0,2.0,-13.0,37:42,18.5,0
14,203156,Henry Sims,4.0,2.0,9.0,1.0,0.0,3.0,2.0,1.0,1.0,0.0,4.0,3.0,-8.0,24:18,-2.1,0
15,203100,Tony Wroten,17.0,6.0,16.0,6.0,1.0,0.0,6.0,2.0,7.0,0.0,2.0,2.0,-8.0,42:39,12.1,0
16,203487,Michael Carter-Williams,16.0,7.0,16.0,4.0,2.0,2.0,7.0,1.0,7.0,0.0,6.0,3.0,-2.0,37:35,10.8,0
17,202363,Jarvis Varnado,7.0,3.0,3.0,2.0,1.0,1.0,2.0,0.0,0.0,4.0,2.0,0.0,5.0,15:44,9.0,0
18,203263,James Nunnally,8.0,3.0,5.0,2.0,1.0,0.0,2.0,2.0,0.0,1.0,0.0,0.0,-2.0,20:31,8.6,0
19,202343,Elliot Williams,2.0,1.0,5.0,0.0,0.0,1.0,3.0,1.0,4.0,0.0,2.0,1.0,-13.0,23:59,2.5,0
20,203561,Brandon Davies,2.0,1.0,2.0,0.0,0.0,1.0,0.0,0.0,0.0,0.0,0.0,0.0,-1.0,3:27,1.7,0
21,201957,Byron Mullens,12.0,4.0,5.0,2.0,2.0,1.0,2.0,2.0,0.0,1.0,1.0,0.0,1.0,14:49,13.7,0
22,202341,James Anderson,,,,,,,,,,,,,,,0.0,0
23,203130,Darius Johnson-Odom,,,,,,,,,,,,,,,0.0,0
