,id,name,PTS,FG,FGA,FTA,FT,OREB,DREB,STL,AST,BLK,PF,TO,PLUS_MINUS,MIN,GS,WIN
0,200782,P.J. Tucker,4.0,1.0,5.0,2.0,2.0,2.0,9.0,2.0,2.0,1.0,2.0,1.0,-2.0,31:19,7.3,1
1,101112,Channing Frye,11.0,5.0,10.0,0.0,0.0,1.0,3.0,0.0,2.0,0.0,1.0,0.0,0.0,26:37,8.6,1
2,203101,Miles Plumlee,6.0,3.0,4.0,0.0,0.0,2.0,4.0,0.0,0.0,0.0,3.0,1.0,0.0,19:23,4.8,1
3,202339,Eric Bledsoe,18.0,7.0,19.0,4.0,3.0,0.0,4.0,3.0,9.0,0.0,3.0,3.0,-5.0,36:58,13.4,1
4,201609,Goran Dragic,31.0,9.0,18.0,11.0,11.0,1.0,1.0,1.0,5.0,0.0,3.0,1.0,14.0,37:53,25.3,1
5,202693,Markieff Morris,15.0,6.0,10.0,4.0,3.0,2.0,5.0,0.0,3.0,1.0,2.0,3.0,6.0,28:37,11.9,1
6,202694,Marcus Morris Sr.,22.0,10.0,13.0,0.0,0.0,1.0,3.0,0.0,2.0,1.0,2.0,0.0,1.0,26:52,19.8,1
7,101123,Gerald Green,3.0,1.0,2.0,0.0,0.0,0.0,1.0,0.0,0.0,0.0,4.0,3.0,10.0,17:09,-2.3,1
8,203462,Archie Goodwin,4.0,2.0,4.0,0.0,0.0,1.0,3.0,0.0,1.0,0.0,2.0,1.0,6.0,15:12,2.5,1
9,202091,Dionte Christmas,,,,,,,,,,,,,,,0.0,1
10,203139,Viacheslav Kravtsov,,,,,,,,,,,,,,,0.0,1
11,203458,Alex Len,,,,,,,,,,,,,,,0.0,1
12,202397,Ish Smith,,,,,,,,,,,,,,,0.0,1
13,201975,Jodie Meeks,13.0,5.0,10.0,3.0,2.0,1.0,4.0,1.0,1.0,0.0,0.0,0.0,-15.0,32:40,11.2,0
14,200761,Shawne Williams,4.0,2.0,4.0,0.0,0.0,0.0,4.0,0.0,0.0,1.0,2.0,0.0,-2.0,14:40,3.1,0
15,2200,Pau Gasol,19.0,6.0,11.0,8.0,7.0,2.0,3.0,0.0,3.0,1.0,3.0,1.0,-3.0,28:45,16.2,0
16,977,Kobe Bryant,20.0,6.0,11.0,8.0,8.0,0.0,2.0,0.0,3.0,0.0,2.0,3.0,-3.0,29:10,13.6,0
17,2581,Steve Blake,9.0,3.0,7.0,2.0,2.0,0.0,5.0,2.0,10.0,0.0,1.0,4.0,6.0,39:13,11.4,0
18,202325,Wesley Johnson,5.0,2.0,6.0,0.0,0.0,0.0,1.0,2.0,0.0,1.0,2.0,1.0,-10.0,20:00,2.8,0
19,202333,Xavier Henry,12.0,5.0,13.0,1.0,1.0,0.0,1.0,2.0,0.0,0.0,4.0,0.0,1.0,28:44,5.6,0
20,201156,Nick Young,13.0,5.0,12.0,6.0,2.0,1.0,2.0,0.0,3.0,0.0,4.0,2.0,-1.0,27:33,4.8,0
21,201941,Jordan Hill,13.0,5.0,6.0,4.0,3.0,3.0,4.0,0.0,2.0,0.0,2.0,0.0,-3.0,19:15,14.3,0
22,200770,Jordan Farmar,,,,,,,,,,,,,,,0.0,0
23,2549,Chris Kaman,,,,,,,,,,,,,,,0.0,0
24,203527,Ryan Kelly,,,,,,,,,,,,,,,0.0,0
25,203135,Robert Sacre,,,,,,,,,,,,,,,0.0,0
