,id,name,PTS,FG,FGA,FTA,FT,OREB,DREB,STL,AST,BLK,PF,TO,PLUS_MINUS,MIN,GS,WIN
0,2747,JR Smith,12.0,4.0,10.0,4.0,1.0,2.0,5.0,1.0,1.0,0.0,1.0,0.0,-3.0,32:57,9.6,1
1,2546,Carmelo Anthony,25.0,9.0,25.0,5.0,4.0,0.0,4.0,1.0,2.0,0.0,4.0,2.0,-5.0,40:02,10.7,1
2,200745,Andrea Bargnani,20.0,8.0,15.0,2.0,2.0,4.0,7.0,0.0,2.0,1.0,2.0,1.0,6.0,30:59,17.9,1
3,202697,Iman Shumpert,5.0,2.0,8.0,0.0,0.0,1.0,5.0,4.0,9.0,1.0,3.0,0.0,15.0,34:52,12.2,1
4,101109,Raymond Felton,10.0,5.0,12.0,0.0,0.0,1.0,1.0,1.0,5.0,1.0,3.0,0.0,1.0,31:37,8.6,1
5,2030,Kenyon Martin,2.0,1.0,1.0,0.0,0.0,0.0,3.0,0.0,1.0,0.0,2.0,0.0,2.0,16:46,2.5,1
6,1897,Metta World Peace,4.0,2.0,5.0,0.0,0.0,0.0,1.0,1.0,0.0,0.0,0.0,0.0,-4.0,21:21,2.6,1
7,203143,Pablo Prigioni,3.0,1.0,4.0,0.0,0.0,0.0,1.0,2.0,4.0,0.0,4.0,0.0,9.0,15:53,4.1,1
8,203501,Tim Hardaway Jr.,14.0,5.0,8.0,2.0,2.0,0.0,2.0,1.0,0.0,0.0,0.0,0.0,3.0,15:18,12.0,1
9,202332,Cole Aldrich,0.0,0.0,0.0,0.0,0.0,0.0,0.0,0.0,0.0,0.0,0.0,0.0,-4.0,0:15,0.0,1
10,203315,Toure' Murry,,,,,,,,,,,,,,,0.0,1
11,2405,Amar'e Stoudemire,,,,,,,,,,,,,,,0.0,1
12,2757,Beno Udrih,,,,,,,,,,,,,,,0.0,1
13,201960,DeMarre Carroll,4.0,2.0,7.0,0.0,0.0,0.0,9.0,0.0,2.0,0.0,1.0,1.0,5.0,32:50,2.6,0
14,200794,Paul Millsap,6.0,3.0,9.0,0.0,0.0,1.0,5.0,1.0,4.0,3.0,3.0,2.0,-3.0,31:27,5.8,0
15,201143,Al Horford,23.0,11.0,14.0,2.0,1.0,1.0,4.0,0.0,0.0,0.0,0.0,1.0,3.0,35:04,18.1,0
16,2594,Kyle Korver,8.0,3.0,7.0,1.0,0.0,0.0,8.0,0.0,2.0,1.0,3.0,2.0,-9.0,36:31,5.2,0
17,201952,Jeff Teague,25.0,7.0,17.0,14.0,11.0,1.0,4.0,0.0,8.0,0.0,4.0,4.0,12.0,39:50,16.6,0
18,203544,Pero Antic,4.0,1.0,3.0,2.0,2.0,2.0,3.0,0.0,2.0,0.0,1.0,1.0,-5.0,12:55,4.6,0
19,201858,Cartier Martin,13.0,5.0,13.0,0.0,0.0,0.0,4.0,0.0,1.0,2.0,0.0,0.0,-4.0,26:02,9.2,0
20,203118,Mike Scott,8.0,3.0,6.0,2.0,2.0,3.0,2.0,0.0,1.0,0.0,2.0,0.0,-1.0,16:33,7.6,0
21,203471,Dennis Schroder,0.0,0.0,1.0,0.0,0.0,0.0,0.0,0.0,2.0,0.0,1.0,4.0,-18.0,8:47,-3.7,0
22,202970,Gustavo Ayon,,,,,,,,,,,,,,,0.0,0
23,1882,Elton Brand,,,,,,,,,,,,,,,0.0,0
24,203098,John Jenkins,,,,,,,,,,,,,,,0.0,0
25,202714,Shelvin Mack,,,,,,,,,,,,,,,0.0,0
