,id,name,PTS,FG,FGA,FTA,FT,OREB,DREB,STL,AST,BLK,PF,TO,PLUS_MINUS,MIN,GS,WIN
0,201947,Earl Clark,7.0,2.0,11.0,2.0,2.0,0.0,4.0,0.0,0.0,1.0,4.0,0.0,-4.0,34:10,0.4,0
1,202684,Tristan Thompson,7.0,3.0,11.0,4.0,1.0,4.0,9.0,0.0,0.0,0.0,2.0,2.0,-2.0,36:51,2.0,0
2,2760,Anderson Varejao,14.0,5.0,13.0,6.0,4.0,6.0,5.0,1.0,2.0,1.0,4.0,1.0,-11.0,30:10,12.3,0
3,101139,CJ Miles,5.0,2.0,5.0,1.0,1.0,0.0,0.0,1.0,0.0,0.0,2.0,2.0,-5.0,14:48,0.5,0
4,202681,Kyrie Irving,10.0,3.0,9.0,4.0,4.0,1.0,4.0,2.0,5.0,1.0,0.0,2.0,-7.0,35:09,11.0,0
5,203079,Dion Waiters,12.0,5.0,13.0,2.0,2.0,0.0,4.0,0.0,2.0,0.0,2.0,1.0,-12.0,35:08,5.7,0
6,203092,Tyler Zeller,7.0,3.0,5.0,2.0,1.0,0.0,5.0,0.0,0.0,0.0,3.0,3.0,-8.0,16:27,1.6,0
7,203461,Anthony Bennett,6.0,2.0,4.0,2.0,2.0,1.0,2.0,1.0,0.0,0.0,2.0,0.0,-11.0,10:41,5.5,0
8,101127,Jarrett Jack,8.0,4.0,9.0,0.0,0.0,0.0,3.0,0.0,6.0,0.0,3.0,2.0,-17.0,24:45,5.2,0
9,203156,Henry Sims,0.0,0.0,0.0,0.0,0.0,0.0,0.0,0.0,0.0,0.0,0.0,0.0,2.0,1:27,0.0,0
10,202087,Alonzo Gee,0.0,0.0,0.0,0.0,0.0,0.0,0.0,0.0,0.0,0.0,0.0,0.0,0.0,0:24,0.0,0
11,203521,Matthew Dellavedova,,,,,,,,,,,,,,,0.0,0
12,203508,Sergey Karasev,,,,,,,,,,,,,,,0.0,0
13,202331,Paul George,21.0,7.0,19.0,6.0,5.0,1.0,7.0,0.0,2.0,0.0,3.0,3.0,14.0,38:29,10.1,1
14,2561,David West,8.0,4.0,11.0,0.0,0.0,0.0,4.0,0.0,3.0,3.0,2.0,1.0,-4.0,28:11,5.5,1
15,201579,Roy Hibbert,19.0,8.0,13.0,4.0,3.0,2.0,0.0,1.0,1.0,5.0,4.0,2.0,13.0,35:03,15.7,1
16,202362,Lance Stephenson,6.0,3.0,7.0,0.0,0.0,0.0,4.0,0.0,8.0,0.0,2.0,0.0,-1.0,32:15,8.3,1
17,201588,George Hill,13.0,5.0,9.0,0.0,0.0,1.0,5.0,2.0,2.0,0.0,2.0,0.0,10.0,34:38,13.5,1
18,101122,Danny Granger,12.0,3.0,7.0,6.0,6.0,1.0,3.0,2.0,0.0,0.0,1.0,2.0,16.0,18:58,9.5,1
19,2449,Luis Scola,6.0,2.0,6.0,2.0,2.0,1.0,8.0,2.0,2.0,0.0,1.0,2.0,19.0,19:25,6.7,1
20,201228,C.J. Watson,0.0,0.0,2.0,0.0,0.0,0.0,0.0,0.0,4.0,0.0,0.0,0.0,10.0,17:14,1.4,1
21,101133,Ian Mahinmi,6.0,2.0,3.0,4.0,2.0,2.0,2.0,0.0,0.0,1.0,0.0,0.0,2.0,12:57,6.6,1
22,2446,Rasual Butler,0.0,0.0,0.0,0.0,0.0,0.0,0.0,0.0,0.0,0.0,1.0,1.0,-2.0,1:25,-1.4,1
23,202388,Donald Sloan,0.0,0.0,0.0,0.0,0.0,0.0,0.0,0.0,0.0,0.0,0.0,0.0,-2.0,1:25,0.0,1
24,203142,Chris Copeland,,,,,,,,,,,,,,,0.0,1
25,203111,Orlando Johnson,,,,,,,,,,,,,,,0.0,1
