,id,name,PTS,FG,FGA,FTA,FT,OREB,DREB,STL,AST,BLK,PF,TO,PLUS_MINUS,MIN,GS,WIN
0,201936,Tyreke Evans,22.0,9.0,19.0,2.0,2.0,3.0,6.0,1.0,5.0,0.0,3.0,4.0,-19.0,39:47,15.5,0
1,203076,Anthony Davis,8.0,1.0,6.0,6.0,6.0,1.0,3.0,0.0,0.0,2.0,4.0,3.0,-27.0,20:19,2.6,0
2,201582,Alexis Ajinca,11.0,4.0,6.0,4.0,3.0,4.0,6.0,1.0,1.0,2.0,6.0,1.0,-40.0,28:38,12.3,0
3,201569,Eric Gordon,2.0,1.0,13.0,0.0,0.0,2.0,2.0,1.0,4.0,0.0,1.0,3.0,-45.0,32:12,-4.3,0
4,203148,Brian Roberts,4.0,1.0,8.0,2.0,2.0,0.0,1.0,0.0,2.0,0.0,1.0,2.0,-22.0,22:25,-1.9,0
5,203481,Jeff Withey,0.0,0.0,3.0,0.0,0.0,0.0,4.0,0.0,0.0,1.0,4.0,0.0,-11.0,8:59,-1.8,0
6,201880,Greg Stiemsma,10.0,5.0,7.0,0.0,0.0,0.0,7.0,0.0,0.0,1.0,4.0,0.0,5.0,30:28,8.3,0
7,203085,Austin Rivers,19.0,7.0,14.0,5.0,4.0,1.0,0.0,1.0,1.0,0.0,5.0,4.0,-10.0,29:58,8.0,0
8,202337,Luke Babbitt,0.0,0.0,5.0,0.0,0.0,0.0,4.0,0.0,0.0,0.0,0.0,0.0,7.0,11:18,-2.3,0
9,203121,Darius Miller,0.0,0.0,4.0,0.0,0.0,0.0,0.0,0.0,0.0,0.0,1.0,3.0,2.0,15:57,-6.2,0
10,202329,Al-Farouq Aminu,,,,,,,,,,,,,,,0.0,0
11,201627,Anthony Morrow,,,,,,,,,,,,,,,0.0,0
12,201160,Jason Smith,,,,,,,,,,,,,,,0.0,0
13,2440,Matt Barnes,14.0,5.0,9.0,0.0,0.0,0.0,6.0,2.0,4.0,1.0,3.0,2.0,27.0,24:08,13.8,1
14,201933,Blake Griffin,20.0,8.0,17.0,6.0,4.0,0.0,5.0,0.0,1.0,1.0,1.0,3.0,29.0,31:40,10.0,1
15,201599,DeAndre Jordan,7.0,1.0,4.0,8.0,5.0,2.0,10.0,0.0,2.0,4.0,3.0,1.0,27.0,27:30,9.8,1
16,201954,Darren Collison,15.0,5.0,10.0,3.0,3.0,0.0,1.0,1.0,3.0,0.0,3.0,0.0,20.0,26:55,12.2,1
17,101108,Chris Paul,21.0,7.0,11.0,7.0,7.0,1.0,2.0,2.0,8.0,0.0,0.0,2.0,30.0,30:05,23.0,1
18,2584,Willie Green,5.0,2.0,6.0,0.0,0.0,0.0,3.0,2.0,1.0,0.0,2.0,0.0,5.0,28:44,4.4,1
19,201162,Jared Dudley,2.0,1.0,5.0,2.0,0.0,1.0,3.0,1.0,3.0,0.0,0.0,0.0,5.0,23:52,2.8,1
20,2045,Hedo Turkoglu,2.0,1.0,4.0,0.0,0.0,1.0,2.0,0.0,2.0,2.0,3.0,1.0,7.0,14:43,1.5,1
21,201175,Glen Davis,5.0,1.0,4.0,4.0,3.0,1.0,2.0,1.0,1.0,0.0,4.0,2.0,-10.0,13:37,1.6,1
22,203493,Reggie Bullock,11.0,4.0,8.0,2.0,1.0,1.0,2.0,0.0,0.0,0.0,1.0,0.0,9.0,10:17,7.5,1
23,200797,Ryan Hollins,6.0,3.0,3.0,0.0,0.0,2.0,0.0,0.0,0.0,1.0,2.0,0.0,11.0,8:30,6.4,1
24,2037,Jamal Crawford,,,,,,,,,,,,,,,0.0,1
