,id,name,PTS,FG,FGA,FTA,FT,OREB,DREB,STL,AST,BLK,PF,TO,PLUS_MINUS,MIN,GS,WIN
0,202331,Paul George,27.0,10.0,19.0,2.0,2.0,0.0,7.0,1.0,3.0,0.0,4.0,3.0,5.0,35:22,18.3,0
1,2561,David West,14.0,5.0,12.0,6.0,4.0,1.0,3.0,0.0,1.0,0.0,3.0,1.0,7.0,32:42,6.9,0
2,201579,Roy Hibbert,6.0,3.0,4.0,0.0,0.0,2.0,5.0,0.0,3.0,4.0,4.0,3.0,3.0,34:11,7.6,0
3,202362,Lance Stephenson,16.0,6.0,11.0,3.0,2.0,1.0,8.0,2.0,3.0,0.0,1.0,5.0,3.0,39:27,12.1,0
4,201588,George Hill,12.0,5.0,11.0,0.0,0.0,0.0,4.0,0.0,7.0,0.0,3.0,1.0,7.0,29:54,10.2,0
5,2449,Luis Scola,2.0,1.0,6.0,0.0,0.0,0.0,5.0,1.0,1.0,0.0,0.0,0.0,-8.0,15:18,1.4,0
6,101122,Danny Granger,5.0,2.0,8.0,0.0,0.0,0.0,1.0,1.0,0.0,0.0,1.0,0.0,-10.0,21:11,1.1,0
7,201228,C.J. Watson,6.0,2.0,7.0,2.0,1.0,0.0,0.0,1.0,1.0,1.0,2.0,0.0,-8.0,18:21,3.1,0
8,101133,Ian Mahinmi,4.0,1.0,1.0,6.0,2.0,3.0,1.0,0.0,0.0,1.0,2.0,2.0,-4.0,13:34,2.4,0
9,2446,Rasual Butler,,,,,,,,,,,,,,,0.0,0
10,203142,Chris Copeland,,,,,,,,,,,,,,,0.0,0
11,203524,Solomon Hill,,,,,,,,,,,,,,,0.0,0
12,202388,Donald Sloan,,,,,,,,,,,,,,,0.0,0
13,202699,Tobias Harris,13.0,5.0,13.0,3.0,3.0,0.0,5.0,0.0,1.0,0.0,3.0,1.0,10.0,33:19,5.9,1
14,201175,Glen Davis,9.0,3.0,10.0,4.0,3.0,3.0,2.0,0.0,1.0,0.0,1.0,1.0,-9.0,26:03,4.8,1
15,202696,Nikola Vucevic,19.0,6.0,16.0,8.0,7.0,8.0,5.0,2.0,1.0,1.0,2.0,1.0,-5.0,37:13,18.5,1
16,201167,Arron Afflalo,7.0,3.0,10.0,2.0,0.0,0.0,3.0,1.0,1.0,0.0,3.0,0.0,-11.0,34:05,1.8,1
17,2749,Jameer Nelson,8.0,3.0,4.0,0.0,0.0,0.0,3.0,0.0,2.0,0.0,1.0,2.0,-7.0,23:54,6.3,1
18,203094,Andrew Nicholson,4.0,2.0,4.0,0.0,0.0,0.0,1.0,0.0,0.0,0.0,0.0,1.0,-10.0,8:28,1.3,1
19,203506,Victor Oladipo,23.0,8.0,18.0,7.0,6.0,0.0,4.0,2.0,4.0,0.0,2.0,4.0,3.0,33:18,14.4,1
20,203124,Kyle O'Quinn,2.0,1.0,1.0,0.0,0.0,0.0,6.0,1.0,1.0,0.0,2.0,0.0,6.0,10:47,4.4,1
21,202734,E'Twaun Moore,2.0,1.0,3.0,0.0,0.0,0.0,0.0,1.0,1.0,0.0,2.0,1.0,10.0,12:59,0.2,1
22,203090,Maurice Harkless,6.0,2.0,4.0,2.0,1.0,0.0,8.0,2.0,1.0,0.0,0.0,2.0,18.0,19:54,6.7,1
23,203117,Doron Lamb,,,,,,,,,,,,,,,0.0,1
24,101131,Jason Maxiell,,,,,,,,,,,,,,,0.0,1
25,101179,Ronnie Price,,,,,,,,,,,,,,,0.0,1
