,id,name,PTS,FG,FGA,FTA,FT,OREB,DREB,STL,AST,BLK,PF,TO,PLUS_MINUS,MIN,GS,WIN
0,202329,Al-Farouq Aminu,4.0,2.0,4.0,2.0,0.0,0.0,2.0,0.0,2.0,0.0,2.0,2.0,-2.0,17:36,0.4,0
1,203076,Anthony Davis,6.0,3.0,9.0,0.0,0.0,1.0,8.0,0.0,1.0,2.0,1.0,0.0,4.0,12:37,5.7,0
2,201880,Greg Stiemsma,0.0,0.0,0.0,0.0,0.0,2.0,0.0,0.0,0.0,0.0,0.0,0.0,0.0,14:44,1.4,0
3,201569,Eric Gordon,19.0,7.0,11.0,4.0,2.0,0.0,2.0,1.0,2.0,0.0,0.0,5.0,-7.0,34:01,11.3,0
4,203148,Brian Roberts,17.0,6.0,9.0,2.0,2.0,0.0,2.0,0.0,3.0,0.0,0.0,2.0,-1.0,29:04,13.8,0
5,201936,Tyreke Evans,4.0,2.0,9.0,1.0,0.0,0.0,6.0,2.0,7.0,0.0,2.0,1.0,-13.0,27:20,5.0,0
6,201582,Alexis Ajinca,14.0,6.0,10.0,2.0,2.0,4.0,4.0,0.0,3.0,1.0,3.0,1.0,-17.0,25:41,14.0,0
7,202337,Luke Babbitt,10.0,4.0,6.0,0.0,0.0,1.0,2.0,0.0,1.0,0.0,2.0,1.0,-15.0,25:34,7.6,0
8,203085,Austin Rivers,6.0,2.0,4.0,6.0,1.0,1.0,1.0,0.0,2.0,0.0,1.0,2.0,-9.0,16:43,2.0,0
9,201627,Anthony Morrow,3.0,1.0,6.0,2.0,1.0,0.0,1.0,0.0,0.0,0.0,0.0,2.0,-15.0,18:34,-2.9,0
10,203481,Jeff Withey,0.0,0.0,0.0,0.0,0.0,1.0,2.0,1.0,0.0,0.0,1.0,2.0,-6.0,7:27,-0.1,0
11,203121,Darius Miller,6.0,3.0,3.0,0.0,0.0,0.0,0.0,0.0,1.0,0.0,2.0,1.0,-14.0,10:39,4.0,0
12,201160,Jason Smith,,,,,,,,,,,,,,,0.0,0
13,1890,Shawn Marion,10.0,5.0,9.0,0.0,0.0,1.0,7.0,3.0,3.0,0.0,0.0,0.0,5.0,31:19,13.6,1
14,1717,Dirk Nowitzki,18.0,7.0,13.0,3.0,3.0,0.0,5.0,2.0,3.0,0.0,2.0,1.0,16.0,27:08,15.5,1
15,2223,Samuel Dalembert,6.0,3.0,4.0,0.0,0.0,0.0,1.0,1.0,0.0,1.0,2.0,1.0,2.0,21:29,4.6,1
16,101145,Monta Ellis,23.0,8.0,18.0,6.0,6.0,0.0,4.0,4.0,7.0,0.0,2.0,2.0,17.0,33:54,20.9,1
17,101181,Jose Calderon,9.0,3.0,7.0,0.0,0.0,0.0,2.0,1.0,5.0,0.0,2.0,0.0,12.0,26:21,9.6,1
18,201148,Brandan Wright,8.0,3.0,4.0,2.0,2.0,3.0,5.0,3.0,1.0,3.0,0.0,0.0,23.0,23:43,15.8,1
19,2734,Devin Harris,3.0,1.0,7.0,2.0,1.0,0.0,2.0,0.0,4.0,0.0,1.0,1.0,5.0,22:12,0.1,1
20,1713,Vince Carter,17.0,6.0,9.0,4.0,4.0,0.0,2.0,1.0,2.0,0.0,1.0,2.0,10.0,21:37,13.7,1
21,201971,DeJuan Blair,2.0,1.0,2.0,0.0,0.0,0.0,0.0,0.0,1.0,0.0,1.0,1.0,-6.0,3:04,0.3,1
22,201961,Wayne Ellington,12.0,4.0,6.0,0.0,0.0,0.0,2.0,0.0,1.0,0.0,2.0,1.0,11.0,21:46,8.9,1
23,203109,Jae Crowder,0.0,0.0,0.0,0.0,0.0,0.0,0.0,0.0,0.0,0.0,0.0,0.0,0.0,2:29,0.0,1
24,203499,Shane Larkin,0.0,0.0,0.0,0.0,0.0,0.0,0.0,0.0,1.0,0.0,1.0,0.0,0.0,2:29,0.3,1
25,203108,Bernard James,0.0,0.0,0.0,0.0,0.0,0.0,0.0,0.0,0.0,0.0,0.0,0.0,0.0,2:29,0.0,1
