,id,name,PTS,FG,FGA,FTA,FT,OREB,DREB,STL,AST,BLK,PF,TO,PLUS_MINUS,MIN,GS,WIN
0,201142,Kevin Durant,23.0,8.0,13.0,5.0,5.0,0.0,4.0,0.0,4.0,0.0,1.0,3.0,11.0,31:10,17.7,1
1,201586,Serge Ibaka,19.0,8.0,16.0,4.0,3.0,0.0,4.0,0.0,1.0,0.0,3.0,0.0,9.0,27:40,11.3,1
2,2570,Kendrick Perkins,3.0,1.0,2.0,2.0,1.0,2.0,1.0,0.0,1.0,0.0,3.0,0.0,-2.0,14:29,2.8,1
3,200757,Thabo Sefolosha,2.0,0.0,2.0,2.0,2.0,1.0,2.0,0.0,1.0,0.0,1.0,1.0,-4.0,15:23,1.2,1
4,202704,Reggie Jackson,13.0,5.0,11.0,2.0,1.0,1.0,3.0,1.0,5.0,0.0,0.0,0.0,8.0,24:57,13.0,1
5,2406,Caron Butler,23.0,8.0,10.0,2.0,1.0,0.0,5.0,1.0,2.0,0.0,2.0,0.0,28.0,26:27,21.9,1
6,2555,Nick Collison,7.0,3.0,6.0,2.0,1.0,1.0,6.0,0.0,3.0,0.0,4.0,1.0,10.0,18:00,5.6,1
7,965,Derek Fisher,2.0,1.0,5.0,0.0,0.0,1.0,2.0,1.0,5.0,0.0,3.0,0.0,23.0,23:55,3.5,1
8,203500,Steven Adams,5.0,0.0,1.0,8.0,5.0,3.0,2.0,1.0,0.0,3.0,3.0,0.0,11.0,27:18,7.7,1
9,203087,Jeremy Lamb,10.0,4.0,9.0,0.0,0.0,0.0,0.0,1.0,1.0,1.0,1.0,1.0,4.0,16:50,6.3,1
10,203103,Perry Jones III,0.0,0.0,3.0,0.0,0.0,1.0,0.0,0.0,0.0,0.0,0.0,0.0,-9.0,6:10,-1.4,1
11,203460,Andre Roberson,0.0,0.0,0.0,0.0,0.0,0.0,0.0,0.0,0.0,0.0,1.0,0.0,-7.0,4:57,-0.4,1
12,201934,Hasheem Thabeet,0.0,0.0,2.0,0.0,0.0,0.0,0.0,0.0,0.0,0.0,1.0,0.0,-7.0,2:44,-1.8,1
13,2566,Travis Outlaw,24.0,11.0,20.0,2.0,1.0,2.0,3.0,0.0,4.0,0.0,2.0,1.0,-4.0,36:40,17.3,0
14,201574,Jason Thompson,11.0,3.0,8.0,7.0,5.0,4.0,3.0,0.0,0.0,1.0,3.0,1.0,2.0,35:34,8.0,0
15,202326,DeMarcus Cousins,24.0,10.0,24.0,6.0,4.0,4.0,10.0,2.0,1.0,2.0,4.0,3.0,-17.0,34:53,15.7,0
16,203463,Ben McLemore,11.0,3.0,9.0,4.0,4.0,1.0,7.0,0.0,2.0,0.0,1.0,2.0,-14.0,39:07,7.7,0
17,203492,Ray McCallum,7.0,3.0,14.0,0.0,0.0,0.0,2.0,2.0,5.0,0.0,4.0,2.0,-22.0,45:25,0.9,0
18,202682,Derrick Williams,1.0,0.0,0.0,2.0,1.0,0.0,2.0,0.0,0.0,0.0,1.0,0.0,-24.0,20:28,0.8,0
19,203112,Quincy Acy,6.0,3.0,5.0,1.0,0.0,1.0,2.0,0.0,0.0,1.0,1.0,0.0,-8.0,17:02,4.9,0
20,203099,Jared Cunningham,8.0,1.0,2.0,6.0,6.0,0.0,1.0,1.0,1.0,0.0,2.0,0.0,7.0,6:23,8.2,0
21,201189,Aaron Gray,0.0,0.0,0.0,0.0,0.0,1.0,1.0,0.0,0.0,0.0,0.0,0.0,5.0,4:28,1.0,0
22,2501,Reggie Evans,,,,,,,,,,,,,,,0.0,0
23,200752,Rudy Gay,,,,,,,,,,,,,,,0.0,0
24,203186,Willie Reed,,,,,,,,,,,,,,,0.0,0
