,id,name,PTS,FG,FGA,FTA,FT,OREB,DREB,STL,AST,BLK,PF,TO,PLUS_MINUS,MIN,GS,WIN
0,201147,Corey Brewer,12.0,5.0,9.0,3.0,2.0,1.0,5.0,1.0,2.0,0.0,2.0,1.0,7.0,32:06,10.1,1
1,201567,Kevin Love,28.0,11.0,27.0,5.0,4.0,4.0,7.0,0.0,2.0,1.0,1.0,4.0,-5.0,44:44,15.7,1
2,203476,Gorgui Dieng,15.0,6.0,15.0,6.0,3.0,2.0,2.0,1.0,0.0,3.0,2.0,2.0,-4.0,24:55,8.0,1
3,200826,J.J. Barea,13.0,4.0,12.0,2.0,2.0,0.0,6.0,1.0,3.0,0.0,2.0,1.0,6.0,38:50,9.3,1
4,201937,Ricky Rubio,13.0,5.0,9.0,3.0,2.0,0.0,5.0,2.0,14.0,0.0,2.0,4.0,4.0,46:24,16.8,1
5,201978,Chase Budinger,24.0,7.0,9.0,7.0,5.0,2.0,2.0,2.0,4.0,0.0,4.0,2.0,-8.0,37:44,22.9,1
6,101142,Ronny Turiaf,6.0,3.0,5.0,0.0,0.0,0.0,8.0,1.0,0.0,1.0,2.0,2.0,6.0,25:54,5.0,1
7,203133,Robbie Hummel,3.0,1.0,4.0,0.0,0.0,1.0,1.0,1.0,1.0,0.0,1.0,1.0,6.0,13:16,1.9,1
8,203498,Shabazz Muhammad,1.0,0.0,1.0,2.0,1.0,0.0,0.0,0.0,0.0,0.0,0.0,0.0,4.0,3:10,-0.1,1
9,201601,Luc Mbah a Moute,7.0,1.0,2.0,6.0,5.0,0.0,0.0,1.0,1.0,0.0,6.0,0.0,-11.0,22:57,4.9,1
10,2755,Kevin Martin,,,,,,,,,,,,,,,0.0,1
11,203144,Alexey Shved,,,,,,,,,,,,,,,0.0,1
12,2544,LeBron James,34.0,12.0,24.0,10.0,8.0,2.0,6.0,4.0,5.0,1.0,5.0,4.0,7.0,47:57,26.6,0
13,2617,Udonis Haslem,10.0,4.0,5.0,2.0,2.0,2.0,6.0,0.0,0.0,2.0,3.0,2.0,-10.0,26:48,9.5,0
14,2547,Chris Bosh,24.0,8.0,19.0,6.0,5.0,4.0,5.0,2.0,1.0,2.0,3.0,5.0,-2.0,44:40,15.7,0
15,201962,Toney Douglas,2.0,1.0,4.0,0.0,0.0,0.0,5.0,0.0,2.0,0.0,2.0,0.0,1.0,17:25,1.7,0
16,201596,Mario Chalmers,24.0,7.0,14.0,10.0,8.0,1.0,5.0,1.0,6.0,1.0,1.0,3.0,4.0,39:01,20.9,0
17,951,Ray Allen,10.0,4.0,10.0,0.0,0.0,1.0,2.0,2.0,1.0,0.0,4.0,1.0,1.0,28:08,6.0,0
18,1740,Rashard Lewis,6.0,2.0,8.0,2.0,1.0,0.0,1.0,2.0,1.0,0.0,2.0,0.0,-4.0,16:40,3.0,0
19,202708,Norris Cole,0.0,0.0,5.0,0.0,0.0,0.0,2.0,0.0,3.0,0.0,5.0,0.0,-9.0,37:29,-2.8,0
20,2365,Chris Andersen,8.0,4.0,8.0,0.0,0.0,5.0,3.0,0.0,0.0,0.0,2.0,1.0,2.0,21:50,6.6,0
21,2592,James Jones,3.0,1.0,2.0,0.0,0.0,0.0,2.0,0.0,1.0,0.0,0.0,0.0,5.0,10:00,3.3,0
22,2203,Shane Battier,0.0,0.0,0.0,0.0,0.0,0.0,0.0,0.0,0.0,0.0,0.0,0.0,0.0,0:01,0.0,0
23,201563,Michael Beasley,,,,,,,,,,,,,,,0.0,0
24,203120,Justin Hamilton,,,,,,,,,,,,,,,0.0,0
