,id,name,PTS,FG,FGA,FTA,FT,OREB,DREB,STL,AST,BLK,PF,TO,PLUS_MINUS,MIN,GS,WIN
0,2544,LeBron James,31.0,11.0,20.0,8.0,6.0,1.0,7.0,3.0,12.0,1.0,2.0,7.0,3.0,40:47,27.7,1
1,2203,Shane Battier,14.0,5.0,9.0,0.0,0.0,1.0,0.0,0.0,2.0,0.0,4.0,0.0,2.0,27:29,10.2,1
2,2547,Chris Bosh,15.0,6.0,15.0,2.0,1.0,1.0,7.0,2.0,4.0,0.0,5.0,0.0,9.0,33:23,12.1,1
3,2548,Dwyane Wade,14.0,5.0,8.0,4.0,4.0,0.0,3.0,0.0,8.0,0.0,3.0,2.0,6.0,35:08,13.7,1
4,201596,Mario Chalmers,10.0,4.0,7.0,0.0,0.0,0.0,0.0,2.0,3.0,0.0,5.0,4.0,23.0,26:21,4.8,1
5,2365,Chris Andersen,12.0,4.0,5.0,6.0,4.0,2.0,5.0,0.0,0.0,2.0,5.0,0.0,-5.0,26:39,11.6,1
6,951,Ray Allen,15.0,4.0,8.0,5.0,5.0,0.0,0.0,1.0,2.0,0.0,3.0,2.0,-6.0,27:13,10.2,1
7,202708,Norris Cole,3.0,1.0,5.0,1.0,1.0,1.0,0.0,3.0,2.0,0.0,3.0,0.0,-7.0,17:13,3.8,1
8,201141,Greg Oden,2.0,1.0,1.0,0.0,0.0,1.0,2.0,0.0,0.0,2.0,2.0,0.0,-2.0,5:43,3.6,1
9,201962,Toney Douglas,0.0,0.0,0.0,0.0,0.0,0.0,0.0,0.0,0.0,0.0,0.0,0.0,-3.0,0:05,0.0,1
10,201563,Michael Beasley,,,,,,,,,,,,,,,0.0,1
11,2617,Udonis Haslem,,,,,,,,,,,,,,,0.0,1
12,1740,Rashard Lewis,,,,,,,,,,,,,,,0.0,1
13,2440,Matt Barnes,12.0,4.0,11.0,4.0,3.0,5.0,2.0,2.0,4.0,0.0,4.0,2.0,12.0,40:19,10.8,0
14,201933,Blake Griffin,43.0,16.0,34.0,17.0,10.0,9.0,6.0,0.0,6.0,0.0,5.0,4.0,5.0,42:17,29.1,0
15,201599,DeAndre Jordan,16.0,6.0,8.0,5.0,4.0,5.0,11.0,1.0,0.0,1.0,3.0,3.0,-20.0,40:32,16.7,0
16,2037,Jamal Crawford,31.0,9.0,21.0,8.0,8.0,0.0,3.0,3.0,6.0,0.0,4.0,5.0,5.0,46:38,21.4,0
17,201954,Darren Collison,5.0,1.0,6.0,4.0,3.0,1.0,4.0,1.0,9.0,1.0,1.0,3.0,-3.0,37:54,7.3,0
18,201162,Jared Dudley,3.0,1.0,5.0,2.0,1.0,1.0,4.0,0.0,1.0,0.0,3.0,0.0,-1.0,17:39,0.9,0
19,2584,Willie Green,2.0,0.0,1.0,2.0,2.0,0.0,1.0,1.0,0.0,0.0,3.0,2.0,-1.0,11:03,-0.6,0
20,2045,Hedo Turkoglu,0.0,0.0,0.0,0.0,0.0,0.0,0.0,0.0,0.0,0.0,0.0,1.0,-6.0,2:20,-1.0,0
21,2756,Sasha Vujacic,0.0,0.0,0.0,0.0,0.0,0.0,0.0,0.0,0.0,0.0,1.0,0.0,-11.0,1:17,-0.4,0
22,203493,Reggie Bullock,,,,,,,,,,,,,,,0.0,0
23,200797,Ryan Hollins,,,,,,,,,,,,,,,0.0,0
24,1712,Antawn Jamison,,,,,,,,,,,,,,,0.0,0
25,201957,Byron Mullens,,,,,,,,,,,,,,,0.0,0
