,id,name,PTS,FG,FGA,FTA,FT,OREB,DREB,STL,AST,BLK,PF,TO,PLUS_MINUS,MIN,GS,WIN
0,202699,Tobias Harris,19.0,6.0,14.0,8.0,5.0,0.0,7.0,2.0,3.0,1.0,2.0,2.0,1.0,38:10,14.5,0
1,201175,Glen Davis,0.0,0.0,4.0,0.0,0.0,1.0,0.0,0.0,0.0,0.0,1.0,0.0,-10.0,5:42,-2.5,0
2,202696,Nikola Vucevic,20.0,8.0,15.0,6.0,4.0,3.0,9.0,1.0,1.0,0.0,4.0,0.0,1.0,36:49,16.8,0
3,201167,Arron Afflalo,23.0,7.0,14.0,8.0,7.0,1.0,2.0,0.0,3.0,0.0,2.0,0.0,-7.0,35:22,18.2,0
4,2749,Jameer Nelson,5.0,2.0,11.0,0.0,0.0,0.0,4.0,2.0,9.0,1.0,4.0,1.0,-10.0,31:16,5.7,0
5,203090,Maurice Harkless,1.0,0.0,2.0,2.0,1.0,1.0,0.0,0.0,0.0,0.0,2.0,1.0,-7.0,9:27,-1.9,0
6,203124,Kyle O'Quinn,10.0,5.0,8.0,0.0,0.0,2.0,6.0,1.0,0.0,0.0,6.0,2.0,7.0,27:58,6.2,0
7,203506,Victor Oladipo,4.0,2.0,6.0,0.0,0.0,0.0,4.0,0.0,4.0,0.0,1.0,0.0,-1.0,18:27,4.2,0
8,203094,Andrew Nicholson,9.0,4.0,9.0,0.0,0.0,1.0,2.0,0.0,1.0,0.0,2.0,0.0,-3.0,15:36,5.5,0
9,202734,E'Twaun Moore,2.0,1.0,6.0,0.0,0.0,0.0,1.0,1.0,0.0,0.0,1.0,0.0,-6.0,17:44,-0.9,0
10,101131,Jason Maxiell,0.0,0.0,0.0,0.0,0.0,1.0,0.0,0.0,0.0,0.0,0.0,0.0,-5.0,3:29,0.7,0
11,203117,Doron Lamb,,,,,,,,,,,,,,,0.0,0
12,101179,Ronnie Price,,,,,,,,,,,,,,,0.0,0
13,2736,Luol Deng,17.0,6.0,14.0,4.0,4.0,1.0,2.0,1.0,3.0,0.0,0.0,1.0,11.0,33:07,13.0,1
14,202684,Tristan Thompson,16.0,5.0,9.0,9.0,6.0,1.0,13.0,1.0,0.0,0.0,3.0,3.0,10.0,39:15,11.9,1
15,203092,Tyler Zeller,16.0,4.0,5.0,9.0,8.0,1.0,5.0,0.0,2.0,3.0,4.0,2.0,15.0,30:44,15.8,1
16,202681,Kyrie Irving,22.0,8.0,18.0,4.0,3.0,1.0,6.0,1.0,7.0,0.0,2.0,2.0,13.0,37:56,17.8,1
17,101127,Jarrett Jack,10.0,3.0,10.0,4.0,3.0,0.0,6.0,2.0,6.0,2.0,2.0,1.0,13.0,34:20,11.4,1
18,101139,CJ Miles,4.0,1.0,5.0,2.0,2.0,0.0,1.0,1.0,1.0,0.0,3.0,0.0,-2.0,15:42,1.7,1
19,203461,Anthony Bennett,7.0,2.0,8.0,3.0,3.0,3.0,6.0,0.0,1.0,0.0,1.0,1.0,-7.0,16:13,5.4,1
20,203521,Matthew Dellavedova,4.0,2.0,7.0,0.0,0.0,1.0,0.0,0.0,2.0,0.0,2.0,0.0,-8.0,14:47,1.2,1
21,202087,Alonzo Gee,0.0,0.0,2.0,0.0,0.0,0.0,1.0,0.0,0.0,0.0,0.0,1.0,-3.0,8:08,-2.1,1
22,203156,Henry Sims,5.0,2.0,2.0,2.0,1.0,2.0,1.0,0.0,0.0,0.0,3.0,0.0,-2.0,9:48,4.5,1
23,201947,Earl Clark,,,,,,,,,,,,,,,0.0,1
24,203508,Sergey Karasev,,,,,,,,,,,,,,,0.0,1
25,203079,Dion Waiters,,,,,,,,,,,,,,,0.0,1
