,id,name,PTS,FG,FGA,FTA,FT,OREB,DREB,STL,AST,BLK,PF,TO,PLUS_MINUS,MIN,GS,WIN
0,2419,Tayshaun Prince,13.0,5.0,9.0,2.0,2.0,1.0,3.0,0.0,3.0,0.0,1.0,1.0,12.0,28:60,11.0,0
1,2216,Zach Randolph,25.0,10.0,18.0,7.0,5.0,5.0,8.0,0.0,2.0,0.0,1.0,1.0,1.0,38:04,21.5,0
2,201585,Kosta Koufos,11.0,4.0,6.0,4.0,3.0,1.0,4.0,1.0,1.0,2.0,5.0,0.0,-10.0,22:14,11.0,0
3,2754,Tony Allen,10.0,3.0,6.0,6.0,4.0,1.0,3.0,3.0,2.0,0.0,3.0,4.0,1.0,36:48,7.0,0
4,201144,Mike Conley,23.0,8.0,15.0,5.0,4.0,0.0,0.0,4.0,8.0,0.0,1.0,2.0,8.0,35:40,22.5,0
5,201573,Jerryd Bayless,0.0,0.0,5.0,0.0,0.0,0.0,1.0,0.0,2.0,0.0,1.0,0.0,0.0,10:34,-2.2,0
6,201949,James Johnson,4.0,1.0,3.0,2.0,2.0,2.0,1.0,2.0,2.0,0.0,0.0,2.0,-8.0,12:36,5.4,0
7,2034,Mike Miller,4.0,1.0,3.0,2.0,2.0,0.0,0.0,0.0,1.0,0.0,2.0,0.0,-10.0,16:07,2.2,0
8,202334,Ed Davis,5.0,1.0,5.0,6.0,3.0,0.0,2.0,1.0,1.0,0.0,3.0,1.0,-3.0,19:00,0.8,0
9,202720,Jon Leuer,11.0,4.0,6.0,2.0,2.0,0.0,3.0,0.0,0.0,1.0,3.0,2.0,4.0,15:07,6.8,0
10,201979,Nick Calathes,2.0,0.0,0.0,2.0,2.0,0.0,0.0,0.0,1.0,0.0,1.0,0.0,-10.0,4:51,2.3,0
11,203552,Seth Curry,,,,,,,,,,,,,,,0.0,0
12,203479,Jamaal Franklin,,,,,,,,,,,,,,,0.0,0
13,201163,Wilson Chandler,8.0,3.0,10.0,0.0,0.0,0.0,4.0,1.0,1.0,0.0,5.0,2.0,-2.0,30:52,1.1,1
14,202702,Kenneth Faried,16.0,7.0,8.0,2.0,2.0,2.0,4.0,0.0,1.0,0.0,2.0,2.0,-1.0,28:41,13.7,1
15,201581,JJ Hickson,7.0,3.0,9.0,2.0,1.0,1.0,3.0,0.0,1.0,1.0,2.0,1.0,-2.0,22:42,2.7,1
16,200751,Randy Foye,13.0,5.0,8.0,2.0,1.0,2.0,5.0,0.0,4.0,0.0,3.0,1.0,1.0,33:30,12.5,1
17,201951,Ty Lawson,18.0,6.0,12.0,6.0,5.0,1.0,3.0,3.0,12.0,1.0,2.0,5.0,-9.0,36:40,19.5,1
18,202389,Timofey Mozgov,16.0,7.0,9.0,2.0,2.0,3.0,4.0,0.0,1.0,2.0,3.0,1.0,14.0,24:01,15.7,1
19,201589,Darrell Arthur,6.0,3.0,6.0,0.0,0.0,0.0,4.0,1.0,0.0,1.0,6.0,1.0,-5.0,19:44,2.5,1
20,203095,Evan Fournier,12.0,4.0,8.0,3.0,3.0,1.0,2.0,1.0,0.0,0.0,3.0,2.0,6.0,21:07,7.1,1
21,101126,Nate Robinson,15.0,5.0,10.0,4.0,2.0,1.0,1.0,1.0,7.0,0.0,2.0,1.0,13.0,22:43,14.3,1
22,202706,Jordan Hamilton,,,,,,,,,,,,,,,0.0,1
23,1889,Andre Miller,,,,,,,,,,,,,,,0.0,1
24,203113,Quincy Miller,,,,,,,,,,,,,,,0.0,1
25,201576,Anthony Randolph,,,,,,,,,,,,,,,0.0,1
