,id,name,PTS,FG,FGA,FTA,FT,OREB,DREB,STL,AST,BLK,PF,TO,PLUS_MINUS,MIN,GS,WIN
0,203077,Michael Kidd-Gilchrist,8.0,3.0,4.0,2.0,2.0,1.0,4.0,0.0,0.0,0.0,2.0,0.0,-11.0,25:53,7.5,0
1,201177,Josh McRoberts,7.0,3.0,6.0,0.0,0.0,1.0,1.0,0.0,4.0,0.0,0.0,1.0,-11.0,25:15,6.8,0
2,2744,Al Jefferson,38.0,18.0,24.0,4.0,2.0,4.0,15.0,1.0,1.0,0.0,4.0,1.0,-9.0,37:28,34.0,0
3,202390,Gary Neal,10.0,3.0,11.0,2.0,2.0,0.0,0.0,0.0,5.0,0.0,2.0,2.0,-5.0,32:38,4.2,0
4,202689,Kemba Walker,7.0,3.0,8.0,2.0,1.0,0.0,2.0,0.0,8.0,0.0,2.0,2.0,-19.0,33:38,5.6,0
5,203469,Cody Zeller,10.0,4.0,7.0,4.0,2.0,3.0,2.0,2.0,5.0,0.0,2.0,2.0,-5.0,18:59,11.3,0
6,201604,Chris Douglas-Roberts,12.0,3.0,9.0,5.0,4.0,1.0,0.0,0.0,2.0,0.0,2.0,0.0,-10.0,24:20,7.8,0
7,201229,Anthony Tolliver,12.0,4.0,10.0,2.0,1.0,3.0,1.0,1.0,0.0,0.0,0.0,1.0,-6.0,22:07,8.6,0
8,202687,Bismack Biyombo,0.0,0.0,0.0,0.0,0.0,0.0,1.0,0.0,0.0,0.0,1.0,0.0,-11.0,5:21,-0.1,0
9,2557,Luke Ridnour,3.0,1.0,3.0,0.0,0.0,0.0,1.0,0.0,2.0,0.0,1.0,1.0,2.0,14:22,1.6,0
10,201945,Gerald Henderson,,,,,,,,,,,,,,,0.0,0
11,2457,Jannero Pargo,,,,,,,,,,,,,,,0.0,0
12,2544,LeBron James,61.0,22.0,33.0,12.0,9.0,3.0,4.0,0.0,4.0,0.0,2.0,2.0,16.0,41:12,48.8,1
13,2203,Shane Battier,3.0,1.0,4.0,0.0,0.0,2.0,2.0,0.0,0.0,0.0,1.0,0.0,6.0,20:35,2.2,1
14,2547,Chris Bosh,15.0,6.0,14.0,2.0,2.0,1.0,6.0,1.0,0.0,1.0,0.0,0.0,5.0,30:08,11.8,1
15,201962,Toney Douglas,10.0,4.0,5.0,0.0,0.0,0.0,2.0,1.0,1.0,1.0,3.0,0.0,8.0,18:43,9.9,1
16,201596,Mario Chalmers,4.0,1.0,7.0,2.0,2.0,2.0,1.0,2.0,7.0,0.0,0.0,1.0,-2.0,31:21,7.1,1
17,951,Ray Allen,9.0,3.0,7.0,0.0,0.0,0.0,3.0,0.0,4.0,0.0,4.0,0.0,14.0,29:33,7.4,1
18,202708,Norris Cole,2.0,1.0,2.0,0.0,0.0,0.0,1.0,0.0,0.0,0.0,3.0,2.0,14.0,20:32,-1.9,1
19,2365,Chris Andersen,7.0,3.0,3.0,0.0,0.0,0.0,4.0,2.0,0.0,1.0,3.0,1.0,9.0,17:14,7.8,1
20,201563,Michael Beasley,4.0,1.0,2.0,2.0,2.0,0.0,2.0,1.0,2.0,0.0,1.0,0.0,9.0,17:43,5.6,1
21,201141,Greg Oden,4.0,2.0,2.0,0.0,0.0,0.0,0.0,0.0,0.0,0.0,1.0,1.0,2.0,5:02,2.0,1
22,2617,Udonis Haslem,3.0,1.0,3.0,2.0,1.0,1.0,1.0,0.0,0.0,0.0,0.0,0.0,2.0,5:10,1.9,1
23,1740,Rashard Lewis,0.0,0.0,0.0,0.0,0.0,0.0,0.0,0.0,0.0,0.0,0.0,0.0,1.0,1:24,0.0,1
24,202732,DeAndre Liggins,2.0,1.0,1.0,0.0,0.0,1.0,0.0,0.0,0.0,0.0,0.0,0.0,1.0,1:24,2.4,1
