,id,name,PTS,FG,FGA,FTA,FT,OREB,DREB,STL,AST,BLK,PF,TO,PLUS_MINUS,MIN,GS,WIN
0,2419,Tayshaun Prince,9.0,4.0,7.0,0.0,0.0,0.0,1.0,1.0,4.0,0.0,1.0,0.0,-9.0,25:26,9.4,0
1,2216,Zach Randolph,23.0,8.0,20.0,12.0,7.0,8.0,9.0,0.0,5.0,0.0,3.0,3.0,-16.0,42:43,17.8,0
2,201585,Kosta Koufos,5.0,2.0,5.0,2.0,1.0,4.0,7.0,0.0,1.0,0.0,3.0,2.0,4.0,23:07,4.3,0
3,2754,Tony Allen,8.0,4.0,11.0,0.0,0.0,0.0,0.0,0.0,0.0,1.0,5.0,1.0,-2.0,21:19,-0.4,0
4,201144,Mike Conley,11.0,4.0,14.0,2.0,1.0,1.0,3.0,2.0,6.0,1.0,3.0,2.0,-2.0,37:38,7.7,0
5,201573,Jerryd Bayless,7.0,3.0,7.0,0.0,0.0,1.0,0.0,0.0,3.0,0.0,4.0,0.0,-7.0,16:35,4.5,0
6,201949,James Johnson,12.0,5.0,8.0,2.0,1.0,2.0,3.0,3.0,0.0,1.0,5.0,1.0,-3.0,27:45,11.0,0
7,202334,Ed Davis,4.0,2.0,6.0,0.0,0.0,2.0,3.0,0.0,0.0,1.0,1.0,0.0,13.0,13:21,3.2,0
8,2034,Mike Miller,7.0,3.0,9.0,2.0,1.0,2.0,3.0,0.0,1.0,0.0,4.0,0.0,-5.0,20:28,2.9,0
9,202720,Jon Leuer,6.0,3.0,6.0,0.0,0.0,0.0,0.0,0.0,0.0,0.0,1.0,0.0,-13.0,11:38,2.6,0
10,201979,Nick Calathes,,,,,,,,,,,,,,,0.0,0
11,203552,Seth Curry,,,,,,,,,,,,,,,0.0,0
12,203479,Jamaal Franklin,,,,,,,,,,,,,,,0.0,0
13,202718,Chandler Parsons,15.0,5.0,12.0,6.0,5.0,0.0,11.0,1.0,5.0,0.0,1.0,2.0,13.0,43:51,13.6,1
14,203093,Terrence Jones,20.0,10.0,14.0,3.0,0.0,2.0,3.0,0.0,2.0,2.0,0.0,0.0,0.0,31:10,18.1,1
15,2730,Dwight Howard,2.0,1.0,5.0,0.0,0.0,1.0,5.0,2.0,0.0,0.0,5.0,1.0,-1.0,18:05,0.1,1
16,201935,James Harden,27.0,2.0,9.0,25.0,22.0,1.0,5.0,0.0,5.0,1.0,2.0,2.0,13.0,43:51,23.9,1
17,202391,Jeremy Lin,18.0,5.0,13.0,6.0,6.0,1.0,5.0,0.0,2.0,0.0,3.0,4.0,10.0,37:17,9.3,1
18,201166,Aaron Brooks,6.0,3.0,7.0,0.0,0.0,1.0,0.0,0.0,2.0,0.0,1.0,0.0,-7.0,14:52,4.0,1
19,201956,Omri Casspi,2.0,1.0,3.0,0.0,0.0,0.0,1.0,0.0,0.0,0.0,0.0,0.0,-14.0,11:27,0.6,1
20,101128,Francisco Garcia,6.0,2.0,4.0,0.0,0.0,0.0,2.0,0.0,0.0,1.0,2.0,0.0,9.0,16:09,4.5,1
21,202700,Donatas Motiejunas,4.0,2.0,4.0,0.0,0.0,1.0,2.0,0.0,1.0,3.0,5.0,0.0,17.0,23:18,4.1,1
22,201600,Omer Asik,,,,,,,,,,,,,,,0.0,1
23,200758,Ronnie Brewer,,,,,,,,,,,,,,,0.0,1
24,203477,Isaiah Canaan,,,,,,,,,,,,,,,0.0,1
25,202962,Greg Smith,,,,,,,,,,,,,,,0.0,1
