,id,name,PTS,FG,FGA,FTA,FT,OREB,DREB,STL,AST,BLK,PF,TO,PLUS_MINUS,MIN,GS,WIN
0,201162,Jared Dudley,10.0,4.0,15.0,1.0,1.0,2.0,1.0,2.0,2.0,0.0,4.0,0.0,6.0,38:36,4.6,1
1,201933,Blake Griffin,26.0,9.0,14.0,14.0,8.0,0.0,8.0,1.0,0.0,3.0,5.0,1.0,11.0,39:33,19.9,1
2,201599,DeAndre Jordan,11.0,5.0,7.0,2.0,1.0,6.0,15.0,1.0,0.0,0.0,3.0,2.0,11.0,38:43,14.2,1
3,2584,Willie Green,9.0,3.0,11.0,2.0,2.0,0.0,5.0,1.0,2.0,1.0,3.0,1.0,18.0,35:27,4.9,1
4,101108,Chris Paul,25.0,10.0,18.0,5.0,3.0,0.0,1.0,3.0,13.0,0.0,3.0,4.0,18.0,34:21,22.8,1
5,2037,Jamal Crawford,8.0,3.0,12.0,1.0,1.0,0.0,2.0,0.0,1.0,0.0,0.0,1.0,-3.0,23:07,1.1,1
6,201954,Darren Collison,2.0,0.0,1.0,2.0,2.0,0.0,3.0,1.0,2.0,0.0,1.0,2.0,-6.0,13:47,2.2,1
7,200797,Ryan Hollins,1.0,0.0,0.0,2.0,1.0,0.0,0.0,0.0,0.0,0.0,1.0,1.0,0.0,6:19,-0.8,1
8,1712,Antawn Jamison,2.0,1.0,4.0,0.0,0.0,1.0,5.0,1.0,0.0,0.0,2.0,0.0,0.0,10:07,2.0,1
9,2440,Matt Barnes,,,,,,,,,,,,,,,0.0,1
10,203493,Reggie Bullock,,,,,,,,,,,,,,,0.0,1
11,201957,Byron Mullens,,,,,,,,,,,,,,,0.0,1
12,200755,JJ Redick,,,,,,,,,,,,,,,0.0,1
13,202323,Evan Turner,25.0,11.0,23.0,3.0,2.0,2.0,6.0,1.0,5.0,0.0,4.0,3.0,-11.0,39:34,16.0,0
14,201152,Thaddeus Young,16.0,8.0,16.0,0.0,0.0,2.0,9.0,0.0,3.0,0.0,5.0,3.0,-7.0,33:55,9.2,0
15,201150,Spencer Hawes,2.0,1.0,6.0,0.0,0.0,0.0,4.0,0.0,3.0,0.0,2.0,2.0,-14.0,22:37,-1.3,0
16,203138,Hollis Thompson,8.0,1.0,7.0,7.0,5.0,3.0,2.0,3.0,1.0,0.0,2.0,2.0,-12.0,39:06,6.3,0
17,203100,Tony Wroten,9.0,2.0,12.0,6.0,4.0,1.0,9.0,1.0,7.0,0.0,3.0,4.0,-8.0,36:29,4.7,0
18,202341,James Anderson,8.0,4.0,9.0,0.0,0.0,0.0,0.0,0.0,2.0,0.0,0.0,0.0,1.0,17:20,4.7,0
19,202730,Lavoy Allen,6.0,3.0,7.0,0.0,0.0,3.0,3.0,1.0,1.0,0.0,3.0,0.0,5.0,22:54,5.8,0
20,203485,Lorenzo Brown,4.0,1.0,6.0,2.0,2.0,1.0,0.0,1.0,4.0,0.0,4.0,1.0,-3.0,11:31,2.1,0
21,203561,Brandon Davies,5.0,2.0,5.0,1.0,1.0,1.0,2.0,0.0,0.0,0.0,2.0,1.0,-1.0,13:16,1.8,0
22,202350,Daniel Orton,0.0,0.0,1.0,0.0,0.0,1.0,1.0,0.0,0.0,0.0,1.0,0.0,-5.0,3:17,-0.1,0
23,203487,Michael Carter-Williams,,,,,,,,,,,,,,,0.0,0
24,202343,Elliot Williams,,,,,,,,,,,,,,,0.0,0
