,id,name,PTS,FG,FGA,FTA,FT,OREB,DREB,STL,AST,BLK,PF,TO,PLUS_MINUS,MIN,GS,WIN
0,203090,Maurice Harkless,14.0,5.0,10.0,1.0,1.0,2.0,2.0,2.0,1.0,0.0,0.0,0.0,8.0,34:24,13.7,0
1,203124,Kyle O'Quinn,10.0,5.0,8.0,0.0,0.0,2.0,5.0,0.0,1.0,2.0,3.0,1.0,8.0,20:16,9.2,0
2,202696,Nikola Vucevic,12.0,6.0,13.0,0.0,0.0,2.0,10.0,0.0,1.0,0.0,4.0,5.0,0.0,30:30,3.8,0
3,201167,Arron Afflalo,12.0,4.0,14.0,6.0,3.0,0.0,4.0,1.0,4.0,0.0,3.0,2.0,0.0,34:08,4.4,0
4,2749,Jameer Nelson,13.0,5.0,9.0,0.0,0.0,1.0,2.0,1.0,7.0,0.0,2.0,2.0,2.0,29:13,13.1,0
5,202699,Tobias Harris,11.0,5.0,10.0,1.0,1.0,4.0,4.0,0.0,1.0,0.0,2.0,4.0,-14.0,26:06,5.9,0
6,203506,Victor Oladipo,12.0,5.0,6.0,0.0,0.0,1.0,2.0,0.0,4.0,0.0,2.0,1.0,-9.0,18:50,12.1,0
7,202734,E'Twaun Moore,8.0,4.0,7.0,0.0,0.0,0.0,0.0,1.0,3.0,0.0,3.0,1.0,-3.0,18:06,5.6,0
8,203094,Andrew Nicholson,6.0,3.0,9.0,0.0,0.0,0.0,2.0,0.0,1.0,0.0,2.0,1.0,-13.0,15:44,0.4,0
9,203117,Doron Lamb,0.0,0.0,2.0,0.0,0.0,0.0,0.0,1.0,0.0,0.0,1.0,0.0,-14.0,12:43,-0.8,0
10,203473,Dewayne Dedmon,,,,,,,,,,,,,,,0.0,0
11,101131,Jason Maxiell,,,,,,,,,,,,,,,0.0,0
12,101179,Ronnie Price,,,,,,,,,,,,,,,0.0,0
13,203114,Khris Middleton,21.0,5.0,13.0,6.0,6.0,2.0,4.0,2.0,7.0,1.0,2.0,1.0,11.0,34:14,22.3,1
14,101141,Ersan Ilyasova,16.0,6.0,13.0,6.0,3.0,2.0,9.0,0.0,1.0,0.0,1.0,0.0,12.0,31:49,12.5,1
15,2585,Zaza Pachulia,4.0,2.0,5.0,0.0,0.0,3.0,2.0,1.0,0.0,1.0,1.0,0.0,-1.0,17:11,5.3,1
16,203489,Nate Wolters,8.0,4.0,8.0,0.0,0.0,0.0,2.0,0.0,1.0,0.0,1.0,0.0,4.0,20:02,4.9,1
17,202688,Brandon Knight,24.0,9.0,23.0,5.0,5.0,0.0,3.0,1.0,6.0,0.0,1.0,3.0,18.0,43:54,14.2,1
18,203507,Giannis Antetokounmpo,6.0,2.0,4.0,2.0,1.0,0.0,4.0,0.0,1.0,2.0,2.0,2.0,4.0,27:46,4.1,1
19,203089,John Henson,10.0,5.0,9.0,0.0,0.0,3.0,5.0,0.0,1.0,0.0,1.0,1.0,6.0,30:15,8.6,1
20,202399,Jeff Adrien,0.0,0.0,0.0,0.0,0.0,0.0,1.0,0.0,0.0,0.0,0.0,1.0,-14.0,4:46,-0.7,1
21,201196,Ramon Sessions,16.0,5.0,8.0,6.0,6.0,0.0,2.0,1.0,8.0,0.0,0.0,2.0,6.0,25:57,17.6,1
22,201564,O.J. Mayo,0.0,0.0,1.0,0.0,0.0,0.0,0.0,0.0,0.0,0.0,0.0,1.0,-11.0,4:06,-1.7,1
23,203183,Tony Mitchell,,,,,,,,,,,,,,,0.0,1
24,203545,Miroslav Raduljica,,,,,,,,,,,,,,,0.0,1
25,202327,Ekpe Udoh,,,,,,,,,,,,,,,0.0,1
