,id,name,PTS,FG,FGA,FTA,FT,OREB,DREB,STL,AST,BLK,PF,TO,PLUS_MINUS,MIN,GS,WIN
0,201145,Jeff Green,15.0,5.0,12.0,6.0,4.0,1.0,10.0,0.0,1.0,0.0,5.0,2.0,-7.0,33:18,8.2,0
1,101138,Brandon Bass,14.0,6.0,10.0,3.0,2.0,0.0,5.0,1.0,2.0,1.0,4.0,2.0,-8.0,31:57,10.0,0
2,2743,Kris Humphries,6.0,3.0,5.0,0.0,0.0,4.0,4.0,0.0,4.0,0.0,6.0,2.0,-10.0,31:36,6.1,0
3,202348,Jordan Crawford,24.0,7.0,17.0,11.0,10.0,2.0,0.0,2.0,8.0,0.0,3.0,5.0,0.0,36:46,17.3,0
4,202340,Avery Bradley,24.0,10.0,18.0,5.0,3.0,1.0,3.0,2.0,2.0,0.0,2.0,2.0,-6.0,30:41,16.8,0
5,2222,Gerald Wallace,2.0,1.0,1.0,0.0,0.0,0.0,4.0,0.0,1.0,0.0,1.0,2.0,-8.0,20:20,1.2,0
6,203096,Jared Sullinger,2.0,1.0,6.0,0.0,0.0,1.0,2.0,0.0,0.0,0.0,4.0,0.0,-8.0,11:46,-2.1,0
7,203482,Kelly Olynyk,7.0,3.0,5.0,2.0,0.0,0.0,4.0,0.0,1.0,0.0,4.0,1.0,10.0,17:57,3.2,0
8,201573,Jerryd Bayless,11.0,3.0,9.0,3.0,3.0,1.0,2.0,2.0,5.0,0.0,1.0,2.0,4.0,20:22,10.3,0
9,203515,Phil Pressey,0.0,0.0,0.0,0.0,0.0,0.0,1.0,0.0,1.0,0.0,0.0,0.0,3.0,5:18,1.0,0
10,2586,Keith Bogans,,,,,,,,,,,,,,,0.0,0
11,203543,Vitor Faverani,,,,,,,,,,,,,,,0.0,0
12,201162,Jared Dudley,18.0,7.0,11.0,2.0,0.0,0.0,2.0,4.0,3.0,2.0,1.0,1.0,8.0,32:08,19.0,1
13,201933,Blake Griffin,29.0,9.0,14.0,17.0,11.0,1.0,5.0,2.0,8.0,0.0,4.0,2.0,9.0,41:23,26.6,1
14,201599,DeAndre Jordan,11.0,5.0,6.0,4.0,1.0,4.0,9.0,0.0,0.0,1.0,4.0,2.0,16.0,27:15,10.2,1
15,2037,Jamal Crawford,26.0,8.0,26.0,7.0,7.0,0.0,2.0,2.0,6.0,0.0,2.0,3.0,10.0,44:47,14.0,1
16,201954,Darren Collison,15.0,4.0,9.0,5.0,5.0,1.0,4.0,1.0,6.0,0.0,6.0,1.0,5.0,32:30,14.0,1
17,2440,Matt Barnes,5.0,1.0,3.0,2.0,2.0,1.0,7.0,0.0,1.0,0.0,1.0,2.0,-7.0,21:54,4.4,1
18,200797,Ryan Hollins,0.0,0.0,0.0,0.0,0.0,0.0,0.0,0.0,0.0,1.0,1.0,0.0,-11.0,8:54,0.3,1
19,203146,Maalik Wayns,0.0,0.0,1.0,0.0,0.0,0.0,0.0,0.0,1.0,0.0,1.0,0.0,-4.0,3:18,-0.4,1
20,2584,Willie Green,7.0,2.0,5.0,2.0,2.0,0.0,1.0,1.0,1.0,0.0,2.0,2.0,1.0,15:05,3.5,1
21,1712,Antawn Jamison,0.0,0.0,4.0,0.0,0.0,0.0,0.0,1.0,0.0,0.0,1.0,0.0,3.0,12:20,-2.2,1
22,202721,Darius Morris,0.0,0.0,0.0,0.0,0.0,0.0,0.0,0.0,0.0,0.0,0.0,0.0,0.0,0:25,0.0,1
23,203493,Reggie Bullock,,,,,,,,,,,,,,,0.0,1
24,201957,Byron Mullens,,,,,,,,,,,,,,,0.0,1
