,id,name,PTS,FG,FGA,FTA,FT,OREB,DREB,STL,AST,BLK,PF,TO,PLUS_MINUS,MIN,GS,WIN
0,202718,Chandler Parsons,16.0,7.0,15.0,2.0,0.0,0.0,8.0,1.0,4.0,0.0,2.0,2.0,-9.0,41:17,10.9,0
1,202700,Donatas Motiejunas,0.0,0.0,2.0,0.0,0.0,1.0,1.0,0.0,0.0,0.0,4.0,0.0,-6.0,8:26,-2.0,0
2,201600,Omer Asik,12.0,5.0,8.0,6.0,2.0,6.0,17.0,1.0,0.0,2.0,1.0,3.0,-8.0,35:42,15.1,0
3,201935,James Harden,26.0,4.0,10.0,16.0,16.0,1.0,0.0,2.0,9.0,0.0,2.0,4.0,-17.0,36:06,24.8,0
4,202391,Jeremy Lin,16.0,6.0,14.0,2.0,2.0,1.0,3.0,1.0,1.0,0.0,0.0,2.0,-14.0,32:55,9.9,0
5,201956,Omri Casspi,7.0,3.0,10.0,0.0,0.0,1.0,1.0,0.0,0.0,0.0,2.0,0.0,-5.0,22:15,1.4,0
6,101128,Francisco Garcia,10.0,4.0,9.0,0.0,0.0,0.0,2.0,0.0,3.0,1.0,2.0,0.0,9.0,25:32,7.9,0
7,203477,Isaiah Canaan,2.0,1.0,8.0,0.0,0.0,0.0,1.0,0.0,0.0,0.0,1.0,2.0,-1.0,23:10,-5.3,0
8,202706,Jordan Hamilton,7.0,2.0,8.0,2.0,2.0,0.0,1.0,1.0,3.0,0.0,2.0,2.0,6.0,14:37,2.8,0
9,201976,Patrick Beverley,,,,,,,,,,,,,,,0.0,0
10,2730,Dwight Howard,,,,,,,,,,,,,,,0.0,0
11,203093,Terrence Jones,,,,,,,,,,,,,,,0.0,0
12,202962,Greg Smith,,,,,,,,,,,,,,,0.0,0
13,2207,Joe Johnson,32.0,13.0,21.0,2.0,2.0,0.0,4.0,1.0,3.0,0.0,2.0,1.0,17.0,33:54,25.0,1
14,1718,Paul Pierce,4.0,2.0,4.0,0.0,0.0,0.0,6.0,1.0,1.0,0.0,1.0,2.0,11.0,23:26,3.1,1
15,203486,Mason Plumlee,11.0,5.0,6.0,3.0,1.0,3.0,3.0,1.0,4.0,2.0,2.0,2.0,8.0,27:38,13.4,1
16,2733,Shaun Livingston,17.0,6.0,12.0,6.0,5.0,0.0,6.0,2.0,2.0,1.0,2.0,1.0,4.0,29:11,14.7,1
17,101114,Deron Williams,12.0,6.0,14.0,0.0,0.0,0.0,3.0,2.0,6.0,0.0,4.0,1.0,7.0,35:29,9.1,1
18,101187,Alan Anderson,4.0,1.0,3.0,4.0,2.0,0.0,2.0,1.0,2.0,0.0,5.0,1.0,4.0,27:23,1.5,1
19,101154,Andray Blatche,13.0,6.0,12.0,2.0,1.0,2.0,2.0,0.0,2.0,2.0,4.0,4.0,1.0,19:54,5.8,1
20,203141,Mirza Teletovic,10.0,4.0,7.0,0.0,0.0,1.0,6.0,1.0,1.0,0.0,2.0,1.0,-2.0,24:34,9.1,1
21,203268,Jorge Gutierrez,2.0,1.0,3.0,0.0,0.0,0.0,4.0,0.0,2.0,0.0,4.0,0.0,-3.0,17:19,1.3,1
22,203104,Marquis Teague,0.0,0.0,1.0,0.0,0.0,0.0,0.0,0.0,0.0,0.0,0.0,0.0,-2.0,0:44,-0.7,1
23,2215,Jason Collins,0.0,0.0,0.0,0.0,0.0,0.0,0.0,0.0,0.0,0.0,0.0,0.0,0.0,0:29,0.0,1
24,1905,Andrei Kirilenko,,,,,,,,,,,,,,,0.0,1
25,201977,Marcus Thornton,,,,,,,,,,,,,,,0.0,1
