,id,name,PTS,FG,FGA,FTA,FT,OREB,DREB,STL,AST,BLK,PF,TO,PLUS_MINUS,MIN,GS,WIN
0,2738,Andre Iguodala,8.0,2.0,4.0,4.0,4.0,2.0,4.0,0.0,5.0,0.0,3.0,3.0,-3.0,30:28,7.9,0
1,101135,David Lee,20.0,8.0,18.0,4.0,4.0,7.0,4.0,0.0,3.0,0.0,5.0,1.0,-1.0,43:12,15.8,0
2,101106,Andrew Bogut,4.0,2.0,4.0,2.0,0.0,4.0,6.0,2.0,1.0,3.0,0.0,1.0,0.0,30:34,9.6,0
3,202691,Klay Thompson,12.0,4.0,15.0,2.0,2.0,1.0,2.0,1.0,0.0,0.0,5.0,1.0,-1.0,26:31,2.4,0
4,201939,Stephen Curry,34.0,13.0,27.0,6.0,4.0,1.0,3.0,1.0,7.0,0.0,3.0,6.0,-1.0,43:12,19.8,0
5,203084,Harrison Barnes,11.0,4.0,8.0,2.0,2.0,0.0,2.0,0.0,1.0,1.0,1.0,1.0,-6.0,22:21,7.6,0
6,203110,Draymond Green,2.0,1.0,4.0,0.0,0.0,0.0,2.0,1.0,5.0,0.0,1.0,0.0,-6.0,17:02,4.3,0
7,2581,Steve Blake,3.0,1.0,3.0,0.0,0.0,1.0,0.0,0.0,3.0,1.0,4.0,0.0,-3.0,16:22,3.2,0
8,201578,Marreese Speights,2.0,1.0,2.0,0.0,0.0,0.0,1.0,0.0,0.0,0.0,0.0,0.0,-5.0,4:48,1.3,0
9,202348,Jordan Crawford,2.0,1.0,3.0,0.0,0.0,0.0,1.0,0.0,0.0,0.0,0.0,0.0,-4.0,5:30,0.6,0
10,200756,Hilton Armstrong,,,,,,,,,,,,,,,0.0,0
11,203517,Nemanja Nedovic,,,,,,,,,,,,,,,0.0,0
12,979,Jermaine O'Neal,,,,,,,,,,,,,,,0.0,0
13,202361,Landry Fields,8.0,4.0,5.0,0.0,0.0,1.0,5.0,1.0,0.0,0.0,0.0,0.0,-6.0,24:48,9.3,1
14,101161,Amir Johnson,9.0,4.0,9.0,2.0,1.0,1.0,8.0,0.0,5.0,0.0,3.0,1.0,7.0,30:12,8.3,1
15,202685,Jonas Valanciunas,10.0,5.0,6.0,0.0,0.0,1.0,4.0,1.0,1.0,1.0,3.0,3.0,-2.0,23:07,7.9,1
16,201942,DeMar DeRozan,32.0,10.0,16.0,12.0,11.0,0.0,4.0,1.0,6.0,0.0,2.0,0.0,12.0,42:12,30.0,1
17,200768,Kyle Lowry,13.0,3.0,13.0,4.0,4.0,2.0,1.0,2.0,8.0,0.0,4.0,2.0,7.0,31:26,10.8,1
18,202349,Greivis Vasquez,12.0,5.0,13.0,0.0,0.0,0.0,0.0,0.0,4.0,0.0,0.0,1.0,10.0,22:53,6.7,1
19,2422,John Salmons,2.0,1.0,5.0,0.0,0.0,0.0,1.0,0.0,3.0,0.0,2.0,0.0,-2.0,20:23,0.5,1
20,202335,Patrick Patterson,12.0,4.0,10.0,2.0,2.0,1.0,4.0,1.0,1.0,1.0,3.0,2.0,7.0,28:43,7.7,1
21,201946,Tyler Hansbrough,6.0,2.0,2.0,3.0,2.0,3.0,2.0,0.0,0.0,1.0,1.0,0.0,-1.0,13:41,8.0,1
22,201986,Nando De Colo,0.0,0.0,0.0,0.0,0.0,0.0,1.0,0.0,0.0,0.0,0.0,0.0,-2.0,2:34,0.3,1
23,101236,Chuck Hayes,,,,,,,,,,,,,,,0.0,1
24,200779,Steve Novak,,,,,,,,,,,,,,,0.0,1
25,202933,Julyan Stone,,,,,,,,,,,,,,,0.0,1
