,id,name,PTS,FG,FGA,FTA,FT,OREB,DREB,STL,AST,BLK,PF,TO,PLUS_MINUS,MIN,GS,WIN
0,202718,Chandler Parsons,17.0,6.0,15.0,4.0,3.0,0.0,8.0,3.0,4.0,1.0,1.0,3.0,10.0,45:08,14.0,1
1,203093,Terrence Jones,25.0,10.0,17.0,10.0,5.0,2.0,6.0,1.0,1.0,6.0,4.0,0.0,5.0,41:24,22.6,1
2,2730,Dwight Howard,12.0,4.0,5.0,11.0,4.0,4.0,7.0,2.0,2.0,3.0,5.0,3.0,13.0,29:51,12.7,1
3,201935,James Harden,26.0,7.0,14.0,11.0,10.0,0.0,2.0,2.0,7.0,1.0,3.0,4.0,5.0,40:48,21.6,1
4,202391,Jeremy Lin,13.0,6.0,12.0,1.0,1.0,0.0,1.0,1.0,4.0,2.0,4.0,2.0,11.0,38:41,8.9,1
5,201956,Omri Casspi,0.0,0.0,1.0,0.0,0.0,1.0,1.0,0.0,0.0,0.0,1.0,1.0,-10.0,6:49,-1.1,1
6,203477,Isaiah Canaan,0.0,0.0,1.0,0.0,0.0,0.0,0.0,0.0,0.0,0.0,3.0,0.0,-8.0,9:19,-1.9,1
7,101128,Francisco Garcia,0.0,0.0,0.0,0.0,0.0,0.0,1.0,0.0,0.0,0.0,2.0,0.0,-9.0,10:04,-0.5,1
8,202700,Donatas Motiejunas,10.0,4.0,7.0,4.0,2.0,1.0,4.0,0.0,0.0,1.0,5.0,0.0,-2.0,17:56,6.5,1
9,201600,Omer Asik,,,,,,,,,,,,,,,0.0,1
10,200758,Ronnie Brewer,,,,,,,,,,,,,,,0.0,1
11,201166,Aaron Brooks,,,,,,,,,,,,,,,0.0,1
12,202962,Greg Smith,,,,,,,,,,,,,,,0.0,1
13,202329,Al-Farouq Aminu,7.0,1.0,5.0,4.0,4.0,1.0,7.0,1.0,2.0,1.0,2.0,3.0,2.0,21:08,6.0,0
14,203076,Anthony Davis,24.0,8.0,13.0,11.0,8.0,1.0,6.0,2.0,0.0,1.0,4.0,1.0,-3.0,30:60,19.5,0
15,201160,Jason Smith,10.0,5.0,13.0,0.0,0.0,1.0,5.0,0.0,2.0,1.0,5.0,2.0,-23.0,28:22,3.2,0
16,201569,Eric Gordon,35.0,11.0,17.0,8.0,7.0,0.0,3.0,1.0,6.0,0.0,2.0,2.0,-1.0,41:48,30.4,0
17,203148,Brian Roberts,10.0,4.0,11.0,1.0,1.0,0.0,1.0,1.0,4.0,0.0,3.0,2.0,-15.0,29:18,4.8,0
18,201582,Alexis Ajinca,2.0,1.0,1.0,0.0,0.0,1.0,3.0,0.0,0.0,2.0,5.0,0.0,15.0,12:19,2.7,0
19,203121,Darius Miller,2.0,1.0,6.0,0.0,0.0,1.0,4.0,1.0,3.0,1.0,4.0,3.0,1.0,29:51,-0.7,0
20,203085,Austin Rivers,6.0,2.0,8.0,5.0,2.0,3.0,1.0,0.0,2.0,0.0,1.0,2.0,13.0,20:00,1.4,0
21,201627,Anthony Morrow,0.0,0.0,0.0,0.0,0.0,0.0,0.0,0.0,0.0,0.0,2.0,0.0,-3.0,5:02,-0.8,0
22,201880,Greg Stiemsma,4.0,2.0,3.0,0.0,0.0,4.0,2.0,1.0,0.0,2.0,6.0,0.0,-3.0,20:13,6.1,0
23,203481,Jeff Withey,0.0,0.0,0.0,0.0,0.0,0.0,0.0,0.0,0.0,0.0,0.0,0.0,2.0,1:00,0.0,0
24,201936,Tyreke Evans,,,,,,,,,,,,,,,0.0,0
25,201950,Jrue Holiday,,,,,,,,,,,,,,,0.0,0
