,id,name,PTS,FG,FGA,FTA,FT,OREB,DREB,STL,AST,BLK,PF,TO,PLUS_MINUS,MIN,GS,WIN
0,1718,Paul Pierce,18.0,8.0,14.0,3.0,1.0,0.0,5.0,3.0,2.0,1.0,3.0,2.0,-12.0,36:04,14.0,0
1,203141,Mirza Teletovic,17.0,7.0,13.0,0.0,0.0,2.0,2.0,1.0,1.0,0.0,4.0,1.0,-7.0,30:37,11.8,0
2,708,Kevin Garnett,2.0,1.0,5.0,0.0,0.0,0.0,7.0,0.0,0.0,1.0,3.0,1.0,-14.0,20:53,-0.5,0
3,2207,Joe Johnson,9.0,4.0,12.0,0.0,0.0,0.0,3.0,1.0,1.0,0.0,2.0,4.0,-16.0,36:02,0.0,0
4,101114,Deron Williams,14.0,6.0,11.0,2.0,1.0,0.0,1.0,2.0,6.0,2.0,1.0,3.0,-15.0,33:02,12.8,0
5,203486,Mason Plumlee,6.0,3.0,5.0,0.0,0.0,1.0,2.0,1.0,0.0,0.0,2.0,0.0,-1.0,22:33,5.2,0
6,101187,Alan Anderson,10.0,3.0,7.0,2.0,2.0,0.0,1.0,0.0,0.0,0.0,1.0,0.0,10.0,14:54,6.2,0
7,2733,Shaun Livingston,8.0,2.0,5.0,4.0,4.0,0.0,0.0,1.0,2.0,0.0,1.0,0.0,1.0,14:58,7.3,0
8,1891,Jason Terry,3.0,1.0,4.0,1.0,1.0,0.0,1.0,0.0,1.0,0.0,3.0,1.0,-7.0,18:09,-0.6,0
9,2501,Reggie Evans,4.0,1.0,1.0,4.0,2.0,2.0,1.0,0.0,0.0,0.0,2.0,1.0,-9.0,12:48,2.8,0
10,203129,Tornike Shengelia,,,,,,,,,,,,,,,0.0,0
11,203116,Tyshawn Taylor,,,,,,,,,,,,,,,0.0,0
12,202331,Paul George,24.0,9.0,13.0,4.0,3.0,0.0,3.0,3.0,2.0,0.0,4.0,1.0,14.0,33:03,20.8,1
13,2561,David West,10.0,5.0,13.0,0.0,0.0,1.0,6.0,1.0,6.0,0.0,2.0,5.0,20.0,30:15,4.8,1
14,201579,Roy Hibbert,11.0,4.0,7.0,4.0,3.0,2.0,3.0,1.0,3.0,1.0,4.0,5.0,15.0,31:29,6.8,1
15,202362,Lance Stephenson,23.0,7.0,11.0,8.0,8.0,0.0,9.0,0.0,7.0,0.0,0.0,3.0,13.0,37:35,22.7,1
16,201588,George Hill,21.0,6.0,10.0,7.0,6.0,1.0,3.0,1.0,4.0,0.0,1.0,0.0,20.0,32:53,21.0,1
17,2449,Luis Scola,4.0,2.0,2.0,0.0,0.0,0.0,7.0,0.0,3.0,0.0,2.0,1.0,-6.0,17:38,5.8,1
18,101122,Danny Granger,8.0,3.0,9.0,2.0,1.0,0.0,3.0,1.0,1.0,0.0,2.0,1.0,1.0,22:57,3.3,1
19,201228,C.J. Watson,4.0,2.0,5.0,0.0,0.0,0.0,1.0,0.0,1.0,0.0,2.0,1.0,-6.0,15:14,0.5,1
20,2446,Rasual Butler,0.0,0.0,1.0,0.0,0.0,0.0,0.0,0.0,0.0,0.0,0.0,0.0,0.0,1:32,-0.7,1
21,101133,Ian Mahinmi,0.0,0.0,0.0,0.0,0.0,1.0,1.0,1.0,1.0,1.0,1.0,0.0,-1.0,16:31,3.0,1
22,203111,Orlando Johnson,0.0,0.0,0.0,0.0,0.0,0.0,0.0,0.0,0.0,0.0,0.0,0.0,0.0,0:53,0.0,1
23,203142,Chris Copeland,,,,,,,,,,,,,,,0.0,1
24,202388,Donald Sloan,,,,,,,,,,,,,,,0.0,1
