,id,name,PTS,FG,FGA,FTA,FT,OREB,DREB,STL,AST,BLK,PF,TO,PLUS_MINUS,MIN,GS,WIN
0,202325,Wesley Johnson,9.0,3.0,8.0,0.0,0.0,0.0,4.0,1.0,2.0,1.0,0.0,0.0,-2.0,35:37,8.9,1
1,201941,Jordan Hill,15.0,5.0,7.0,6.0,5.0,4.0,5.0,0.0,1.0,0.0,0.0,1.0,2.0,30:59,15.7,1
2,2200,Pau Gasol,15.0,6.0,18.0,3.0,3.0,0.0,7.0,1.0,3.0,4.0,3.0,6.0,5.0,32:14,5.6,1
3,201975,Jodie Meeks,2.0,1.0,4.0,0.0,0.0,1.0,1.0,1.0,0.0,0.0,1.0,0.0,-13.0,22:56,1.2,1
4,977,Kobe Bryant,21.0,8.0,15.0,3.0,3.0,0.0,7.0,0.0,8.0,0.0,1.0,7.0,5.0,32:14,14.0,1
5,200761,Shawne Williams,5.0,2.0,4.0,0.0,0.0,0.0,5.0,0.0,2.0,1.0,2.0,1.0,1.0,16:55,4.8,1
6,202333,Xavier Henry,4.0,1.0,6.0,2.0,2.0,0.0,1.0,0.0,2.0,1.0,0.0,0.0,5.0,20:59,2.6,1
7,201156,Nick Young,13.0,2.0,10.0,9.0,8.0,2.0,1.0,0.0,1.0,1.0,1.0,0.0,14.0,32:20,9.1,1
8,203135,Robert Sacre,4.0,2.0,5.0,0.0,0.0,1.0,1.0,1.0,0.0,0.0,3.0,0.0,-2.0,15:46,2.1,1
9,2581,Steve Blake,,,,,,,,,,,,,,,0.0,1
10,200770,Jordan Farmar,,,,,,,,,,,,,,,0.0,1
11,2549,Chris Kaman,,,,,,,,,,,,,,,0.0,1
12,203527,Ryan Kelly,,,,,,,,,,,,,,,0.0,1
13,203106,Jeffery Taylor,7.0,3.0,13.0,2.0,1.0,2.0,3.0,3.0,0.0,1.0,2.0,0.0,3.0,27:32,3.9,0
14,201177,Josh McRoberts,6.0,3.0,5.0,0.0,0.0,0.0,7.0,2.0,5.0,1.0,3.0,3.0,4.0,29:41,7.8,0
15,2744,Al Jefferson,14.0,7.0,18.0,0.0,0.0,3.0,6.0,1.0,4.0,2.0,1.0,0.0,3.0,33:56,12.9,0
16,201945,Gerald Henderson,13.0,6.0,13.0,2.0,1.0,1.0,5.0,1.0,0.0,2.0,1.0,0.0,1.0,33:33,10.1,0
17,202689,Kemba Walker,24.0,10.0,13.0,2.0,2.0,2.0,1.0,1.0,8.0,0.0,2.0,2.0,0.0,35:08,24.4,0
18,201196,Ramon Sessions,2.0,1.0,7.0,0.0,0.0,1.0,2.0,1.0,3.0,0.0,1.0,3.0,-4.0,22:48,-1.5,0
19,203469,Cody Zeller,3.0,1.0,5.0,2.0,1.0,2.0,4.0,0.0,1.0,0.0,2.0,1.0,-7.0,18:19,1.0,0
20,202687,Bismack Biyombo,6.0,3.0,4.0,0.0,0.0,1.0,4.0,0.0,0.0,2.0,2.0,2.0,-6.0,14:04,4.9,0
21,2732,Ben Gordon,10.0,5.0,11.0,0.0,0.0,0.0,2.0,1.0,1.0,1.0,2.0,2.0,-9.0,24:59,4.5,0
22,202399,Jeff Adrien,,,,,,,,,,,,,,,0.0,0
23,201604,Chris Douglas-Roberts,,,,,,,,,,,,,,,0.0,0
24,2457,Jannero Pargo,,,,,,,,,,,,,,,0.0,0
25,201229,Anthony Tolliver,,,,,,,,,,,,,,,0.0,0
