,id,name,PTS,FG,FGA,FTA,FT,OREB,DREB,STL,AST,BLK,PF,TO,PLUS_MINUS,MIN,GS,WIN
0,2754,Tony Allen,4,2,7,0,0,1,0,1,2,0,1,1,-16.0,12:30,1.6,0
1,2216,Zach Randolph,8,3,9,3,2,3,3,1,0,0,3,4,-26.0,23:36,1.3,0
2,201188,Marc Gasol,6,3,7,0,0,1,5,1,5,1,3,1,-20.0,25:46,7.5,0
3,201584,Courtney Lee,4,1,7,2,2,1,0,0,0,0,1,1,-23.0,23:03,-1.2,0
4,201144,Mike Conley,18,8,13,2,0,1,2,1,7,0,1,1,-11.0,30:46,17.1,0
5,2034,Mike Miller,0,0,2,0,0,1,1,1,1,0,0,1,-5.0,10:12,0.3,0
6,201949,James Johnson,20,7,11,4,4,2,3,0,3,0,5,1,1.0,32:15,16.5,0
7,202334,Ed Davis,9,3,5,6,3,1,2,1,1,0,0,1,11.0,21:55,7.5,0
8,201979,Nick Calathes,4,2,6,0,0,0,2,1,1,0,4,1,2.0,17:23,0.3,0
9,201585,Kosta Koufos,8,4,9,0,0,2,3,1,0,2,0,1,4.0,17:20,7.0,0
10,2757,Beno Udrih,6,3,6,0,0,0,0,0,2,0,0,0,-8.0,12:15,4.4,0
11,202720,Jon Leuer,0,0,2,0,0,0,2,0,0,0,0,0,-7.0,7:08,-0.8,0
12,203479,Jamaal Franklin,5,2,2,0,0,0,1,0,0,0,1,1,-2.0,5:51,3.3,0
13,202695,Kawhi Leonard,26,12,13,0,0,0,3,0,5,0,1,1,13.0,29:45,24.7,1
14,1495,Tim Duncan,13,5,10,3,3,1,4,2,1,1,2,2,17.0,28:20,10.5,1
15,201168,Tiago Splitter,2,0,3,2,2,1,3,1,1,0,2,1,6.0,18:14,1.4,1
16,201980,Danny Green,9,4,8,1,0,1,1,2,1,0,1,0,4.0,17:57,7.9,1
17,2225,Tony Parker,10,4,4,2,2,0,1,0,1,0,0,1,11.0,9:19,8.8,1
18,2564,Boris Diaw,0,0,2,0,0,0,4,1,1,0,3,3,19.0,18:40,-2.7,1
19,1938,Manu Ginobili,26,8,11,6,6,0,4,0,3,0,1,2,16.0,25:34,22.4,1
20,201158,Marco Belinelli,5,1,5,2,2,0,1,0,4,0,1,3,-3.0,19:32,1.6,1
21,201988,Patty Mills,7,3,5,0,0,0,6,0,4,0,0,1,6.0,20:26,8.3,1
22,201965,Jeff Ayres,4,1,2,2,2,1,4,0,0,2,4,1,-1.0,13:26,3.7,1
23,202709,Cory Joseph,8,4,6,0,0,0,1,1,5,0,0,0,14.0,20:36,10.2,1
24,2588,Matt Bonner,0,0,2,0,0,0,1,0,1,0,1,0,-4.0,12:20,-0.8,1
25,201948,Austin Daye,2,1,6,0,0,2,1,0,0,0,0,0,2.0,5:51,-0.1,1
