,id,name,PTS,FG,FGA,FTA,FT,OREB,DREB,STL,AST,BLK,PF,TO,PLUS_MINUS,MIN,GS,WIN
0,201145,Jeff Green,21.0,7.0,16.0,6.0,5.0,0.0,4.0,0.0,0.0,0.0,4.0,1.0,-13.0,40:12,10.8,0
1,101138,Brandon Bass,8.0,2.0,11.0,4.0,4.0,5.0,3.0,1.0,1.0,2.0,3.0,2.0,-10.0,39:23,5.4,0
2,2743,Kris Humphries,9.0,4.0,10.0,1.0,1.0,1.0,2.0,0.0,0.0,0.0,1.0,2.0,-9.0,20:28,2.5,0
3,2222,Gerald Wallace,4.0,2.0,2.0,0.0,0.0,0.0,2.0,2.0,0.0,0.0,1.0,1.0,-13.0,30:25,4.6,0
4,200765,Rajon Rondo,18.0,6.0,13.0,6.0,6.0,2.0,1.0,1.0,10.0,0.0,3.0,5.0,-11.0,33:03,14.8,0
5,203482,Kelly Olynyk,21.0,8.0,13.0,4.0,4.0,4.0,4.0,1.0,4.0,0.0,3.0,0.0,5.0,28:01,21.7,0
6,201573,Jerryd Bayless,13.0,6.0,11.0,0.0,0.0,1.0,0.0,1.0,1.0,0.0,3.0,3.0,-4.0,30:22,5.9,0
7,201202,Joel Anthony,0.0,0.0,0.0,0.0,0.0,0.0,0.0,0.0,0.0,0.0,0.0,0.0,-6.0,2:27,0.0,0
8,203187,Chris Johnson,4.0,2.0,7.0,0.0,0.0,0.0,1.0,0.0,0.0,0.0,0.0,0.0,-5.0,7:39,0.2,0
9,203515,Phil Pressey,0.0,0.0,1.0,0.0,0.0,0.0,1.0,0.0,0.0,0.0,0.0,0.0,6.0,8:00,-0.4,0
10,203096,Jared Sullinger,,,,,,,,,,,,,,,0.0,0
11,2210,Richard Jefferson,10.0,3.0,6.0,5.0,3.0,1.0,5.0,2.0,4.0,0.0,4.0,1.0,14.0,30:17,10.6,1
12,101107,Marvin Williams,19.0,8.0,10.0,3.0,1.0,3.0,4.0,2.0,2.0,1.0,2.0,0.0,19.0,22:48,21.0,1
13,202324,Derrick Favors,20.0,8.0,9.0,4.0,4.0,1.0,3.0,0.0,1.0,3.0,3.0,0.0,8.0,28:53,20.1,1
14,202330,Gordon Hayward,8.0,4.0,11.0,0.0,0.0,1.0,3.0,1.0,10.0,0.0,1.0,6.0,2.0,35:33,5.1,1
15,203504,Trey Burke,12.0,5.0,16.0,0.0,0.0,1.0,4.0,0.0,3.0,0.0,3.0,1.0,18.0,36:00,4.6,1
16,202683,Enes Kanter,12.0,4.0,9.0,4.0,4.0,4.0,1.0,0.0,0.0,0.0,4.0,3.0,-1.0,26:05,5.8,1
17,202379,Jeremy Evans,4.0,2.0,4.0,0.0,0.0,0.0,6.0,2.0,0.0,4.0,3.0,0.0,-2.0,18:14,7.4,1
18,202692,Alec Burks,21.0,8.0,12.0,5.0,4.0,0.0,1.0,1.0,4.0,0.0,0.0,0.0,8.0,30:10,19.5,1
19,203197,Diante Garrett,4.0,2.0,3.0,0.0,0.0,0.0,0.0,0.0,1.0,0.0,1.0,1.0,-6.0,11:60,2.0,1
20,2740,Andris Biedrins,,,,,,,,,,,,,,,0.0,1
21,203497,Rudy Gobert,,,,,,,,,,,,,,,0.0,1
22,101249,John Lucas III,,,,,,,,,,,,,,,0.0,1
23,201575,Brandon Rush,,,,,,,,,,,,,,,0.0,1
