,id,name,PTS,FG,FGA,FTA,FT,OREB,DREB,STL,AST,BLK,PF,TO,PLUS_MINUS,MIN,GS,WIN
0,202329,Al-Farouq Aminu,9.0,4.0,7.0,2.0,1.0,3.0,4.0,1.0,1.0,0.0,0.0,1.0,13.0,23:49,9.3,1
1,203076,Anthony Davis,18.0,5.0,14.0,9.0,8.0,2.0,7.0,3.0,2.0,3.0,1.0,0.0,4.0,36:48,19.4,1
2,201160,Jason Smith,10.0,4.0,8.0,2.0,2.0,2.0,2.0,0.0,0.0,0.0,5.0,1.0,6.0,28:47,5.0,1
3,201569,Eric Gordon,19.0,6.0,14.0,6.0,6.0,2.0,2.0,2.0,2.0,1.0,0.0,1.0,19.0,33:58,16.7,1
4,201950,Jrue Holiday,11.0,5.0,11.0,0.0,0.0,0.0,0.0,2.0,3.0,0.0,4.0,4.0,19.0,30:37,3.8,1
5,201880,Greg Stiemsma,4.0,2.0,2.0,0.0,0.0,2.0,3.0,0.0,1.0,0.0,3.0,1.0,17.0,24:20,4.2,1
6,201936,Tyreke Evans,16.0,7.0,12.0,2.0,2.0,2.0,5.0,0.0,4.0,1.0,3.0,3.0,-3.0,30:03,12.6,1
7,201627,Anthony Morrow,7.0,3.0,6.0,0.0,0.0,0.0,1.0,1.0,0.0,0.0,0.0,1.0,0.0,11:42,4.3,1
8,203148,Brian Roberts,5.0,2.0,4.0,0.0,0.0,0.0,2.0,1.0,3.0,0.0,1.0,1.0,-1.0,16:06,5.3,1
9,203085,Austin Rivers,0.0,0.0,0.0,0.0,0.0,0.0,0.0,0.0,0.0,0.0,0.0,0.0,-2.0,0:05,0.0,1
10,202498,Lance Thomas,0.0,0.0,0.0,0.0,0.0,0.0,0.0,0.0,0.0,0.0,0.0,0.0,3.0,3:45,0.0,1
11,202620,Arinze Onuaku,,,,,,,,,,,,,,,0.0,1
12,203481,Jeff Withey,,,,,,,,,,,,,,,0.0,1
13,2419,Tayshaun Prince,4.0,2.0,4.0,0.0,0.0,0.0,2.0,0.0,1.0,1.0,1.0,2.0,-6.0,16:46,1.6,0
14,2216,Zach Randolph,2.0,1.0,1.0,0.0,0.0,0.0,0.0,0.0,1.0,0.0,1.0,2.0,-10.0,7:53,0.0,0
15,201188,Marc Gasol,11.0,4.0,11.0,4.0,3.0,0.0,1.0,1.0,4.0,1.0,3.0,3.0,-19.0,30:41,5.1,0
16,2754,Tony Allen,6.0,3.0,6.0,0.0,0.0,2.0,3.0,1.0,1.0,1.0,1.0,2.0,-4.0,21:52,5.3,0
17,201144,Mike Conley,26.0,10.0,16.0,6.0,6.0,0.0,1.0,1.0,1.0,0.0,1.0,1.0,-25.0,33:41,19.4,0
18,202347,Quincy Pondexter,0.0,0.0,4.0,0.0,0.0,1.0,0.0,0.0,1.0,0.0,1.0,1.0,-22.0,16:46,-2.8,0
19,2034,Mike Miller,9.0,3.0,4.0,0.0,0.0,0.0,6.0,2.0,2.0,0.0,3.0,2.0,-5.0,23:54,9.4,0
20,202720,Jon Leuer,4.0,2.0,5.0,0.0,0.0,0.0,1.0,0.0,0.0,0.0,1.0,0.0,-10.0,12:43,1.2,0
21,201573,Jerryd Bayless,3.0,1.0,5.0,0.0,0.0,0.0,2.0,0.0,1.0,0.0,1.0,1.0,-5.0,13:34,-0.2,0
22,201585,Kosta Koufos,6.0,2.0,4.0,2.0,2.0,1.0,2.0,0.0,1.0,1.0,0.0,0.0,9.0,17:12,6.7,0
23,202334,Ed Davis,7.0,3.0,4.0,2.0,1.0,2.0,3.0,0.0,2.0,0.0,3.0,0.0,2.0,24:16,7.5,0
24,201979,Nick Calathes,2.0,1.0,3.0,0.0,0.0,0.0,0.0,0.0,2.0,0.0,3.0,4.0,6.0,10:09,-3.5,0
25,203479,Jamaal Franklin,4.0,2.0,4.0,0.0,0.0,1.0,1.0,0.0,0.0,1.0,1.0,0.0,14.0,10:33,3.3,0
