,id,name,PTS,FG,FGA,FTA,FT,OREB,DREB,STL,AST,BLK,PF,TO,PLUS_MINUS,MIN,GS,WIN
0,202087,Alonzo Gee,9.0,3.0,8.0,4.0,3.0,1.0,3.0,1.0,1.0,0.0,1.0,1.0,-17.0,23:20,6.1,0
1,202684,Tristan Thompson,18.0,5.0,8.0,10.0,8.0,5.0,5.0,0.0,2.0,1.0,3.0,0.0,-3.0,34:53,19.5,0
2,201150,Spencer Hawes,15.0,7.0,12.0,0.0,0.0,0.0,6.0,0.0,2.0,2.0,6.0,3.0,-18.0,25:05,8.6,0
3,203079,Dion Waiters,23.0,8.0,15.0,8.0,6.0,0.0,0.0,5.0,3.0,0.0,3.0,1.0,13.0,29:55,19.8,0
4,202681,Kyrie Irving,12.0,4.0,12.0,4.0,4.0,2.0,0.0,3.0,2.0,1.0,1.0,1.0,-11.0,31:32,10.3,0
5,101127,Jarrett Jack,21.0,7.0,13.0,5.0,5.0,0.0,4.0,1.0,2.0,0.0,2.0,2.0,3.0,34:05,15.5,0
6,2760,Anderson Varejao,3.0,1.0,3.0,2.0,1.0,0.0,6.0,0.0,1.0,0.0,2.0,1.0,3.0,17:09,1.6,0
7,203521,Matthew Dellavedova,4.0,2.0,6.0,0.0,0.0,1.0,1.0,1.0,5.0,0.0,5.0,0.0,4.0,25:17,4.1,0
8,203092,Tyler Zeller,11.0,5.0,8.0,2.0,1.0,2.0,4.0,0.0,0.0,0.0,4.0,1.0,11.0,18:44,7.0,0
9,203461,Anthony Bennett,,,,,,,,,,,,,,,0.0,0
10,2736,Luol Deng,,,,,,,,,,,,,,,0.0,0
11,101139,CJ Miles,,,,,,,,,,,,,,,0.0,0
12,203114,Khris Middleton,17.0,7.0,11.0,0.0,0.0,0.0,3.0,0.0,2.0,0.0,4.0,1.0,5.0,31:25,11.8,1
13,202399,Jeff Adrien,9.0,3.0,10.0,6.0,3.0,4.0,5.0,0.0,1.0,1.0,5.0,0.0,-6.0,26:51,5.7,1
14,2585,Zaza Pachulia,16.0,6.0,13.0,5.0,4.0,5.0,3.0,1.0,4.0,0.0,4.0,1.0,7.0,29:59,14.5,1
15,201196,Ramon Sessions,20.0,6.0,12.0,9.0,8.0,1.0,2.0,0.0,7.0,0.0,1.0,3.0,-10.0,42:35,16.4,1
16,202688,Brandon Knight,24.0,8.0,17.0,6.0,5.0,0.0,4.0,2.0,4.0,0.0,2.0,4.0,15.0,38:02,16.1,1
17,203089,John Henson,15.0,7.0,9.0,4.0,1.0,3.0,3.0,2.0,1.0,0.0,1.0,1.0,0.0,29:38,14.6,1
18,203507,Giannis Antetokounmpo,3.0,0.0,3.0,6.0,3.0,0.0,3.0,0.0,0.0,2.0,0.0,0.0,5.0,19:33,2.0,1
19,202874,Chris Wright,14.0,7.0,9.0,0.0,0.0,1.0,3.0,0.0,1.0,1.0,3.0,1.0,-2.0,16:35,11.3,1
20,203545,Miroslav Raduljica,1.0,0.0,0.0,2.0,1.0,0.0,1.0,0.0,0.0,0.0,2.0,0.0,1.0,5:23,0.1,1
21,201564,O.J. Mayo,,,,,,,,,,,,,,,0.0,1
22,202336,Larry Sanders,,,,,,,,,,,,,,,0.0,1
23,202327,Ekpe Udoh,,,,,,,,,,,,,,,0.0,1
