,id,name,PTS,FG,FGA,FTA,FT,OREB,DREB,STL,AST,BLK,PF,TO,PLUS_MINUS,MIN,GS,WIN
0,2544,LeBron James,21.0,5.0,11.0,11.0,11.0,1.0,5.0,1.0,7.0,1.0,0.0,4.0,23.0,29:05,20.1,1
1,2203,Shane Battier,6.0,2.0,3.0,0.0,0.0,0.0,4.0,0.0,2.0,1.0,0.0,0.0,18.0,25:00,8.0,1
2,2547,Chris Bosh,18.0,7.0,10.0,4.0,3.0,2.0,3.0,2.0,0.0,1.0,2.0,2.0,27.0,23:59,15.6,1
3,2592,James Jones,17.0,5.0,8.0,3.0,2.0,0.0,1.0,1.0,1.0,0.0,0.0,1.0,20.0,19:60,14.0,1
4,201596,Mario Chalmers,9.0,3.0,5.0,2.0,2.0,1.0,2.0,2.0,8.0,0.0,4.0,2.0,19.0,27:53,12.0,1
5,2365,Chris Andersen,10.0,4.0,6.0,2.0,2.0,4.0,1.0,1.0,0.0,2.0,2.0,2.0,1.0,17:44,10.1,1
6,951,Ray Allen,6.0,2.0,8.0,0.0,0.0,1.0,1.0,1.0,0.0,0.0,0.0,3.0,3.0,19:59,0.2,1
7,1740,Rashard Lewis,2.0,1.0,4.0,0.0,0.0,2.0,0.0,2.0,3.0,0.0,1.0,2.0,15.0,24:51,2.7,1
8,202708,Norris Cole,9.0,3.0,6.0,0.0,0.0,0.0,4.0,1.0,5.0,0.0,1.0,3.0,9.0,20:07,8.3,1
9,201563,Michael Beasley,14.0,4.0,10.0,6.0,6.0,1.0,6.0,0.0,0.0,1.0,4.0,2.0,9.0,20:37,8.2,1
10,2617,Udonis Haslem,5.0,1.0,1.0,4.0,3.0,0.0,1.0,1.0,0.0,0.0,1.0,0.0,0.0,5:55,5.2,1
11,2427,Roger Mason Jr.,3.0,1.0,2.0,0.0,0.0,0.0,0.0,0.0,1.0,0.0,0.0,0.0,-4.0,4:51,2.7,1
12,201202,Joel Anthony,,,,,,,,,,,,,,,0.0,1
13,201167,Arron Afflalo,30.0,9.0,16.0,5.0,5.0,0.0,2.0,0.0,2.0,1.0,2.0,3.0,-28.0,34:55,21.3,0
14,203090,Maurice Harkless,5.0,2.0,7.0,2.0,1.0,1.0,1.0,4.0,3.0,0.0,3.0,2.0,-25.0,30:36,4.4,0
15,202696,Nikola Vucevic,6.0,2.0,7.0,2.0,2.0,3.0,3.0,0.0,1.0,0.0,6.0,1.0,-18.0,22:33,2.2,0
16,203506,Victor Oladipo,20.0,5.0,12.0,8.0,8.0,0.0,4.0,5.0,2.0,2.0,1.0,8.0,-19.0,35:36,14.2,0
17,2749,Jameer Nelson,17.0,5.0,13.0,4.0,3.0,2.0,3.0,0.0,5.0,0.0,2.0,5.0,-25.0,34:53,9.5,0
18,202734,E'Twaun Moore,2.0,1.0,3.0,0.0,0.0,0.0,1.0,1.0,3.0,0.0,1.0,2.0,-2.0,16:19,1.3,0
19,101131,Jason Maxiell,4.0,2.0,6.0,0.0,0.0,0.0,2.0,0.0,0.0,1.0,2.0,0.0,-3.0,20:54,1.1,0
20,200780,Solomon Jones,2.0,1.0,4.0,0.0,0.0,1.0,2.0,2.0,1.0,1.0,2.0,1.0,-16.0,16:57,2.5,0
21,203117,Doron Lamb,3.0,1.0,2.0,0.0,0.0,0.0,0.0,0.0,1.0,0.0,1.0,2.0,-4.0,15:27,0.3,0
22,101179,Ronnie Price,3.0,1.0,1.0,0.0,0.0,0.0,0.0,1.0,0.0,0.0,2.0,0.0,0.0,5:55,2.9,0
23,203094,Andrew Nicholson,0.0,0.0,0.0,0.0,0.0,0.0,0.0,0.0,1.0,0.0,1.0,0.0,0.0,5:55,0.3,0
24,202699,Tobias Harris,,,,,,,,,,,,,,,0.0,0
25,203124,Kyle O'Quinn,,,,,,,,,,,,,,,0.0,0
