,id,name,PTS,FG,FGA,FTA,FT,OREB,DREB,STL,AST,BLK,PF,TO,PLUS_MINUS,MIN,GS,WIN
0,203113,Quincy Miller,7.0,3.0,7.0,0.0,0.0,0.0,4.0,0.0,0.0,0.0,2.0,1.0,-15.0,21:08,2.7,0
1,202702,Kenneth Faried,11.0,5.0,7.0,4.0,1.0,3.0,4.0,1.0,1.0,1.0,2.0,0.0,-9.0,32:30,11.8,0
2,201581,JJ Hickson,21.0,8.0,9.0,6.0,5.0,3.0,7.0,0.0,1.0,2.0,1.0,0.0,-8.0,30:34,23.4,0
3,200751,Randy Foye,10.0,4.0,8.0,2.0,1.0,1.0,0.0,0.0,0.0,0.0,6.0,0.0,-10.0,17:58,3.9,0
4,201951,Ty Lawson,23.0,6.0,18.0,15.0,11.0,1.0,1.0,2.0,11.0,0.0,2.0,5.0,-15.0,43:51,16.1,0
5,203095,Evan Fournier,16.0,6.0,15.0,3.0,1.0,0.0,3.0,2.0,2.0,0.0,3.0,3.0,-1.0,36:59,7.2,0
6,202389,Timofey Mozgov,0.0,0.0,3.0,0.0,0.0,0.0,3.0,0.0,0.0,1.0,3.0,0.0,-16.0,18:46,-1.7,0
7,201163,Wilson Chandler,12.0,4.0,10.0,3.0,2.0,3.0,2.0,1.0,1.0,0.0,1.0,0.0,-4.0,21:19,10.2,0
8,101126,Nate Robinson,3.0,1.0,7.0,2.0,1.0,1.0,3.0,0.0,0.0,0.0,2.0,2.0,3.0,16:55,-3.1,0
9,201589,Darrell Arthur,,,,,,,,,,,,,,,0.0,0
10,202706,Jordan Hamilton,,,,,,,,,,,,,,,0.0,0
11,1889,Andre Miller,,,,,,,,,,,,,,,0.0,0
12,201576,Anthony Randolph,,,,,,,,,,,,,,,0.0,0
13,2210,Richard Jefferson,16.0,5.0,9.0,4.0,3.0,1.0,2.0,1.0,2.0,0.0,2.0,0.0,17.0,34:10,14.2,1
14,101107,Marvin Williams,7.0,3.0,6.0,0.0,0.0,0.0,3.0,1.0,2.0,0.0,2.0,3.0,9.0,23:47,3.5,1
15,202324,Derrick Favors,19.0,7.0,12.0,9.0,5.0,1.0,14.0,1.0,1.0,0.0,5.0,2.0,9.0,35:20,14.4,1
16,202692,Alec Burks,34.0,13.0,19.0,8.0,8.0,0.0,3.0,1.0,5.0,0.0,2.0,1.0,9.0,37:39,29.5,1
17,203504,Trey Burke,18.0,6.0,12.0,4.0,3.0,0.0,2.0,0.0,8.0,0.0,3.0,2.0,9.0,36:01,14.6,1
18,201575,Brandon Rush,7.0,3.0,3.0,0.0,0.0,0.0,1.0,1.0,2.0,0.0,2.0,1.0,-2.0,13:50,7.0,1
19,202683,Enes Kanter,11.0,5.0,10.0,2.0,1.0,1.0,3.0,2.0,0.0,0.0,2.0,1.0,4.0,21:40,7.4,1
20,203197,Diante Garrett,0.0,0.0,0.0,0.0,0.0,0.0,4.0,0.0,2.0,1.0,3.0,1.0,8.0,17:02,1.1,1
21,202379,Jeremy Evans,6.0,2.0,4.0,2.0,2.0,3.0,2.0,0.0,0.0,1.0,3.0,0.0,8.0,15:13,6.2,1
22,101249,John Lucas III,0.0,0.0,4.0,0.0,0.0,1.0,1.0,0.0,0.0,0.0,0.0,0.0,4.0,5:18,-1.8,1
23,2740,Andris Biedrins,,,,,,,,,,,,,,,0.0,1
24,203546,Ian Clark,,,,,,,,,,,,,,,0.0,1
25,203497,Rudy Gobert,,,,,,,,,,,,,,,0.0,1
