,id,name,PTS,FG,FGA,FTA,FT,OREB,DREB,STL,AST,BLK,PF,TO,PLUS_MINUS,MIN,GS,WIN
0,2419,Tayshaun Prince,4.0,2.0,3.0,0.0,0.0,0.0,3.0,0.0,2.0,0.0,0.0,1.0,-9.0,27:19,4.0,0
1,2216,Zach Randolph,21.0,10.0,17.0,2.0,1.0,4.0,3.0,2.0,3.0,0.0,4.0,4.0,4.0,35:47,14.9,0
2,201188,Marc Gasol,20.0,8.0,17.0,6.0,4.0,2.0,3.0,0.0,4.0,1.0,5.0,1.0,-7.0,35:57,13.3,0
3,201584,Courtney Lee,6.0,3.0,5.0,0.0,0.0,0.0,3.0,2.0,3.0,0.0,3.0,1.0,-12.0,20:23,6.5,0
4,201144,Mike Conley,16.0,6.0,19.0,4.0,2.0,2.0,3.0,3.0,9.0,0.0,0.0,1.0,-2.0,37:33,14.9,0
5,2754,Tony Allen,4.0,2.0,5.0,0.0,0.0,2.0,3.0,1.0,0.0,0.0,1.0,0.0,-7.0,10:14,4.2,0
6,2034,Mike Miller,12.0,5.0,9.0,0.0,0.0,0.0,4.0,2.0,2.0,1.0,1.0,1.0,-3.0,27:51,11.6,0
7,201585,Kosta Koufos,2.0,1.0,4.0,0.0,0.0,1.0,1.0,0.0,0.0,0.0,1.0,0.0,-8.0,8:16,0.2,0
8,201979,Nick Calathes,0.0,0.0,2.0,0.0,0.0,0.0,1.0,0.0,2.0,0.0,0.0,0.0,-3.0,6:05,0.3,0
9,202334,Ed Davis,5.0,1.0,2.0,4.0,3.0,1.0,1.0,0.0,1.0,0.0,0.0,1.0,2.0,10:46,4.3,0
10,2757,Beno Udrih,0.0,0.0,1.0,0.0,0.0,0.0,1.0,0.0,0.0,0.0,2.0,0.0,1.0,7:43,-1.2,0
11,201949,James Johnson,8.0,3.0,5.0,2.0,1.0,1.0,2.0,1.0,2.0,0.0,2.0,0.0,9.0,12:06,8.2,0
12,202720,Jon Leuer,,,,,,,,,,,,,,,0.0,0
13,201587,Nicolas Batum,10.0,5.0,11.0,0.0,0.0,0.0,5.0,0.0,6.0,0.0,3.0,1.0,2.0,35:40,7.8,1
14,200746,LaMarcus Aldridge,28.0,10.0,20.0,8.0,8.0,1.0,3.0,1.0,0.0,0.0,3.0,0.0,-1.0,33:18,19.4,1
15,201577,Robin Lopez,9.0,3.0,6.0,3.0,3.0,5.0,5.0,0.0,1.0,3.0,0.0,1.0,1.0,35:38,12.8,1
16,202083,Wesley Matthews,15.0,4.0,9.0,5.0,5.0,0.0,3.0,1.0,5.0,0.0,2.0,2.0,-5.0,32:27,12.9,1
17,203081,Damian Lillard,13.0,4.0,10.0,4.0,3.0,0.0,4.0,2.0,5.0,0.0,0.0,4.0,5.0,37:55,9.9,1
18,203080,Thomas Robinson,8.0,4.0,4.0,1.0,0.0,0.0,3.0,0.0,1.0,0.0,3.0,0.0,8.0,14:52,6.8,1
19,2590,Mo Williams,17.0,7.0,9.0,2.0,2.0,0.0,1.0,2.0,4.0,0.0,3.0,4.0,12.0,28:46,13.4,1
20,203115,Will Barton,4.0,2.0,5.0,0.0,0.0,1.0,1.0,0.0,0.0,0.0,0.0,0.0,3.0,8:47,2.3,1
21,2748,Dorell Wright,1.0,0.0,1.0,2.0,1.0,0.0,7.0,0.0,1.0,0.0,2.0,1.0,10.0,12:37,0.9,1
22,201964,Victor Claver,,,,,,,,,,,,,,,0.0,1
23,203086,Meyers Leonard,,,,,,,,,,,,,,,0.0,1
24,203468,CJ McCollum,,,,,,,,,,,,,,,0.0,1
25,2248,Earl Watson,,,,,,,,,,,,,,,0.0,1
