,id,name,PTS,FG,FGA,FTA,FT,OREB,DREB,STL,AST,BLK,PF,TO,PLUS_MINUS,MIN,GS,WIN
0,201152,Thaddeus Young,30.0,14.0,20.0,2.0,1.0,3.0,3.0,3.0,2.0,0.0,4.0,1.0,6.0,40:46,26.0,1
1,202323,Evan Turner,23.0,9.0,20.0,4.0,3.0,0.0,7.0,1.0,0.0,1.0,4.0,4.0,8.0,36:06,10.4,1
2,201150,Spencer Hawes,9.0,3.0,8.0,2.0,2.0,1.0,8.0,4.0,7.0,0.0,5.0,2.0,11.0,33:25,12.6,1
3,203487,Michael Carter-Williams,16.0,5.0,16.0,8.0,6.0,1.0,8.0,0.0,4.0,1.0,1.0,2.0,-5.0,33:16,10.2,1
4,203138,Hollis Thompson,2.0,1.0,3.0,0.0,0.0,0.0,1.0,2.0,0.0,0.0,2.0,0.0,4.0,21:23,1.8,1
5,202341,James Anderson,3.0,1.0,4.0,1.0,1.0,0.0,2.0,0.0,0.0,0.0,0.0,1.0,6.0,21:28,0.2,1
6,202730,Lavoy Allen,6.0,3.0,6.0,0.0,0.0,1.0,2.0,0.0,2.0,1.0,3.0,2.0,-9.0,14:30,3.2,1
7,203100,Tony Wroten,12.0,4.0,10.0,7.0,4.0,0.0,3.0,1.0,3.0,0.0,2.0,2.0,-3.0,25:35,6.6,1
8,202343,Elliot Williams,0.0,0.0,1.0,0.0,0.0,0.0,1.0,0.0,0.0,0.0,1.0,0.0,-4.0,6:17,-0.8,1
9,203561,Brandon Davies,0.0,0.0,0.0,0.0,0.0,0.0,2.0,1.0,0.0,0.0,3.0,0.0,-4.0,7:14,0.4,1
10,203102,Arnett Moultrie,,,,,,,,,,,,,,,0.0,1
11,202350,Daniel Orton,,,,,,,,,,,,,,,0.0,1
12,201587,Nicolas Batum,4.0,1.0,9.0,2.0,2.0,3.0,7.0,1.0,10.0,1.0,6.0,4.0,-6.0,36:53,4.6,0
13,200746,LaMarcus Aldridge,29.0,13.0,30.0,3.0,3.0,0.0,14.0,0.0,3.0,5.0,0.0,3.0,-6.0,36:52,20.0,0
14,201577,Robin Lopez,14.0,4.0,8.0,10.0,6.0,9.0,6.0,1.0,0.0,0.0,3.0,1.0,-9.0,34:07,15.3,0
15,202083,Wesley Matthews,13.0,4.0,12.0,7.0,5.0,2.0,1.0,2.0,4.0,0.0,2.0,1.0,-6.0,35:35,10.1,0
16,203081,Damian Lillard,17.0,6.0,20.0,4.0,4.0,1.0,1.0,0.0,1.0,2.0,2.0,6.0,-15.0,35:00,1.7,0
17,200777,Joel Freeland,4.0,2.0,4.0,0.0,0.0,2.0,3.0,0.0,0.0,0.0,3.0,0.0,10.0,13:45,3.1,0
18,2590,Mo Williams,16.0,5.0,13.0,4.0,4.0,1.0,2.0,2.0,5.0,1.0,1.0,3.0,14.0,24:16,13.0,0
19,2748,Dorell Wright,0.0,0.0,1.0,0.0,0.0,0.0,1.0,0.0,3.0,0.0,1.0,0.0,4.0,12:25,1.3,0
20,203086,Meyers Leonard,2.0,1.0,2.0,0.0,0.0,1.0,5.0,1.0,0.0,0.0,2.0,0.0,4.0,11:08,3.4,0
21,203115,Will Barton,,,,,,,,,,,,,,,0.0,0
22,203459,Allen Crabbe,,,,,,,,,,,,,,,0.0,0
23,203080,Thomas Robinson,,,,,,,,,,,,,,,0.0,0
24,2248,Earl Watson,,,,,,,,,,,,,,,0.0,0
