,id,name,PTS,FG,FGA,FTA,FT,OREB,DREB,STL,AST,BLK,PF,TO,PLUS_MINUS,MIN,GS,WIN
0,202325,Wesley Johnson,20.0,8.0,15.0,0.0,0.0,2.0,7.0,0.0,0.0,2.0,3.0,0.0,14.0,41:07,16.4,1
1,203527,Ryan Kelly,26.0,8.0,16.0,9.0,7.0,1.0,5.0,1.0,0.0,0.0,4.0,2.0,-1.0,41:46,16.8,1
2,203135,Robert Sacre,10.0,5.0,8.0,2.0,0.0,1.0,2.0,0.0,0.0,1.0,6.0,0.0,-3.0,27:18,5.2,1
3,2581,Steve Blake,11.0,2.0,7.0,6.0,5.0,0.0,10.0,3.0,15.0,0.0,2.0,7.0,16.0,39:54,15.2,1
4,200770,Jordan Farmar,21.0,8.0,15.0,0.0,0.0,0.0,1.0,2.0,8.0,0.0,3.0,3.0,4.0,33:20,17.4,1
5,201156,Nick Young,6.0,1.0,5.0,4.0,4.0,0.0,4.0,0.0,4.0,0.0,0.0,0.0,13.0,17:32,6.9,1
6,2549,Chris Kaman,13.0,6.0,7.0,1.0,1.0,1.0,2.0,0.0,1.0,0.0,6.0,0.0,17.0,14:06,10.1,1
7,203088,Kendall Marshall,12.0,4.0,6.0,0.0,0.0,1.0,3.0,1.0,7.0,0.0,1.0,1.0,-5.0,24:57,15.5,1
8,2200,Pau Gasol,,,,,,,,,,,,,,,0.0,1
9,201941,Jordan Hill,,,,,,,,,,,,,,,0.0,1
10,201975,Jodie Meeks,,,,,,,,,,,,,,,0.0,1
11,959,Steve Nash,,,,,,,,,,,,,,,0.0,1
12,2736,Luol Deng,3.0,1.0,10.0,2.0,1.0,1.0,2.0,0.0,2.0,0.0,0.0,0.0,-18.0,24:19,-1.3,0
13,202684,Tristan Thompson,13.0,4.0,8.0,8.0,5.0,5.0,3.0,0.0,1.0,0.0,2.0,1.0,-18.0,20:27,11.1,0
14,2760,Anderson Varejao,15.0,7.0,16.0,1.0,1.0,7.0,6.0,2.0,5.0,0.0,4.0,1.0,13.0,34:32,16.2,0
15,101127,Jarrett Jack,7.0,2.0,5.0,4.0,3.0,2.0,2.0,0.0,1.0,1.0,2.0,1.0,-21.0,17:27,5.5,0
16,202681,Kyrie Irving,11.0,5.0,14.0,1.0,1.0,4.0,2.0,4.0,4.0,0.0,0.0,2.0,-25.0,27:37,11.4,0
17,203079,Dion Waiters,6.0,3.0,11.0,1.0,0.0,0.0,2.0,1.0,1.0,0.0,1.0,1.0,7.0,24:21,0.0,0
18,203461,Anthony Bennett,14.0,4.0,10.0,6.0,6.0,4.0,4.0,2.0,1.0,0.0,4.0,2.0,7.0,22:20,11.7,0
19,203521,Matthew Dellavedova,8.0,3.0,8.0,2.0,1.0,2.0,2.0,1.0,5.0,0.0,2.0,1.0,4.0,23:09,7.9,0
20,203092,Tyler Zeller,0.0,0.0,0.0,0.0,0.0,0.0,0.0,0.0,0.0,0.0,1.0,0.0,-14.0,5:21,-0.4,0
21,201947,Earl Clark,4.0,2.0,4.0,2.0,0.0,2.0,4.0,0.0,1.0,0.0,4.0,2.0,-11.0,11:04,0.9,0
22,101139,CJ Miles,27.0,7.0,15.0,10.0,9.0,0.0,3.0,0.0,3.0,0.0,2.0,0.0,21.0,29:23,21.1,0
23,202087,Alonzo Gee,,,,,,,,,,,,,,,0.0,0
24,203156,Henry Sims,,,,,,,,,,,,,,,0.0,0
