,id,name,PTS,FG,FGA,FTA,FT,OREB,DREB,STL,AST,BLK,PF,TO,PLUS_MINUS,MIN,GS,WIN
0,2210,Richard Jefferson,12,5,9,0,0,0,1,2,1,0,4,3,-15.0,27:02,6.1,0
1,101107,Marvin Williams,3,1,7,2,1,1,4,0,0,1,4,1,-12.0,18:42,-1.9,0
2,202324,Derrick Favors,8,3,6,2,2,1,6,0,0,0,2,2,-20.0,25:43,4.7,0
3,203504,Trey Burke,4,2,12,0,0,1,3,0,4,0,0,2,-18.0,36:38,-1.2,0
4,202330,Gordon Hayward,18,6,8,5,4,2,5,0,5,0,1,3,-17.0,36:57,17.4,0
5,202683,Enes Kanter,9,3,9,6,3,3,6,1,0,1,1,2,-6.0,24:43,5.9,0
6,202692,Alec Burks,18,6,8,5,5,0,2,1,2,0,2,2,-10.0,26:07,15.0,0
7,202379,Jeremy Evans,4,2,4,0,0,2,4,0,0,0,2,0,8.0,11:54,3.8,0
8,203197,Diante Garrett,0,0,2,0,0,0,0,0,0,0,0,2,-9.0,11:22,-3.4,0
9,203497,Rudy Gobert,2,1,2,0,0,0,1,0,0,1,0,0,-9.0,5:13,2.0,0
10,202952,Malcolm Thomas,0,0,1,0,0,2,1,0,0,0,0,2,-9.0,5:13,-1.0,0
11,201575,Brandon Rush,3,1,3,0,0,0,2,0,0,0,0,0,-9.0,5:13,1.9,0
12,101249,John Lucas III,0,0,2,0,0,0,0,0,1,0,0,0,-9.0,5:13,-0.7,0
13,2546,Carmelo Anthony,29,10,19,8,6,0,4,2,8,1,1,2,31.0,31:44,26.0,1
14,2405,Amar'e Stoudemire,10,3,4,4,4,0,1,0,0,1,0,0,16.0,18:46,9.4,1
15,2199,Tyson Chandler,16,8,10,2,0,4,7,0,0,0,3,0,18.0,22:55,15.1,1
16,101109,Raymond Felton,2,1,4,0,0,0,2,0,5,0,2,0,20.0,26:01,2.9,1
17,2747,JR Smith,17,6,13,0,0,0,3,0,1,3,3,0,20.0,24:06,12.8,1
18,202697,Iman Shumpert,7,3,4,0,0,2,2,2,3,0,1,2,15.0,26:41,9.1,1
19,203501,Tim Hardaway Jr.,5,2,11,0,0,0,0,3,3,0,3,0,4.0,24:36,2.0,1
20,202719,Jeremy Tyler,0,0,2,0,0,1,3,0,1,1,5,1,-4.0,10:56,-1.4,1
21,203143,Pablo Prigioni,7,2,3,2,1,0,0,0,2,0,1,1,-2.0,16:46,5.3,1
22,201947,Earl Clark,3,1,5,2,1,0,2,0,0,0,0,0,-4.0,16:16,0.1,1
23,202332,Cole Aldrich,6,3,5,0,0,0,2,1,0,1,0,1,5.0,11:22,5.0,1
24,203315,Toure' Murry,2,1,3,0,0,0,0,0,1,0,0,0,9.0,5:13,1.0,1
25,200769,Shannon Brown,4,2,2,0,0,1,1,1,0,0,0,0,7.0,4:38,5.4,1
