,id,name,PTS,FG,FGA,FTA,FT,OREB,DREB,STL,AST,BLK,PF,TO,PLUS_MINUS,MIN,GS,WIN
0,203082,Terrence Ross,6.0,3.0,9.0,0.0,0.0,2.0,0.0,0.0,1.0,0.0,4.0,0.0,-15.0,17:20,1.4,1
1,101161,Amir Johnson,17.0,8.0,13.0,0.0,0.0,3.0,6.0,1.0,2.0,2.0,2.0,0.0,14.0,35:11,18.0,1
2,201946,Tyler Hansbrough,7.0,3.0,8.0,1.0,1.0,7.0,6.0,0.0,0.0,0.0,3.0,1.0,8.0,36:09,7.1,1
3,201942,DeMar DeRozan,31.0,9.0,19.0,13.0,11.0,0.0,3.0,3.0,4.0,0.0,3.0,1.0,6.0,38:44,25.0,1
4,200768,Kyle Lowry,23.0,6.0,18.0,10.0,8.0,3.0,5.0,2.0,5.0,0.0,1.0,6.0,10.0,37:13,14.7,1
5,2422,John Salmons,4.0,1.0,5.0,2.0,1.0,1.0,0.0,0.0,0.0,0.0,1.0,2.0,-3.0,18:49,-1.2,1
6,202349,Greivis Vasquez,14.0,4.0,7.0,5.0,4.0,1.0,1.0,0.0,3.0,1.0,1.0,1.0,3.0,21:12,12.7,1
7,101236,Chuck Hayes,5.0,2.0,6.0,1.0,1.0,4.0,4.0,1.0,2.0,1.0,3.0,0.0,-2.0,17:33,7.5,1
8,200779,Steve Novak,0.0,0.0,0.0,0.0,0.0,0.0,0.0,0.0,0.0,0.0,1.0,0.0,1.0,4:14,-0.4,1
9,201986,Nando De Colo,0.0,0.0,1.0,0.0,0.0,1.0,1.0,1.0,3.0,1.0,1.0,0.0,13.0,13:35,3.7,1
10,202779,Dwight Buycks,,,,,,,,,,,,,,,0.0,1
11,202361,Landry Fields,,,,,,,,,,,,,,,0.0,1
12,202933,Julyan Stone,,,,,,,,,,,,,,,0.0,1
13,201936,Tyreke Evans,18.0,7.0,10.0,5.0,4.0,0.0,4.0,0.0,3.0,1.0,0.0,1.0,-10.0,35:27,16.4,0
14,203481,Jeff Withey,9.0,3.0,6.0,6.0,3.0,1.0,3.0,1.0,1.0,2.0,4.0,0.0,-18.0,26:58,7.9,0
15,201880,Greg Stiemsma,2.0,1.0,2.0,0.0,0.0,0.0,1.0,0.0,2.0,0.0,4.0,1.0,-3.0,14:44,0.1,0
16,201569,Eric Gordon,15.0,4.0,10.0,6.0,5.0,0.0,2.0,0.0,2.0,0.0,4.0,4.0,-2.0,29:11,5.6,0
17,203148,Brian Roberts,11.0,4.0,10.0,2.0,2.0,0.0,3.0,0.0,2.0,1.0,2.0,3.0,-8.0,28:49,4.8,0
18,201582,Alexis Ajinca,10.0,3.0,4.0,4.0,4.0,2.0,5.0,2.0,2.0,1.0,3.0,0.0,11.0,21:25,14.2,0
19,202329,Al-Farouq Aminu,19.0,7.0,8.0,6.0,4.0,2.0,8.0,0.0,0.0,1.0,4.0,2.0,-4.0,32:53,16.3,0
20,203085,Austin Rivers,10.0,4.0,9.0,3.0,2.0,0.0,2.0,0.0,2.0,0.0,2.0,0.0,-7.0,22:49,6.1,0
21,201627,Anthony Morrow,6.0,3.0,6.0,0.0,0.0,0.0,1.0,0.0,2.0,0.0,0.0,1.0,5.0,15:49,3.7,0
22,203121,Darius Miller,0.0,0.0,2.0,0.0,0.0,0.0,0.0,1.0,0.0,0.0,2.0,0.0,1.0,11:55,-1.2,0
23,202337,Luke Babbitt,,,,,,,,,,,,,,,0.0,0
24,203076,Anthony Davis,,,,,,,,,,,,,,,0.0,0
25,201160,Jason Smith,,,,,,,,,,,,,,,0.0,0
