,id,name,PTS,FG,FGA,FTA,FT,OREB,DREB,STL,AST,BLK,PF,TO,PLUS_MINUS,MIN,GS,WIN
0,201858,Cartier Martin,12.0,4.0,7.0,2.0,1.0,1.0,4.0,0.0,1.0,1.0,1.0,1.0,-3.0,20:18,10.2,0
1,200794,Paul Millsap,7.0,3.0,10.0,4.0,1.0,2.0,6.0,2.0,4.0,1.0,4.0,3.0,-16.0,28:17,4.1,0
2,202970,Gustavo Ayon,0.0,0.0,4.0,0.0,0.0,1.0,0.0,2.0,0.0,1.0,1.0,1.0,-10.0,6:53,-0.8,0
3,2594,Kyle Korver,19.0,7.0,10.0,0.0,0.0,1.0,3.0,1.0,5.0,0.0,3.0,3.0,-15.0,33:04,16.7,0
4,201952,Jeff Teague,8.0,3.0,8.0,2.0,2.0,0.0,2.0,1.0,2.0,0.0,2.0,4.0,-15.0,32:44,1.8,0
5,1882,Elton Brand,8.0,4.0,10.0,3.0,0.0,5.0,3.0,1.0,1.0,0.0,5.0,1.0,-13.0,30:12,4.5,0
6,101150,Lou Williams,18.0,6.0,9.0,4.0,4.0,0.0,0.0,1.0,3.0,0.0,3.0,3.0,-7.0,29:33,13.0,0
7,202714,Shelvin Mack,11.0,5.0,8.0,0.0,0.0,1.0,5.0,1.0,8.0,0.0,2.0,4.0,16.0,25:42,11.4,0
8,203118,Mike Scott,13.0,5.0,9.0,2.0,2.0,1.0,6.0,0.0,1.0,0.0,1.0,0.0,10.0,24:58,11.5,0
9,203471,Dennis Schroder,2.0,0.0,2.0,2.0,2.0,0.0,3.0,0.0,1.0,0.0,0.0,2.0,3.0,8:19,0.2,0
10,203544,Pero Antic,,,,,,,,,,,,,,,0.0,0
11,201960,DeMarre Carroll,,,,,,,,,,,,,,,0.0,0
12,202331,Paul George,26.0,8.0,18.0,6.0,6.0,0.0,2.0,3.0,3.0,0.0,2.0,1.0,17.0,28:16,20.5,1
13,2561,David West,17.0,6.0,10.0,7.0,5.0,2.0,4.0,2.0,1.0,0.0,1.0,2.0,17.0,28:16,14.5,1
14,201579,Roy Hibbert,10.0,4.0,9.0,2.0,2.0,0.0,5.0,0.0,0.0,4.0,2.0,0.0,16.0,24:57,8.8,1
15,202362,Lance Stephenson,13.0,5.0,11.0,2.0,1.0,0.0,5.0,0.0,7.0,0.0,1.0,3.0,21.0,35:43,9.9,1
16,201588,George Hill,9.0,4.0,4.0,0.0,0.0,0.0,1.0,1.0,7.0,0.0,3.0,0.0,16.0,24:46,12.8,1
17,101122,Danny Granger,9.0,3.0,6.0,2.0,2.0,1.0,3.0,0.0,1.0,0.0,1.0,4.0,-4.0,22:54,3.9,1
18,101133,Ian Mahinmi,6.0,2.0,5.0,3.0,2.0,1.0,4.0,2.0,0.0,3.0,4.0,2.0,-6.0,23:03,5.3,1
19,201228,C.J. Watson,6.0,3.0,6.0,0.0,0.0,1.0,0.0,1.0,2.0,0.0,0.0,0.0,-1.0,21:47,6.1,1
20,2449,Luis Scola,9.0,3.0,4.0,4.0,3.0,0.0,5.0,1.0,1.0,0.0,3.0,1.0,-1.0,14:55,8.0,1
21,202388,Donald Sloan,0.0,0.0,2.0,0.0,0.0,0.0,0.0,0.0,0.0,0.0,0.0,0.0,-9.0,5:40,-1.4,1
22,2446,Rasual Butler,0.0,0.0,1.0,0.0,0.0,0.0,1.0,1.0,1.0,0.0,0.0,0.0,-6.0,4:49,1.3,1
23,203142,Chris Copeland,3.0,1.0,2.0,0.0,0.0,1.0,0.0,0.0,0.0,0.0,0.0,0.0,-5.0,3:27,2.7,1
24,203111,Orlando Johnson,0.0,0.0,1.0,0.0,0.0,0.0,0.0,0.0,0.0,0.0,0.0,0.0,-5.0,1:27,-0.7,1
