,id,name,PTS,FG,FGA,FTA,FT,OREB,DREB,STL,AST,BLK,PF,TO,PLUS_MINUS,MIN,GS,WIN
0,201163,Wilson Chandler,17.0,6.0,10.0,2.0,2.0,0.0,1.0,2.0,1.0,0.0,3.0,1.0,5.0,25:51,13.2,1
1,202702,Kenneth Faried,17.0,7.0,13.0,4.0,3.0,6.0,7.0,2.0,1.0,2.0,3.0,0.0,9.0,26:30,19.5,1
2,201581,JJ Hickson,6.0,2.0,5.0,4.0,2.0,1.0,4.0,0.0,1.0,0.0,2.0,2.0,-3.0,22:04,2.3,1
3,200751,Randy Foye,14.0,6.0,10.0,0.0,0.0,1.0,3.0,1.0,2.0,1.0,2.0,1.0,4.0,28:59,12.3,1
4,201951,Ty Lawson,20.0,7.0,18.0,4.0,4.0,1.0,3.0,1.0,12.0,1.0,1.0,4.0,21.0,41:17,17.5,1
5,201589,Darrell Arthur,4.0,2.0,7.0,0.0,0.0,3.0,8.0,1.0,6.0,2.0,4.0,4.0,20.0,21:05,5.4,1
6,202389,Timofey Mozgov,20.0,8.0,10.0,5.0,4.0,2.0,5.0,2.0,1.0,2.0,5.0,0.0,20.0,21:07,20.8,1
7,203095,Evan Fournier,12.0,5.0,10.0,0.0,0.0,0.0,7.0,0.0,3.0,0.0,2.0,3.0,21.0,25:25,7.4,1
8,101126,Nate Robinson,21.0,7.0,11.0,5.0,4.0,3.0,2.0,3.0,5.0,0.0,2.0,0.0,16.0,19:51,24.1,1
9,203113,Quincy Miller,2.0,1.0,2.0,0.0,0.0,0.0,0.0,0.0,0.0,0.0,0.0,0.0,-1.0,2:37,1.0,1
10,202706,Jordan Hamilton,0.0,0.0,1.0,0.0,0.0,0.0,0.0,0.0,0.0,0.0,1.0,0.0,-1.0,2:37,-1.1,1
11,201576,Anthony Randolph,4.0,2.0,2.0,0.0,0.0,0.0,1.0,0.0,0.0,0.0,0.0,0.0,-1.0,2:37,3.7,1
12,1889,Andre Miller,,,,,,,,,,,,,,,0.0,1
13,202325,Wesley Johnson,2.0,1.0,5.0,0.0,0.0,1.0,2.0,1.0,0.0,1.0,0.0,1.0,-18.0,26:23,0.9,0
14,2200,Pau Gasol,25.0,10.0,22.0,6.0,5.0,5.0,5.0,1.0,5.0,3.0,2.0,4.0,-15.0,36:53,20.0,0
15,203135,Robert Sacre,15.0,6.0,6.0,5.0,3.0,1.0,4.0,2.0,0.0,0.0,2.0,1.0,-16.0,26:52,14.5,0
16,201975,Jodie Meeks,23.0,8.0,15.0,7.0,7.0,0.0,4.0,2.0,1.0,0.0,2.0,3.0,-20.0,32:56,15.8,0
17,203088,Kendall Marshall,9.0,3.0,10.0,2.0,2.0,0.0,6.0,2.0,17.0,0.0,3.0,3.0,-11.0,38:32,14.7,0
18,200761,Shawne Williams,5.0,2.0,7.0,2.0,0.0,0.0,5.0,0.0,0.0,1.0,3.0,1.0,-2.0,11:23,0.1,0
19,203527,Ryan Kelly,6.0,2.0,5.0,3.0,2.0,0.0,1.0,0.0,1.0,0.0,1.0,0.0,-3.0,18:51,3.5,0
20,201156,Nick Young,21.0,8.0,15.0,4.0,4.0,0.0,1.0,0.0,1.0,0.0,3.0,2.0,-16.0,36:08,11.5,0
21,201941,Jordan Hill,9.0,2.0,4.0,7.0,5.0,2.0,1.0,0.0,1.0,0.0,2.0,0.0,-9.0,12:02,7.8,0
22,2581,Steve Blake,,,,,,,,,,,,,,,0.0,0
23,200770,Jordan Farmar,,,,,,,,,,,,,,,0.0,0
24,202333,Xavier Henry,,,,,,,,,,,,,,,0.0,0
25,2549,Chris Kaman,,,,,,,,,,,,,,,0.0,0
