,id,name,PTS,FG,FGA,FTA,FT,OREB,DREB,STL,AST,BLK,PF,TO,PLUS_MINUS,MIN,GS,WIN
0,203082,Terrence Ross,6.0,2.0,10.0,0.0,0.0,0.0,2.0,0.0,2.0,0.0,4.0,0.0,0.0,22:48,0.2,1
1,101161,Amir Johnson,17.0,7.0,11.0,2.0,2.0,5.0,8.0,1.0,1.0,0.0,4.0,1.0,21.0,32:04,17.1,1
2,202685,Jonas Valanciunas,13.0,6.0,10.0,2.0,1.0,2.0,4.0,0.0,0.0,2.0,2.0,1.0,3.0,35:27,10.2,1
3,201942,DeMar DeRozan,17.0,7.0,20.0,5.0,3.0,0.0,2.0,0.0,4.0,0.0,4.0,2.0,-4.0,38:10,4.8,1
4,200768,Kyle Lowry,22.0,6.0,16.0,7.0,7.0,2.0,5.0,4.0,9.0,0.0,3.0,2.0,4.0,37:18,23.2,1
5,2422,John Salmons,14.0,5.0,12.0,3.0,3.0,0.0,3.0,2.0,2.0,0.0,5.0,3.0,22.0,30:38,6.9,1
6,201946,Tyler Hansbrough,3.0,0.0,3.0,4.0,3.0,2.0,1.0,0.0,0.0,0.0,2.0,0.0,-4.0,12:03,1.4,1
7,202335,Patrick Patterson,5.0,2.0,3.0,0.0,0.0,1.0,1.0,0.0,0.0,0.0,1.0,0.0,-13.0,16:11,4.3,1
8,200779,Steve Novak,0.0,0.0,0.0,0.0,0.0,0.0,0.0,0.0,0.0,0.0,0.0,0.0,5.0,0:16,0.0,1
9,202349,Greivis Vasquez,7.0,1.0,6.0,6.0,5.0,0.0,4.0,0.0,4.0,0.0,4.0,4.0,-4.0,15:06,1.2,1
10,202361,Landry Fields,,,,,,,,,,,,,,,0.0,1
11,101236,Chuck Hayes,,,,,,,,,,,,,,,0.0,1
12,202933,Julyan Stone,,,,,,,,,,,,,,,0.0,1
13,201142,Kevin Durant,24.0,5.0,16.0,12.0,12.0,1.0,7.0,0.0,3.0,0.0,2.0,6.0,-10.0,37:06,12.9,0
14,201586,Serge Ibaka,9.0,4.0,9.0,0.0,0.0,2.0,4.0,1.0,1.0,2.0,4.0,1.0,-7.0,31:51,7.4,0
15,2570,Kendrick Perkins,0.0,0.0,1.0,0.0,0.0,0.0,3.0,0.0,0.0,0.0,4.0,2.0,-6.0,18:47,-3.4,0
16,200757,Thabo Sefolosha,5.0,1.0,2.0,2.0,2.0,1.0,1.0,1.0,1.0,0.0,5.0,1.0,1.0,17:39,3.7,0
17,201566,Russell Westbrook,27.0,8.0,17.0,11.0,10.0,1.0,8.0,2.0,5.0,0.0,2.0,5.0,-6.0,35:13,20.7,0
18,203087,Jeremy Lamb,7.0,3.0,8.0,0.0,0.0,0.0,1.0,1.0,0.0,1.0,2.0,0.0,-8.0,22:11,3.8,0
19,203500,Steven Adams,0.0,0.0,3.0,0.0,0.0,3.0,2.0,0.0,0.0,2.0,5.0,1.0,6.0,10:37,-1.0,0
20,202704,Reggie Jackson,6.0,1.0,11.0,4.0,4.0,0.0,4.0,1.0,5.0,0.0,0.0,3.0,6.0,21:17,1.4,0
21,2555,Nick Collison,6.0,2.0,3.0,2.0,2.0,2.0,3.0,1.0,1.0,1.0,1.0,0.0,1.0,16:09,9.0,0
22,203103,Perry Jones III,8.0,3.0,4.0,2.0,2.0,2.0,1.0,0.0,0.0,1.0,1.0,0.0,-3.0,11:37,8.4,0
23,965,Derek Fisher,6.0,1.0,2.0,3.0,3.0,1.0,0.0,0.0,1.0,0.0,2.0,0.0,-4.0,17:33,5.6,0
24,203460,Andre Roberson,,,,,,,,,,,,,,,0.0,0
25,201934,Hasheem Thabeet,,,,,,,,,,,,,,,0.0,0
