,id,name,PTS,FG,FGA,FTA,FT,OREB,DREB,STL,AST,BLK,PF,TO,PLUS_MINUS,MIN,GS,WIN
0,202718,Chandler Parsons,13.0,5.0,12.0,2.0,2.0,1.0,5.0,2.0,7.0,0.0,1.0,2.0,4.0,39:25,13.3,1
1,203093,Terrence Jones,15.0,7.0,10.0,1.0,1.0,1.0,6.0,1.0,0.0,1.0,1.0,3.0,-6.0,24:21,11.6,1
2,2730,Dwight Howard,25.0,10.0,12.0,7.0,5.0,3.0,6.0,0.0,2.0,2.0,1.0,4.0,10.0,34:28,22.1,1
3,201935,James Harden,23.0,6.0,15.0,9.0,9.0,1.0,4.0,3.0,7.0,0.0,5.0,4.0,14.0,41:39,18.7,1
4,201976,Patrick Beverley,20.0,6.0,12.0,8.0,7.0,1.0,2.0,3.0,3.0,0.0,4.0,3.0,-2.0,33:22,15.4,1
5,202391,Jeremy Lin,2.0,1.0,6.0,0.0,0.0,0.0,3.0,0.0,6.0,0.0,2.0,2.0,1.0,19:60,0.5,1
6,202700,Donatas Motiejunas,7.0,2.0,4.0,4.0,3.0,1.0,4.0,0.0,0.0,0.0,4.0,1.0,9.0,23:39,3.9,1
7,201600,Omer Asik,3.0,1.0,2.0,1.0,1.0,2.0,1.0,1.0,0.0,0.0,1.0,1.0,-9.0,13:18,3.3,1
8,201956,Omri Casspi,7.0,3.0,5.0,0.0,0.0,0.0,2.0,0.0,0.0,0.0,0.0,2.0,-6.0,9:49,3.3,1
9,203477,Isaiah Canaan,,,,,,,,,,,,,,,0.0,1
10,101128,Francisco Garcia,,,,,,,,,,,,,,,0.0,1
11,202706,Jordan Hamilton,,,,,,,,,,,,,,,0.0,1
12,202962,Greg Smith,,,,,,,,,,,,,,,0.0,1
13,200782,P.J. Tucker,9.0,4.0,10.0,0.0,0.0,4.0,3.0,2.0,2.0,0.0,2.0,3.0,-10.0,28:33,6.9,0
14,101112,Channing Frye,6.0,2.0,11.0,0.0,0.0,0.0,5.0,2.0,1.0,1.0,3.0,2.0,-8.0,35:24,0.8,0
15,203101,Miles Plumlee,8.0,4.0,7.0,0.0,0.0,1.0,6.0,1.0,0.0,0.0,2.0,0.0,6.0,24:20,7.4,0
16,101123,Gerald Green,23.0,8.0,18.0,7.0,5.0,1.0,3.0,2.0,1.0,0.0,0.0,3.0,-3.0,33:10,14.1,0
17,201609,Goran Dragic,35.0,14.0,20.0,5.0,2.0,0.0,0.0,3.0,3.0,0.0,3.0,3.0,-2.0,41:52,26.3,0
18,203458,Alex Len,0.0,0.0,0.0,0.0,0.0,0.0,0.0,0.0,0.0,0.0,1.0,0.0,-3.0,1:16,-0.4,0
19,202693,Markieff Morris,21.0,7.0,11.0,9.0,7.0,2.0,5.0,2.0,2.0,1.0,3.0,3.0,1.0,34:59,18.1,0
20,202397,Ish Smith,2.0,1.0,3.0,0.0,0.0,0.0,1.0,0.0,4.0,0.0,1.0,2.0,-3.0,20:59,1.0,0
21,202694,Marcus Morris Sr.,8.0,2.0,6.0,3.0,3.0,1.0,2.0,2.0,3.0,0.0,3.0,0.0,7.0,19:27,8.8,0
22,2571,Leandro Barbosa,,,,,,,,,,,,,,,0.0,0
23,202091,Dionte Christmas,,,,,,,,,,,,,,,0.0,0
24,203462,Archie Goodwin,,,,,,,,,,,,,,,0.0,0
25,203139,Viacheslav Kravtsov,,,,,,,,,,,,,,,0.0,0
