,id,name,PTS,FG,FGA,FTA,FT,OREB,DREB,STL,AST,BLK,PF,TO,PLUS_MINUS,MIN,GS,WIN
0,202718,Chandler Parsons,17.0,8.0,9.0,0.0,0.0,0.0,3.0,0.0,1.0,0.0,2.0,3.0,4.0,36:36,11.7,1
1,203093,Terrence Jones,11.0,4.0,10.0,6.0,3.0,2.0,3.0,0.0,2.0,2.0,1.0,1.0,-4.0,25:30,8.1,1
2,2730,Dwight Howard,15.0,6.0,10.0,6.0,3.0,2.0,5.0,0.0,1.0,1.0,3.0,5.0,-4.0,27:01,7.3,1
3,202391,Jeremy Lin,14.0,4.0,8.0,7.0,6.0,0.0,4.0,2.0,2.0,0.0,0.0,2.0,-3.0,31:30,12.2,1
4,201976,Patrick Beverley,9.0,4.0,9.0,0.0,0.0,1.0,2.0,1.0,2.0,1.0,2.0,2.0,5.0,39:22,5.9,1
5,201956,Omri Casspi,16.0,4.0,6.0,6.0,6.0,0.0,3.0,1.0,0.0,0.0,2.0,1.0,11.0,22:30,13.5,1
6,201166,Aaron Brooks,3.0,1.0,6.0,0.0,0.0,2.0,1.0,1.0,1.0,0.0,3.0,1.0,1.0,16:11,0.4,1
7,101128,Francisco Garcia,6.0,2.0,8.0,2.0,1.0,0.0,5.0,2.0,2.0,2.0,6.0,3.0,14.0,20:21,1.7,1
8,201600,Omer Asik,2.0,1.0,3.0,0.0,0.0,4.0,6.0,0.0,1.0,0.0,1.0,0.0,11.0,20:59,5.2,1
9,200758,Ronnie Brewer,,,,,,,,,,,,,,,0.0,1
10,201935,James Harden,,,,,,,,,,,,,,,0.0,1
11,202700,Donatas Motiejunas,,,,,,,,,,,,,,,0.0,1
12,202962,Greg Smith,,,,,,,,,,,,,,,0.0,1
13,2419,Tayshaun Prince,16.0,7.0,10.0,2.0,1.0,1.0,0.0,1.0,2.0,0.0,1.0,1.0,-1.0,34:53,13.1,0
14,2216,Zach Randolph,13.0,5.0,12.0,4.0,3.0,1.0,5.0,0.0,2.0,0.0,3.0,4.0,1.0,34:51,4.6,0
15,201585,Kosta Koufos,8.0,4.0,7.0,0.0,0.0,7.0,6.0,0.0,2.0,2.0,3.0,1.0,1.0,30:46,12.0,0
16,2754,Tony Allen,15.0,6.0,12.0,4.0,3.0,1.0,1.0,6.0,1.0,2.0,3.0,4.0,3.0,30:22,12.5,0
17,201144,Mike Conley,10.0,2.0,14.0,6.0,5.0,1.0,1.0,1.0,10.0,0.0,2.0,0.0,7.0,33:42,8.8,0
18,201573,Jerryd Bayless,2.0,1.0,7.0,0.0,0.0,0.0,2.0,1.0,0.0,0.0,2.0,2.0,-10.0,17:38,-3.7,0
19,202334,Ed Davis,6.0,3.0,5.0,0.0,0.0,2.0,2.0,1.0,1.0,2.0,1.0,0.0,-6.0,15:35,8.4,0
20,2034,Mike Miller,8.0,2.0,4.0,2.0,2.0,0.0,3.0,1.0,1.0,0.0,2.0,0.0,-9.0,17:29,7.8,0
21,202720,Jon Leuer,4.0,2.0,7.0,0.0,0.0,1.0,1.0,1.0,0.0,1.0,3.0,1.0,-7.0,10:26,0.4,0
22,201979,Nick Calathes,4.0,2.0,4.0,0.0,0.0,0.0,0.0,0.0,3.0,0.0,2.0,2.0,-14.0,14:18,1.3,0
23,203479,Jamaal Franklin,,,,,,,,,,,,,,,0.0,0
24,202347,Quincy Pondexter,,,,,,,,,,,,,,,0.0,0
