,id,name,PTS,FG,FGA,FTA,FT,OREB,DREB,STL,AST,BLK,PF,TO,PLUS_MINUS,MIN,GS,WIN
0,1890,Shawn Marion,14.0,6.0,12.0,0.0,0.0,1.0,9.0,0.0,3.0,1.0,0.0,1.0,2.0,33:58,13.2,1
1,1717,Dirk Nowitzki,16.0,5.0,15.0,6.0,6.0,0.0,6.0,1.0,0.0,0.0,1.0,1.0,7.0,32:18,8.9,1
2,2223,Samuel Dalembert,6.0,3.0,6.0,0.0,0.0,4.0,2.0,0.0,0.0,2.0,4.0,1.0,7.0,26:05,5.2,1
3,101145,Monta Ellis,18.0,6.0,14.0,7.0,6.0,1.0,1.0,3.0,5.0,0.0,2.0,4.0,9.0,39:51,12.9,1
4,101181,Jose Calderon,9.0,3.0,8.0,0.0,0.0,2.0,5.0,1.0,3.0,0.0,1.0,1.0,-3.0,35:36,9.2,1
5,1713,Vince Carter,13.0,4.0,11.0,4.0,4.0,1.0,2.0,1.0,3.0,1.0,5.0,5.0,6.0,20:53,5.0,1
6,201971,DeJuan Blair,7.0,3.0,5.0,2.0,1.0,3.0,8.0,3.0,1.0,0.0,3.0,3.0,1.0,21:55,8.3,1
7,203109,Jae Crowder,4.0,2.0,5.0,0.0,0.0,0.0,2.0,2.0,1.0,1.0,2.0,1.0,6.0,16:24,3.5,1
8,203539,Gal Mekel,4.0,1.0,2.0,2.0,2.0,0.0,0.0,0.0,1.0,0.0,0.0,2.0,5.0,13:00,1.7,1
9,201961,Wayne Ellington,,,,,,,,,,,,,,,0.0,1
10,203108,Bernard James,,,,,,,,,,,,,,,0.0,1
11,203495,Ricky Ledo,,,,,,,,,,,,,,,0.0,1
12,2406,Caron Butler,19.0,7.0,19.0,3.0,2.0,1.0,12.0,2.0,3.0,0.0,2.0,3.0,-1.0,38:16,12.7,0
13,203089,John Henson,8.0,3.0,8.0,4.0,2.0,3.0,2.0,0.0,1.0,0.0,3.0,2.0,-11.0,26:48,3.0,0
14,2585,Zaza Pachulia,4.0,1.0,6.0,3.0,2.0,2.0,5.0,3.0,1.0,1.0,4.0,3.0,-1.0,38:22,2.5,0
15,201564,O.J. Mayo,28.0,11.0,20.0,2.0,2.0,2.0,4.0,0.0,2.0,0.0,5.0,6.0,-3.0,36:32,14.4,0
16,203489,Nate Wolters,5.0,2.0,6.0,2.0,1.0,1.0,2.0,2.0,5.0,1.0,2.0,1.0,-9.0,35:45,6.9,0
17,202390,Gary Neal,7.0,2.0,6.0,2.0,1.0,0.0,3.0,0.0,3.0,0.0,1.0,4.0,-10.0,20:19,1.8,0
18,202327,Ekpe Udoh,0.0,0.0,3.0,0.0,0.0,1.0,1.0,0.0,0.0,0.0,1.0,0.0,-5.0,11:44,-1.5,0
19,202688,Brandon Knight,6.0,3.0,7.0,0.0,0.0,0.0,0.0,0.0,1.0,0.0,0.0,1.0,-6.0,14:42,2.0,0
20,203114,Khris Middleton,6.0,2.0,6.0,0.0,0.0,1.0,2.0,0.0,0.0,0.0,3.0,0.0,6.0,17:32,2.7,0
21,203507,Giannis Antetokounmpo,,,,,,,,,,,,,,,0.0,0
22,101141,Ersan Ilyasova,,,,,,,,,,,,,,,0.0,0
23,203545,Miroslav Raduljica,,,,,,,,,,,,,,,0.0,0
24,202336,Larry Sanders,,,,,,,,,,,,,,,0.0,0
