,id,name,PTS,FG,FGA,FTA,FT,OREB,DREB,STL,AST,BLK,PF,TO,PLUS_MINUS,MIN,GS,WIN
0,201587,Nicolas Batum,14.0,3.0,13.0,6.0,6.0,0.0,9.0,0.0,2.0,1.0,1.0,3.0,5.0,36:39,7.5,1
1,200746,LaMarcus Aldridge,26.0,11.0,22.0,6.0,4.0,4.0,11.0,1.0,4.0,1.0,3.0,3.0,5.0,36:39,20.6,1
2,201577,Robin Lopez,8.0,4.0,4.0,0.0,0.0,4.0,2.0,1.0,0.0,0.0,5.0,3.0,-9.0,20:05,6.2,1
3,202083,Wesley Matthews,19.0,6.0,10.0,4.0,4.0,1.0,1.0,0.0,3.0,0.0,1.0,0.0,3.0,34:35,17.1,1
4,203081,Damian Lillard,36.0,11.0,23.0,7.0,6.0,2.0,6.0,0.0,10.0,1.0,1.0,3.0,0.0,37:35,31.4,1
5,2590,Mo Williams,9.0,3.0,8.0,2.0,2.0,0.0,2.0,0.0,6.0,1.0,2.0,2.0,2.0,22:40,7.3,1
6,200777,Joel Freeland,0.0,0.0,0.0,0.0,0.0,5.0,2.0,0.0,1.0,1.0,2.0,0.0,9.0,27:14,4.7,1
7,2748,Dorell Wright,3.0,1.0,6.0,0.0,0.0,0.0,1.0,0.0,0.0,0.0,0.0,0.0,2.0,13:12,-0.5,1
8,203080,Thomas Robinson,4.0,2.0,6.0,0.0,0.0,2.0,4.0,0.0,0.0,0.0,1.0,0.0,-2.0,11:21,2.8,1
9,203115,Will Barton,,,,,,,,,,,,,,,0.0,1
10,203459,Allen Crabbe,,,,,,,,,,,,,,,0.0,1
11,203086,Meyers Leonard,,,,,,,,,,,,,,,0.0,1
12,2248,Earl Watson,,,,,,,,,,,,,,,0.0,1
13,202087,Alonzo Gee,5.0,1.0,2.0,2.0,2.0,0.0,0.0,1.0,1.0,0.0,1.0,0.0,-12.0,18:24,5.3,0
14,202684,Tristan Thompson,15.0,7.0,11.0,4.0,1.0,4.0,3.0,0.0,2.0,0.0,1.0,3.0,1.0,33:36,10.6,0
15,101115,Andrew Bynum,13.0,6.0,12.0,2.0,1.0,2.0,7.0,2.0,2.0,0.0,2.0,2.0,-10.0,26:37,10.7,0
16,101139,CJ Miles,8.0,4.0,8.0,0.0,0.0,1.0,1.0,0.0,0.0,0.0,1.0,0.0,5.0,18:35,4.6,0
17,202681,Kyrie Irving,25.0,9.0,22.0,4.0,4.0,0.0,3.0,1.0,10.0,0.0,3.0,0.0,-2.0,33:42,20.9,0
18,203079,Dion Waiters,25.0,11.0,19.0,1.0,1.0,1.0,2.0,1.0,5.0,0.0,4.0,1.0,-8.0,31:29,19.3,0
19,2760,Anderson Varejao,5.0,2.0,7.0,2.0,1.0,3.0,6.0,0.0,0.0,0.0,0.0,0.0,6.0,24:53,4.4,0
20,101127,Jarrett Jack,12.0,5.0,14.0,1.0,1.0,0.0,5.0,1.0,4.0,0.0,2.0,0.0,9.0,27:43,8.7,0
21,201947,Earl Clark,3.0,1.0,4.0,0.0,0.0,1.0,1.0,0.0,0.0,1.0,2.0,0.0,4.0,8:58,1.5,0
22,203461,Anthony Bennett,2.0,1.0,1.0,0.0,0.0,0.0,2.0,0.0,0.0,0.0,0.0,0.0,-5.0,6:32,2.3,0
23,203521,Matthew Dellavedova,3.0,1.0,2.0,0.0,0.0,1.0,1.0,0.0,2.0,0.0,1.0,0.0,-3.0,9:32,4.0,0
24,203508,Sergey Karasev,,,,,,,,,,,,,,,0.0,0
25,203092,Tyler Zeller,,,,,,,,,,,,,,,0.0,0
