,id,name,PTS,FG,FGA,FTA,FT,OREB,DREB,STL,AST,BLK,PF,TO,PLUS_MINUS,MIN,GS,WIN
0,2544,LeBron James,19.0,7.0,14.0,9.0,5.0,0.0,8.0,0.0,4.0,0.0,2.0,2.0,0.0,35:48,12.8,1
1,2203,Shane Battier,3.0,1.0,5.0,0.0,0.0,0.0,2.0,0.0,1.0,0.0,2.0,0.0,-2.0,16:52,0.4,1
2,2547,Chris Bosh,23.0,9.0,18.0,6.0,5.0,4.0,7.0,1.0,2.0,0.0,3.0,0.0,7.0,31:07,19.7,1
3,2548,Dwyane Wade,23.0,11.0,17.0,2.0,0.0,1.0,5.0,3.0,7.0,0.0,1.0,3.0,17.0,38:46,21.4,1
4,201596,Mario Chalmers,7.0,3.0,7.0,0.0,0.0,1.0,5.0,2.0,7.0,0.0,1.0,2.0,3.0,30:58,10.0,1
5,951,Ray Allen,12.0,4.0,5.0,0.0,0.0,0.0,2.0,1.0,2.0,1.0,1.0,0.0,-5.0,21:26,13.4,1
6,1740,Rashard Lewis,3.0,1.0,5.0,0.0,0.0,1.0,0.0,1.0,2.0,0.0,3.0,1.0,-1.0,19:20,0.8,1
7,2365,Chris Andersen,2.0,1.0,1.0,0.0,0.0,0.0,1.0,0.0,0.0,1.0,2.0,1.0,0.0,8:20,0.9,1
8,202708,Norris Cole,7.0,3.0,6.0,0.0,0.0,0.0,4.0,1.0,3.0,0.0,2.0,2.0,12.0,28:50,5.5,1
9,2617,Udonis Haslem,2.0,1.0,2.0,0.0,0.0,0.0,2.0,0.0,1.0,0.0,3.0,1.0,-1.0,8:33,0.1,1
10,201202,Joel Anthony,,,,,,,,,,,,,,,0.0,1
11,201563,Michael Beasley,,,,,,,,,,,,,,,0.0,1
12,2592,James Jones,,,,,,,,,,,,,,,0.0,1
13,202325,Wesley Johnson,12.0,4.0,10.0,0.0,0.0,0.0,2.0,0.0,2.0,0.0,4.0,2.0,-12.0,26:39,5.0,0
14,200761,Shawne Williams,3.0,1.0,4.0,0.0,0.0,0.0,5.0,0.0,0.0,0.0,2.0,0.0,-5.0,15:58,1.3,0
15,2200,Pau Gasol,13.0,6.0,12.0,2.0,1.0,3.0,10.0,1.0,3.0,1.0,1.0,1.0,-7.0,28:40,14.1,0
16,201975,Jodie Meeks,17.0,6.0,12.0,2.0,1.0,1.0,3.0,2.0,3.0,0.0,3.0,3.0,-1.0,37:33,12.1,0
17,200770,Jordan Farmar,3.0,1.0,7.0,2.0,1.0,1.0,4.0,0.0,2.0,0.0,1.0,4.0,-5.0,32:30,-3.0,0
18,202333,Xavier Henry,14.0,5.0,8.0,7.0,4.0,2.0,3.0,2.0,2.0,0.0,3.0,4.0,-6.0,25:57,9.7,0
19,201941,Jordan Hill,9.0,2.0,6.0,9.0,5.0,4.0,6.0,3.0,1.0,3.0,1.0,1.0,0.0,24:16,13.0,0
20,201156,Nick Young,20.0,7.0,18.0,2.0,2.0,1.0,1.0,0.0,1.0,0.0,2.0,2.0,3.0,31:37,9.1,0
21,203527,Ryan Kelly,4.0,1.0,2.0,2.0,1.0,0.0,1.0,0.0,1.0,0.0,2.0,0.0,3.0,16:50,2.8,0
22,2581,Steve Blake,,,,,,,,,,,,,,,0.0,0
23,2549,Chris Kaman,,,,,,,,,,,,,,,0.0,0
24,203088,Kendall Marshall,,,,,,,,,,,,,,,0.0,0
25,203135,Robert Sacre,,,,,,,,,,,,,,,0.0,0
