,id,name,PTS,FG,FGA,FTA,FT,OREB,DREB,STL,AST,BLK,PF,TO,PLUS_MINUS,MIN,GS,WIN
0,201147,Corey Brewer,11,5,10,0,0,0,0,1,4,0,1,1,21.0,28:12,8.4,1
1,201567,Kevin Love,26,6,15,10,10,6,10,0,7,0,1,4,19.0,30:03,25.6,1
2,201593,Nikola Pekovic,18,7,14,6,4,2,3,0,0,0,2,2,16.0,32:51,9.7,1
3,2755,Kevin Martin,18,5,9,5,5,0,2,4,1,0,0,1,23.0,30:13,18.0,1
4,201937,Ricky Rubio,15,5,9,4,4,1,3,2,9,0,3,0,15.0,28:15,19.4,1
5,203144,Alexey Shved,2,0,3,2,2,0,2,1,3,0,2,2,4.0,17:47,0.8,1
6,201967,Dante Cunningham,6,3,6,0,0,2,6,3,0,0,3,1,11.0,25:07,7.0,1
7,201601,Luc Mbah a Moute,0,0,1,2,0,1,1,1,1,0,1,0,1.0,12:20,0.8,1
8,200826,J.J. Barea,10,4,8,2,1,0,2,0,6,0,1,0,9.0,17:09,10.0,1
9,203133,Robbie Hummel,8,4,6,0,0,2,1,0,0,0,1,0,7.0,10:15,6.7,1
10,201985,AJ Price,5,2,3,0,0,0,1,0,0,0,0,1,3.0,2:36,3.0,1
11,203498,Shabazz Muhammad,2,0,0,2,2,0,0,0,0,0,0,0,3.0,2:36,2.0,1
12,203476,Gorgui Dieng,0,0,1,0,0,0,1,0,0,0,1,0,3.0,2:36,-0.8,1
13,2746,Josh Smith,17,7,14,4,2,0,4,1,3,1,1,1,-18.0,33:38,12.8,0
14,202328,Greg Monroe,10,5,7,0,0,0,2,1,3,0,3,2,-14.0,20:15,7.6,0
15,203083,Andre Drummond,8,4,9,1,0,4,4,0,0,2,2,1,-19.0,28:38,6.5,0
16,203484,Kentavious Caldwell-Pope,16,7,14,0,0,1,3,0,0,1,3,2,-22.0,32:41,8.1,0
17,201943,Brandon Jennings,20,8,16,5,2,0,4,1,7,0,2,6,-19.0,31:12,11.1,0
18,202713,Kyle Singler,0,0,0,0,0,0,2,0,0,0,4,0,0.0,11:11,-1.0,0
19,1497,Chauncey Billups,7,2,7,2,2,0,0,0,5,0,3,0,-4.0,17:50,5.2,0
20,202725,Josh Harrellson,4,2,4,0,0,1,2,0,1,0,2,1,-6.0,12:48,2.2,0
21,201973,Jonas Jerebko,5,2,3,2,1,1,3,0,1,0,3,4,-9.0,21:10,0.4,0
22,101111,Charlie Villanueva,3,1,2,0,0,0,1,0,0,0,0,0,-9.0,8:02,2.3,0
23,203502,Tony Mitchell,4,1,1,2,1,3,1,1,0,1,0,2,-4.0,9:34,5.4,0
24,203491,Peyton Siva,0,0,0,0,0,0,1,0,2,0,0,1,-6.0,7:01,0.7,0
25,203540,Gigi Datome,0,0,6,0,0,1,1,0,0,0,1,0,-5.0,6:00,-3.6,0
