,id,name,PTS,FG,FGA,FTA,FT,OREB,DREB,STL,AST,BLK,PF,TO,PLUS_MINUS,MIN,GS,WIN
0,203082,Terrence Ross,7.0,3.0,9.0,0.0,0.0,0.0,1.0,0.0,2.0,0.0,1.0,1.0,-18.0,21:18,2.2,0
1,101161,Amir Johnson,3.0,1.0,3.0,2.0,1.0,2.0,1.0,1.0,1.0,0.0,3.0,3.0,-11.0,18:23,0.1,0
2,202685,Jonas Valanciunas,12.0,5.0,8.0,4.0,2.0,3.0,8.0,0.0,0.0,3.0,5.0,2.0,-4.0,20:44,10.2,0
3,201942,DeMar DeRozan,18.0,5.0,17.0,7.0,7.0,2.0,4.0,2.0,4.0,0.0,4.0,3.0,2.0,37:37,10.9,0
4,200768,Kyle Lowry,21.0,7.0,16.0,6.0,5.0,2.0,5.0,1.0,8.0,2.0,6.0,3.0,3.0,40:45,17.7,0
5,101236,Chuck Hayes,5.0,2.0,3.0,1.0,1.0,2.0,3.0,2.0,3.0,0.0,6.0,0.0,0.0,17:22,7.7,0
6,2422,John Salmons,0.0,0.0,4.0,0.0,0.0,1.0,0.0,0.0,0.0,0.0,3.0,0.0,-13.0,15:51,-3.3,0
7,202335,Patrick Patterson,14.0,6.0,9.0,0.0,0.0,1.0,3.0,1.0,3.0,0.0,0.0,1.0,-8.0,23:02,13.8,0
8,202349,Greivis Vasquez,5.0,1.0,4.0,2.0,2.0,1.0,1.0,0.0,4.0,0.0,6.0,2.0,2.0,26:25,2.0,0
9,201946,Tyler Hansbrough,4.0,2.0,4.0,1.0,0.0,2.0,0.0,0.0,0.0,0.0,1.0,2.0,-5.0,6:30,0.6,0
10,200779,Steve Novak,12.0,4.0,7.0,1.0,1.0,0.0,2.0,0.0,0.0,1.0,0.0,0.0,12.0,12:04,10.0,0
11,201948,Austin Daye,,,,,,,,,,,,,,,0.0,0
12,202933,Julyan Stone,,,,,,,,,,,,,,,0.0,0
13,200752,Rudy Gay,24.0,7.0,17.0,11.0,10.0,1.0,9.0,4.0,3.0,1.0,4.0,3.0,15.0,42:38,20.1,1
14,201574,Jason Thompson,9.0,3.0,8.0,4.0,3.0,6.0,4.0,0.0,1.0,1.0,2.0,0.0,16.0,27:09,10.2,1
15,202326,DeMarcus Cousins,25.0,8.0,19.0,14.0,9.0,5.0,5.0,1.0,4.0,2.0,4.0,2.0,8.0,38:09,19.5,1
16,201977,Marcus Thornton,12.0,4.0,9.0,3.0,2.0,1.0,0.0,0.0,1.0,0.0,1.0,0.0,2.0,16:21,7.9,1
17,202738,Isaiah Thomas,23.0,4.0,12.0,16.0,15.0,0.0,3.0,2.0,5.0,0.0,3.0,3.0,0.0,38:11,18.0,1
18,203112,Quincy Acy,2.0,1.0,2.0,0.0,0.0,0.0,1.0,0.0,1.0,0.0,3.0,0.0,6.0,19:57,0.8,1
19,2566,Travis Outlaw,0.0,0.0,3.0,0.0,0.0,0.0,1.0,0.0,0.0,0.0,2.0,1.0,-13.0,16:05,-3.6,1
20,203463,Ben McLemore,6.0,2.0,5.0,2.0,1.0,1.0,2.0,2.0,0.0,0.0,2.0,0.0,2.0,24:21,5.4,1
21,202690,Jimmer Fredette,5.0,2.0,5.0,0.0,0.0,0.0,0.0,1.0,0.0,0.0,1.0,1.0,6.0,15:25,1.9,1
22,201171,Carl Landry,3.0,1.0,1.0,1.0,1.0,1.0,1.0,0.0,0.0,0.0,1.0,0.0,-2.0,1:44,3.3,1
23,201189,Aaron Gray,,,,,,,,,,,,,,,0.0,1
24,203492,Ray McCallum,,,,,,,,,,,,,,,0.0,1
25,202682,Derrick Williams,,,,,,,,,,,,,,,0.0,1
