,id,name,PTS,FG,FGA,FTA,FT,OREB,DREB,STL,AST,BLK,PF,TO,PLUS_MINUS,MIN,GS,WIN
0,2738,Andre Iguodala,11.0,3.0,3.0,4.0,2.0,0.0,7.0,0.0,5.0,0.0,2.0,0.0,15.0,29:04,14.1,1
1,101135,David Lee,22.0,10.0,12.0,2.0,2.0,6.0,12.0,0.0,2.0,1.0,5.0,2.0,17.0,35:11,23.5,1
2,101106,Andrew Bogut,8.0,4.0,6.0,0.0,0.0,4.0,9.0,0.0,3.0,1.0,2.0,3.0,10.0,24:22,9.9,1
3,202691,Klay Thompson,15.0,6.0,18.0,4.0,2.0,1.0,1.0,0.0,0.0,0.0,4.0,1.0,17.0,26:20,2.4,1
4,201939,Stephen Curry,15.0,5.0,18.0,4.0,3.0,0.0,0.0,1.0,6.0,0.0,2.0,7.0,11.0,36:14,1.4,1
5,203084,Harrison Barnes,6.0,2.0,7.0,0.0,0.0,0.0,4.0,1.0,2.0,0.0,1.0,1.0,-3.0,26:19,4.1,1
6,201578,Marreese Speights,5.0,1.0,5.0,4.0,3.0,1.0,2.0,0.0,0.0,1.0,3.0,1.0,5.0,14:34,1.3,1
7,203110,Draymond Green,4.0,2.0,6.0,0.0,0.0,0.0,3.0,2.0,1.0,0.0,0.0,1.0,9.0,19:45,3.2,1
8,203145,Kent Bazemore,6.0,3.0,4.0,0.0,0.0,1.0,0.0,1.0,1.0,1.0,1.0,1.0,13.0,14:07,6.1,1
9,201962,Toney Douglas,8.0,3.0,6.0,0.0,0.0,0.0,2.0,0.0,0.0,0.0,2.0,0.0,10.0,11:46,4.8,1
10,203136,Ognjen Kuzmic,1.0,0.0,0.0,2.0,1.0,3.0,0.0,0.0,1.0,0.0,0.0,0.0,1.0,2:18,3.4,1
11,979,Jermaine O'Neal,,,,,,,,,,,,,,,0.0,1
12,203507,Giannis Antetokounmpo,2.0,1.0,3.0,0.0,0.0,0.0,5.0,2.0,5.0,0.0,3.0,1.0,-22.0,24:28,5.1,0
13,101141,Ersan Ilyasova,20.0,6.0,15.0,8.0,6.0,3.0,3.0,2.0,0.0,0.0,2.0,1.0,-18.0,30:57,14.3,0
14,202336,Larry Sanders,5.0,2.0,10.0,2.0,1.0,3.0,3.0,0.0,2.0,0.0,3.0,1.0,-11.0,29:51,0.6,0
15,2557,Luke Ridnour,4.0,2.0,9.0,0.0,0.0,0.0,1.0,1.0,3.0,1.0,0.0,0.0,-25.0,25:38,2.6,0
16,202688,Brandon Knight,18.0,8.0,15.0,2.0,2.0,0.0,0.0,1.0,4.0,0.0,2.0,2.0,-7.0,35:54,11.7,0
17,201564,O.J. Mayo,13.0,5.0,8.0,0.0,0.0,0.0,2.0,1.0,1.0,0.0,2.0,2.0,-1.0,25:02,8.9,0
18,202327,Ekpe Udoh,1.0,0.0,4.0,2.0,1.0,2.0,4.0,0.0,0.0,2.0,2.0,2.0,-9.0,15:51,-1.0,0
19,203114,Khris Middleton,10.0,4.0,7.0,2.0,2.0,1.0,3.0,1.0,1.0,0.0,2.0,0.0,-7.0,30:40,9.2,0
20,2406,Caron Butler,2.0,1.0,7.0,0.0,0.0,1.0,5.0,0.0,2.0,0.0,2.0,1.0,-3.0,17:03,-0.7,0
21,203545,Miroslav Raduljica,4.0,2.0,2.0,0.0,0.0,0.0,0.0,0.0,0.0,0.0,1.0,0.0,-1.0,2:18,3.0,0
22,203489,Nate Wolters,1.0,0.0,0.0,2.0,1.0,0.0,0.0,0.0,2.0,0.0,0.0,1.0,-1.0,2:18,1.0,0
23,203089,John Henson,,,,,,,,,,,,,,,0.0,0
24,202390,Gary Neal,,,,,,,,,,,,,,,0.0,0
