,id,name,PTS,FG,FGA,FTA,FT,OREB,DREB,STL,AST,BLK,PF,TO,PLUS_MINUS,MIN,GS,WIN
0,2738,Andre Iguodala,8.0,3.0,6.0,0.0,0.0,0.0,2.0,0.0,2.0,0.0,0.0,1.0,22.0,21:33,6.0,1
1,101135,David Lee,22.0,11.0,15.0,0.0,0.0,4.0,5.0,0.0,2.0,2.0,0.0,3.0,20.0,27:49,20.0,1
2,101106,Andrew Bogut,8.0,4.0,5.0,2.0,0.0,2.0,9.0,0.0,0.0,0.0,0.0,0.0,15.0,21:40,9.4,1
3,202691,Klay Thompson,15.0,7.0,12.0,0.0,0.0,0.0,2.0,1.0,2.0,2.0,3.0,4.0,16.0,30:17,8.6,1
4,201939,Stephen Curry,9.0,4.0,10.0,0.0,0.0,0.0,5.0,0.0,8.0,0.0,1.0,6.0,21.0,29:35,4.3,1
5,203084,Harrison Barnes,2.0,1.0,7.0,0.0,0.0,1.0,6.0,0.0,1.0,0.0,1.0,1.0,-7.0,27:16,-0.7,1
6,203110,Draymond Green,6.0,3.0,5.0,0.0,0.0,1.0,8.0,2.0,2.0,4.0,2.0,0.0,7.0,21:56,12.2,1
7,201578,Marreese Speights,10.0,3.0,10.0,4.0,4.0,3.0,3.0,0.0,0.0,2.0,2.0,0.0,-7.0,20:11,7.8,1
8,201962,Toney Douglas,0.0,0.0,3.0,0.0,0.0,0.0,1.0,0.0,1.0,1.0,1.0,0.0,-8.0,18:25,-0.8,1
9,203145,Kent Bazemore,12.0,4.0,9.0,4.0,2.0,1.0,2.0,0.0,3.0,0.0,3.0,2.0,-5.0,16:54,6.7,1
10,203136,Ognjen Kuzmic,2.0,1.0,3.0,0.0,0.0,0.0,1.0,0.0,0.0,0.0,0.0,0.0,-9.0,4:24,0.6,1
11,979,Jermaine O'Neal,,,,,,,,,,,,,,,0.0,1
12,202699,Tobias Harris,5.0,2.0,11.0,2.0,1.0,1.0,8.0,0.0,0.0,1.0,0.0,1.0,-16.0,31:22,0.5,0
13,201175,Glen Davis,10.0,4.0,10.0,3.0,2.0,3.0,0.0,0.0,2.0,0.0,1.0,0.0,-15.0,27:32,7.3,0
14,202696,Nikola Vucevic,4.0,2.0,5.0,0.0,0.0,0.0,1.0,1.0,0.0,1.0,0.0,0.0,-13.0,8:31,3.3,0
15,201167,Arron Afflalo,15.0,7.0,18.0,3.0,1.0,1.0,0.0,0.0,4.0,0.0,0.0,1.0,-20.0,34:26,6.9,0
16,2749,Jameer Nelson,11.0,4.0,11.0,0.0,0.0,0.0,2.0,2.0,6.0,0.0,4.0,2.0,-15.0,32:10,8.1,0
17,203506,Victor Oladipo,8.0,3.0,7.0,2.0,2.0,0.0,2.0,0.0,2.0,0.0,2.0,3.0,-9.0,17:23,2.5,0
18,202734,E'Twaun Moore,3.0,1.0,4.0,0.0,0.0,0.0,1.0,1.0,0.0,0.0,0.0,0.0,0.0,9:59,1.9,0
19,203124,Kyle O'Quinn,4.0,2.0,4.0,0.0,0.0,1.0,5.0,0.0,1.0,0.0,1.0,1.0,11.0,12:16,3.5,0
20,203094,Andrew Nicholson,5.0,2.0,6.0,0.0,0.0,0.0,3.0,0.0,0.0,0.0,0.0,0.0,6.0,13:44,2.5,0
21,203090,Maurice Harkless,5.0,2.0,4.0,1.0,1.0,1.0,3.0,1.0,0.0,1.0,1.0,1.0,-10.0,21:54,4.9,0
22,101131,Jason Maxiell,8.0,4.0,5.0,0.0,0.0,2.0,1.0,1.0,1.0,0.0,3.0,0.0,-2.0,18:35,8.3,0
23,101179,Ronnie Price,0.0,0.0,1.0,0.0,0.0,0.0,1.0,1.0,2.0,0.0,1.0,0.0,9.0,6:04,1.6,0
24,203117,Doron Lamb,3.0,1.0,3.0,2.0,1.0,0.0,1.0,0.0,1.0,0.0,0.0,0.0,9.0,6:04,1.9,0
