,id,name,PTS,FG,FGA,FTA,FT,OREB,DREB,STL,AST,BLK,PF,TO,PLUS_MINUS,MIN,GS,WIN
0,2210,Richard Jefferson,8,3,9,0,0,0,2,0,0,1,4,0,-7.0,28:58,2.6,0
1,202683,Enes Kanter,8,3,11,3,2,6,5,0,0,0,3,1,-12.0,21:59,4.6,0
2,202324,Derrick Favors,28,12,19,5,4,3,7,3,1,0,4,0,-5.0,32:33,25.4,0
3,202330,Gordon Hayward,17,7,13,4,3,0,6,0,6,0,1,6,-11.0,34:50,9.9,0
4,203504,Trey Burke,13,6,12,0,0,0,0,2,5,0,0,0,-5.0,29:49,12.5,0
5,101107,Marvin Williams,8,3,7,1,1,2,2,0,2,1,2,0,-12.0,26:23,7.6,0
6,202692,Alec Burks,12,5,11,4,2,0,1,2,1,0,2,1,-18.0,26:52,6.7,0
7,202379,Jeremy Evans,4,2,2,0,0,1,1,1,1,0,2,0,-7.0,9:45,5.3,0
8,203197,Diante Garrett,2,0,3,2,2,0,2,0,2,0,0,0,-13.0,18:11,1.9,0
9,201575,Brandon Rush,0,0,1,0,0,0,0,0,1,0,0,0,0.0,2:40,0.0,0
10,203497,Rudy Gobert,0,0,0,0,0,0,0,0,0,1,0,0,0.0,2:40,0.7,0
11,203546,Ian Clark,3,1,2,0,0,0,0,0,0,0,0,0,0.0,2:40,2.0,0
12,101249,John Lucas III,1,0,1,2,1,1,0,0,0,0,0,0,0.0,2:40,0.6,0
13,202695,Kawhi Leonard,11,4,8,2,1,0,6,0,3,1,0,0,15.0,27:25,11.2,1
14,1495,Tim Duncan,16,7,10,2,2,1,5,1,6,2,1,2,12.0,30:26,18.2,1
15,201168,Tiago Splitter,14,6,7,4,2,2,8,0,1,2,3,1,9.0,22:50,14.4,1
16,201980,Danny Green,5,2,5,0,0,0,2,0,2,0,4,0,5.0,19:29,2.7,1
17,2225,Tony Parker,18,7,11,4,4,0,0,0,7,0,2,3,15.0,25:60,14.2,1
18,1938,Manu Ginobili,21,8,11,4,3,0,1,1,2,0,1,2,11.0,24:33,16.4,1
19,201988,Patty Mills,12,4,7,0,0,0,1,1,4,0,1,0,2.0,18:43,12.4,1
20,201158,Marco Belinelli,12,5,7,2,1,0,5,1,4,0,2,1,13.0,28:27,12.2,1
21,2564,Boris Diaw,6,3,5,0,0,0,5,0,2,0,2,3,-2.0,19:12,2.8,1
22,203382,Aron Baynes,3,1,4,1,1,0,0,0,0,0,3,0,9.0,14:18,-0.6,1
23,202709,Cory Joseph,2,1,2,0,0,0,0,0,0,0,0,0,1.0,3:17,1.0,1
24,2588,Matt Bonner,0,0,0,0,0,0,3,0,0,0,0,0,0.0,2:40,0.9,1
25,201965,Jeff Ayres,2,1,1,0,0,1,0,0,0,0,0,0,0.0,2:40,2.4,1
