,id,name,PTS,FG,FGA,FTA,FT,OREB,DREB,STL,AST,BLK,PF,TO,PLUS_MINUS,MIN,GS,WIN
0,202323,Evan Turner,10.0,2.0,15.0,6.0,6.0,3.0,3.0,2.0,3.0,0.0,6.0,3.0,-8.0,33:28,2.0,0
1,201152,Thaddeus Young,30.0,11.0,19.0,4.0,4.0,3.0,7.0,0.0,3.0,1.0,2.0,3.0,-1.0,39:18,24.3,0
2,201150,Spencer Hawes,25.0,10.0,15.0,3.0,3.0,7.0,4.0,0.0,2.0,0.0,1.0,1.0,3.0,35:08,24.6,0
3,203138,Hollis Thompson,3.0,1.0,5.0,0.0,0.0,1.0,2.0,0.0,0.0,0.0,0.0,0.0,-4.0,20:15,1.2,0
4,203487,Michael Carter-Williams,19.0,7.0,16.0,5.0,4.0,0.0,3.0,1.0,12.0,0.0,5.0,2.0,0.0,32:55,16.5,0
5,202730,Lavoy Allen,4.0,2.0,4.0,0.0,0.0,3.0,1.0,0.0,2.0,0.0,3.0,1.0,-13.0,12:52,3.6,0
6,202341,James Anderson,2.0,0.0,7.0,2.0,2.0,0.0,0.0,1.0,2.0,0.0,2.0,1.0,-1.0,24:14,-2.3,0
7,203100,Tony Wroten,8.0,3.0,7.0,2.0,1.0,0.0,5.0,1.0,1.0,0.0,1.0,3.0,-9.0,19:31,3.7,0
8,203561,Brandon Davies,2.0,1.0,3.0,0.0,0.0,0.0,0.0,1.0,0.0,0.0,1.0,1.0,-9.0,8:42,-0.1,0
9,202343,Elliot Williams,3.0,1.0,2.0,0.0,0.0,0.0,2.0,0.0,0.0,0.0,1.0,2.0,-8.0,13:37,0.2,0
10,203485,Lorenzo Brown,,,,,,,,,,,,,,,0.0,0
11,202350,Daniel Orton,,,,,,,,,,,,,,,0.0,0
12,203114,Khris Middleton,27.0,11.0,15.0,4.0,4.0,1.0,4.0,2.0,4.0,1.0,4.0,0.0,14.0,36:06,26.7,1
13,2406,Caron Butler,22.0,8.0,21.0,6.0,4.0,0.0,11.0,0.0,4.0,1.0,3.0,4.0,-4.0,39:42,11.3,1
14,202327,Ekpe Udoh,0.0,0.0,1.0,0.0,0.0,4.0,3.0,0.0,2.0,5.0,5.0,0.0,-6.0,25:37,5.9,1
15,203507,Giannis Antetokounmpo,12.0,3.0,7.0,6.0,6.0,2.0,5.0,0.0,3.0,2.0,0.0,2.0,9.0,34:44,12.7,1
16,202688,Brandon Knight,21.0,7.0,13.0,5.0,5.0,0.0,4.0,0.0,6.0,0.0,3.0,0.0,-2.0,33:11,18.9,1
17,203545,Miroslav Raduljica,14.0,5.0,7.0,4.0,4.0,2.0,2.0,2.0,1.0,0.0,3.0,4.0,16.0,21:40,10.6,1
18,201564,O.J. Mayo,7.0,3.0,7.0,0.0,0.0,0.0,3.0,1.0,1.0,0.0,1.0,2.0,7.0,20:11,3.5,1
19,203489,Nate Wolters,6.0,3.0,6.0,0.0,0.0,0.0,2.0,3.0,0.0,0.0,1.0,0.0,14.0,15:24,6.2,1
20,2557,Luke Ridnour,7.0,3.0,5.0,0.0,0.0,0.0,0.0,1.0,2.0,0.0,0.0,1.0,2.0,13:25,6.1,1
21,203089,John Henson,,,,,,,,,,,,,,,0.0,1
22,101141,Ersan Ilyasova,,,,,,,,,,,,,,,0.0,1
23,202390,Gary Neal,,,,,,,,,,,,,,,0.0,1
24,2585,Zaza Pachulia,,,,,,,,,,,,,,,0.0,1
