,id,name,PTS,FG,FGA,FTA,FT,OREB,DREB,STL,AST,BLK,PF,TO,PLUS_MINUS,MIN,GS,WIN
0,2210,Richard Jefferson,8.0,3.0,6.0,0.0,0.0,0.0,1.0,0.0,1.0,0.0,1.0,1.0,-19.0,23:18,4.6,0
1,101107,Marvin Williams,4.0,2.0,8.0,0.0,0.0,0.0,3.0,1.0,0.0,1.0,3.0,0.0,-20.0,21:45,0.6,0
2,202324,Derrick Favors,8.0,3.0,7.0,4.0,2.0,4.0,5.0,1.0,0.0,0.0,2.0,2.0,-27.0,22:14,6.0,0
3,202330,Gordon Hayward,5.0,2.0,9.0,0.0,0.0,0.0,4.0,1.0,1.0,0.0,3.0,6.0,-28.0,25:16,-4.8,0
4,203504,Trey Burke,4.0,2.0,9.0,0.0,0.0,0.0,2.0,0.0,4.0,0.0,0.0,1.0,-20.0,20:11,0.9,0
5,101249,John Lucas III,0.0,0.0,1.0,1.0,0.0,0.0,0.0,0.0,1.0,0.0,0.0,0.0,-5.0,7:07,-0.4,0
6,202683,Enes Kanter,10.0,3.0,5.0,8.0,4.0,1.0,2.0,1.0,0.0,0.0,3.0,4.0,-17.0,24:39,3.2,0
7,202692,Alec Burks,8.0,3.0,8.0,5.0,2.0,0.0,1.0,0.0,4.0,0.0,1.0,0.0,-1.0,28:18,5.1,0
8,202379,Jeremy Evans,2.0,1.0,2.0,0.0,0.0,1.0,5.0,1.0,1.0,1.0,1.0,2.0,-2.0,17:35,3.2,0
9,203197,Diante Garrett,7.0,3.0,6.0,0.0,0.0,0.0,1.0,1.0,2.0,0.0,1.0,0.0,3.0,20:42,6.3,0
10,203546,Ian Clark,5.0,2.0,5.0,2.0,1.0,0.0,0.0,0.0,2.0,0.0,3.0,2.0,10.0,10:59,0.1,0
11,203497,Rudy Gobert,10.0,3.0,3.0,9.0,4.0,0.0,3.0,1.0,1.0,2.0,1.0,0.0,9.0,9:45,10.7,0
12,200839,Mike Harris,2.0,1.0,2.0,0.0,0.0,0.0,0.0,2.0,0.0,0.0,0.0,0.0,7.0,8:11,3.0,0
13,201142,Kevin Durant,19.0,3.0,9.0,13.0,12.0,0.0,9.0,2.0,2.0,0.0,1.0,3.0,27.0,26:21,16.2,1
14,201586,Serge Ibaka,17.0,8.0,13.0,2.0,1.0,2.0,9.0,0.0,0.0,3.0,1.0,1.0,31.0,29:36,15.5,1
15,2570,Kendrick Perkins,4.0,2.0,4.0,0.0,0.0,1.0,0.0,0.0,2.0,1.0,5.0,0.0,26.0,21:22,2.8,1
16,200757,Thabo Sefolosha,9.0,3.0,6.0,2.0,2.0,0.0,3.0,2.0,3.0,0.0,0.0,1.0,20.0,27:20,10.0,1
17,202704,Reggie Jackson,10.0,5.0,8.0,0.0,0.0,0.0,3.0,2.0,7.0,0.0,1.0,2.0,28.0,25:43,11.8,1
18,965,Derek Fisher,2.0,1.0,2.0,0.0,0.0,0.0,2.0,1.0,3.0,0.0,0.0,0.0,7.0,9:29,4.7,1
19,203500,Steven Adams,3.0,1.0,5.0,2.0,1.0,0.0,7.0,1.0,2.0,0.0,4.0,4.0,-4.0,26:38,-1.6,1
20,203087,Jeremy Lamb,15.0,7.0,13.0,1.0,1.0,0.0,2.0,1.0,2.0,0.0,3.0,2.0,-3.0,24:54,8.5,1
21,203103,Perry Jones III,13.0,5.0,7.0,0.0,0.0,0.0,3.0,1.0,1.0,0.0,4.0,1.0,-3.0,19:04,10.1,1
22,2555,Nick Collison,0.0,0.0,0.0,0.0,0.0,1.0,1.0,0.0,1.0,0.0,0.0,1.0,1.0,6:24,0.7,1
23,203460,Andre Roberson,1.0,0.0,0.0,2.0,1.0,1.0,1.0,0.0,1.0,0.0,4.0,1.0,-13.0,12:48,-0.3,1
24,101155,Ryan Gomes,2.0,1.0,4.0,0.0,0.0,0.0,1.0,0.0,0.0,0.0,1.0,0.0,-7.0,10:21,-0.5,1
25,201934,Hasheem Thabeet,,,,,,,,,,,,,,,0.0,1
