,id,name,PTS,FG,FGA,FTA,FT,OREB,DREB,STL,AST,BLK,PF,TO,PLUS_MINUS,MIN,GS,WIN
0,2419,Tayshaun Prince,1.0,0.0,4.0,2.0,1.0,2.0,2.0,0.0,1.0,1.0,3.0,1.0,-6.0,29:02,-1.0,1
1,2216,Zach Randolph,20.0,8.0,15.0,8.0,4.0,2.0,9.0,1.0,3.0,0.0,4.0,2.0,1.0,34:09,14.7,1
2,201188,Marc Gasol,13.0,6.0,19.0,3.0,1.0,4.0,4.0,0.0,2.0,1.0,2.0,2.0,-6.0,33:11,4.6,1
3,201584,Courtney Lee,19.0,6.0,12.0,6.0,4.0,2.0,5.0,0.0,3.0,0.0,2.0,0.0,4.0,34:08,16.4,1
4,201144,Mike Conley,19.0,9.0,15.0,0.0,0.0,2.0,0.0,1.0,2.0,0.0,1.0,2.0,-7.0,30:23,13.5,1
5,201979,Nick Calathes,9.0,4.0,7.0,0.0,0.0,1.0,1.0,1.0,3.0,0.0,2.0,3.0,9.0,17:37,6.0,1
6,202334,Ed Davis,3.0,1.0,1.0,1.0,1.0,0.0,1.0,0.0,1.0,0.0,2.0,0.0,5.0,9:40,2.9,1
7,2034,Mike Miller,2.0,1.0,2.0,0.0,0.0,0.0,2.0,0.0,0.0,0.0,0.0,1.0,8.0,17:09,0.6,1
8,201585,Kosta Koufos,6.0,2.0,7.0,3.0,2.0,4.0,2.0,1.0,0.0,1.0,2.0,0.0,4.0,19:00,5.8,1
9,2754,Tony Allen,2.0,1.0,3.0,0.0,0.0,0.0,0.0,3.0,2.0,0.0,1.0,0.0,-2.0,15:41,4.3,1
10,201949,James Johnson,,,,,,,,,,,,,,,0.0,1
11,202720,Jon Leuer,,,,,,,,,,,,,,,0.0,1
12,2757,Beno Udrih,,,,,,,,,,,,,,,0.0,1
13,203113,Quincy Miller,3.0,1.0,2.0,0.0,0.0,0.0,3.0,0.0,0.0,0.0,1.0,1.0,-8.0,17:39,1.5,0
14,202702,Kenneth Faried,17.0,6.0,14.0,9.0,5.0,5.0,3.0,3.0,2.0,1.0,2.0,2.0,8.0,31:48,14.7,0
15,202389,Timofey Mozgov,23.0,9.0,15.0,7.0,5.0,2.0,8.0,0.0,1.0,1.0,5.0,2.0,0.0,31:35,16.5,0
16,200751,Randy Foye,13.0,6.0,13.0,0.0,0.0,2.0,7.0,2.0,4.0,0.0,2.0,2.0,9.0,40:14,11.8,0
17,201951,Ty Lawson,8.0,3.0,9.0,4.0,2.0,0.0,5.0,0.0,6.0,0.0,2.0,2.0,-1.0,39:31,5.0,0
18,201589,Darrell Arthur,5.0,2.0,5.0,0.0,0.0,1.0,1.0,0.0,0.0,0.0,2.0,1.0,-10.0,16:13,1.5,0
19,203095,Evan Fournier,5.0,2.0,3.0,0.0,0.0,0.0,3.0,0.0,1.0,0.0,2.0,1.0,-8.0,17:09,3.5,0
20,201166,Aaron Brooks,10.0,4.0,8.0,0.0,0.0,0.0,0.0,1.0,6.0,0.0,1.0,2.0,2.0,29:26,8.8,0
21,202686,Jan Vesely,8.0,3.0,4.0,4.0,2.0,1.0,2.0,1.0,0.0,1.0,6.0,1.0,-2.0,16:24,5.2,0
22,201163,Wilson Chandler,,,,,,,,,,,,,,,0.0,0
23,201581,JJ Hickson,,,,,,,,,,,,,,,0.0,0
24,201576,Anthony Randolph,,,,,,,,,,,,,,,0.0,0
25,101126,Nate Robinson,,,,,,,,,,,,,,,0.0,0
