,id,name,PTS,FG,FGA,FTA,FT,OREB,DREB,STL,AST,BLK,PF,TO,PLUS_MINUS,MIN,GS,WIN
0,200752,Rudy Gay,35.0,10.0,16.0,17.0,15.0,3.0,9.0,1.0,6.0,0.0,0.0,3.0,5.0,35:36,34.0,0
1,201574,Jason Thompson,8.0,4.0,7.0,0.0,0.0,1.0,3.0,0.0,0.0,0.0,5.0,1.0,11.0,19:12,3.3,0
2,201189,Aaron Gray,4.0,2.0,2.0,0.0,0.0,1.0,2.0,0.0,2.0,3.0,1.0,1.0,9.0,22:34,6.8,0
3,201977,Marcus Thornton,9.0,3.0,9.0,0.0,0.0,2.0,0.0,0.0,1.0,0.0,1.0,1.0,5.0,33:39,4.6,0
4,202738,Isaiah Thomas,19.0,8.0,21.0,0.0,0.0,0.0,2.0,1.0,6.0,0.0,3.0,3.0,1.0,42:04,9.1,0
5,203112,Quincy Acy,8.0,3.0,4.0,2.0,2.0,0.0,6.0,1.0,0.0,2.0,5.0,1.0,-22.0,30:35,7.6,0
6,201171,Carl Landry,4.0,2.0,2.0,0.0,0.0,0.0,1.0,0.0,2.0,1.0,2.0,1.0,-5.0,12:25,4.0,0
7,203463,Ben McLemore,4.0,2.0,4.0,0.0,0.0,2.0,0.0,1.0,0.0,0.0,3.0,1.0,-11.0,14:22,2.2,0
8,202682,Derrick Williams,5.0,1.0,6.0,4.0,3.0,1.0,6.0,0.0,1.0,0.0,4.0,1.0,-8.0,23:09,1.4,0
9,202690,Jimmer Fredette,7.0,3.0,4.0,0.0,0.0,0.0,0.0,0.0,2.0,0.0,2.0,1.0,-5.0,6:24,5.0,0
10,203492,Ray McCallum,,,,,,,,,,,,,,,0.0,0
11,2566,Travis Outlaw,,,,,,,,,,,,,,,0.0,0
12,203109,Jae Crowder,6.0,3.0,8.0,0.0,0.0,1.0,5.0,2.0,3.0,0.0,4.0,0.0,-3.0,29:31,6.3,1
13,1717,Dirk Nowitzki,34.0,11.0,19.0,11.0,11.0,0.0,5.0,2.0,2.0,0.0,4.0,1.0,8.0,34:07,27.4,1
14,2223,Samuel Dalembert,6.0,3.0,4.0,0.0,0.0,1.0,3.0,0.0,0.0,1.0,3.0,0.0,-6.0,15:46,5.5,1
15,101145,Monta Ellis,20.0,6.0,10.0,9.0,8.0,1.0,2.0,3.0,3.0,1.0,1.0,0.0,4.0,39:48,21.7,1
16,101181,Jose Calderon,14.0,6.0,14.0,2.0,1.0,0.0,1.0,1.0,7.0,0.0,2.0,1.0,-1.0,33:44,10.6,1
17,201971,DeJuan Blair,6.0,1.0,5.0,6.0,4.0,2.0,1.0,1.0,0.0,0.0,0.0,1.0,-2.0,12:39,3.8,1
18,1713,Vince Carter,4.0,2.0,6.0,0.0,0.0,1.0,2.0,0.0,1.0,0.0,3.0,1.0,8.0,26:14,0.4,1
19,201148,Brandan Wright,10.0,4.0,6.0,5.0,2.0,4.0,6.0,1.0,0.0,0.0,0.0,0.0,7.0,25:43,11.8,1
20,203499,Shane Larkin,0.0,0.0,1.0,0.0,0.0,0.0,0.0,0.0,0.0,0.0,0.0,0.0,-1.0,4:43,-0.7,1
21,2734,Devin Harris,7.0,2.0,7.0,3.0,3.0,2.0,0.0,0.0,5.0,0.0,1.0,0.0,6.0,17:45,7.4,1
22,201961,Wayne Ellington,,,,,,,,,,,,,,,0.0,1
23,203108,Bernard James,,,,,,,,,,,,,,,0.0,1
24,203495,Ricky Ledo,,,,,,,,,,,,,,,0.0,1
