,id,name,PTS,FG,FGA,FTA,FT,OREB,DREB,STL,AST,BLK,PF,TO,PLUS_MINUS,MIN,GS,WIN
0,202699,Tobias Harris,10.0,5.0,11.0,0.0,0.0,0.0,5.0,1.0,1.0,2.0,1.0,1.0,2.0,28:07,7.5,0
1,201175,Glen Davis,16.0,6.0,19.0,8.0,4.0,2.0,11.0,1.0,1.0,2.0,6.0,2.0,-11.0,42:30,6.9,0
2,101131,Jason Maxiell,6.0,1.0,6.0,6.0,4.0,1.0,5.0,2.0,2.0,3.0,3.0,3.0,-2.0,42:46,4.9,0
3,201167,Arron Afflalo,12.0,5.0,15.0,0.0,0.0,0.0,6.0,0.0,5.0,0.0,1.0,2.0,-12.0,39:16,6.4,0
4,2749,Jameer Nelson,14.0,5.0,9.0,0.0,0.0,0.0,6.0,0.0,9.0,0.0,3.0,2.0,-8.0,43:04,14.6,0
5,203094,Andrew Nicholson,12.0,5.0,11.0,2.0,2.0,3.0,3.0,0.0,0.0,1.0,2.0,1.0,7.0,20:02,8.2,0
6,202734,E'Twaun Moore,3.0,1.0,2.0,2.0,0.0,0.0,1.0,0.0,2.0,0.0,1.0,0.0,0.0,13:35,2.5,0
7,203506,Victor Oladipo,6.0,3.0,9.0,0.0,0.0,1.0,3.0,0.0,1.0,2.0,2.0,3.0,-8.0,25:44,0.8,0
8,203090,Maurice Harkless,2.0,1.0,2.0,0.0,0.0,1.0,1.0,1.0,0.0,2.0,1.0,0.0,2.0,9:56,4.0,0
9,200780,Solomon Jones,,,,,,,,,,,,,,,0.0,0
10,203117,Doron Lamb,,,,,,,,,,,,,,,0.0,0
11,203124,Kyle O'Quinn,,,,,,,,,,,,,,,0.0,0
12,101179,Ronnie Price,,,,,,,,,,,,,,,0.0,0
13,201947,Earl Clark,4.0,2.0,10.0,0.0,0.0,1.0,1.0,2.0,2.0,2.0,0.0,2.0,-3.0,19:51,1.6,1
14,202684,Tristan Thompson,16.0,6.0,13.0,8.0,4.0,3.0,7.0,0.0,2.0,0.0,2.0,1.0,6.0,40:39,11.5,1
15,2760,Anderson Varejao,18.0,8.0,17.0,4.0,2.0,8.0,17.0,0.0,3.0,1.0,3.0,1.0,8.0,39:24,19.8,1
16,101139,CJ Miles,14.0,4.0,8.0,3.0,3.0,0.0,2.0,0.0,1.0,1.0,4.0,0.0,0.0,27:58,10.4,1
17,101127,Jarrett Jack,14.0,5.0,16.0,3.0,3.0,1.0,6.0,0.0,7.0,0.0,3.0,1.0,12.0,42:02,10.0,1
18,203079,Dion Waiters,17.0,6.0,20.0,6.0,5.0,1.0,3.0,0.0,3.0,0.0,0.0,1.0,18.0,38:45,7.7,1
19,203092,Tyler Zeller,0.0,0.0,0.0,0.0,0.0,1.0,4.0,0.0,0.0,1.0,1.0,1.0,-6.0,14:13,1.2,1
20,203521,Matthew Dellavedova,2.0,1.0,5.0,0.0,0.0,1.0,0.0,2.0,2.0,0.0,3.0,2.0,5.0,21:29,-0.2,1
21,203461,Anthony Bennett,0.0,0.0,4.0,0.0,0.0,1.0,2.0,1.0,1.0,0.0,3.0,2.0,-4.0,11:14,-3.0,1
22,202087,Alonzo Gee,2.0,1.0,3.0,0.0,0.0,0.0,0.0,1.0,1.0,0.0,2.0,1.0,-6.0,9:25,0.2,1
23,203467,Carrick Felix,,,,,,,,,,,,,,,0.0,1
24,203508,Sergey Karasev,,,,,,,,,,,,,,,0.0,1
25,203156,Henry Sims,,,,,,,,,,,,,,,0.0,1
