,id,name,PTS,FG,FGA,FTA,FT,OREB,DREB,STL,AST,BLK,PF,TO,PLUS_MINUS,MIN,GS,WIN
0,202331,Paul George,27.0,10.0,21.0,5.0,4.0,0.0,8.0,3.0,3.0,0.0,2.0,1.0,-6.0,33:50,21.6,1
1,2561,David West,12.0,4.0,9.0,4.0,4.0,1.0,6.0,1.0,4.0,1.0,0.0,1.0,-3.0,30:51,13.3,1
2,201579,Roy Hibbert,15.0,6.0,10.0,3.0,3.0,1.0,4.0,0.0,0.0,1.0,5.0,3.0,9.0,32:59,8.0,1
3,202362,Lance Stephenson,16.0,5.0,8.0,6.0,5.0,1.0,8.0,0.0,6.0,0.0,2.0,2.0,12.0,42:59,16.5,1
4,201228,C.J. Watson,7.0,3.0,8.0,0.0,0.0,1.0,1.0,0.0,2.0,0.0,1.0,1.0,5.0,28:22,3.6,1
5,202388,Donald Sloan,0.0,0.0,3.0,0.0,0.0,0.0,0.0,0.0,2.0,0.0,1.0,0.0,-3.0,12:20,-1.1,1
6,202323,Evan Turner,15.0,7.0,13.0,3.0,1.0,0.0,3.0,0.0,2.0,0.0,4.0,0.0,7.0,26:29,8.6,1
7,101133,Ian Mahinmi,2.0,1.0,2.0,0.0,0.0,0.0,2.0,0.0,0.0,1.0,2.0,0.0,-4.0,15:01,1.5,1
8,2449,Luis Scola,8.0,3.0,3.0,2.0,2.0,0.0,2.0,1.0,0.0,1.0,2.0,1.0,8.0,17:09,7.6,1
9,202730,Lavoy Allen,,,,,,,,,,,,,,,0.0,1
10,2446,Rasual Butler,,,,,,,,,,,,,,,0.0,1
11,203142,Chris Copeland,,,,,,,,,,,,,,,0.0,1
12,203524,Solomon Hill,,,,,,,,,,,,,,,0.0,1
13,201145,Jeff Green,27.0,10.0,22.0,6.0,5.0,2.0,3.0,0.0,1.0,1.0,3.0,1.0,-3.0,43:22,16.7,0
14,101138,Brandon Bass,16.0,7.0,13.0,2.0,2.0,2.0,3.0,1.0,2.0,0.0,2.0,1.0,0.0,31:31,12.6,0
15,2743,Kris Humphries,18.0,7.0,15.0,5.0,4.0,4.0,6.0,0.0,2.0,2.0,2.0,1.0,-7.0,36:39,15.5,0
16,201573,Jerryd Bayless,11.0,5.0,11.0,0.0,0.0,1.0,4.0,1.0,3.0,0.0,4.0,1.0,-5.0,32:11,7.7,0
17,200765,Rajon Rondo,12.0,4.0,12.0,2.0,1.0,0.0,7.0,0.0,11.0,0.0,4.0,2.0,-5.0,38:29,11.0,0
18,203096,Jared Sullinger,10.0,4.0,12.0,2.0,2.0,3.0,3.0,0.0,3.0,1.0,3.0,1.0,1.0,24:31,6.8,0
19,203187,Chris Johnson,3.0,1.0,3.0,0.0,0.0,0.0,1.0,0.0,0.0,1.0,3.0,0.0,-4.0,18:49,1.1,0
20,203569,Chris Babb,0.0,0.0,0.0,0.0,0.0,0.0,0.0,0.0,0.0,0.0,0.0,0.0,2.0,1:38,0.0,0
21,203515,Phil Pressey,0.0,0.0,1.0,0.0,0.0,0.0,2.0,0.0,3.0,0.0,0.0,1.0,0.0,9:31,1.0,0
22,201202,Joel Anthony,0.0,0.0,0.0,0.0,0.0,0.0,0.0,0.0,0.0,0.0,0.0,0.0,-4.0,3:19,0.0,0
23,203482,Kelly Olynyk,,,,,,,,,,,,,,,0.0,0
24,2222,Gerald Wallace,,,,,,,,,,,,,,,0.0,0
