,id,name,PTS,FG,FGA,FTA,FT,OREB,DREB,STL,AST,BLK,PF,TO,PLUS_MINUS,MIN,GS,WIN
0,202718,Chandler Parsons,8.0,3.0,8.0,0.0,0.0,1.0,2.0,2.0,4.0,0.0,1.0,2.0,-2.0,35:26,7.3,1
1,203093,Terrence Jones,2.0,1.0,4.0,0.0,0.0,1.0,4.0,0.0,1.0,0.0,1.0,0.0,-9.0,22:52,1.8,1
2,2730,Dwight Howard,27.0,11.0,19.0,7.0,5.0,1.0,12.0,1.0,5.0,2.0,3.0,2.0,-3.0,37:01,24.3,1
3,201935,James Harden,22.0,9.0,21.0,4.0,3.0,0.0,2.0,4.0,3.0,0.0,1.0,5.0,3.0,39:06,11.8,1
4,201976,Patrick Beverley,15.0,6.0,12.0,0.0,0.0,1.0,2.0,1.0,3.0,3.0,3.0,0.0,3.0,29:44,14.3,1
5,202700,Donatas Motiejunas,9.0,4.0,5.0,2.0,1.0,0.0,1.0,1.0,0.0,0.0,3.0,1.0,12.0,24:47,5.8,1
6,202391,Jeremy Lin,18.0,8.0,14.0,0.0,0.0,0.0,2.0,2.0,4.0,0.0,2.0,2.0,9.0,27:31,14.0,1
7,201600,Omer Asik,0.0,0.0,0.0,0.0,0.0,0.0,5.0,0.0,2.0,0.0,0.0,1.0,9.0,10:59,1.9,1
8,201956,Omri Casspi,0.0,0.0,2.0,0.0,0.0,2.0,2.0,0.0,1.0,0.0,1.0,0.0,8.0,12:34,0.9,1
9,200758,Ronnie Brewer,,,,,,,,,,,,,,,0.0,1
10,201166,Aaron Brooks,,,,,,,,,,,,,,,0.0,1
11,101128,Francisco Garcia,,,,,,,,,,,,,,,0.0,1
12,202962,Greg Smith,,,,,,,,,,,,,,,0.0,1
13,203114,Khris Middleton,20.0,7.0,13.0,3.0,3.0,0.0,4.0,1.0,8.0,0.0,5.0,2.0,-1.0,35:02,17.5,0
14,203089,John Henson,14.0,7.0,14.0,0.0,0.0,2.0,8.0,0.0,3.0,4.0,2.0,3.0,1.0,40:46,11.9,0
15,202336,Larry Sanders,2.0,1.0,3.0,0.0,0.0,2.0,2.0,0.0,0.0,0.0,0.0,1.0,-5.0,4:23,1.3,0
16,203489,Nate Wolters,19.0,9.0,15.0,1.0,0.0,2.0,5.0,1.0,3.0,0.0,1.0,2.0,-4.0,38:47,15.3,0
17,202688,Brandon Knight,23.0,10.0,20.0,1.0,1.0,0.0,2.0,1.0,5.0,0.0,1.0,4.0,0.0,34:57,13.7,0
18,2585,Zaza Pachulia,12.0,5.0,5.0,2.0,2.0,3.0,7.0,1.0,5.0,0.0,4.0,2.0,0.0,29:27,15.6,0
19,203507,Giannis Antetokounmpo,1.0,0.0,8.0,2.0,1.0,1.0,4.0,1.0,0.0,1.0,2.0,1.0,-10.0,24:56,-3.2,0
20,203545,Miroslav Raduljica,2.0,1.0,4.0,0.0,0.0,2.0,1.0,1.0,2.0,1.0,3.0,2.0,-5.0,19:14,1.2,0
21,202390,Gary Neal,2.0,0.0,8.0,2.0,2.0,2.0,0.0,0.0,0.0,0.0,0.0,1.0,-6.0,12:28,-3.2,0
22,101141,Ersan Ilyasova,,,,,,,,,,,,,,,0.0,0
23,201564,O.J. Mayo,,,,,,,,,,,,,,,0.0,0
24,2557,Luke Ridnour,,,,,,,,,,,,,,,0.0,0
25,202327,Ekpe Udoh,,,,,,,,,,,,,,,0.0,0
