,id,name,PTS,FG,FGA,FTA,FT,OREB,DREB,STL,AST,BLK,PF,TO,PLUS_MINUS,MIN,GS,WIN
0,2772,Trevor Ariza,10.0,2.0,7.0,6.0,5.0,0.0,4.0,1.0,0.0,1.0,1.0,2.0,2.0,38:41,6.0,0
1,2403,Nene,17.0,7.0,13.0,3.0,3.0,1.0,3.0,3.0,3.0,1.0,4.0,2.0,-4.0,36:23,14.5,0
2,101162,Marcin Gortat,10.0,4.0,4.0,5.0,2.0,1.0,5.0,0.0,1.0,0.0,4.0,1.0,5.0,21:34,7.9,0
3,203078,Bradley Beal,37.0,15.0,24.0,2.0,2.0,1.0,4.0,0.0,2.0,0.0,4.0,2.0,4.0,36:49,25.9,0
4,202322,John Wall,5.0,2.0,10.0,2.0,1.0,0.0,3.0,0.0,5.0,0.0,4.0,4.0,-4.0,32:37,-2.8,0
5,202338,Kevin Seraphin,4.0,2.0,5.0,0.0,0.0,1.0,5.0,0.0,1.0,4.0,0.0,0.0,-2.0,24:40,7.0,0
6,101110,Martell Webster,3.0,1.0,5.0,0.0,0.0,0.0,1.0,1.0,0.0,0.0,2.0,0.0,-11.0,20:23,0.4,0
7,202344,Trevor Booker,1.0,0.0,4.0,2.0,1.0,1.0,2.0,0.0,0.0,0.0,0.0,0.0,-6.0,9:30,-0.9,0
8,202066,Garrett Temple,2.0,1.0,2.0,0.0,0.0,0.0,1.0,3.0,2.0,0.0,0.0,2.0,-2.0,15:33,3.7,0
9,202686,Jan Vesely,0.0,0.0,0.0,0.0,0.0,0.0,0.0,0.0,0.0,1.0,1.0,0.0,3.0,3:49,0.3,0
10,201953,Eric Maynor,,,,,,,,,,,,,,,0.0,0
11,203490,Otto Porter Jr.,,,,,,,,,,,,,,,0.0,0
12,202698,Chris Singleton,,,,,,,,,,,,,,,0.0,0
13,2419,Tayshaun Prince,7.0,3.0,4.0,0.0,0.0,0.0,2.0,1.0,2.0,0.0,1.0,1.0,-6.0,22:31,7.0,1
14,2216,Zach Randolph,13.0,4.0,11.0,6.0,5.0,2.0,8.0,0.0,1.0,0.0,4.0,5.0,6.0,34:47,4.4,1
15,201188,Marc Gasol,18.0,7.0,11.0,4.0,4.0,1.0,6.0,2.0,3.0,0.0,3.0,3.0,-2.0,34:11,15.5,1
16,201584,Courtney Lee,13.0,5.0,12.0,2.0,2.0,0.0,1.0,2.0,1.0,1.0,2.0,2.0,-4.0,34:05,7.5,1
17,201979,Nick Calathes,18.0,8.0,12.0,1.0,1.0,2.0,5.0,2.0,6.0,0.0,3.0,2.0,10.0,35:43,18.7,1
18,202721,Darius Morris,0.0,0.0,2.0,0.0,0.0,1.0,1.0,0.0,1.0,0.0,0.0,2.0,-7.0,12:17,-1.7,1
19,201585,Kosta Koufos,6.0,2.0,7.0,2.0,2.0,2.0,2.0,0.0,0.0,1.0,2.0,0.0,-4.0,13:17,3.8,1
20,201949,James Johnson,13.0,3.0,5.0,10.0,7.0,1.0,1.0,2.0,1.0,1.0,1.0,1.0,8.0,24:51,12.5,1
21,202334,Ed Davis,2.0,0.0,3.0,2.0,2.0,0.0,3.0,2.0,0.0,1.0,1.0,1.0,6.0,13:45,2.1,1
22,2034,Mike Miller,2.0,1.0,3.0,0.0,0.0,0.0,2.0,0.0,1.0,0.0,2.0,0.0,8.0,14:32,0.8,1
23,2754,Tony Allen,,,,,,,,,,,,,,,0.0,1
24,203479,Jamaal Franklin,,,,,,,,,,,,,,,0.0,1
25,202720,Jon Leuer,,,,,,,,,,,,,,,0.0,1
