,id,name,PTS,FG,FGA,FTA,FT,OREB,DREB,STL,AST,BLK,PF,TO,PLUS_MINUS,MIN,GS,WIN
0,2736,Luol Deng,10.0,4.0,8.0,2.0,2.0,0.0,1.0,1.0,0.0,0.0,0.0,4.0,10.0,21:07,3.3,1
1,202684,Tristan Thompson,18.0,9.0,12.0,0.0,0.0,5.0,10.0,0.0,2.0,0.0,3.0,1.0,12.0,34:52,18.9,1
2,2760,Anderson Varejao,2.0,1.0,6.0,0.0,0.0,1.0,13.0,2.0,4.0,1.0,4.0,0.0,5.0,32:59,6.7,1
3,101139,CJ Miles,17.0,6.0,7.0,4.0,4.0,0.0,1.0,1.0,0.0,0.0,1.0,0.0,7.0,23:40,15.4,1
4,202681,Kyrie Irving,25.0,9.0,18.0,5.0,4.0,0.0,6.0,5.0,8.0,0.0,3.0,2.0,13.0,37:02,24.8,1
5,203079,Dion Waiters,17.0,6.0,13.0,4.0,3.0,0.0,1.0,0.0,2.0,0.0,3.0,0.0,9.0,30:37,10.4,1
6,203092,Tyler Zeller,10.0,4.0,8.0,4.0,2.0,1.0,5.0,0.0,0.0,0.0,3.0,1.0,5.0,22:06,5.2,1
7,101127,Jarrett Jack,12.0,5.0,6.0,1.0,1.0,0.0,0.0,0.0,2.0,0.0,1.0,0.0,1.0,25:57,10.8,1
8,203521,Matthew Dellavedova,0.0,0.0,0.0,0.0,0.0,0.0,0.0,0.0,1.0,0.0,1.0,0.0,-7.0,3:45,0.3,1
9,201947,Earl Clark,0.0,0.0,3.0,0.0,0.0,0.0,0.0,0.0,0.0,0.0,1.0,0.0,0.0,5:07,-2.5,1
10,202087,Alonzo Gee,2.0,1.0,2.0,0.0,0.0,1.0,0.0,0.0,0.0,0.0,0.0,0.0,0.0,0:56,1.7,1
11,203461,Anthony Bennett,0.0,0.0,0.0,0.0,0.0,0.0,0.0,0.0,0.0,0.0,0.0,0.0,0.0,0:56,0.0,1
12,203508,Sergey Karasev,0.0,0.0,0.0,0.0,0.0,0.0,0.0,0.0,0.0,0.0,0.0,0.0,0.0,0:56,0.0,1
13,2210,Richard Jefferson,18.0,6.0,11.0,5.0,3.0,0.0,1.0,0.0,4.0,0.0,2.0,2.0,-10.0,30:04,12.2,0
14,101107,Marvin Williams,3.0,1.0,6.0,0.0,0.0,0.0,4.0,1.0,0.0,0.0,2.0,0.0,-8.0,27:11,0.6,0
15,202324,Derrick Favors,12.0,5.0,11.0,4.0,2.0,2.0,4.0,0.0,0.0,1.0,1.0,1.0,-11.0,28:30,7.4,0
16,202692,Alec Burks,16.0,5.0,12.0,7.0,4.0,0.0,5.0,0.0,2.0,0.0,2.0,3.0,-17.0,33:25,7.5,0
17,203504,Trey Burke,17.0,7.0,15.0,1.0,1.0,1.0,1.0,2.0,6.0,0.0,4.0,2.0,-9.0,32:20,12.9,0
18,201575,Brandon Rush,2.0,1.0,4.0,0.0,0.0,0.0,2.0,0.0,3.0,1.0,1.0,1.0,-1.0,17:56,1.6,0
19,202683,Enes Kanter,15.0,5.0,9.0,8.0,5.0,3.0,7.0,1.0,0.0,1.0,1.0,0.0,3.0,25:02,15.0,0
20,101249,John Lucas III,8.0,4.0,4.0,1.0,0.0,0.0,1.0,0.0,1.0,0.0,1.0,1.0,7.0,9:50,6.0,0
21,202379,Jeremy Evans,6.0,3.0,3.0,1.0,0.0,2.0,1.0,0.0,1.0,0.0,2.0,0.0,-6.0,15:17,6.3,0
22,203197,Diante Garrett,5.0,2.0,6.0,0.0,0.0,0.0,0.0,0.0,5.0,0.0,1.0,1.0,-3.0,20:25,3.7,0
23,2740,Andris Biedrins,,,,,,,,,,,,,,,0.0,0
24,202330,Gordon Hayward,,,,,,,,,,,,,,,0.0,0
