,id,name,PTS,FG,FGA,FTA,FT,OREB,DREB,STL,AST,BLK,PF,TO,PLUS_MINUS,MIN,GS,WIN
0,1890,Shawn Marion,9.0,4.0,8.0,0.0,0.0,3.0,2.0,1.0,1.0,0.0,1.0,0.0,-21.0,32:20,9.0,0
1,1717,Dirk Nowitzki,30.0,12.0,22.0,3.0,3.0,0.0,5.0,0.0,2.0,4.0,1.0,2.0,8.0,45:55,22.7,0
2,2223,Samuel Dalembert,2.0,1.0,2.0,0.0,0.0,1.0,2.0,0.0,0.0,0.0,5.0,2.0,-5.0,11:28,-1.7,0
3,101145,Monta Ellis,18.0,8.0,21.0,0.0,0.0,1.0,5.0,2.0,4.0,0.0,0.0,2.0,-13.0,41:40,11.5,0
4,101181,Jose Calderon,9.0,4.0,8.0,0.0,0.0,1.0,1.0,0.0,5.0,0.0,3.0,1.0,-9.0,27:26,7.3,0
5,201971,DeJuan Blair,8.0,2.0,5.0,4.0,4.0,5.0,2.0,2.0,0.0,0.0,2.0,0.0,-9.0,16:51,10.6,0
6,1713,Vince Carter,9.0,4.0,11.0,2.0,0.0,0.0,2.0,2.0,0.0,0.0,4.0,2.0,7.0,26:24,1.1,0
7,2734,Devin Harris,10.0,4.0,8.0,2.0,2.0,0.0,3.0,2.0,10.0,0.0,2.0,4.0,8.0,25:34,11.1,0
8,201148,Brandan Wright,10.0,5.0,5.0,0.0,0.0,2.0,1.0,0.0,0.0,0.0,4.0,0.0,13.0,24:41,8.6,0
9,203109,Jae Crowder,0.0,0.0,2.0,0.0,0.0,2.0,1.0,2.0,0.0,0.0,1.0,0.0,16.0,12:41,1.9,0
10,201961,Wayne Ellington,,,,,,,,,,,,,,,0.0,0
11,203108,Bernard James,,,,,,,,,,,,,,,0.0,0
12,203499,Shane Larkin,,,,,,,,,,,,,,,0.0,0
13,2419,Tayshaun Prince,4.0,2.0,7.0,0.0,0.0,2.0,3.0,0.0,2.0,0.0,0.0,0.0,6.0,25:22,3.6,1
14,2216,Zach Randolph,27.0,11.0,22.0,6.0,5.0,9.0,5.0,1.0,1.0,0.0,5.0,3.0,10.0,46:03,20.1,1
15,201188,Marc Gasol,19.0,9.0,13.0,4.0,1.0,1.0,8.0,2.0,9.0,1.0,2.0,0.0,12.0,46:02,23.6,1
16,201584,Courtney Lee,11.0,3.0,10.0,3.0,3.0,0.0,1.0,0.0,3.0,0.0,1.0,2.0,6.0,35:15,5.2,1
17,201144,Mike Conley,22.0,8.0,16.0,7.0,5.0,0.0,4.0,2.0,5.0,0.0,4.0,3.0,8.0,41:39,15.3,1
18,201979,Nick Calathes,3.0,1.0,2.0,0.0,0.0,1.0,0.0,1.0,1.0,0.0,0.0,1.0,-7.0,11:15,3.4,1
19,2754,Tony Allen,13.0,6.0,11.0,5.0,1.0,4.0,3.0,1.0,2.0,0.0,2.0,3.0,-6.0,22:48,8.4,1
20,202334,Ed Davis,4.0,2.0,2.0,0.0,0.0,2.0,2.0,0.0,0.0,0.0,1.0,2.0,-13.0,12:10,3.0,1
21,2034,Mike Miller,3.0,1.0,5.0,0.0,0.0,1.0,2.0,0.0,2.0,0.0,1.0,3.0,-11.0,24:26,-0.8,1
22,201949,James Johnson,,,,,,,,,,,,,,,0.0,1
23,201585,Kosta Koufos,,,,,,,,,,,,,,,0.0,1
24,202720,Jon Leuer,,,,,,,,,,,,,,,0.0,1
25,2757,Beno Udrih,,,,,,,,,,,,,,,0.0,1
