,id,name,PTS,FG,FGA,FTA,FT,OREB,DREB,STL,AST,BLK,PF,TO,PLUS_MINUS,MIN,GS,WIN
0,201145,Jeff Green,19.0,8.0,15.0,0.0,0.0,0.0,1.0,1.0,2.0,1.0,1.0,2.0,-18.0,33:46,12.7,0
1,101138,Brandon Bass,4.0,1.0,5.0,2.0,2.0,1.0,4.0,0.0,0.0,0.0,2.0,1.0,-23.0,22:59,1.0,0
2,203096,Jared Sullinger,9.0,3.0,11.0,6.0,3.0,5.0,3.0,0.0,3.0,0.0,6.0,2.0,-9.0,19:02,3.4,0
3,202340,Avery Bradley,19.0,7.0,16.0,4.0,3.0,1.0,4.0,0.0,1.0,0.0,4.0,2.0,-22.0,32:06,9.2,0
4,202348,Jordan Crawford,17.0,6.0,14.0,4.0,2.0,0.0,2.0,1.0,7.0,0.0,2.0,2.0,-20.0,32:18,12.5,0
5,2743,Kris Humphries,14.0,5.0,8.0,4.0,4.0,1.0,2.0,0.0,2.0,3.0,1.0,1.0,-12.0,23:01,13.8,0
6,2222,Gerald Wallace,1.0,0.0,2.0,4.0,1.0,1.0,2.0,2.0,3.0,0.0,2.0,1.0,0.0,22:53,2.0,0
7,203482,Kelly Olynyk,7.0,3.0,6.0,0.0,0.0,3.0,5.0,0.0,1.0,2.0,5.0,1.0,5.0,24:22,6.7,0
8,2586,Keith Bogans,3.0,1.0,1.0,0.0,0.0,0.0,1.0,0.0,2.0,0.0,1.0,0.0,-5.0,14:14,4.0,0
9,203515,Phil Pressey,3.0,1.0,2.0,0.0,0.0,0.0,0.0,0.0,2.0,0.0,2.0,2.0,-4.0,8:43,0.6,0
10,203543,Vitor Faverani,0.0,0.0,0.0,0.0,0.0,0.0,1.0,1.0,0.0,0.0,0.0,1.0,-7.0,6:36,0.3,0
11,201584,Courtney Lee,,,,,,,,,,,,,,,0.0,0
12,201142,Kevin Durant,21.0,6.0,13.0,10.0,9.0,0.0,7.0,3.0,8.0,0.0,2.0,0.0,14.0,27:10,23.8,1
13,201586,Serge Ibaka,17.0,8.0,13.0,2.0,1.0,5.0,6.0,0.0,3.0,2.0,2.0,1.0,26.0,34:11,17.7,1
14,2570,Kendrick Perkins,12.0,5.0,9.0,2.0,2.0,3.0,3.0,1.0,2.0,1.0,2.0,1.0,18.0,26:18,12.0,1
15,200757,Thabo Sefolosha,3.0,1.0,8.0,0.0,0.0,1.0,2.0,1.0,0.0,1.0,0.0,1.0,23.0,23:42,-0.2,1
16,202704,Reggie Jackson,27.0,9.0,12.0,9.0,6.0,0.0,2.0,1.0,2.0,0.0,0.0,2.0,18.0,30:45,22.0,1
17,2555,Nick Collison,8.0,3.0,4.0,4.0,2.0,2.0,1.0,0.0,1.0,0.0,1.0,0.0,-4.0,19:23,7.6,1
18,203087,Jeremy Lamb,13.0,5.0,10.0,0.0,0.0,0.0,3.0,0.0,6.0,0.0,2.0,0.0,-1.0,23:00,12.3,1
19,203103,Perry Jones III,6.0,2.0,5.0,2.0,2.0,0.0,2.0,2.0,2.0,1.0,3.0,0.0,9.0,20:50,6.8,1
20,965,Derek Fisher,8.0,2.0,4.0,2.0,2.0,0.0,2.0,1.0,3.0,0.0,1.0,3.0,6.0,18:33,6.3,1
21,203500,Steven Adams,0.0,0.0,2.0,0.0,0.0,1.0,0.0,0.0,0.0,0.0,1.0,0.0,-5.0,4:37,-1.1,1
22,203460,Andre Roberson,2.0,1.0,2.0,0.0,0.0,0.0,1.0,1.0,1.0,0.0,0.0,0.0,7.0,6:36,3.0,1
23,201934,Hasheem Thabeet,2.0,1.0,1.0,0.0,0.0,0.0,2.0,0.0,0.0,0.0,2.0,1.0,4.0,4:55,0.5,1
24,101155,Ryan Gomes,,,,,,,,,,,,,,,0.0,1
