,id,name,PTS,FG,FGA,FTA,FT,OREB,DREB,STL,AST,BLK,PF,TO,PLUS_MINUS,MIN,GS,WIN
0,201163,Wilson Chandler,17.0,6.0,13.0,3.0,3.0,2.0,5.0,2.0,0.0,0.0,1.0,3.0,-12.0,32:19,11.8,0
1,202702,Kenneth Faried,12.0,5.0,9.0,2.0,2.0,3.0,1.0,1.0,0.0,0.0,2.0,5.0,-28.0,29:17,5.3,0
2,201581,JJ Hickson,3.0,1.0,4.0,4.0,1.0,4.0,2.0,1.0,1.0,0.0,1.0,2.0,-5.0,27:29,2.1,0
3,200751,Randy Foye,13.0,5.0,13.0,0.0,0.0,0.0,6.0,1.0,1.0,0.0,2.0,3.0,-13.0,30:48,5.6,0
4,201951,Ty Lawson,24.0,9.0,17.0,6.0,6.0,0.0,1.0,1.0,7.0,0.0,1.0,3.0,-16.0,39:22,18.5,0
5,202389,Timofey Mozgov,4.0,2.0,3.0,0.0,0.0,1.0,2.0,0.0,0.0,0.0,3.0,1.0,-13.0,16:24,1.8,0
6,201589,Darrell Arthur,2.0,0.0,2.0,2.0,2.0,0.0,1.0,1.0,0.0,0.0,5.0,1.0,-3.0,9:02,-1.1,0
7,203095,Evan Fournier,5.0,2.0,6.0,2.0,0.0,0.0,2.0,1.0,2.0,0.0,1.0,3.0,-12.0,20:19,0.4,0
8,203113,Quincy Miller,8.0,1.0,4.0,6.0,5.0,0.0,2.0,1.0,0.0,0.0,4.0,1.0,-15.0,15:41,4.2,0
9,201576,Anthony Randolph,2.0,1.0,2.0,1.0,0.0,0.0,1.0,1.0,1.0,0.0,1.0,0.0,-8.0,8:39,2.2,0
10,202706,Jordan Hamilton,0.0,0.0,3.0,0.0,0.0,0.0,1.0,0.0,0.0,0.0,0.0,1.0,-10.0,10:40,-2.8,0
11,1889,Andre Miller,,,,,,,,,,,,,,,0.0,0
12,101126,Nate Robinson,,,,,,,,,,,,,,,0.0,0
13,2546,Carmelo Anthony,31.0,12.0,21.0,3.0,3.0,0.0,3.0,1.0,2.0,1.0,1.0,3.0,18.0,32:39,21.7,1
14,202697,Iman Shumpert,5.0,2.0,5.0,0.0,0.0,1.0,1.0,0.0,0.0,0.0,3.0,4.0,18.0,16:30,-1.9,1
15,2199,Tyson Chandler,12.0,6.0,7.0,1.0,0.0,2.0,6.0,3.0,0.0,0.0,1.0,4.0,15.0,23:26,10.9,1
16,101109,Raymond Felton,9.0,4.0,5.0,0.0,0.0,0.0,2.0,2.0,8.0,0.0,0.0,1.0,16.0,27:49,14.3,1
17,203143,Pablo Prigioni,0.0,0.0,0.0,0.0,0.0,1.0,1.0,4.0,6.0,0.0,1.0,1.0,18.0,22:11,7.8,1
18,2747,JR Smith,13.0,5.0,12.0,2.0,1.0,0.0,0.0,2.0,2.0,0.0,3.0,2.0,3.0,23:31,6.4,1
19,2405,Amar'e Stoudemire,17.0,7.0,12.0,3.0,3.0,1.0,7.0,0.0,0.0,0.0,2.0,1.0,2.0,19:52,12.4,1
20,203501,Tim Hardaway Jr.,10.0,4.0,9.0,0.0,0.0,0.0,1.0,0.0,2.0,0.0,2.0,1.0,13.0,29:51,5.2,1
21,203315,Toure' Murry,3.0,1.0,2.0,2.0,1.0,1.0,1.0,1.0,0.0,0.0,3.0,2.0,2.0,10:26,0.4,1
22,202719,Jeremy Tyler,12.0,5.0,9.0,3.0,2.0,3.0,8.0,1.0,2.0,0.0,5.0,1.0,18.0,21:55,11.2,1
23,202332,Cole Aldrich,2.0,1.0,1.0,0.0,0.0,0.0,2.0,1.0,0.0,0.0,2.0,0.0,6.0,5:55,2.5,1
24,1897,Metta World Peace,3.0,1.0,2.0,0.0,0.0,0.0,2.0,1.0,1.0,0.0,0.0,3.0,6.0,5:55,1.3,1
25,2757,Beno Udrih,,,,,,,,,,,,,,,0.0,1
