,id,name,PTS,FG,FGA,FTA,FT,OREB,DREB,STL,AST,BLK,PF,TO,PLUS_MINUS,MIN,GS,WIN
0,201163,Wilson Chandler,6.0,3.0,6.0,0.0,0.0,0.0,4.0,1.0,5.0,0.0,2.0,1.0,-16.0,31:09,6.9,0
1,202702,Kenneth Faried,6.0,2.0,10.0,2.0,2.0,2.0,3.0,3.0,3.0,1.0,2.0,1.0,-5.0,21:16,6.1,0
2,202389,Timofey Mozgov,7.0,2.0,3.0,3.0,3.0,2.0,2.0,0.0,1.0,1.0,4.0,0.0,9.0,13:35,7.5,0
3,200751,Randy Foye,15.0,5.0,10.0,0.0,0.0,1.0,2.0,1.0,1.0,0.0,1.0,1.0,-6.0,27:34,11.6,0
4,201951,Ty Lawson,17.0,6.0,12.0,3.0,2.0,0.0,1.0,0.0,9.0,0.0,1.0,7.0,-12.0,38:18,9.8,0
5,201581,JJ Hickson,18.0,8.0,12.0,9.0,2.0,3.0,5.0,2.0,0.0,0.0,2.0,2.0,-18.0,23:41,12.8,0
6,201576,Anthony Randolph,10.0,4.0,7.0,0.0,0.0,0.0,6.0,0.0,0.0,0.0,3.0,0.0,-4.0,16:03,7.3,0
7,201589,Darrell Arthur,11.0,4.0,6.0,2.0,2.0,1.0,1.0,0.0,2.0,1.0,1.0,2.0,-11.0,27:47,9.1,0
8,203095,Evan Fournier,7.0,2.0,6.0,2.0,2.0,0.0,1.0,1.0,1.0,1.0,2.0,0.0,-1.0,18:17,5.5,0
9,201166,Aaron Brooks,6.0,3.0,7.0,0.0,0.0,1.0,0.0,0.0,2.0,0.0,1.0,1.0,-18.0,21:09,3.0,0
10,203113,Quincy Miller,3.0,1.0,2.0,0.0,0.0,0.0,0.0,0.0,0.0,0.0,0.0,1.0,2.0,1:11,1.0,0
11,101126,Nate Robinson,,,,,,,,,,,,,,,0.0,0
12,202686,Jan Vesely,,,,,,,,,,,,,,,0.0,0
13,1890,Shawn Marion,14.0,7.0,11.0,0.0,0.0,2.0,5.0,2.0,3.0,0.0,0.0,0.0,11.0,32:21,16.1,1
14,1717,Dirk Nowitzki,21.0,9.0,15.0,3.0,2.0,0.0,6.0,2.0,1.0,1.0,4.0,1.0,7.0,28:56,16.3,1
15,2223,Samuel Dalembert,4.0,1.0,6.0,2.0,2.0,7.0,3.0,1.0,0.0,1.0,0.0,3.0,-4.0,16:03,4.7,1
16,101145,Monta Ellis,26.0,11.0,14.0,2.0,2.0,0.0,4.0,1.0,7.0,0.0,4.0,5.0,12.0,33:33,21.1,1
17,101181,Jose Calderon,10.0,4.0,9.0,0.0,0.0,0.0,4.0,0.0,6.0,1.0,1.0,1.0,7.0,26:50,10.0,1
18,201971,DeJuan Blair,2.0,0.0,3.0,4.0,2.0,3.0,1.0,0.0,0.0,0.0,2.0,0.0,0.0,11:08,0.7,1
19,1713,Vince Carter,13.0,5.0,12.0,0.0,0.0,0.0,3.0,2.0,4.0,1.0,2.0,0.0,9.0,24:31,12.2,1
20,2734,Devin Harris,7.0,1.0,5.0,5.0,5.0,0.0,2.0,1.0,3.0,0.0,0.0,3.0,13.0,24:17,4.6,1
21,203109,Jae Crowder,12.0,4.0,4.0,0.0,0.0,1.0,3.0,1.0,1.0,0.0,2.0,2.0,11.0,17:59,11.3,1
22,201148,Brandan Wright,13.0,6.0,9.0,1.0,1.0,1.0,2.0,0.0,3.0,1.0,3.0,0.0,20.0,20:49,12.0,1
23,201961,Wayne Ellington,0.0,0.0,1.0,0.0,0.0,0.0,0.0,0.0,0.0,0.0,0.0,0.0,-2.0,1:11,-0.7,1
24,203499,Shane Larkin,0.0,0.0,0.0,0.0,0.0,0.0,0.0,1.0,0.0,0.0,0.0,0.0,-2.0,1:11,1.0,1
25,203108,Bernard James,0.0,0.0,0.0,0.0,0.0,1.0,0.0,0.0,0.0,0.0,0.0,1.0,-2.0,1:11,-0.3,1
