,id,name,PTS,FG,FGA,FTA,FT,OREB,DREB,STL,AST,BLK,PF,TO,PLUS_MINUS,MIN,GS,WIN
0,203507,Giannis Antetokounmpo,0.0,0.0,2.0,0.0,0.0,0.0,3.0,0.0,0.0,0.0,3.0,4.0,-18.0,13:34,-5.7,0
1,101141,Ersan Ilyasova,12.0,6.0,9.0,1.0,0.0,1.0,3.0,1.0,0.0,0.0,1.0,2.0,-19.0,20:55,7.9,0
2,202336,Larry Sanders,7.0,3.0,5.0,2.0,1.0,0.0,2.0,0.0,0.0,1.0,4.0,3.0,-26.0,26:28,1.0,0
3,2557,Luke Ridnour,2.0,1.0,4.0,0.0,0.0,1.0,1.0,0.0,1.0,0.0,1.0,3.0,-20.0,20:55,-2.1,0
4,202688,Brandon Knight,25.0,8.0,12.0,9.0,8.0,1.0,3.0,1.0,8.0,1.0,2.0,4.0,-6.0,35:33,23.5,0
5,203114,Khris Middleton,7.0,3.0,6.0,2.0,1.0,0.0,8.0,0.0,0.0,0.0,2.0,2.0,1.0,22:25,3.2,0
6,2406,Caron Butler,16.0,6.0,11.0,0.0,0.0,1.0,6.0,0.0,3.0,1.0,2.0,4.0,3.0,27:05,11.2,0
7,201564,O.J. Mayo,20.0,7.0,11.0,2.0,2.0,1.0,2.0,1.0,5.0,0.0,3.0,1.0,11.0,30:35,18.7,0
8,202327,Ekpe Udoh,2.0,0.0,0.0,2.0,2.0,0.0,0.0,0.0,0.0,1.0,1.0,0.0,6.0,18:21,2.3,0
9,202390,Gary Neal,9.0,3.0,8.0,2.0,2.0,0.0,1.0,0.0,1.0,0.0,1.0,2.0,-20.0,17:47,3.2,0
10,203489,Nate Wolters,0.0,0.0,0.0,0.0,0.0,0.0,1.0,0.0,0.0,0.0,0.0,0.0,4.0,3:11,0.3,0
11,203545,Miroslav Raduljica,0.0,0.0,0.0,0.0,0.0,0.0,1.0,0.0,0.0,0.0,0.0,0.0,4.0,3:11,0.3,0
12,203089,John Henson,,,,,,,,,,,,,,,0.0,0
13,200782,P.J. Tucker,8.0,3.0,8.0,2.0,2.0,1.0,0.0,4.0,1.0,0.0,1.0,3.0,-1.0,27:43,5.6,1
14,101112,Channing Frye,22.0,7.0,12.0,2.0,2.0,0.0,7.0,1.0,1.0,2.0,3.0,2.0,44.0,32:46,18.4,1
15,203101,Miles Plumlee,9.0,2.0,4.0,7.0,5.0,2.0,7.0,0.0,0.0,0.0,3.0,1.0,10.0,20:49,7.5,1
16,101123,Gerald Green,24.0,9.0,14.0,2.0,2.0,0.0,2.0,5.0,1.0,0.0,2.0,1.0,36.0,33:03,22.3,1
17,201609,Goran Dragic,15.0,5.0,13.0,4.0,4.0,1.0,0.0,1.0,6.0,0.0,2.0,1.0,-4.0,28:40,12.0,1
18,203462,Archie Goodwin,7.0,2.0,4.0,4.0,3.0,1.0,2.0,0.0,0.0,0.0,2.0,0.0,-20.0,14:57,5.1,1
19,202693,Markieff Morris,14.0,5.0,6.0,4.0,4.0,2.0,3.0,1.0,2.0,0.0,4.0,1.0,3.0,26:17,13.9,1
20,202694,Marcus Morris Sr.,7.0,3.0,12.0,0.0,0.0,2.0,3.0,0.0,1.0,0.0,4.0,1.0,0.0,30:03,0.2,1
21,202397,Ish Smith,8.0,4.0,10.0,0.0,0.0,0.0,2.0,1.0,8.0,0.0,0.0,1.0,20.0,19:20,8.8,1
22,202091,Dionte Christmas,2.0,1.0,2.0,0.0,0.0,0.0,0.0,0.0,0.0,0.0,0.0,0.0,-4.0,3:11,1.0,1
23,203139,Viacheslav Kravtsov,0.0,0.0,0.0,0.0,0.0,0.0,1.0,0.0,0.0,0.0,0.0,0.0,-4.0,3:11,0.3,1
24,202339,Eric Bledsoe,,,,,,,,,,,,,,,0.0,1
25,203458,Alex Len,,,,,,,,,,,,,,,0.0,1
