,id,name,PTS,FG,FGA,FTA,FT,OREB,DREB,STL,AST,BLK,PF,TO,PLUS_MINUS,MIN,GS,WIN
0,201142,Kevin Durant,36.0,12.0,22.0,11.0,10.0,1.0,6.0,1.0,5.0,1.0,4.0,11.0,7.0,39:16,20.1,1
1,201586,Serge Ibaka,14.0,7.0,14.0,0.0,0.0,2.0,7.0,2.0,0.0,5.0,2.0,1.0,7.0,37:19,14.2,1
2,2570,Kendrick Perkins,2.0,1.0,3.0,0.0,0.0,0.0,3.0,0.0,1.0,0.0,5.0,0.0,2.0,21:23,-0.1,1
3,200757,Thabo Sefolosha,2.0,1.0,4.0,3.0,0.0,1.0,2.0,1.0,0.0,1.0,0.0,0.0,7.0,23:33,1.4,1
4,202704,Reggie Jackson,27.0,12.0,17.0,0.0,0.0,0.0,2.0,2.0,8.0,0.0,4.0,0.0,6.0,38:20,26.5,1
5,203087,Jeremy Lamb,9.0,4.0,11.0,0.0,0.0,1.0,1.0,0.0,5.0,0.0,1.0,0.0,1.0,23:35,7.0,1
6,203500,Steven Adams,1.0,0.0,2.0,2.0,1.0,4.0,3.0,1.0,0.0,0.0,3.0,2.0,0.0,14:10,0.7,1
7,965,Derek Fisher,9.0,3.0,4.0,0.0,0.0,0.0,0.0,0.0,1.0,0.0,2.0,1.0,3.0,17:46,6.3,1
8,2555,Nick Collison,6.0,3.0,3.0,0.0,0.0,2.0,2.0,1.0,1.0,0.0,3.0,0.0,-2.0,15:54,7.6,1
9,203103,Perry Jones III,5.0,2.0,3.0,0.0,0.0,0.0,1.0,0.0,0.0,0.0,1.0,0.0,-1.0,8:44,3.6,1
10,2767,Royal Ivey,,,,,,,,,,,,,,,0.0,1
11,203460,Andre Roberson,,,,,,,,,,,,,,,0.0,1
12,201934,Hasheem Thabeet,,,,,,,,,,,,,,,0.0,1
13,202695,Kawhi Leonard,3.0,1.0,2.0,0.0,0.0,1.0,0.0,1.0,1.0,0.0,1.0,2.0,-2.0,15:05,2.0,0
14,1495,Tim Duncan,14.0,6.0,10.0,6.0,2.0,3.0,10.0,2.0,3.0,1.0,0.0,2.0,-10.0,33:18,15.7,0
15,201965,Jeff Ayres,3.0,1.0,3.0,2.0,1.0,1.0,1.0,0.0,4.0,0.0,2.0,1.0,-6.0,22:10,2.9,0
16,201158,Marco Belinelli,13.0,6.0,10.0,0.0,0.0,0.0,2.0,4.0,3.0,0.0,5.0,4.0,-6.0,37:19,9.1,0
17,2225,Tony Parker,37.0,14.0,22.0,8.0,8.0,1.0,1.0,1.0,4.0,1.0,1.0,3.0,-2.0,38:39,29.3,0
18,1938,Manu Ginobili,10.0,3.0,9.0,4.0,2.0,0.0,4.0,1.0,3.0,0.0,1.0,3.0,0.0,26:53,5.0,0
19,2564,Boris Diaw,14.0,5.0,8.0,2.0,2.0,0.0,3.0,1.0,3.0,0.0,4.0,1.0,13.0,31:58,11.8,0
20,201988,Patty Mills,9.0,3.0,6.0,0.0,0.0,0.0,1.0,0.0,2.0,0.0,1.0,1.0,-2.0,15:25,6.3,0
21,202709,Cory Joseph,2.0,1.0,3.0,0.0,0.0,1.0,0.0,0.0,2.0,1.0,2.0,0.0,-9.0,12:26,2.3,0
22,2588,Matt Bonner,0.0,0.0,2.0,0.0,0.0,1.0,0.0,0.0,0.0,0.0,0.0,0.0,-6.0,6:47,-0.7,0
23,203382,Aron Baynes,,,,,,,,,,,,,,,0.0,0
24,201986,Nando De Colo,,,,,,,,,,,,,,,0.0,0
25,202952,Malcolm Thomas,,,,,,,,,,,,,,,0.0,0
