,id,name,PTS,FG,FGA,FTA,FT,OREB,DREB,STL,AST,BLK,PF,TO,PLUS_MINUS,MIN,GS,WIN
0,202323,Evan Turner,26.0,10.0,22.0,6.0,4.0,2.0,7.0,0.0,7.0,0.0,3.0,4.0,9.0,36:18,17.0,0
1,201152,Thaddeus Young,12.0,6.0,18.0,0.0,0.0,5.0,6.0,3.0,3.0,0.0,5.0,2.0,7.0,30:42,8.2,0
2,201150,Spencer Hawes,10.0,4.0,11.0,2.0,1.0,1.0,10.0,1.0,4.0,3.0,2.0,0.0,9.0,36:17,12.3,0
3,202341,James Anderson,14.0,5.0,13.0,2.0,1.0,3.0,4.0,3.0,3.0,1.0,1.0,0.0,2.0,41:31,15.2,0
4,203100,Tony Wroten,19.0,8.0,17.0,9.0,3.0,1.0,2.0,5.0,3.0,0.0,3.0,4.0,-1.0,36:35,11.1,0
5,203138,Hollis Thompson,0.0,0.0,3.0,0.0,0.0,1.0,1.0,0.0,2.0,0.0,3.0,0.0,-17.0,18:21,-0.9,0
6,202730,Lavoy Allen,6.0,2.0,5.0,2.0,2.0,4.0,0.0,0.0,1.0,0.0,1.0,2.0,-11.0,11:32,4.4,0
7,202721,Darius Morris,3.0,1.0,5.0,1.0,1.0,0.0,2.0,0.0,1.0,0.0,2.0,0.0,-2.0,11:25,0.4,0
8,203561,Brandon Davies,4.0,2.0,5.0,0.0,0.0,1.0,3.0,0.0,0.0,0.0,2.0,0.0,-11.0,17:20,2.1,0
9,2198,Kwame Brown,,,,,,,,,,,,,,,0.0,0
10,203487,Michael Carter-Williams,,,,,,,,,,,,,,,0.0,0
11,202350,Daniel Orton,,,,,,,,,,,,,,,0.0,0
12,1890,Shawn Marion,20.0,7.0,13.0,4.0,4.0,2.0,5.0,2.0,1.0,2.0,3.0,2.0,-1.0,34:30,17.5,1
13,1717,Dirk Nowitzki,20.0,8.0,15.0,3.0,3.0,0.0,10.0,1.0,3.0,1.0,2.0,3.0,3.0,32:50,15.7,1
14,203109,Jae Crowder,2.0,1.0,8.0,0.0,0.0,0.0,6.0,0.0,2.0,1.0,1.0,3.0,-2.0,19:58,-2.7,1
15,101145,Monta Ellis,24.0,7.0,14.0,13.0,9.0,1.0,3.0,0.0,10.0,2.0,1.0,4.0,2.0,39:26,21.0,1
16,101181,Jose Calderon,14.0,5.0,13.0,0.0,0.0,1.0,2.0,1.0,4.0,0.0,3.0,2.0,-2.0,32:29,8.8,1
17,201971,DeJuan Blair,0.0,0.0,1.0,0.0,0.0,1.0,1.0,0.0,1.0,0.0,4.0,1.0,-3.0,7:21,-1.6,1
18,1713,Vince Carter,6.0,2.0,5.0,2.0,1.0,0.0,4.0,1.0,2.0,2.0,2.0,2.0,12.0,24:32,5.1,1
19,203539,Gal Mekel,0.0,0.0,0.0,0.0,0.0,0.0,2.0,0.0,0.0,0.0,0.0,1.0,-1.0,6:16,-0.4,1
20,2223,Samuel Dalembert,8.0,3.0,6.0,2.0,2.0,5.0,9.0,0.0,0.0,3.0,1.0,1.0,1.0,27:32,11.9,1
21,203499,Shane Larkin,3.0,1.0,3.0,2.0,1.0,0.0,0.0,3.0,3.0,0.0,2.0,0.0,-3.0,8:35,5.2,1
22,203108,Bernard James,0.0,0.0,0.0,0.0,0.0,0.0,1.0,0.0,0.0,0.0,1.0,1.0,9.0,6:31,-1.1,1
23,201961,Wayne Ellington,,,,,,,,,,,,,,,0.0,1
24,203495,Ricky Ledo,,,,,,,,,,,,,,,0.0,1
