,id,name,PTS,FG,FGA,FTA,FT,OREB,DREB,STL,AST,BLK,PF,TO,PLUS_MINUS,MIN,GS,WIN
0,201980,Danny Green,7.0,1.0,7.0,4.0,4.0,1.0,6.0,1.0,2.0,1.0,1.0,0.0,9.0,29:52,7.7,1
1,1495,Tim Duncan,21.0,10.0,20.0,3.0,1.0,2.0,5.0,1.0,2.0,6.0,2.0,4.0,-10.0,28:51,14.9,1
2,2564,Boris Diaw,5.0,2.0,8.0,0.0,0.0,1.0,1.0,2.0,2.0,0.0,3.0,1.0,2.0,31:45,2.4,1
3,202709,Cory Joseph,5.0,2.0,3.0,0.0,0.0,0.0,2.0,0.0,1.0,1.0,3.0,0.0,-9.0,23:43,4.5,1
4,2225,Tony Parker,32.0,12.0,24.0,9.0,8.0,0.0,2.0,0.0,9.0,2.0,2.0,2.0,11.0,35:33,25.1,1
5,201158,Marco Belinelli,13.0,4.0,7.0,5.0,5.0,0.0,3.0,0.0,0.0,0.0,0.0,0.0,-4.0,19:51,10.6,1
6,201168,Tiago Splitter,6.0,2.0,3.0,2.0,2.0,1.0,6.0,1.0,1.0,0.0,1.0,0.0,10.0,21:00,8.5,1
7,201986,Nando De Colo,5.0,2.0,2.0,2.0,1.0,0.0,0.0,0.0,1.0,0.0,1.0,0.0,1.0,11:03,4.3,1
8,201988,Patty Mills,5.0,2.0,6.0,0.0,0.0,0.0,3.0,1.0,2.0,0.0,2.0,0.0,10.0,20:30,4.1,1
9,2588,Matt Bonner,3.0,1.0,1.0,0.0,0.0,0.0,0.0,3.0,0.0,2.0,1.0,0.0,13.0,13:57,6.7,1
10,200769,Shannon Brown,0.0,0.0,0.0,0.0,0.0,0.0,1.0,0.0,0.0,0.0,0.0,0.0,2.0,3:55,0.3,1
11,201965,Jeff Ayres,,,,,,,,,,,,,,,0.0,1
12,203382,Aron Baynes,,,,,,,,,,,,,,,0.0,1
13,202329,Al-Farouq Aminu,6.0,3.0,7.0,0.0,0.0,1.0,5.0,0.0,0.0,0.0,1.0,1.0,2.0,34:24,3.1,0
14,203076,Anthony Davis,17.0,6.0,21.0,8.0,5.0,1.0,15.0,0.0,1.0,4.0,3.0,5.0,-12.0,43:51,6.0,0
15,201582,Alexis Ajinca,8.0,4.0,6.0,0.0,0.0,3.0,7.0,1.0,1.0,2.0,2.0,2.0,-6.0,27:09,9.9,0
16,201569,Eric Gordon,19.0,6.0,13.0,4.0,4.0,0.0,3.0,1.0,4.0,1.0,2.0,2.0,-22.0,32:26,14.9,0
17,203148,Brian Roberts,9.0,4.0,11.0,0.0,0.0,1.0,0.0,0.0,2.0,0.0,5.0,3.0,-13.0,29:45,0.0,0
18,201880,Greg Stiemsma,2.0,1.0,1.0,0.0,0.0,1.0,4.0,0.0,2.0,0.0,3.0,0.0,-1.0,20:50,3.8,0
19,201936,Tyreke Evans,4.0,2.0,3.0,0.0,0.0,0.0,1.0,0.0,0.0,0.0,1.0,0.0,2.0,5:13,2.6,0
20,203085,Austin Rivers,10.0,3.0,8.0,4.0,4.0,0.0,1.0,0.0,5.0,0.0,2.0,1.0,12.0,20:20,7.6,0
21,201627,Anthony Morrow,20.0,7.0,9.0,4.0,4.0,0.0,1.0,1.0,0.0,0.0,3.0,1.0,8.0,22:05,15.6,0
22,203121,Darius Miller,0.0,0.0,0.0,0.0,0.0,0.0,0.0,0.0,1.0,0.0,2.0,0.0,-5.0,3:57,-0.1,0
23,201950,Jrue Holiday,,,,,,,,,,,,,,,0.0,0
24,201160,Jason Smith,,,,,,,,,,,,,,,0.0,0
25,203481,Jeff Withey,,,,,,,,,,,,,,,0.0,0
