,id,name,PTS,FG,FGA,FTA,FT,OREB,DREB,STL,AST,BLK,PF,TO,PLUS_MINUS,MIN,GS,WIN
0,1890,Shawn Marion,14.0,7.0,11.0,0.0,0.0,5.0,8.0,1.0,2.0,0.0,2.0,0.0,21.0,33:12,16.6,1
1,1717,Dirk Nowitzki,18.0,6.0,15.0,2.0,2.0,0.0,3.0,1.0,5.0,3.0,4.0,3.0,9.0,30:37,12.8,1
2,2223,Samuel Dalembert,2.0,1.0,2.0,0.0,0.0,0.0,5.0,1.0,0.0,1.0,4.0,3.0,7.0,24:23,-0.4,1
3,101145,Monta Ellis,22.0,9.0,19.0,2.0,2.0,0.0,2.0,0.0,5.0,0.0,4.0,4.0,19.0,36:49,10.8,1
4,101181,Jose Calderon,9.0,4.0,11.0,0.0,0.0,2.0,2.0,2.0,7.0,0.0,0.0,1.0,14.0,35:42,10.8,1
5,201971,DeJuan Blair,4.0,2.0,3.0,1.0,0.0,0.0,3.0,0.0,1.0,0.0,1.0,0.0,7.0,11:45,3.5,1
6,1713,Vince Carter,18.0,6.0,9.0,3.0,3.0,0.0,4.0,1.0,3.0,1.0,1.0,2.0,14.0,21:56,16.7,1
7,203109,Jae Crowder,9.0,2.0,2.0,3.0,3.0,0.0,2.0,0.0,1.0,1.0,0.0,1.0,5.0,15:56,9.4,1
8,201148,Brandan Wright,6.0,3.0,3.0,0.0,0.0,0.0,2.0,2.0,0.0,1.0,2.0,0.0,7.0,15:32,7.6,1
9,203499,Shane Larkin,3.0,1.0,3.0,0.0,0.0,0.0,1.0,0.0,1.0,0.0,2.0,2.0,5.0,12:02,-0.5,1
10,203539,Gal Mekel,0.0,0.0,0.0,0.0,0.0,0.0,0.0,0.0,1.0,0.0,0.0,0.0,1.0,1:03,0.7,1
11,203108,Bernard James,0.0,0.0,0.0,0.0,0.0,0.0,0.0,0.0,0.0,0.0,0.0,0.0,1.0,1:03,0.0,1
12,201961,Wayne Ellington,,,,,,,,,,,,,,,0.0,1
13,2399,Mike Dunleavy,6.0,3.0,9.0,0.0,0.0,1.0,2.0,1.0,4.0,0.0,3.0,0.0,-9.0,18:10,4.8,0
14,2430,Carlos Boozer,13.0,6.0,15.0,2.0,1.0,0.0,4.0,1.0,1.0,0.0,3.0,0.0,-18.0,29:19,6.2,0
15,201149,Joakim Noah,20.0,8.0,11.0,5.0,4.0,3.0,7.0,1.0,3.0,1.0,2.0,2.0,-4.0,36:32,20.3,0
16,202710,Jimmy Butler,11.0,2.0,10.0,6.0,6.0,1.0,5.0,1.0,5.0,0.0,1.0,7.0,-16.0,45:43,4.1,0
17,2550,Kirk Hinrich,5.0,2.0,4.0,0.0,0.0,0.0,1.0,2.0,3.0,0.0,1.0,0.0,-13.0,25:35,7.0,0
18,201571,D.J. Augustin,11.0,5.0,8.0,0.0,0.0,0.0,2.0,3.0,3.0,0.0,3.0,3.0,-18.0,31:23,8.9,0
19,201959,Taj Gibson,13.0,5.0,7.0,4.0,3.0,1.0,4.0,0.0,2.0,1.0,3.0,3.0,-14.0,26:04,9.5,0
20,203503,Tony Snell,2.0,0.0,8.0,2.0,2.0,0.0,1.0,0.0,1.0,0.0,1.0,0.0,-9.0,22:06,-3.0,0
21,1737,Nazr Mohammed,0.0,0.0,1.0,0.0,0.0,1.0,1.0,0.0,0.0,1.0,0.0,0.0,-8.0,4:05,1.0,0
22,203513,Erik Murphy,2.0,1.0,1.0,0.0,0.0,0.0,0.0,0.0,0.0,0.0,0.0,0.0,-1.0,1:03,1.7,0
23,2736,Luol Deng,,,,,,,,,,,,,,,0.0,0
