,id,name,PTS,FG,FGA,FTA,FT,OREB,DREB,STL,AST,BLK,PF,TO,PLUS_MINUS,MIN,GS,WIN
0,2746,Josh Smith,13.0,4.0,9.0,8.0,4.0,0.0,8.0,3.0,3.0,0.0,3.0,1.0,14.0,32:43,12.0,1
1,202328,Greg Monroe,18.0,8.0,12.0,4.0,2.0,2.0,9.0,1.0,1.0,0.0,3.0,1.0,8.0,33:57,15.6,1
2,203083,Andre Drummond,9.0,4.0,6.0,4.0,1.0,5.0,5.0,1.0,0.0,0.0,1.0,2.0,-5.0,27:07,8.8,1
3,203484,Kentavious Caldwell-Pope,5.0,2.0,10.0,0.0,0.0,0.0,0.0,1.0,0.0,0.0,3.0,0.0,7.0,23:59,-1.4,1
4,201943,Brandon Jennings,14.0,2.0,10.0,10.0,10.0,0.0,2.0,1.0,10.0,0.0,0.0,3.0,4.0,40:43,13.4,1
5,202713,Kyle Singler,11.0,3.0,7.0,6.0,4.0,3.0,3.0,0.0,0.0,1.0,4.0,1.0,7.0,26:17,7.6,1
6,201155,Rodney Stuckey,27.0,10.0,16.0,8.0,7.0,2.0,2.0,2.0,6.0,0.0,1.0,1.0,15.0,30:44,26.2,1
7,202725,Josh Harrellson,4.0,2.0,4.0,0.0,0.0,0.0,0.0,0.0,0.0,0.0,2.0,0.0,12.0,11:15,1.2,1
8,101111,Charlie Villanueva,8.0,3.0,6.0,0.0,0.0,1.0,2.0,0.0,0.0,2.0,2.0,0.0,0.0,12:16,6.9,1
9,203491,Peyton Siva,0.0,0.0,0.0,0.0,0.0,0.0,0.0,0.0,0.0,0.0,0.0,0.0,-2.0,0:35,0.0,1
10,203502,Tony Mitchell,0.0,0.0,0.0,0.0,0.0,0.0,0.0,0.0,0.0,0.0,0.0,0.0,0.0,0:25,0.0,1
11,203540,Gigi Datome,,,,,,,,,,,,,,,0.0,1
12,201973,Jonas Jerebko,,,,,,,,,,,,,,,0.0,1
13,1718,Paul Pierce,19.0,5.0,13.0,7.0,7.0,0.0,4.0,0.0,3.0,0.0,4.0,4.0,-16.0,27:41,9.6,0
14,708,Kevin Garnett,4.0,2.0,9.0,0.0,0.0,3.0,6.0,1.0,3.0,0.0,3.0,2.0,-7.0,22:33,2.3,0
15,101154,Andray Blatche,10.0,5.0,12.0,0.0,0.0,1.0,3.0,1.0,2.0,0.0,1.0,1.0,0.0,25:43,6.2,0
16,2207,Joe Johnson,34.0,12.0,18.0,3.0,2.0,0.0,2.0,0.0,4.0,1.0,1.0,0.0,-7.0,43:47,29.5,0
17,2733,Shaun Livingston,4.0,2.0,6.0,0.0,0.0,0.0,2.0,1.0,7.0,0.0,5.0,2.0,-1.0,34:40,3.1,0
18,203486,Mason Plumlee,5.0,1.0,1.0,6.0,3.0,1.0,2.0,0.0,1.0,1.0,3.0,2.0,-9.0,13:07,3.0,0
19,101187,Alan Anderson,7.0,3.0,8.0,0.0,0.0,2.0,2.0,1.0,2.0,0.0,3.0,1.0,-4.0,26:30,4.8,0
20,203116,Tyshawn Taylor,4.0,2.0,5.0,0.0,0.0,0.0,0.0,1.0,1.0,0.0,1.0,1.0,-9.0,11:53,1.6,0
21,2501,Reggie Evans,1.0,0.0,0.0,2.0,1.0,1.0,4.0,1.0,0.0,0.0,2.0,2.0,-1.0,15:35,0.7,0
22,203129,Tornike Shengelia,0.0,0.0,0.0,0.0,0.0,0.0,1.0,0.0,0.0,0.0,2.0,0.0,-5.0,4:13,-0.5,0
23,203141,Mirza Teletovic,9.0,3.0,5.0,0.0,0.0,0.0,1.0,0.0,0.0,0.0,3.0,2.0,-1.0,14:18,3.8,0
24,1891,Jason Terry,,,,,,,,,,,,,,,0.0,0
25,101114,Deron Williams,,,,,,,,,,,,,,,0.0,0
