,id,name,PTS,FG,FGA,FTA,FT,OREB,DREB,STL,AST,BLK,PF,TO,PLUS_MINUS,MIN,GS,WIN
0,201587,Nicolas Batum,16.0,6.0,13.0,0.0,0.0,2.0,3.0,2.0,7.0,0.0,2.0,1.0,18.0,35:34,16.7,1
1,200746,LaMarcus Aldridge,31.0,12.0,20.0,8.0,7.0,1.0,14.0,1.0,6.0,2.0,2.0,2.0,27.0,32:32,30.1,1
2,201577,Robin Lopez,10.0,4.0,5.0,2.0,2.0,3.0,7.0,0.0,1.0,2.0,2.0,0.0,21.0,34:03,13.6,1
3,202083,Wesley Matthews,10.0,4.0,12.0,0.0,0.0,0.0,4.0,0.0,6.0,1.0,1.0,1.0,17.0,32:32,7.9,1
4,203081,Damian Lillard,34.0,10.0,22.0,9.0,9.0,0.0,2.0,3.0,8.0,0.0,3.0,2.0,24.0,35:31,28.6,1
5,203080,Thomas Robinson,7.0,3.0,7.0,2.0,1.0,3.0,3.0,3.0,0.0,0.0,2.0,1.0,-13.0,17:57,7.1,1
6,2590,Mo Williams,8.0,3.0,11.0,0.0,0.0,0.0,1.0,1.0,3.0,0.0,4.0,0.0,2.0,24:50,3.3,1
7,203115,Will Barton,8.0,4.0,7.0,0.0,0.0,2.0,3.0,0.0,1.0,0.0,1.0,2.0,-13.0,11:16,5.3,1
8,2748,Dorell Wright,0.0,0.0,0.0,0.0,0.0,0.0,1.0,0.0,0.0,0.0,0.0,0.0,-5.0,9:19,0.3,1
9,2248,Earl Watson,0.0,0.0,0.0,0.0,0.0,0.0,1.0,0.0,0.0,0.0,0.0,1.0,-6.0,2:09,-0.7,1
10,203468,CJ McCollum,0.0,0.0,2.0,0.0,0.0,0.0,0.0,0.0,0.0,0.0,0.0,0.0,-6.0,2:09,-1.4,1
11,203086,Meyers Leonard,0.0,0.0,0.0,0.0,0.0,0.0,0.0,0.0,0.0,0.0,1.0,0.0,-4.0,1:32,-0.4,1
12,201964,Victor Claver,0.0,0.0,0.0,0.0,0.0,0.0,0.0,0.0,0.0,0.0,0.0,0.0,-2.0,0:37,0.0,1
13,203145,Kent Bazemore,17.0,6.0,10.0,4.0,3.0,0.0,4.0,2.0,1.0,0.0,2.0,1.0,-20.0,30:21,14.1,0
14,2200,Pau Gasol,9.0,4.0,9.0,1.0,1.0,1.0,3.0,1.0,7.0,2.0,4.0,3.0,-18.0,28:20,8.6,0
15,2549,Chris Kaman,12.0,6.0,16.0,0.0,0.0,1.0,5.0,1.0,2.0,3.0,2.0,2.0,-19.0,29:04,7.1,0
16,201975,Jodie Meeks,4.0,2.0,7.0,0.0,0.0,0.0,2.0,0.0,2.0,0.0,0.0,1.0,-20.0,26:37,0.9,0
17,203088,Kendall Marshall,8.0,2.0,4.0,2.0,2.0,0.0,6.0,1.0,5.0,0.0,3.0,1.0,-14.0,19:15,10.1,0
18,959,Steve Nash,10.0,2.0,5.0,6.0,6.0,0.0,4.0,0.0,10.0,1.0,1.0,1.0,8.0,21:48,14.8,0
19,202333,Xavier Henry,0.0,0.0,4.0,0.0,0.0,0.0,0.0,0.0,0.0,0.0,1.0,0.0,7.0,13:08,-3.2,0
20,203135,Robert Sacre,3.0,1.0,3.0,2.0,1.0,1.0,5.0,0.0,1.0,2.0,0.0,0.0,5.0,18:28,5.2,0
21,203527,Ryan Kelly,9.0,3.0,8.0,2.0,2.0,4.0,5.0,0.0,2.0,2.0,3.0,1.0,8.0,20:08,9.5,0
22,201156,Nick Young,40.0,15.0,26.0,5.0,4.0,2.0,2.0,2.0,1.0,0.0,0.0,1.0,3.0,32:51,31.1,0
23,202705,MarShon Brooks,,,,,,,,,,,,,,,0.0,0
24,201941,Jordan Hill,,,,,,,,,,,,,,,0.0,0
25,202325,Wesley Johnson,,,,,,,,,,,,,,,0.0,0
