,id,name,PTS,FG,FGA,FTA,FT,OREB,DREB,STL,AST,BLK,PF,TO,PLUS_MINUS,MIN,GS,WIN
0,201167,Arron Afflalo,43.0,14.0,27.0,11.0,10.0,1.0,5.0,2.0,5.0,0.0,5.0,3.0,5.0,52:25,32.0,0
1,101131,Jason Maxiell,12.0,5.0,7.0,2.0,2.0,2.0,1.0,0.0,0.0,0.0,1.0,0.0,-5.0,24:12,10.4,0
2,201175,Glen Davis,33.0,15.0,24.0,5.0,2.0,2.0,1.0,2.0,3.0,0.0,6.0,4.0,8.0,50:15,20.4,0
3,202734,E'Twaun Moore,2.0,1.0,4.0,0.0,0.0,1.0,1.0,1.0,3.0,0.0,1.0,0.0,-7.0,22:06,3.3,0
4,203506,Victor Oladipo,26.0,8.0,18.0,12.0,10.0,0.0,10.0,3.0,10.0,0.0,3.0,3.0,-3.0,51:35,24.6,0
5,203094,Andrew Nicholson,8.0,4.0,7.0,0.0,0.0,1.0,3.0,2.0,0.0,1.0,2.0,3.0,1.0,38:27,5.2,0
6,101179,Ronnie Price,1.0,0.0,6.0,2.0,1.0,1.0,5.0,3.0,7.0,1.0,5.0,4.0,3.0,39:46,1.2,0
7,203090,Maurice Harkless,0.0,0.0,0.0,0.0,0.0,0.0,0.0,0.0,0.0,1.0,3.0,1.0,0.0,8:23,-1.5,0
8,200780,Solomon Jones,0.0,0.0,1.0,0.0,0.0,0.0,0.0,0.0,0.0,0.0,1.0,0.0,-7.0,2:51,-1.1,0
9,203117,Doron Lamb,,,,,,,,,,,,,,,0.0,0
10,2749,Jameer Nelson,,,,,,,,,,,,,,,0.0,0
11,203124,Kyle O'Quinn,,,,,,,,,,,,,,,0.0,0
12,202696,Nikola Vucevic,,,,,,,,,,,,,,,0.0,0
13,202323,Evan Turner,24.0,7.0,16.0,13.0,10.0,2.0,4.0,2.0,5.0,0.0,6.0,8.0,12.0,41:34,12.1,1
14,201152,Thaddeus Young,25.0,10.0,20.0,2.0,2.0,2.0,10.0,2.0,0.0,1.0,1.0,1.0,9.0,48:07,20.7,1
15,201150,Spencer Hawes,17.0,7.0,15.0,0.0,0.0,2.0,5.0,1.0,1.0,1.0,2.0,2.0,1.0,40:32,11.8,1
16,203138,Hollis Thompson,10.0,4.0,5.0,0.0,0.0,1.0,4.0,0.0,1.0,1.0,3.0,0.0,10.0,32:36,10.2,1
17,203487,Michael Carter-Williams,27.0,11.0,19.0,7.0,4.0,7.0,5.0,3.0,10.0,0.0,4.0,7.0,12.0,46:32,24.7,1
18,202341,James Anderson,19.0,6.0,10.0,9.0,5.0,2.0,0.0,0.0,0.0,0.0,2.0,2.0,-9.0,29:16,11.4,1
19,202730,Lavoy Allen,0.0,0.0,4.0,0.0,0.0,1.0,2.0,0.0,0.0,0.0,4.0,0.0,-2.0,14:22,-3.1,1
20,203100,Tony Wroten,2.0,1.0,2.0,0.0,0.0,0.0,2.0,0.0,1.0,0.0,1.0,3.0,-13.0,13:18,-1.1,1
21,202343,Elliot Williams,2.0,0.0,2.0,2.0,2.0,1.0,2.0,0.0,0.0,1.0,1.0,0.0,-9.0,10:44,2.2,1
22,203561,Brandon Davies,0.0,0.0,3.0,0.0,0.0,1.0,1.0,2.0,2.0,0.0,2.0,0.0,-8.0,9:53,1.5,1
23,202350,Daniel Orton,0.0,0.0,0.0,0.0,0.0,1.0,1.0,0.0,0.0,0.0,1.0,0.0,2.0,3:05,0.6,1
24,203485,Lorenzo Brown,,,,,,,,,,,,,,,0.0,1
