,id,name,PTS,FG,FGA,FTA,FT,OREB,DREB,STL,AST,BLK,PF,TO,PLUS_MINUS,MIN,GS,WIN
0,201163,Wilson Chandler,19.0,8.0,15.0,2.0,1.0,0.0,6.0,2.0,0.0,1.0,1.0,0.0,-11.0,30:17,15.4,0
1,202702,Kenneth Faried,2.0,0.0,1.0,2.0,2.0,0.0,0.0,0.0,1.0,0.0,1.0,0.0,-7.0,3:15,1.6,0
2,201581,JJ Hickson,6.0,3.0,10.0,1.0,0.0,4.0,5.0,0.0,2.0,0.0,3.0,0.0,-10.0,21:28,4.3,0
3,200751,Randy Foye,0.0,0.0,7.0,0.0,0.0,0.0,1.0,0.0,0.0,0.0,2.0,3.0,-2.0,16:26,-8.4,0
4,201951,Ty Lawson,13.0,4.0,8.0,4.0,4.0,0.0,2.0,2.0,6.0,0.0,3.0,1.0,-17.0,33:11,13.6,0
5,201589,Darrell Arthur,6.0,2.0,7.0,2.0,2.0,0.0,4.0,2.0,1.0,1.0,1.0,0.0,-9.0,16:25,6.1,0
6,202389,Timofey Mozgov,15.0,6.0,9.0,5.0,3.0,4.0,5.0,0.0,0.0,0.0,3.0,3.0,0.0,26:16,10.4,0
7,101126,Nate Robinson,11.0,3.0,7.0,3.0,3.0,1.0,1.0,1.0,3.0,0.0,3.0,2.0,-3.0,21:26,8.2,0
8,202706,Jordan Hamilton,4.0,1.0,10.0,2.0,1.0,0.0,4.0,5.0,1.0,0.0,0.0,2.0,-19.0,26:40,1.9,0
9,1889,Andre Miller,0.0,0.0,4.0,0.0,0.0,1.0,1.0,0.0,2.0,0.0,1.0,0.0,-5.0,15:38,-0.8,0
10,201576,Anthony Randolph,6.0,1.0,5.0,4.0,4.0,2.0,5.0,0.0,0.0,1.0,5.0,4.0,-17.0,12:18,0.5,0
11,203113,Quincy Miller,8.0,3.0,4.0,2.0,2.0,3.0,1.0,0.0,0.0,0.0,0.0,3.0,0.0,9:43,5.8,0
12,203095,Evan Fournier,1.0,0.0,1.0,2.0,1.0,0.0,0.0,0.0,0.0,0.0,3.0,0.0,-5.0,6:57,-1.3,0
13,201162,Jared Dudley,9.0,3.0,8.0,0.0,0.0,0.0,2.0,0.0,1.0,0.0,3.0,2.0,15.0,28:28,2.7,1
14,201933,Blake Griffin,24.0,8.0,17.0,10.0,8.0,5.0,11.0,1.0,4.0,1.0,2.0,3.0,19.0,35:43,22.0,1
15,201599,DeAndre Jordan,7.0,2.0,3.0,6.0,3.0,2.0,10.0,0.0,1.0,3.0,2.0,2.0,19.0,31:60,8.9,1
16,2037,Jamal Crawford,27.0,10.0,20.0,1.0,1.0,1.0,2.0,1.0,1.0,0.0,2.0,3.0,22.0,31:07,16.2,1
17,101108,Chris Paul,10.0,3.0,8.0,5.0,4.0,0.0,3.0,3.0,11.0,0.0,2.0,3.0,18.0,30:21,13.0,1
18,201954,Darren Collison,13.0,5.0,7.0,4.0,2.0,1.0,0.0,0.0,1.0,0.0,1.0,2.0,7.0,22:34,8.3,1
19,2440,Matt Barnes,13.0,5.0,12.0,0.0,0.0,1.0,2.0,2.0,3.0,3.0,4.0,1.0,7.0,21:55,11.5,1
20,2584,Willie Green,3.0,1.0,6.0,2.0,1.0,0.0,2.0,0.0,3.0,0.0,1.0,0.0,2.0,15:12,1.1,1
21,200797,Ryan Hollins,1.0,0.0,1.0,2.0,1.0,0.0,2.0,0.0,0.0,1.0,0.0,0.0,-4.0,10:04,1.2,1
22,1712,Antawn Jamison,5.0,2.0,4.0,1.0,1.0,1.0,1.0,1.0,0.0,0.0,2.0,0.0,0.0,9:30,4.2,1
23,1536,Stephen Jackson,0.0,0.0,0.0,0.0,0.0,0.0,0.0,1.0,1.0,0.0,1.0,1.0,0.0,3:06,0.3,1
24,203493,Reggie Bullock,,,,,,,,,,,,,,,0.0,1
25,201957,Byron Mullens,,,,,,,,,,,,,,,0.0,1
