,id,name,PTS,FG,FGA,FTA,FT,OREB,DREB,STL,AST,BLK,PF,TO,PLUS_MINUS,MIN,GS,WIN
0,201162,Jared Dudley,9.0,3.0,9.0,2.0,2.0,2.0,4.0,1.0,2.0,1.0,1.0,0.0,4.0,36:57,9.2,1
1,201933,Blake Griffin,18.0,7.0,16.0,4.0,4.0,1.0,6.0,1.0,4.0,0.0,3.0,4.0,9.0,41:32,10.7,1
2,201599,DeAndre Jordan,5.0,2.0,3.0,6.0,1.0,1.0,5.0,1.0,0.0,1.0,4.0,0.0,-3.0,31:44,4.0,1
3,2584,Willie Green,8.0,3.0,6.0,0.0,0.0,0.0,1.0,0.0,0.0,1.0,2.0,0.0,-5.0,19:08,5.2,1
4,101108,Chris Paul,22.0,8.0,16.0,8.0,6.0,1.0,6.0,2.0,9.0,0.0,0.0,3.0,7.0,36:28,21.0,1
5,2037,Jamal Crawford,21.0,7.0,14.0,6.0,5.0,0.0,3.0,1.0,3.0,2.0,1.0,2.0,11.0,27:24,16.6,1
6,1536,Stephen Jackson,0.0,0.0,3.0,0.0,0.0,0.0,0.0,0.0,0.0,0.0,0.0,0.0,1.0,12:18,-2.1,1
7,201954,Darren Collison,10.0,3.0,7.0,6.0,4.0,2.0,3.0,2.0,2.0,0.0,5.0,2.0,14.0,22:34,7.2,1
8,1712,Antawn Jamison,3.0,1.0,2.0,2.0,0.0,1.0,0.0,0.0,0.0,1.0,0.0,2.0,2.0,8:42,0.6,1
9,200797,Ryan Hollins,0.0,0.0,0.0,0.0,0.0,0.0,1.0,1.0,0.0,0.0,1.0,0.0,0.0,3:14,0.9,1
10,2440,Matt Barnes,,,,,,,,,,,,,,,0.0,1
11,203493,Reggie Bullock,,,,,,,,,,,,,,,0.0,1
12,201957,Byron Mullens,,,,,,,,,,,,,,,0.0,1
13,201145,Jeff Green,29.0,10.0,23.0,6.0,6.0,0.0,4.0,0.0,1.0,1.0,2.0,1.0,-9.0,44:04,17.7,0
14,101138,Brandon Bass,17.0,6.0,12.0,7.0,5.0,1.0,11.0,2.0,1.0,2.0,2.0,1.0,-9.0,41:25,16.5,0
15,203096,Jared Sullinger,10.0,5.0,13.0,0.0,0.0,4.0,5.0,0.0,1.0,0.0,5.0,1.0,4.0,31:25,4.9,0
16,202340,Avery Bradley,8.0,3.0,8.0,0.0,0.0,0.0,3.0,1.0,2.0,1.0,3.0,2.0,-6.0,33:18,4.4,0
17,202348,Jordan Crawford,20.0,7.0,17.0,6.0,5.0,1.0,4.0,1.0,9.0,0.0,3.0,3.0,-6.0,39:04,15.5,0
18,203543,Vitor Faverani,0.0,0.0,1.0,0.0,0.0,0.0,0.0,0.0,0.0,0.0,0.0,0.0,-2.0,5:17,-0.7,0
19,201584,Courtney Lee,0.0,0.0,2.0,0.0,0.0,1.0,1.0,0.0,2.0,1.0,6.0,2.0,-2.0,14:42,-2.7,0
20,2222,Gerald Wallace,2.0,1.0,2.0,0.0,0.0,1.0,2.0,0.0,1.0,0.0,1.0,2.0,-7.0,17:38,0.6,0
21,203515,Phil Pressey,0.0,0.0,1.0,0.0,0.0,0.0,1.0,1.0,2.0,0.0,0.0,1.0,-2.0,8:56,1.0,0
22,202705,MarShon Brooks,2.0,1.0,1.0,0.0,0.0,0.0,1.0,0.0,1.0,0.0,1.0,3.0,-1.0,4:11,-0.7,0
23,2586,Keith Bogans,,,,,,,,,,,,,,,0.0,0
24,2743,Kris Humphries,,,,,,,,,,,,,,,0.0,0
25,203482,Kelly Olynyk,,,,,,,,,,,,,,,0.0,0
