,id,name,PTS,FG,FGA,FTA,FT,OREB,DREB,STL,AST,BLK,PF,TO,PLUS_MINUS,MIN,GS,WIN
0,201145,Jeff Green,16.0,4.0,10.0,8.0,7.0,0.0,5.0,0.0,0.0,0.0,1.0,4.0,4.0,35:16,7.3,1
1,101138,Brandon Bass,17.0,5.0,11.0,7.0,7.0,2.0,5.0,1.0,1.0,2.0,1.0,3.0,8.0,32:50,13.9,1
2,203096,Jared Sullinger,15.0,6.0,12.0,4.0,2.0,2.0,7.0,1.0,1.0,2.0,2.0,1.0,13.0,32:32,13.0,1
3,202340,Avery Bradley,12.0,6.0,13.0,2.0,0.0,0.0,5.0,1.0,2.0,0.0,2.0,0.0,6.0,34:21,7.6,1
4,202348,Jordan Crawford,12.0,3.0,9.0,8.0,6.0,0.0,3.0,0.0,10.0,0.0,3.0,4.0,24.0,35:06,8.8,1
5,2743,Kris Humphries,2.0,1.0,3.0,0.0,0.0,1.0,7.0,0.0,0.0,1.0,2.0,2.0,-17.0,16:30,1.0,1
6,2222,Gerald Wallace,5.0,2.0,4.0,0.0,0.0,0.0,0.0,0.0,3.0,1.0,2.0,0.0,-13.0,18:39,5.0,1
7,203515,Phil Pressey,0.0,0.0,0.0,0.0,0.0,0.0,0.0,0.0,0.0,0.0,0.0,0.0,-8.0,3:56,0.0,1
8,201584,Courtney Lee,4.0,2.0,4.0,0.0,0.0,0.0,5.0,0.0,1.0,0.0,0.0,1.0,8.0,16:42,3.2,1
9,203543,Vitor Faverani,11.0,4.0,6.0,2.0,2.0,2.0,3.0,0.0,0.0,1.0,1.0,2.0,10.0,14:08,9.0,1
10,2586,Keith Bogans,,,,,,,,,,,,,,,0.0,1
11,202705,MarShon Brooks,,,,,,,,,,,,,,,0.0,1
12,203482,Kelly Olynyk,,,,,,,,,,,,,,,0.0,1
13,201960,DeMarre Carroll,5.0,2.0,6.0,2.0,1.0,1.0,3.0,0.0,3.0,0.0,4.0,1.0,-16.0,32:56,2.3,0
14,200794,Paul Millsap,12.0,6.0,12.0,0.0,0.0,0.0,5.0,2.0,2.0,2.0,4.0,3.0,-18.0,31:39,7.7,0
15,201143,Al Horford,18.0,9.0,19.0,0.0,0.0,1.0,6.0,0.0,0.0,1.0,4.0,0.0,-9.0,34:08,9.9,0
16,2594,Kyle Korver,9.0,4.0,8.0,0.0,0.0,1.0,3.0,2.0,3.0,0.0,4.0,1.0,-17.0,31:40,8.1,0
17,201952,Jeff Teague,13.0,3.0,15.0,8.0,7.0,1.0,3.0,3.0,10.0,0.0,2.0,2.0,-7.0,34:23,12.1,0
18,201858,Cartier Martin,5.0,2.0,5.0,0.0,0.0,0.0,2.0,0.0,1.0,0.0,1.0,0.0,9.0,15:05,3.2,0
19,203118,Mike Scott,10.0,4.0,6.0,0.0,0.0,2.0,2.0,1.0,0.0,0.0,3.0,1.0,11.0,15:26,8.2,0
20,203544,Pero Antic,2.0,1.0,8.0,0.0,0.0,5.0,1.0,0.0,1.0,0.0,2.0,0.0,1.0,14:53,0.5,0
21,101150,Lou Williams,6.0,2.0,7.0,2.0,2.0,1.0,1.0,0.0,2.0,0.0,1.0,0.0,11.0,17:40,3.9,0
22,202714,Shelvin Mack,7.0,3.0,7.0,0.0,0.0,0.0,0.0,0.0,1.0,0.0,1.0,0.0,0.0,12:10,3.6,0
23,202970,Gustavo Ayon,,,,,,,,,,,,,,,0.0,0
24,203098,John Jenkins,,,,,,,,,,,,,,,0.0,0
25,203471,Dennis Schroder,,,,,,,,,,,,,,,0.0,0
