,id,name,PTS,FG,FGA,FTA,FT,OREB,DREB,STL,AST,BLK,PF,TO,PLUS_MINUS,MIN,GS,WIN
0,201163,Wilson Chandler,21.0,8.0,17.0,3.0,2.0,3.0,7.0,0.0,0.0,0.0,3.0,0.0,10.0,31:26,14.9,1
1,202702,Kenneth Faried,26.0,11.0,18.0,8.0,4.0,4.0,5.0,0.0,1.0,1.0,1.0,1.0,10.0,32:29,20.5,1
2,202389,Timofey Mozgov,2.0,1.0,2.0,0.0,0.0,3.0,2.0,0.0,1.0,1.0,2.0,1.0,5.0,22:15,3.3,1
3,200751,Randy Foye,3.0,1.0,6.0,0.0,0.0,0.0,3.0,1.0,2.0,0.0,0.0,0.0,14.0,25:34,2.5,1
4,201951,Ty Lawson,17.0,6.0,14.0,3.0,3.0,0.0,3.0,1.0,12.0,0.0,1.0,1.0,14.0,30:40,18.5,1
5,201581,JJ Hickson,20.0,8.0,14.0,5.0,4.0,1.0,8.0,0.0,2.0,0.0,1.0,3.0,5.0,23:59,14.1,1
6,201589,Darrell Arthur,14.0,5.0,6.0,3.0,2.0,1.0,1.0,1.0,1.0,1.0,5.0,4.0,-2.0,16:34,8.8,1
7,203113,Quincy Miller,6.0,3.0,4.0,0.0,0.0,0.0,5.0,0.0,2.0,2.0,1.0,0.0,-4.0,17:17,8.3,1
8,203095,Evan Fournier,2.0,1.0,3.0,0.0,0.0,0.0,3.0,0.0,2.0,1.0,0.0,1.0,-6.0,19:17,2.3,1
9,201166,Aaron Brooks,9.0,3.0,8.0,2.0,1.0,0.0,3.0,1.0,7.0,0.0,2.0,3.0,-6.0,20:29,7.2,1
10,201576,Anthony Randolph,,,,,,,,,,,,,,,0.0,1
11,101126,Nate Robinson,,,,,,,,,,,,,,,0.0,1
12,202686,Jan Vesely,,,,,,,,,,,,,,,0.0,1
13,203090,Maurice Harkless,2.0,1.0,6.0,0.0,0.0,0.0,1.0,0.0,0.0,2.0,2.0,2.0,-12.0,28:52,-2.9,0
14,203124,Kyle O'Quinn,10.0,5.0,8.0,0.0,0.0,2.0,6.0,0.0,1.0,2.0,0.0,2.0,1.0,27:27,9.7,0
15,202696,Nikola Vucevic,20.0,8.0,17.0,4.0,4.0,4.0,12.0,0.0,3.0,1.0,5.0,0.0,-9.0,38:47,18.5,0
16,201167,Arron Afflalo,24.0,10.0,18.0,2.0,2.0,0.0,1.0,0.0,2.0,0.0,5.0,0.0,-4.0,35:00,15.1,0
17,2749,Jameer Nelson,19.0,7.0,12.0,1.0,1.0,0.0,3.0,0.0,9.0,0.0,4.0,2.0,-2.0,32:10,17.0,0
18,203506,Victor Oladipo,15.0,5.0,12.0,5.0,5.0,1.0,3.0,0.0,3.0,0.0,2.0,1.0,-3.0,27:50,10.5,0
19,202699,Tobias Harris,11.0,5.0,11.0,1.0,1.0,0.0,3.0,4.0,2.0,1.0,1.0,0.0,-12.0,19:10,11.9,0
20,202734,E'Twaun Moore,8.0,3.0,7.0,0.0,0.0,0.0,2.0,2.0,1.0,0.0,1.0,1.0,-2.0,17:07,6.2,0
21,203094,Andrew Nicholson,0.0,0.0,0.0,0.0,0.0,0.0,0.0,0.0,1.0,0.0,3.0,0.0,2.0,6:29,-0.5,0
22,203117,Doron Lamb,3.0,1.0,2.0,0.0,0.0,0.0,0.0,0.0,1.0,0.0,0.0,0.0,1.0,7:08,2.7,0
23,101131,Jason Maxiell,,,,,,,,,,,,,,,0.0,0
24,101179,Ronnie Price,,,,,,,,,,,,,,,0.0,0
25,203519,Adonis Thomas,,,,,,,,,,,,,,,0.0,0
