,id,name,PTS,FG,FGA,FTA,FT,OREB,DREB,STL,AST,BLK,PF,TO,PLUS_MINUS,MIN,GS,WIN
0,2546,Carmelo Anthony,36.0,13.0,25.0,6.0,5.0,1.0,4.0,0.0,3.0,0.0,3.0,4.0,3.0,36:35,22.1,0
1,202697,Iman Shumpert,5.0,2.0,7.0,0.0,0.0,1.0,0.0,1.0,0.0,0.0,4.0,1.0,-16.0,24:32,0.0,0
2,2199,Tyson Chandler,7.0,3.0,3.0,6.0,1.0,3.0,7.0,0.0,0.0,1.0,3.0,1.0,-4.0,34:45,6.8,0
3,101109,Raymond Felton,3.0,1.0,7.0,2.0,0.0,1.0,4.0,2.0,7.0,0.0,2.0,0.0,3.0,34:35,5.7,0
4,203143,Pablo Prigioni,3.0,1.0,2.0,0.0,0.0,0.0,6.0,0.0,1.0,0.0,0.0,0.0,-14.0,21:55,4.5,0
5,2747,JR Smith,30.0,9.0,17.0,6.0,6.0,0.0,7.0,0.0,3.0,0.0,4.0,2.0,6.0,38:44,22.3,0
6,203501,Tim Hardaway Jr.,7.0,2.0,10.0,2.0,2.0,0.0,1.0,1.0,2.0,0.0,1.0,0.0,7.0,27:52,3.1,0
7,2405,Amar'e Stoudemire,7.0,3.0,7.0,2.0,1.0,1.0,3.0,0.0,1.0,1.0,2.0,1.0,-3.0,16:31,4.1,0
8,202719,Jeremy Tyler,0.0,0.0,0.0,0.0,0.0,1.0,0.0,0.0,0.0,0.0,1.0,0.0,3.0,4:31,0.3,0
9,202332,Cole Aldrich,,,,,,,,,,,,,,,0.0,0
10,203315,Toure' Murry,,,,,,,,,,,,,,,0.0,0
11,2757,Beno Udrih,,,,,,,,,,,,,,,0.0,0
12,1897,Metta World Peace,,,,,,,,,,,,,,,0.0,0
13,203114,Khris Middleton,19.0,6.0,9.0,2.0,2.0,0.0,4.0,0.0,3.0,0.0,3.0,1.0,10.0,24:48,16.2,1
14,101141,Ersan Ilyasova,13.0,4.0,11.0,4.0,4.0,4.0,4.0,0.0,2.0,0.0,3.0,1.0,8.0,34:06,10.1,1
15,202336,Larry Sanders,8.0,3.0,4.0,2.0,2.0,1.0,10.0,0.0,0.0,1.0,6.0,0.0,11.0,29:35,8.4,1
16,203489,Nate Wolters,6.0,3.0,7.0,0.0,0.0,1.0,1.0,0.0,2.0,0.0,1.0,1.0,-5.0,23:18,3.3,1
17,202688,Brandon Knight,25.0,10.0,23.0,1.0,1.0,0.0,3.0,0.0,7.0,0.0,3.0,4.0,2.0,46:05,13.5,1
18,203507,Giannis Antetokounmpo,15.0,5.0,9.0,8.0,5.0,1.0,2.0,1.0,2.0,0.0,3.0,1.0,-9.0,28:27,11.0,1
19,2406,Caron Butler,3.0,1.0,6.0,0.0,0.0,0.0,5.0,0.0,0.0,0.0,0.0,0.0,-3.0,14:38,0.7,1
20,2585,Zaza Pachulia,12.0,4.0,9.0,4.0,4.0,5.0,2.0,1.0,2.0,0.0,1.0,1.0,-8.0,18:25,12.4,1
21,2557,Luke Ridnour,0.0,0.0,3.0,0.0,0.0,0.0,1.0,1.0,2.0,0.0,4.0,2.0,9.0,20:38,-3.0,1
22,201564,O.J. Mayo,,,,,,,,,,,,,,,0.0,1
23,202390,Gary Neal,,,,,,,,,,,,,,,0.0,1
24,203545,Miroslav Raduljica,,,,,,,,,,,,,,,0.0,1
25,202327,Ekpe Udoh,,,,,,,,,,,,,,,0.0,1
