,id,name,PTS,FG,FGA,FTA,FT,OREB,DREB,STL,AST,BLK,PF,TO,PLUS_MINUS,MIN,GS,WIN
0,201960,DeMarre Carroll,9.0,3.0,11.0,2.0,2.0,1.0,5.0,0.0,2.0,0.0,1.0,0.0,-21.0,25:32,5.7,0
1,203118,Mike Scott,4.0,2.0,6.0,0.0,0.0,1.0,2.0,0.0,2.0,0.0,3.0,3.0,0.0,29:19,-0.9,0
2,1882,Elton Brand,6.0,3.0,6.0,0.0,0.0,0.0,3.0,0.0,0.0,0.0,3.0,0.0,-13.0,19:37,2.7,0
3,2594,Kyle Korver,5.0,1.0,9.0,3.0,3.0,0.0,2.0,0.0,3.0,1.0,1.0,0.0,-18.0,28:01,2.1,0
4,201952,Jeff Teague,10.0,4.0,12.0,2.0,2.0,0.0,2.0,0.0,3.0,0.0,0.0,1.0,-18.0,25:03,4.9,0
5,203488,Mike Muscala,4.0,2.0,6.0,0.0,0.0,2.0,2.0,1.0,0.0,1.0,4.0,0.0,-10.0,14:44,2.7,0
6,101150,Lou Williams,4.0,0.0,1.0,4.0,4.0,0.0,0.0,0.0,0.0,0.0,1.0,0.0,-10.0,5:12,2.9,0
7,202714,Shelvin Mack,5.0,2.0,11.0,1.0,1.0,1.0,4.0,0.0,7.0,0.0,0.0,0.0,-7.0,29:52,4.9,0
8,203544,Pero Antic,10.0,3.0,5.0,2.0,2.0,0.0,4.0,0.0,0.0,0.0,2.0,3.0,-3.0,16:06,5.1,0
9,203471,Dennis Schroder,5.0,2.0,7.0,3.0,1.0,0.0,2.0,0.0,3.0,0.0,1.0,1.0,-11.0,23:03,1.4,0
10,201858,Cartier Martin,16.0,7.0,14.0,2.0,1.0,3.0,3.0,3.0,0.0,0.0,1.0,0.0,-9.0,23:32,14.2,0
11,200794,Paul Millsap,,,,,,,,,,,,,,,0.0,0
12,201587,Nicolas Batum,14.0,5.0,9.0,2.0,1.0,1.0,17.0,0.0,1.0,0.0,1.0,4.0,22.0,29:18,11.4,1
13,200746,LaMarcus Aldridge,10.0,1.0,13.0,8.0,8.0,2.0,4.0,0.0,1.0,2.0,2.0,2.0,21.0,29:02,3.2,1
14,201577,Robin Lopez,12.0,4.0,5.0,4.0,4.0,2.0,3.0,1.0,0.0,0.0,2.0,2.0,13.0,23:34,10.6,1
15,202083,Wesley Matthews,10.0,3.0,8.0,2.0,2.0,1.0,0.0,1.0,1.0,0.0,2.0,0.0,24.0,28:37,7.2,1
16,203081,Damian Lillard,12.0,4.0,9.0,2.0,2.0,0.0,4.0,1.0,7.0,0.0,2.0,1.0,18.0,24:56,12.6,1
17,2590,Mo Williams,15.0,6.0,9.0,0.0,0.0,0.0,4.0,0.0,5.0,0.0,4.0,2.0,14.0,25:16,12.2,1
18,203086,Meyers Leonard,4.0,2.0,3.0,0.0,0.0,1.0,6.0,1.0,4.0,0.0,2.0,2.0,3.0,17:25,6.2,1
19,2748,Dorell Wright,5.0,1.0,4.0,3.0,2.0,0.0,4.0,0.0,1.0,0.0,0.0,0.0,8.0,16:19,4.1,1
20,203468,CJ McCollum,9.0,4.0,9.0,0.0,0.0,0.0,3.0,0.0,3.0,0.0,2.0,1.0,3.0,21:17,5.5,1
21,203115,Will Barton,9.0,4.0,7.0,0.0,0.0,0.0,0.0,0.0,0.0,0.0,3.0,1.0,0.0,12:00,3.5,1
22,201964,Victor Claver,0.0,0.0,1.0,0.0,0.0,0.0,1.0,0.0,0.0,0.0,0.0,1.0,-3.0,6:08,-1.4,1
23,203459,Allen Crabbe,2.0,1.0,2.0,0.0,0.0,0.0,0.0,0.0,0.0,0.0,1.0,0.0,-3.0,6:08,0.6,1
24,2248,Earl Watson,,,,,,,,,,,,,,,0.0,1
