,id,name,PTS,FG,FGA,FTA,FT,OREB,DREB,STL,AST,BLK,PF,TO,PLUS_MINUS,MIN,GS,WIN
0,202695,Kawhi Leonard,14.0,6.0,11.0,1.0,0.0,1.0,3.0,2.0,6.0,3.0,1.0,2.0,14.0,22:51,15.8,1
1,1495,Tim Duncan,20.0,9.0,15.0,3.0,2.0,1.0,7.0,1.0,4.0,2.0,2.0,0.0,14.0,22:21,19.9,1
2,201168,Tiago Splitter,8.0,4.0,7.0,0.0,0.0,4.0,8.0,0.0,7.0,0.0,4.0,1.0,13.0,26:21,12.2,1
3,201158,Marco Belinelli,27.0,10.0,15.0,2.0,1.0,0.0,1.0,1.0,2.0,2.0,2.0,0.0,23.0,29:24,23.4,1
4,2225,Tony Parker,4.0,2.0,9.0,0.0,0.0,1.0,1.0,1.0,2.0,0.0,1.0,1.0,4.0,18:58,0.5,1
5,1938,Manu Ginobili,7.0,2.0,7.0,4.0,3.0,0.0,3.0,0.0,4.0,0.0,2.0,2.0,18.0,18:24,3.4,1
6,2564,Boris Diaw,11.0,5.0,7.0,0.0,0.0,0.0,6.0,1.0,5.0,0.0,1.0,4.0,13.0,23:20,10.0,1
7,201988,Patty Mills,16.0,7.0,11.0,1.0,1.0,3.0,3.0,0.0,3.0,0.0,2.0,1.0,21.0,19:32,14.4,1
8,201965,Jeff Ayres,0.0,0.0,0.0,0.0,0.0,0.0,2.0,0.0,0.0,2.0,3.0,2.0,15.0,19:56,-1.2,1
9,202709,Cory Joseph,9.0,4.0,5.0,1.0,1.0,1.0,3.0,0.0,3.0,1.0,5.0,0.0,8.0,19:34,9.5,1
10,201948,Austin Daye,11.0,4.0,7.0,0.0,0.0,0.0,2.0,0.0,1.0,0.0,2.0,0.0,10.0,11:12,8.2,1
11,203382,Aron Baynes,6.0,2.0,4.0,2.0,2.0,0.0,1.0,0.0,0.0,0.0,0.0,1.0,2.0,8:08,3.3,1
12,201980,Danny Green,,,,,,,,,,,,,,,0.0,1
13,203113,Quincy Miller,2.0,0.0,6.0,2.0,2.0,0.0,2.0,1.0,0.0,3.0,0.0,1.0,-5.0,23:43,0.5,0
14,202702,Kenneth Faried,18.0,5.0,12.0,10.0,8.0,3.0,10.0,0.0,4.0,0.0,0.0,1.0,-17.0,26:57,17.7,0
15,202389,Timofey Mozgov,7.0,3.0,8.0,2.0,1.0,2.0,6.0,1.0,0.0,1.0,2.0,4.0,-12.0,20:33,2.3,0
16,200751,Randy Foye,20.0,7.0,13.0,2.0,2.0,0.0,1.0,0.0,1.0,0.0,4.0,0.0,-26.0,32:17,13.1,0
17,201951,Ty Lawson,13.0,5.0,11.0,5.0,3.0,0.0,1.0,4.0,5.0,0.0,3.0,1.0,-12.0,28:36,12.1,0
18,201589,Darrell Arthur,8.0,3.0,13.0,1.0,1.0,1.0,1.0,0.0,0.0,0.0,2.0,3.0,-15.0,18:28,-2.7,0
19,201576,Anthony Randolph,6.0,2.0,5.0,2.0,2.0,1.0,2.0,0.0,1.0,1.0,0.0,1.0,-10.0,8:26,5.0,0
20,202686,Jan Vesely,5.0,2.0,4.0,4.0,1.0,1.0,5.0,0.0,0.0,3.0,3.0,0.0,-21.0,22:48,4.9,0
21,203095,Evan Fournier,15.0,6.0,10.0,3.0,3.0,2.0,3.0,0.0,1.0,0.0,3.0,0.0,-14.0,28:37,12.2,0
22,201166,Aaron Brooks,8.0,2.0,5.0,4.0,3.0,0.0,0.0,1.0,3.0,0.0,2.0,1.0,-23.0,29:35,6.2,0
23,201163,Wilson Chandler,,,,,,,,,,,,,,,0.0,0
24,201581,JJ Hickson,,,,,,,,,,,,,,,0.0,0
25,101126,Nate Robinson,,,,,,,,,,,,,,,0.0,0
