,id,name,PTS,FG,FGA,FTA,FT,OREB,DREB,STL,AST,BLK,PF,TO,PLUS_MINUS,MIN,GS,WIN
0,2736,Luol Deng,23.0,8.0,16.0,4.0,4.0,3.0,3.0,1.0,1.0,0.0,0.0,0.0,-23.0,30:54,19.7,0
1,202684,Tristan Thompson,2.0,1.0,6.0,1.0,0.0,0.0,1.0,0.0,0.0,0.0,3.0,0.0,-31.0,19:46,-3.1,0
2,201150,Spencer Hawes,14.0,5.0,11.0,4.0,3.0,2.0,3.0,0.0,1.0,0.0,5.0,2.0,-20.0,33:46,6.9,0
3,101127,Jarrett Jack,12.0,4.0,8.0,3.0,3.0,0.0,2.0,0.0,5.0,0.0,1.0,6.0,-26.0,35:10,5.7,0
4,202681,Kyrie Irving,2.0,0.0,5.0,2.0,2.0,1.0,3.0,0.0,2.0,0.0,0.0,0.0,-11.0,9:40,1.5,0
5,203079,Dion Waiters,15.0,5.0,15.0,4.0,2.0,0.0,3.0,0.0,5.0,0.0,2.0,3.0,-9.0,35:42,6.3,0
6,2760,Anderson Varejao,2.0,1.0,3.0,2.0,0.0,5.0,7.0,1.0,1.0,0.0,2.0,1.0,3.0,18:31,5.0,0
7,203521,Matthew Dellavedova,4.0,2.0,7.0,0.0,0.0,2.0,3.0,0.0,1.0,0.0,1.0,2.0,10.0,22:09,0.5,0
8,203092,Tyler Zeller,4.0,2.0,8.0,0.0,0.0,2.0,7.0,0.0,1.0,1.0,2.0,3.0,7.0,20:53,0.3,0
9,202087,Alonzo Gee,2.0,1.0,3.0,0.0,0.0,0.0,0.0,0.0,2.0,0.0,1.0,0.0,-7.0,12:11,1.3,0
10,202197,Shane Edwards,0.0,0.0,1.0,0.0,0.0,1.0,0.0,0.0,0.0,0.0,0.0,0.0,-3.0,1:19,0.0,0
11,203461,Anthony Bennett,,,,,,,,,,,,,,,0.0,0
12,2440,Matt Barnes,11.0,5.0,11.0,0.0,0.0,0.0,2.0,2.0,3.0,1.0,3.0,0.0,28.0,29:42,9.5,1
13,201933,Blake Griffin,21.0,9.0,18.0,4.0,3.0,0.0,11.0,0.0,8.0,1.0,4.0,1.0,24.0,37:32,18.6,1
14,201599,DeAndre Jordan,15.0,7.0,8.0,4.0,1.0,3.0,8.0,2.0,1.0,1.0,4.0,0.0,23.0,32:22,17.3,1
15,2584,Willie Green,10.0,4.0,13.0,0.0,0.0,2.0,2.0,0.0,2.0,0.0,3.0,1.0,21.0,36:10,3.7,1
16,101108,Chris Paul,16.0,7.0,15.0,1.0,1.0,0.0,0.0,2.0,15.0,0.0,2.0,0.0,29.0,36:17,20.0,1
17,203493,Reggie Bullock,14.0,5.0,9.0,2.0,2.0,0.0,3.0,1.0,0.0,0.0,0.0,0.0,-4.0,26:25,11.6,1
18,101122,Danny Granger,11.0,4.0,12.0,2.0,1.0,1.0,0.0,0.0,1.0,0.0,0.0,2.0,-8.0,15:26,3.2,1
19,201175,Glen Davis,2.0,1.0,5.0,0.0,0.0,4.0,3.0,1.0,0.0,0.0,3.0,1.0,-3.0,14:58,1.4,1
20,2045,Hedo Turkoglu,0.0,0.0,3.0,0.0,0.0,0.0,2.0,0.0,2.0,0.0,1.0,0.0,-2.0,10:28,-0.5,1
21,200797,Ryan Hollins,2.0,0.0,0.0,2.0,2.0,0.0,0.0,0.0,0.0,0.0,0.0,0.0,2.0,0:40,2.0,1
22,201954,Darren Collison,,,,,,,,,,,,,,,0.0,1
23,2037,Jamal Crawford,,,,,,,,,,,,,,,0.0,1
24,201162,Jared Dudley,,,,,,,,,,,,,,,0.0,1
