,id,name,PTS,FG,FGA,FTA,FT,OREB,DREB,STL,AST,BLK,PF,TO,PLUS_MINUS,MIN,GS,WIN
0,200752,Rudy Gay,20.0,8.0,21.0,5.0,4.0,3.0,2.0,0.0,2.0,1.0,3.0,3.0,-9.0,36:31,8.7,0
1,101161,Amir Johnson,13.0,6.0,9.0,0.0,0.0,1.0,6.0,1.0,1.0,0.0,4.0,2.0,-1.0,36:30,9.7,0
2,202685,Jonas Valanciunas,12.0,5.0,8.0,2.0,2.0,3.0,7.0,0.0,1.0,0.0,2.0,1.0,-13.0,27:34,11.5,0
3,201942,DeMar DeRozan,14.0,5.0,16.0,2.0,2.0,0.0,3.0,0.0,3.0,0.0,4.0,1.0,-1.0,37:57,5.2,0
4,200768,Kyle Lowry,8.0,3.0,7.0,0.0,0.0,1.0,2.0,1.0,6.0,1.0,5.0,2.0,-9.0,33:11,7.5,0
5,202361,Landry Fields,4.0,2.0,3.0,0.0,0.0,1.0,4.0,0.0,2.0,1.0,3.0,0.0,3.0,16:55,5.5,0
6,201946,Tyler Hansbrough,9.0,4.0,6.0,1.0,1.0,2.0,2.0,0.0,0.0,0.0,3.0,3.0,2.0,21:41,4.2,0
7,201948,Austin Daye,0.0,0.0,1.0,0.0,0.0,0.0,1.0,0.0,1.0,0.0,2.0,0.0,4.0,3:01,-0.5,0
8,201571,D.J. Augustin,3.0,0.0,1.0,3.0,3.0,0.0,0.0,0.0,0.0,0.0,0.0,0.0,5.0,6:12,2.3,0
9,203082,Terrence Ross,7.0,2.0,6.0,2.0,1.0,0.0,0.0,0.0,0.0,0.0,0.0,0.0,7.0,11:51,3.2,0
10,202933,Julyan Stone,0.0,0.0,1.0,0.0,0.0,0.0,0.0,0.0,2.0,0.0,1.0,0.0,2.0,8:37,0.3,0
11,202779,Dwight Buycks,,,,,,,,,,,,,,,0.0,0
12,201189,Aaron Gray,,,,,,,,,,,,,,,0.0,0
13,203077,Michael Kidd-Gilchrist,14.0,6.0,7.0,2.0,2.0,0.0,4.0,1.0,2.0,1.0,5.0,1.0,-1.0,28:37,12.8,1
14,201177,Josh McRoberts,13.0,5.0,14.0,4.0,2.0,0.0,6.0,1.0,5.0,1.0,1.0,1.0,3.0,30:07,10.0,1
15,202687,Bismack Biyombo,8.0,3.0,4.0,6.0,2.0,4.0,7.0,0.0,0.0,3.0,2.0,0.0,0.0,39:49,11.0,1
16,201945,Gerald Henderson,23.0,10.0,17.0,4.0,3.0,1.0,2.0,2.0,4.0,0.0,4.0,2.0,1.0,34:14,17.2,1
17,202689,Kemba Walker,5.0,2.0,13.0,0.0,0.0,0.0,4.0,1.0,7.0,1.0,0.0,0.0,9.0,38:31,4.5,1
18,203106,Jeffery Taylor,13.0,5.0,10.0,4.0,2.0,1.0,2.0,0.0,1.0,0.0,3.0,2.0,0.0,28:04,6.0,1
19,203469,Cody Zeller,6.0,3.0,3.0,2.0,0.0,2.0,1.0,0.0,2.0,0.0,1.0,0.0,-1.0,17:53,7.0,1
20,201196,Ramon Sessions,8.0,1.0,4.0,8.0,6.0,0.0,1.0,0.0,3.0,0.0,2.0,2.0,-3.0,14:34,4.4,1
21,202399,Jeff Adrien,2.0,1.0,1.0,0.0,0.0,2.0,0.0,0.0,0.0,2.0,1.0,0.0,2.0,8:11,4.1,1
22,2732,Ben Gordon,,,,,,,,,,,,,,,0.0,1
23,2457,Jannero Pargo,,,,,,,,,,,,,,,0.0,1
24,203480,James Southerland,,,,,,,,,,,,,,,0.0,1
25,201229,Anthony Tolliver,,,,,,,,,,,,,,,0.0,1
