,id,name,PTS,FG,FGA,FTA,FT,OREB,DREB,STL,AST,BLK,PF,TO,PLUS_MINUS,MIN,GS,WIN
0,203082,Terrence Ross,8.0,3.0,12.0,2.0,2.0,0.0,3.0,0.0,0.0,0.0,4.0,1.0,-4.0,26:23,-0.9,0
1,101161,Amir Johnson,2.0,1.0,2.0,0.0,0.0,1.0,3.0,0.0,0.0,0.0,4.0,1.0,-4.0,15:30,-0.0,0
2,202685,Jonas Valanciunas,18.0,8.0,11.0,5.0,2.0,2.0,3.0,0.0,0.0,0.0,5.0,1.0,-16.0,30:53,11.6,0
3,201942,DeMar DeRozan,36.0,14.0,29.0,9.0,6.0,1.0,3.0,0.0,12.0,1.0,3.0,3.0,6.0,41:04,26.6,0
4,200768,Kyle Lowry,23.0,7.0,15.0,7.0,6.0,0.0,5.0,2.0,8.0,0.0,5.0,2.0,-2.0,43:47,20.0,0
5,2422,John Salmons,0.0,0.0,3.0,0.0,0.0,0.0,1.0,0.0,1.0,0.0,0.0,1.0,-17.0,22:45,-2.1,0
6,202335,Patrick Patterson,13.0,6.0,10.0,0.0,0.0,3.0,6.0,0.0,3.0,1.0,4.0,1.0,5.0,27:22,12.5,0
7,201946,Tyler Hansbrough,1.0,0.0,1.0,2.0,1.0,0.0,1.0,0.0,0.0,0.0,2.0,1.0,-4.0,4:20,-1.6,0
8,200779,Steve Novak,0.0,0.0,1.0,0.0,0.0,0.0,1.0,0.0,0.0,1.0,0.0,0.0,6.0,10:22,0.3,0
9,101236,Chuck Hayes,2.0,1.0,3.0,0.0,0.0,2.0,1.0,0.0,2.0,0.0,2.0,0.0,16.0,13:21,2.6,0
10,202933,Julyan Stone,0.0,0.0,0.0,0.0,0.0,0.0,2.0,0.0,1.0,0.0,1.0,1.0,-1.0,4:13,-0.1,0
11,202779,Dwight Buycks,,,,,,,,,,,,,,,0.0,0
12,201948,Austin Daye,,,,,,,,,,,,,,,0.0,0
13,201587,Nicolas Batum,18.0,5.0,10.0,8.0,7.0,2.0,3.0,1.0,4.0,1.0,1.0,4.0,-5.0,34:37,15.0,1
14,200746,LaMarcus Aldridge,27.0,8.0,22.0,14.0,11.0,2.0,13.0,2.0,1.0,0.0,2.0,4.0,1.0,36:24,16.8,1
15,201577,Robin Lopez,8.0,4.0,8.0,0.0,0.0,3.0,4.0,0.0,1.0,2.0,4.0,1.0,0.0,28:40,6.8,1
16,202083,Wesley Matthews,21.0,7.0,11.0,2.0,2.0,0.0,0.0,1.0,3.0,0.0,5.0,2.0,1.0,33:35,15.2,1
17,203081,Damian Lillard,21.0,8.0,15.0,5.0,4.0,0.0,6.0,1.0,7.0,0.0,2.0,0.0,7.0,37:07,20.2,1
18,200777,Joel Freeland,4.0,1.0,2.0,2.0,2.0,2.0,3.0,0.0,0.0,0.0,4.0,1.0,3.0,19:20,2.7,1
19,2590,Mo Williams,3.0,1.0,4.0,0.0,0.0,0.0,0.0,0.0,4.0,0.0,3.0,0.0,-1.0,18:23,2.2,1
20,203468,CJ McCollum,4.0,1.0,3.0,2.0,2.0,0.0,1.0,0.0,0.0,0.0,1.0,1.0,2.0,14:07,1.2,1
21,203080,Thomas Robinson,0.0,0.0,1.0,2.0,0.0,2.0,1.0,0.0,0.0,0.0,1.0,1.0,2.0,11:36,-1.2,1
22,2748,Dorell Wright,0.0,0.0,0.0,0.0,0.0,0.0,0.0,0.0,0.0,0.0,1.0,0.0,5.0,6:11,-0.4,1
23,203115,Will Barton,,,,,,,,,,,,,,,0.0,1
24,203086,Meyers Leonard,,,,,,,,,,,,,,,0.0,1
25,2248,Earl Watson,,,,,,,,,,,,,,,0.0,1
