,id,name,PTS,FG,FGA,FTA,FT,OREB,DREB,STL,AST,BLK,PF,TO,PLUS_MINUS,MIN,GS,WIN
0,2210,Richard Jefferson,19.0,6.0,10.0,4.0,3.0,1.0,3.0,1.0,1.0,1.0,2.0,2.0,1.0,30:22,15.2,0
1,101107,Marvin Williams,9.0,3.0,11.0,4.0,3.0,1.0,9.0,0.0,5.0,0.0,4.0,0.0,-4.0,35:35,7.4,0
2,202683,Enes Kanter,23.0,10.0,19.0,6.0,3.0,8.0,6.0,1.0,1.0,0.0,3.0,3.0,-14.0,37:54,17.4,0
3,202330,Gordon Hayward,15.0,3.0,13.0,9.0,8.0,2.0,1.0,3.0,3.0,0.0,3.0,2.0,-13.0,41:21,10.3,0
4,203504,Trey Burke,6.0,2.0,13.0,0.0,0.0,1.0,1.0,0.0,5.0,0.0,2.0,1.0,-3.0,33:36,0.4,0
5,202692,Alec Burks,4.0,1.0,8.0,2.0,1.0,0.0,1.0,0.0,2.0,0.0,3.0,2.0,-19.0,16:08,-3.1,0
6,203497,Rudy Gobert,5.0,2.0,2.0,3.0,1.0,1.0,3.0,0.0,0.0,0.0,6.0,1.0,-13.0,19:00,1.8,0
7,203197,Diante Garrett,3.0,1.0,3.0,0.0,0.0,1.0,2.0,0.0,1.0,0.0,3.0,0.0,-9.0,15:54,2.1,0
8,201575,Brandon Rush,0.0,0.0,0.0,0.0,0.0,0.0,1.0,0.0,0.0,0.0,1.0,0.0,-5.0,6:55,-0.1,0
9,202952,Malcolm Thomas,0.0,0.0,1.0,0.0,0.0,0.0,0.0,0.0,0.0,0.0,0.0,0.0,1.0,1:46,-0.7,0
10,203546,Ian Clark,3.0,1.0,1.0,0.0,0.0,0.0,0.0,0.0,1.0,0.0,0.0,0.0,3.0,1:30,3.4,0
11,2740,Andris Biedrins,,,,,,,,,,,,,,,0.0,0
12,101249,John Lucas III,,,,,,,,,,,,,,,0.0,0
13,2440,Matt Barnes,9.0,3.0,7.0,6.0,3.0,2.0,2.0,0.0,2.0,1.0,5.0,2.0,1.0,27:53,4.2,1
14,201933,Blake Griffin,25.0,9.0,19.0,12.0,7.0,4.0,7.0,0.0,4.0,0.0,2.0,1.0,17.0,35:25,19.2,1
15,201599,DeAndre Jordan,10.0,4.0,6.0,4.0,2.0,6.0,8.0,1.0,1.0,3.0,5.0,0.0,12.0,34:37,15.0,1
16,200755,JJ Redick,4.0,1.0,6.0,2.0,2.0,1.0,2.0,1.0,0.0,0.0,3.0,1.0,-3.0,18:30,0.3,1
17,201954,Darren Collison,11.0,4.0,8.0,2.0,2.0,0.0,3.0,2.0,6.0,0.0,0.0,2.0,13.0,31:58,12.1,1
18,200797,Ryan Hollins,2.0,1.0,1.0,0.0,0.0,0.0,1.0,0.0,0.0,1.0,1.0,1.0,1.0,12:13,1.3,1
19,2037,Jamal Crawford,27.0,9.0,15.0,9.0,8.0,1.0,2.0,1.0,5.0,0.0,2.0,2.0,24.0,30:49,22.7,1
20,201162,Jared Dudley,2.0,1.0,4.0,0.0,0.0,0.0,2.0,0.0,0.0,0.0,1.0,2.0,12.0,19:27,-2.2,1
21,2045,Hedo Turkoglu,6.0,3.0,4.0,2.0,0.0,0.0,4.0,2.0,5.0,0.0,2.0,0.0,3.0,12:34,9.5,1
22,2584,Willie Green,4.0,2.0,2.0,0.0,0.0,0.0,0.0,0.0,2.0,1.0,1.0,0.0,1.0,13:54,5.1,1
23,203493,Reggie Bullock,2.0,1.0,1.0,0.0,0.0,0.0,0.0,0.0,0.0,0.0,0.0,0.0,-3.0,1:30,1.7,1
24,201957,Byron Mullens,0.0,0.0,1.0,0.0,0.0,0.0,0.0,0.0,0.0,0.0,0.0,0.0,-3.0,1:11,-0.7,1
25,1712,Antawn Jamison,,,,,,,,,,,,,,,0.0,1
