,id,name,PTS,FG,FGA,FTA,FT,OREB,DREB,STL,AST,BLK,PF,TO,PLUS_MINUS,MIN,GS,WIN
0,2546,Carmelo Anthony,28,8,17,9,9,3,4,0,1,1,1,2,-16.0,31:22,21.6,0
1,200745,Andrea Bargnani,6,3,9,0,0,2,5,0,0,2,2,2,-23.0,31:48,2.4,0
2,2199,Tyson Chandler,13,4,8,8,5,2,7,0,3,1,3,1,-15.0,26:00,11.9,0
3,202697,Iman Shumpert,2,1,4,0,0,1,4,0,2,0,3,0,-10.0,20:10,1.7,0
4,101109,Raymond Felton,12,5,10,1,1,0,4,2,5,0,3,4,-19.0,29:08,8.5,0
5,2030,Kenyon Martin,0,0,1,0,0,0,0,0,0,0,1,0,-6.0,7:10,-1.1,0
6,2405,Amar'e Stoudemire,8,3,6,4,2,1,2,0,0,0,2,0,-12.0,14:00,4.7,0
7,2747,JR Smith,12,6,12,0,0,0,4,0,1,0,3,1,-18.0,27:50,5.7,0
8,2757,Beno Udrih,0,0,3,0,0,0,0,0,4,1,0,1,-10.0,16:14,0.4,0
9,203501,Tim Hardaway Jr.,4,2,10,0,0,0,0,0,0,0,3,1,-6.0,21:15,-4.4,0
10,202719,Jeremy Tyler,4,2,3,0,0,2,2,0,0,0,1,0,-6.0,6:56,4.3,0
11,202332,Cole Aldrich,0,0,0,0,0,1,2,0,0,1,0,0,0.0,5:29,2.0,0
12,203315,Toure' Murry,0,0,2,0,0,0,0,0,0,0,0,0,1.0,2:38,-1.4,0
13,202331,Paul George,25,8,17,5,5,1,6,0,3,1,2,2,14.0,33:08,18.8,1
14,2561,David West,12,6,11,0,0,1,2,0,4,2,1,2,10.0,27:01,9.8,1
15,201579,Roy Hibbert,11,4,9,4,3,2,4,1,3,1,4,0,20.0,26:55,10.7,1
16,202362,Lance Stephenson,28,10,17,5,5,1,3,1,4,0,4,0,30.0,35:14,23.9,1
17,201588,George Hill,3,1,2,1,1,0,3,1,5,0,2,0,18.0,22:05,6.6,1
18,201228,C.J. Watson,5,2,5,0,0,1,2,0,0,0,0,1,8.0,22:10,2.6,1
19,101122,Danny Granger,11,4,7,2,2,0,2,0,4,0,1,0,13.0,19:33,10.7,1
20,2449,Luis Scola,10,4,8,2,2,0,7,0,1,0,2,0,18.0,15:30,8.0,1
21,101133,Ian Mahinmi,4,1,4,2,2,0,3,0,0,2,2,0,8.0,21:05,3.1,1
22,203142,Chris Copeland,4,1,1,2,1,1,3,0,0,0,1,0,0.0,5:29,4.5,1
23,2446,Rasual Butler,0,0,3,0,0,0,0,0,0,0,0,0,0.0,5:27,-2.1,1
24,202388,Donald Sloan,2,1,1,0,0,0,1,0,2,0,0,0,2.0,3:45,3.4,1
25,203111,Orlando Johnson,2,1,1,0,0,0,0,0,0,0,0,0,-1.0,2:38,1.7,1
