,id,name,PTS,FG,FGA,FTA,FT,OREB,DREB,STL,AST,BLK,PF,TO,PLUS_MINUS,MIN,GS,WIN
0,200782,P.J. Tucker,17.0,6.0,6.0,3.0,2.0,4.0,1.0,0.0,2.0,0.0,4.0,3.0,-13.0,24:48,14.7,1
1,101112,Channing Frye,20.0,6.0,10.0,4.0,3.0,0.0,3.0,2.0,1.0,1.0,4.0,0.0,2.0,27:48,17.7,1
2,203101,Miles Plumlee,4.0,2.0,6.0,2.0,0.0,2.0,9.0,0.0,0.0,3.0,3.0,1.0,3.0,24:20,3.8,1
3,101123,Gerald Green,14.0,5.0,15.0,4.0,4.0,0.0,1.0,1.0,3.0,0.0,3.0,3.0,-7.0,35:28,4.7,1
4,201609,Goran Dragic,14.0,4.0,9.0,11.0,6.0,0.0,5.0,1.0,8.0,0.0,5.0,6.0,-4.0,32:14,7.4,1
5,202693,Markieff Morris,11.0,4.0,13.0,4.0,2.0,1.0,8.0,0.0,2.0,0.0,4.0,1.0,15.0,36:04,4.6,1
6,203462,Archie Goodwin,8.0,3.0,5.0,3.0,2.0,0.0,6.0,1.0,0.0,1.0,1.0,2.0,19.0,22:20,6.4,1
7,202694,Marcus Morris Sr.,8.0,2.0,2.0,7.0,3.0,2.0,1.0,1.0,1.0,0.0,0.0,2.0,15.0,18:32,7.2,1
8,202397,Ish Smith,2.0,1.0,4.0,0.0,0.0,0.0,0.0,2.0,4.0,0.0,1.0,3.0,5.0,18:26,1.0,1
9,202339,Eric Bledsoe,,,,,,,,,,,,,,,0.0,1
10,202091,Dionte Christmas,,,,,,,,,,,,,,,0.0,1
11,203139,Viacheslav Kravtsov,,,,,,,,,,,,,,,0.0,1
12,203458,Alex Len,,,,,,,,,,,,,,,0.0,1
13,203077,Michael Kidd-Gilchrist,9.0,1.0,2.0,8.0,7.0,0.0,3.0,1.0,0.0,0.0,2.0,2.0,-10.0,18:21,6.7,0
14,201177,Josh McRoberts,10.0,4.0,10.0,0.0,0.0,3.0,3.0,1.0,5.0,0.0,4.0,0.0,13.0,30:32,10.5,0
15,2744,Al Jefferson,9.0,3.0,6.0,5.0,3.0,2.0,4.0,2.0,3.0,3.0,4.0,3.0,-9.0,24:56,9.4,0
16,201945,Gerald Henderson,17.0,6.0,12.0,6.0,5.0,0.0,4.0,1.0,3.0,1.0,4.0,1.0,7.0,34:21,13.0,0
17,202689,Kemba Walker,16.0,7.0,18.0,3.0,2.0,0.0,5.0,1.0,6.0,0.0,3.0,1.0,3.0,37:22,10.3,0
18,203106,Jeffery Taylor,4.0,2.0,4.0,0.0,0.0,0.0,0.0,0.0,0.0,0.0,5.0,2.0,-12.0,17:48,-2.0,0
19,202399,Jeff Adrien,5.0,1.0,3.0,3.0,3.0,1.0,2.0,1.0,0.0,0.0,1.0,1.0,-10.0,15:36,4.2,0
20,203469,Cody Zeller,6.0,2.0,11.0,2.0,2.0,4.0,5.0,0.0,0.0,0.0,3.0,3.0,-8.0,24:56,-0.8,0
21,201196,Ramon Sessions,15.0,6.0,10.0,6.0,2.0,1.0,3.0,2.0,0.0,0.0,1.0,3.0,-10.0,28:23,9.0,0
22,201229,Anthony Tolliver,0.0,0.0,1.0,0.0,0.0,0.0,1.0,0.0,0.0,0.0,1.0,0.0,1.0,7:45,-0.8,0
23,202687,Bismack Biyombo,,,,,,,,,,,,,,,0.0,0
24,2732,Ben Gordon,,,,,,,,,,,,,,,0.0,0
25,2457,Jannero Pargo,,,,,,,,,,,,,,,0.0,0
