,id,name,PTS,FG,FGA,FTA,FT,OREB,DREB,STL,AST,BLK,PF,TO,PLUS_MINUS,MIN,GS,WIN
0,2419,Tayshaun Prince,8.0,2.0,7.0,4.0,3.0,1.0,1.0,1.0,0.0,1.0,2.0,0.0,6.0,25:02,5.4,1
1,2216,Zach Randolph,6.0,2.0,10.0,2.0,2.0,1.0,3.0,0.0,1.0,0.0,2.0,2.0,-10.0,26:29,-0.7,1
2,201188,Marc Gasol,0.0,0.0,4.0,0.0,0.0,1.0,4.0,0.0,0.0,0.0,0.0,2.0,-10.0,14:28,-2.9,1
3,201584,Courtney Lee,9.0,3.0,7.0,2.0,2.0,0.0,0.0,0.0,0.0,0.0,2.0,0.0,-10.0,26:26,4.5,1
4,201144,Mike Conley,15.0,6.0,13.0,2.0,1.0,1.0,6.0,1.0,5.0,1.0,3.0,2.0,1.0,35:05,12.4,1
5,201585,Kosta Koufos,10.0,4.0,7.0,4.0,2.0,0.0,4.0,1.0,3.0,2.0,2.0,1.0,8.0,21:32,9.8,1
6,202334,Ed Davis,14.0,7.0,8.0,2.0,0.0,4.0,5.0,0.0,1.0,0.0,1.0,0.0,13.0,21:13,15.0,1
7,201949,James Johnson,15.0,7.0,13.0,0.0,0.0,2.0,4.0,2.0,5.0,6.0,2.0,0.0,7.0,28:23,20.2,1
8,201979,Nick Calathes,3.0,1.0,3.0,2.0,1.0,0.0,1.0,0.0,3.0,0.0,1.0,2.0,4.0,13:02,0.9,1
9,2034,Mike Miller,2.0,1.0,8.0,0.0,0.0,0.0,4.0,2.0,1.0,0.0,0.0,0.0,7.0,19:23,0.7,1
10,203479,Jamaal Franklin,0.0,0.0,2.0,0.0,0.0,1.0,0.0,0.0,1.0,0.0,2.0,0.0,9.0,8:58,-0.8,1
11,2754,Tony Allen,,,,,,,,,,,,,,,0.0,1
12,202720,Jon Leuer,,,,,,,,,,,,,,,0.0,1
13,203507,Giannis Antetokounmpo,6.0,2.0,4.0,2.0,2.0,0.0,1.0,0.0,1.0,0.0,4.0,2.0,6.0,22:18,1.4,0
14,101141,Ersan Ilyasova,4.0,2.0,11.0,0.0,0.0,4.0,9.0,1.0,3.0,0.0,4.0,1.0,2.0,29:03,3.1,0
15,202336,Larry Sanders,10.0,4.0,12.0,2.0,2.0,5.0,7.0,0.0,1.0,3.0,3.0,1.0,5.0,37:19,9.4,0
16,2557,Luke Ridnour,9.0,4.0,8.0,0.0,0.0,0.0,6.0,1.0,9.0,0.0,3.0,3.0,-2.0,42:38,9.9,0
17,202688,Brandon Knight,27.0,10.0,17.0,2.0,2.0,0.0,2.0,1.0,4.0,0.0,0.0,4.0,9.0,40:29,19.5,0
18,203114,Khris Middleton,2.0,1.0,6.0,0.0,0.0,1.0,1.0,0.0,0.0,0.0,1.0,0.0,-17.0,12:07,-1.2,0
19,203089,John Henson,8.0,3.0,9.0,4.0,2.0,5.0,8.0,1.0,2.0,1.0,2.0,2.0,-12.0,26:06,8.3,0
20,201564,O.J. Mayo,0.0,0.0,3.0,0.0,0.0,0.0,0.0,0.0,0.0,0.0,0.0,0.0,-14.0,6:39,-2.1,0
21,203545,Miroslav Raduljica,1.0,0.0,0.0,2.0,1.0,0.0,0.0,0.0,0.0,0.0,1.0,1.0,-9.0,4:51,-0.8,0
22,2406,Caron Butler,10.0,5.0,12.0,0.0,0.0,0.0,2.0,1.0,2.0,1.0,1.0,1.0,7.0,18:30,5.9,0
23,202390,Gary Neal,,,,,,,,,,,,,,,0.0,0
24,202327,Ekpe Udoh,,,,,,,,,,,,,,,0.0,0
25,203489,Nate Wolters,,,,,,,,,,,,,,,0.0,0
