,id,name,PTS,FG,FGA,FTA,FT,OREB,DREB,STL,AST,BLK,PF,TO,PLUS_MINUS,MIN,GS,WIN
0,200752,Rudy Gay,20.0,9.0,22.0,2.0,0.0,3.0,4.0,2.0,3.0,0.0,4.0,4.0,5.0,44:44,9.2,1
1,201574,Jason Thompson,6.0,3.0,5.0,0.0,0.0,2.0,8.0,0.0,0.0,0.0,1.0,2.0,-1.0,30:45,5.1,1
2,202326,DeMarcus Cousins,19.0,7.0,13.0,5.0,5.0,3.0,11.0,0.0,2.0,1.0,3.0,2.0,-17.0,32:49,17.0,1
3,202738,Isaiah Thomas,20.0,6.0,17.0,8.0,7.0,1.0,0.0,2.0,7.0,0.0,2.0,1.0,-13.0,40:36,15.9,1
4,201977,Marcus Thornton,3.0,1.0,4.0,0.0,0.0,0.0,0.0,1.0,0.0,0.0,0.0,0.0,-7.0,18:54,1.6,1
5,202682,Derrick Williams,14.0,5.0,8.0,4.0,4.0,1.0,3.0,0.0,0.0,0.0,1.0,2.0,15.0,37:55,9.6,1
6,203463,Ben McLemore,0.0,0.0,2.0,0.0,0.0,0.0,3.0,0.0,1.0,0.0,1.0,1.0,17.0,18:09,-1.2,1
7,203112,Quincy Acy,0.0,0.0,0.0,0.0,0.0,0.0,0.0,0.0,0.0,0.0,2.0,0.0,-2.0,5:16,-0.8,1
8,201171,Carl Landry,0.0,0.0,0.0,0.0,0.0,1.0,2.0,0.0,1.0,0.0,4.0,2.0,14.0,8:32,-1.6,1
9,202690,Jimmer Fredette,24.0,9.0,14.0,0.0,0.0,0.0,0.0,2.0,2.0,0.0,0.0,1.0,14.0,27:20,20.2,1
10,201189,Aaron Gray,,,,,,,,,,,,,,,0.0,1
11,203492,Ray McCallum,,,,,,,,,,,,,,,0.0,1
12,2566,Travis Outlaw,,,,,,,,,,,,,,,0.0,1
13,2546,Carmelo Anthony,36.0,12.0,28.0,7.0,7.0,1.0,10.0,0.0,3.0,0.0,3.0,3.0,6.0,48:25,22.8,0
14,202697,Iman Shumpert,8.0,3.0,7.0,0.0,0.0,0.0,2.0,3.0,2.0,0.0,2.0,2.0,9.0,21:53,6.5,0
15,2199,Tyson Chandler,17.0,8.0,12.0,2.0,1.0,3.0,8.0,1.0,2.0,1.0,3.0,1.0,2.0,40:31,16.8,0
16,101109,Raymond Felton,8.0,3.0,11.0,4.0,2.0,4.0,2.0,0.0,12.0,0.0,5.0,3.0,7.0,40:53,7.5,0
17,203143,Pablo Prigioni,5.0,2.0,3.0,0.0,0.0,0.0,0.0,2.0,5.0,0.0,2.0,1.0,-1.0,23:23,7.4,0
18,2405,Amar'e Stoudemire,20.0,10.0,15.0,0.0,0.0,3.0,5.0,0.0,1.0,2.0,3.0,6.0,-6.0,36:57,12.0,0
19,203501,Tim Hardaway Jr.,7.0,3.0,12.0,1.0,0.0,1.0,1.0,1.0,1.0,0.0,1.0,2.0,-28.0,37:56,-0.3,0
20,202719,Jeremy Tyler,0.0,0.0,1.0,0.0,0.0,1.0,4.0,0.0,0.0,0.0,2.0,0.0,-7.0,11:35,0.4,0
21,203315,Toure' Murry,0.0,0.0,1.0,0.0,0.0,0.0,0.0,0.0,1.0,0.0,0.0,0.0,-7.0,3:28,0.0,0
22,202332,Cole Aldrich,,,,,,,,,,,,,,,0.0,0
23,2747,JR Smith,,,,,,,,,,,,,,,0.0,0
24,2757,Beno Udrih,,,,,,,,,,,,,,,0.0,0
25,1897,Metta World Peace,,,,,,,,,,,,,,,0.0,0
