,id,name,PTS,FG,FGA,FTA,FT,OREB,DREB,STL,AST,BLK,PF,TO,PLUS_MINUS,MIN,GS,WIN
0,2772,Trevor Ariza,15.0,5.0,11.0,2.0,2.0,3.0,8.0,6.0,4.0,0.0,3.0,1.0,-8.0,35:35,20.4,1
1,202344,Trevor Booker,6.0,2.0,6.0,3.0,2.0,3.0,2.0,0.0,0.0,0.0,3.0,0.0,-8.0,22:00,3.7,1
2,101162,Marcin Gortat,8.0,4.0,8.0,0.0,0.0,0.0,3.0,1.0,1.0,2.0,4.0,1.0,-11.0,27:58,5.4,1
3,203078,Bradley Beal,13.0,6.0,13.0,0.0,0.0,0.0,4.0,1.0,2.0,0.0,2.0,3.0,-6.0,29:20,6.1,1
4,202322,John Wall,29.0,7.0,15.0,15.0,14.0,2.0,2.0,2.0,7.0,0.0,3.0,5.0,-10.0,37:47,23.6,1
5,101110,Martell Webster,10.0,4.0,7.0,0.0,0.0,0.0,4.0,0.0,1.0,0.0,2.0,0.0,17.0,21:56,7.8,1
6,2403,Nene,11.0,5.0,9.0,2.0,1.0,0.0,6.0,0.0,5.0,0.0,3.0,1.0,13.0,28:01,9.4,1
7,202686,Jan Vesely,0.0,0.0,0.0,0.0,0.0,0.0,1.0,0.0,0.0,0.0,2.0,0.0,4.0,6:28,-0.5,1
8,202066,Garrett Temple,1.0,0.0,1.0,2.0,1.0,0.0,2.0,0.0,4.0,0.0,1.0,0.0,17.0,10:23,2.9,1
9,203490,Otto Porter Jr.,7.0,3.0,4.0,3.0,1.0,0.0,0.0,1.0,0.0,0.0,1.0,2.0,14.0,9:36,3.2,1
10,202338,Kevin Seraphin,6.0,3.0,4.0,0.0,0.0,1.0,1.0,0.0,1.0,0.0,3.0,2.0,13.0,10:56,2.9,1
11,201953,Eric Maynor,,,,,,,,,,,,,,,0.0,1
12,202698,Chris Singleton,,,,,,,,,,,,,,,0.0,1
13,2746,Josh Smith,16.0,6.0,19.0,6.0,4.0,4.0,5.0,2.0,6.0,0.0,1.0,4.0,-1.0,42:55,10.4,0
14,202328,Greg Monroe,22.0,7.0,17.0,12.0,8.0,4.0,6.0,1.0,2.0,0.0,0.0,1.0,8.0,38:04,17.3,0
15,203083,Andre Drummond,16.0,7.0,10.0,4.0,2.0,7.0,9.0,2.0,0.0,1.0,5.0,2.0,-16.0,32:18,17.3,0
16,203484,Kentavious Caldwell-Pope,17.0,7.0,11.0,1.0,0.0,1.0,2.0,0.0,1.0,0.0,4.0,0.0,8.0,35:05,12.1,0
17,201943,Brandon Jennings,15.0,5.0,16.0,4.0,3.0,0.0,0.0,3.0,14.0,0.0,5.0,6.0,7.0,39:04,10.2,0
18,202713,Kyle Singler,11.0,4.0,5.0,4.0,2.0,1.0,2.0,1.0,0.0,1.0,3.0,1.0,-7.0,25:31,9.1,0
19,1497,Chauncey Billups,0.0,0.0,2.0,0.0,0.0,0.0,1.0,0.0,1.0,0.0,2.0,1.0,-15.0,11:56,-2.2,0
20,202725,Josh Harrellson,0.0,0.0,1.0,0.0,0.0,1.0,0.0,0.0,1.0,0.0,0.0,0.0,-2.0,2:57,0.7,0
21,101198,Will Bynum,2.0,0.0,0.0,2.0,2.0,0.0,0.0,0.0,1.0,0.0,3.0,0.0,-14.0,8:56,1.5,0
22,203540,Gigi Datome,0.0,0.0,1.0,2.0,0.0,0.0,0.0,0.0,0.0,0.0,1.0,1.0,-3.0,3:14,-2.9,0
23,201973,Jonas Jerebko,,,,,,,,,,,,,,,0.0,0
24,201155,Rodney Stuckey,,,,,,,,,,,,,,,0.0,0
25,101111,Charlie Villanueva,,,,,,,,,,,,,,,0.0,0
