,id,name,PTS,FG,FGA,FTA,FT,OREB,DREB,STL,AST,BLK,PF,TO,PLUS_MINUS,MIN,GS,WIN
0,200782,P.J. Tucker,13.0,6.0,10.0,2.0,1.0,4.0,1.0,0.0,2.0,1.0,2.0,0.0,-15.0,36:07,12.4,0
1,101112,Channing Frye,8.0,3.0,11.0,2.0,1.0,0.0,0.0,0.0,2.0,0.0,4.0,0.0,-22.0,22:58,0.9,0
2,203101,Miles Plumlee,5.0,2.0,4.0,2.0,1.0,1.0,5.0,0.0,0.0,1.0,3.0,1.0,-22.0,25:56,3.3,0
3,101123,Gerald Green,13.0,5.0,14.0,2.0,1.0,2.0,4.0,1.0,1.0,0.0,4.0,2.0,-15.0,31:23,5.5,0
4,201609,Goran Dragic,23.0,6.0,13.0,9.0,9.0,1.0,5.0,3.0,8.0,0.0,4.0,4.0,-14.0,35:52,21.5,0
5,202693,Markieff Morris,12.0,5.0,13.0,2.0,2.0,1.0,5.0,0.0,4.0,0.0,4.0,1.0,1.0,22:57,7.3,0
6,2571,Leandro Barbosa,13.0,5.0,7.0,2.0,1.0,0.0,2.0,0.0,2.0,1.0,2.0,0.0,10.0,20:11,11.6,0
7,203458,Alex Len,2.0,1.0,3.0,0.0,0.0,0.0,1.0,0.0,0.0,0.0,3.0,1.0,11.0,14:30,-1.6,0
8,202694,Marcus Morris Sr.,11.0,5.0,9.0,0.0,0.0,2.0,2.0,1.0,0.0,0.0,1.0,1.0,0.0,15:54,8.3,0
9,202397,Ish Smith,8.0,4.0,6.0,0.0,0.0,1.0,1.0,1.0,2.0,1.0,0.0,3.0,0.0,12:08,6.5,0
10,203139,Viacheslav Kravtsov,0.0,0.0,0.0,0.0,0.0,0.0,0.0,0.0,0.0,0.0,0.0,0.0,-2.0,1:02,0.0,0
11,202091,Dionte Christmas,0.0,0.0,0.0,0.0,0.0,0.0,0.0,0.0,0.0,0.0,0.0,0.0,-2.0,1:02,0.0,0
12,202718,Chandler Parsons,19.0,8.0,12.0,0.0,0.0,1.0,6.0,2.0,6.0,0.0,1.0,0.0,15.0,41:02,22.1,1
13,203093,Terrence Jones,19.0,8.0,12.0,3.0,2.0,4.0,5.0,0.0,2.0,3.0,2.0,1.0,12.0,31:14,19.4,1
14,2730,Dwight Howard,34.0,11.0,17.0,18.0,12.0,0.0,14.0,3.0,0.0,2.0,4.0,5.0,24.0,38:59,26.1,1
15,201935,James Harden,23.0,4.0,10.0,12.0,12.0,0.0,2.0,2.0,1.0,0.0,2.0,1.0,25.0,38:15,19.1,1
16,201976,Patrick Beverley,8.0,3.0,7.0,0.0,0.0,0.0,0.0,1.0,5.0,0.0,3.0,0.0,13.0,31:02,7.6,1
17,202391,Jeremy Lin,11.0,3.0,6.0,4.0,4.0,0.0,1.0,1.0,2.0,0.0,4.0,3.0,-7.0,28:40,6.1,1
18,202700,Donatas Motiejunas,5.0,1.0,5.0,3.0,3.0,0.0,1.0,0.0,0.0,0.0,3.0,1.0,-6.0,16:38,0.0,1
19,201956,Omri Casspi,3.0,1.0,2.0,2.0,0.0,0.0,2.0,0.0,1.0,0.0,0.0,2.0,-6.0,13:43,0.5,1
20,203496,Robert Covington,0.0,0.0,0.0,0.0,0.0,0.0,0.0,0.0,0.0,0.0,0.0,0.0,0.0,0:29,0.0,1
21,200758,Ronnie Brewer,,,,,,,,,,,,,,,0.0,1
22,201166,Aaron Brooks,,,,,,,,,,,,,,,0.0,1
23,101128,Francisco Garcia,,,,,,,,,,,,,,,0.0,1
24,202962,Greg Smith,,,,,,,,,,,,,,,0.0,1
