,id,name,PTS,FG,FGA,FTA,FT,OREB,DREB,STL,AST,BLK,PF,TO,PLUS_MINUS,MIN,GS,WIN
0,2772,Trevor Ariza,12.0,3.0,7.0,4.0,4.0,0.0,7.0,2.0,1.0,0.0,2.0,4.0,6.0,32:45,8.3,1
1,202344,Trevor Booker,10.0,4.0,6.0,3.0,2.0,1.0,2.0,2.0,1.0,1.0,4.0,1.0,14.0,14:30,9.1,1
2,101162,Marcin Gortat,13.0,5.0,12.0,4.0,3.0,3.0,10.0,1.0,0.0,5.0,4.0,3.0,9.0,33:20,11.2,1
3,203078,Bradley Beal,18.0,5.0,13.0,6.0,4.0,0.0,2.0,1.0,3.0,0.0,1.0,2.0,19.0,38:17,11.4,1
4,202322,John Wall,28.0,11.0,21.0,5.0,5.0,0.0,4.0,2.0,14.0,0.0,3.0,6.0,4.0,34:37,23.5,1
5,1733,Al Harrington,15.0,5.0,12.0,4.0,3.0,2.0,1.0,0.0,0.0,0.0,1.0,1.0,0.0,25:56,8.5,1
6,101110,Martell Webster,2.0,1.0,5.0,0.0,0.0,0.0,1.0,0.0,0.0,1.0,1.0,0.0,-4.0,27:07,-0.5,1
7,2400,Drew Gooden,11.0,5.0,8.0,1.0,1.0,3.0,8.0,0.0,0.0,0.0,5.0,1.0,-5.0,19:16,8.9,1
8,1889,Andre Miller,8.0,3.0,3.0,2.0,1.0,0.0,0.0,1.0,2.0,0.0,1.0,1.0,9.0,13:25,7.7,1
9,202338,Kevin Seraphin,0.0,0.0,0.0,0.0,0.0,0.0,0.0,0.0,0.0,0.0,0.0,0.0,-2.0,0:37,0.0,1
10,202066,Garrett Temple,0.0,0.0,0.0,0.0,0.0,0.0,0.0,0.0,0.0,0.0,0.0,0.0,0.0,0:05,0.0,1
11,203490,Otto Porter Jr.,0.0,0.0,0.0,0.0,0.0,0.0,0.0,0.0,0.0,0.0,0.0,0.0,0.0,0:05,0.0,1
12,202698,Chris Singleton,,,,,,,,,,,,,,,0.0,1
13,203145,Kent Bazemore,3.0,1.0,3.0,3.0,1.0,0.0,0.0,0.0,1.0,0.0,1.0,2.0,-17.0,10:32,-1.2,0
14,2200,Pau Gasol,14.0,6.0,14.0,5.0,2.0,3.0,11.0,1.0,5.0,1.0,1.0,5.0,-11.0,32:28,10.6,0
15,203135,Robert Sacre,11.0,5.0,8.0,1.0,1.0,0.0,2.0,0.0,2.0,0.0,0.0,2.0,-2.0,17:35,7.4,0
16,201975,Jodie Meeks,21.0,7.0,17.0,6.0,5.0,0.0,0.0,4.0,2.0,0.0,1.0,0.0,-13.0,33:44,16.5,0
17,203088,Kendall Marshall,4.0,2.0,8.0,0.0,0.0,0.0,2.0,2.0,7.0,0.0,2.0,3.0,-17.0,28:54,2.9,0
18,203527,Ryan Kelly,7.0,3.0,4.0,2.0,1.0,0.0,3.0,0.0,1.0,0.0,5.0,0.0,-2.0,19:18,4.6,0
19,202333,Xavier Henry,12.0,6.0,10.0,0.0,0.0,1.0,2.0,2.0,2.0,0.0,3.0,2.0,0.0,23:20,8.9,0
20,201156,Nick Young,21.0,7.0,16.0,4.0,3.0,1.0,1.0,0.0,1.0,0.0,4.0,1.0,9.0,28:58,11.3,0
21,959,Steve Nash,5.0,2.0,4.0,0.0,0.0,1.0,3.0,3.0,11.0,0.0,1.0,4.0,8.0,18:32,10.9,0
22,201941,Jordan Hill,9.0,4.0,7.0,2.0,1.0,5.0,9.0,0.0,0.0,4.0,4.0,2.0,-5.0,26:39,10.7,0
23,202705,MarShon Brooks,,,,,,,,,,,,,,,0.0,0
24,202325,Wesley Johnson,,,,,,,,,,,,,,,0.0,0
25,2549,Chris Kaman,,,,,,,,,,,,,,,0.0,0
