,id,name,PTS,FG,FGA,FTA,FT,OREB,DREB,STL,AST,BLK,PF,TO,PLUS_MINUS,MIN,GS,WIN
0,200758,Ronnie Brewer,2.0,1.0,2.0,0.0,0.0,1.0,0.0,1.0,0.0,0.0,1.0,0.0,8.0,17:09,2.3,1
1,203093,Terrence Jones,19.0,7.0,14.0,5.0,5.0,3.0,14.0,0.0,1.0,3.0,3.0,3.0,3.0,30:24,16.9,1
2,2730,Dwight Howard,23.0,10.0,17.0,10.0,3.0,2.0,5.0,1.0,2.0,0.0,5.0,5.0,12.0,34:18,10.6,1
3,201935,James Harden,25.0,7.0,14.0,9.0,8.0,0.0,8.0,1.0,5.0,0.0,2.0,5.0,4.0,38:05,18.7,1
4,202391,Jeremy Lin,18.0,5.0,11.0,10.0,8.0,2.0,0.0,2.0,8.0,0.0,5.0,3.0,18.0,43:04,15.5,1
5,101128,Francisco Garcia,6.0,2.0,3.0,0.0,0.0,1.0,3.0,1.0,3.0,1.0,3.0,0.0,0.0,31:10,8.9,1
6,201956,Omri Casspi,14.0,4.0,5.0,4.0,4.0,0.0,2.0,1.0,2.0,0.0,3.0,1.0,4.0,17:36,12.9,1
7,201166,Aaron Brooks,3.0,1.0,5.0,0.0,0.0,0.0,1.0,0.0,1.0,0.0,0.0,1.0,-8.0,14:51,-0.1,1
8,202962,Greg Smith,4.0,1.0,2.0,4.0,2.0,0.0,1.0,0.0,0.0,1.0,3.0,1.0,-6.0,13:24,1.0,1
9,201600,Omer Asik,,,,,,,,,,,,,,,0.0,1
10,203477,Isaiah Canaan,,,,,,,,,,,,,,,0.0,1
11,202700,Donatas Motiejunas,,,,,,,,,,,,,,,0.0,1
12,202718,Chandler Parsons,,,,,,,,,,,,,,,0.0,1
13,2772,Trevor Ariza,23.0,7.0,16.0,7.0,6.0,2.0,12.0,5.0,2.0,0.0,4.0,2.0,-6.0,44:59,22.0,0
14,202344,Trevor Booker,8.0,4.0,5.0,0.0,0.0,3.0,1.0,0.0,0.0,1.0,3.0,0.0,-15.0,17:59,8.0,0
15,101162,Marcin Gortat,5.0,2.0,4.0,2.0,1.0,2.0,1.0,1.0,3.0,0.0,4.0,1.0,-21.0,19:42,4.8,0
16,203078,Bradley Beal,13.0,4.0,16.0,5.0,5.0,1.0,1.0,1.0,2.0,0.0,3.0,0.0,-26.0,26:50,5.6,0
17,202322,John Wall,23.0,8.0,22.0,8.0,6.0,0.0,2.0,2.0,10.0,0.0,4.0,3.0,1.0,42:41,15.0,0
18,2403,Nene,8.0,3.0,10.0,6.0,2.0,4.0,6.0,1.0,6.0,1.0,5.0,0.0,11.0,26:30,9.1,0
19,101110,Martell Webster,3.0,1.0,3.0,0.0,0.0,0.0,3.0,0.0,0.0,0.0,3.0,2.0,19.0,23:16,-1.0,0
20,202686,Jan Vesely,2.0,1.0,2.0,0.0,0.0,2.0,1.0,0.0,0.0,0.0,1.0,0.0,-2.0,6:45,2.3,0
21,203490,Otto Porter Jr.,0.0,0.0,1.0,0.0,0.0,0.0,0.0,1.0,0.0,0.0,0.0,0.0,-1.0,3:01,0.3,0
22,202066,Garrett Temple,4.0,2.0,3.0,0.0,0.0,0.0,1.0,0.0,0.0,0.0,1.0,1.0,-9.0,5:38,1.6,0
23,202338,Kevin Seraphin,18.0,8.0,13.0,3.0,2.0,3.0,2.0,0.0,1.0,1.0,4.0,2.0,14.0,22:40,12.2,0
24,201953,Eric Maynor,,,,,,,,,,,,,,,0.0,0
25,202698,Chris Singleton,,,,,,,,,,,,,,,0.0,0
