,id,name,PTS,FG,FGA,FTA,FT,OREB,DREB,STL,AST,BLK,PF,TO,PLUS_MINUS,MIN,GS,WIN
0,202329,Al-Farouq Aminu,7.0,2.0,7.0,4.0,3.0,1.0,5.0,2.0,4.0,0.0,2.0,0.0,-10.0,30:02,8.7,0
1,203076,Anthony Davis,24.0,11.0,19.0,5.0,2.0,4.0,5.0,3.0,2.0,1.0,3.0,1.0,-9.0,38:21,21.1,0
2,201582,Alexis Ajinca,0.0,0.0,2.0,0.0,0.0,1.0,2.0,1.0,0.0,0.0,4.0,2.0,-5.0,11:11,-2.7,0
3,201569,Eric Gordon,7.0,3.0,12.0,4.0,1.0,0.0,1.0,0.0,2.0,0.0,2.0,3.0,-3.0,27:41,-3.5,0
4,203148,Brian Roberts,12.0,4.0,9.0,2.0,2.0,1.0,1.0,4.0,4.0,0.0,2.0,3.0,-5.0,23:39,11.3,0
5,201880,Greg Stiemsma,5.0,2.0,4.0,1.0,1.0,2.0,1.0,1.0,0.0,0.0,4.0,1.0,-3.0,19:37,3.1,0
6,203085,Austin Rivers,10.0,3.0,10.0,7.0,4.0,1.0,3.0,0.0,5.0,0.0,1.0,1.0,-10.0,25:28,6.7,0
7,201627,Anthony Morrow,3.0,1.0,6.0,0.0,0.0,1.0,1.0,1.0,0.0,1.0,3.0,2.0,-9.0,20:19,-1.3,0
8,203121,Darius Miller,2.0,0.0,2.0,4.0,2.0,2.0,0.0,1.0,2.0,0.0,2.0,0.0,0.0,16:08,2.8,0
9,202337,Luke Babbitt,9.0,3.0,8.0,0.0,0.0,0.0,4.0,1.0,1.0,0.0,2.0,1.0,-4.0,19:16,5.7,0
10,203481,Jeff Withey,2.0,1.0,4.0,0.0,0.0,3.0,3.0,1.0,0.0,0.0,0.0,0.0,-2.0,8:18,3.6,0
11,201936,Tyreke Evans,,,,,,,,,,,,,,,0.0,0
12,201160,Jason Smith,,,,,,,,,,,,,,,0.0,0
13,2207,Joe Johnson,8.0,3.0,7.0,0.0,0.0,0.0,3.0,0.0,2.0,0.0,2.0,1.0,1.0,23:03,4.8,1
14,1718,Paul Pierce,9.0,3.0,7.0,3.0,2.0,0.0,4.0,1.0,0.0,1.0,3.0,0.0,-3.0,17:28,6.6,1
15,708,Kevin Garnett,6.0,3.0,3.0,0.0,0.0,0.0,4.0,1.0,2.0,1.0,1.0,3.0,4.0,13:24,6.0,1
16,2733,Shaun Livingston,2.0,1.0,1.0,0.0,0.0,0.0,1.0,0.0,1.0,1.0,2.0,2.0,1.0,24:19,0.6,1
17,101114,Deron Williams,9.0,3.0,6.0,2.0,2.0,0.0,4.0,2.0,6.0,0.0,2.0,3.0,2.0,25:08,9.6,1
18,101154,Andray Blatche,6.0,3.0,4.0,0.0,0.0,1.0,0.0,0.0,0.0,0.0,3.0,3.0,-6.0,6:16,0.9,1
19,203141,Mirza Teletovic,13.0,4.0,12.0,8.0,4.0,2.0,9.0,0.0,0.0,0.0,1.0,1.0,15.0,30:32,7.3,1
20,203486,Mason Plumlee,22.0,8.0,10.0,9.0,6.0,2.0,11.0,3.0,0.0,2.0,3.0,1.0,14.0,28:20,23.9,1
21,1891,Jason Terry,1.0,0.0,5.0,2.0,1.0,0.0,1.0,2.0,5.0,0.0,0.0,1.0,11.0,21:13,1.9,1
22,101187,Alan Anderson,13.0,5.0,9.0,2.0,2.0,0.0,0.0,0.0,3.0,0.0,4.0,4.0,10.0,27:49,5.2,1
23,1905,Andrei Kirilenko,4.0,2.0,2.0,3.0,0.0,2.0,1.0,1.0,0.0,1.0,2.0,3.0,10.0,19:52,1.8,1
24,203104,Marquis Teague,0.0,0.0,0.0,0.0,0.0,0.0,0.0,0.0,1.0,0.0,1.0,0.0,1.0,2:36,0.3,1
25,2501,Reggie Evans,,,,,,,,,,,,,,,0.0,1
