,id,name,PTS,FG,FGA,FTA,FT,OREB,DREB,STL,AST,BLK,PF,TO,PLUS_MINUS,MIN,GS,WIN
0,2207,Joe Johnson,6.0,2.0,7.0,2.0,1.0,1.0,5.0,0.0,1.0,0.0,4.0,2.0,3.0,24:43,0.8,1
1,1718,Paul Pierce,6.0,2.0,10.0,2.0,2.0,1.0,3.0,0.0,2.0,0.0,5.0,2.0,0.0,29:03,-1.2,1
2,708,Kevin Garnett,6.0,3.0,6.0,0.0,0.0,0.0,4.0,2.0,3.0,1.0,0.0,0.0,0.0,22:48,9.0,1
3,101187,Alan Anderson,11.0,4.0,10.0,0.0,0.0,0.0,1.0,0.0,0.0,0.0,2.0,0.0,-2.0,22:04,5.1,1
4,2733,Shaun Livingston,9.0,4.0,8.0,2.0,1.0,3.0,5.0,1.0,2.0,0.0,1.0,1.0,1.0,22:29,9.2,1
5,101154,Andray Blatche,17.0,6.0,15.0,6.0,5.0,2.0,2.0,2.0,1.0,2.0,4.0,1.0,6.0,25:12,12.0,1
6,101114,Deron Williams,7.0,3.0,8.0,2.0,1.0,1.0,6.0,2.0,7.0,0.0,3.0,2.0,1.0,34:24,8.4,1
7,203141,Mirza Teletovic,9.0,4.0,11.0,0.0,0.0,0.0,4.0,0.0,0.0,0.0,1.0,1.0,6.0,18:57,2.7,1
8,1905,Andrei Kirilenko,11.0,4.0,6.0,4.0,3.0,2.0,2.0,2.0,1.0,0.0,0.0,1.0,7.0,24:00,11.7,1
9,1891,Jason Terry,3.0,1.0,3.0,0.0,0.0,0.0,0.0,0.0,3.0,0.0,0.0,1.0,8.0,16:20,2.4,1
10,2501,Reggie Evans,,,,,,,,,,,,,,,0.0,1
11,203486,Mason Plumlee,,,,,,,,,,,,,,,0.0,1
12,203104,Marquis Teague,,,,,,,,,,,,,,,0.0,1
13,201145,Jeff Green,8.0,2.0,13.0,4.0,3.0,0.0,2.0,1.0,1.0,0.0,4.0,1.0,-6.0,27:55,-1.0,0
14,101138,Brandon Bass,17.0,6.0,6.0,6.0,5.0,2.0,6.0,1.0,1.0,0.0,1.0,2.0,10.0,34:21,17.3,0
15,203096,Jared Sullinger,2.0,1.0,7.0,0.0,0.0,4.0,1.0,0.0,0.0,3.0,3.0,1.0,-10.0,23:07,0.5,0
16,2222,Gerald Wallace,12.0,4.0,8.0,2.0,2.0,0.0,5.0,1.0,2.0,0.0,2.0,1.0,-14.0,40:59,10.1,0
17,200765,Rajon Rondo,13.0,5.0,14.0,1.0,1.0,0.0,8.0,1.0,8.0,0.0,1.0,5.0,1.0,30:21,8.8,0
18,203515,Phil Pressey,4.0,2.0,8.0,0.0,0.0,1.0,1.0,0.0,3.0,0.0,0.0,3.0,-7.0,17:39,-0.7,0
19,2743,Kris Humphries,6.0,2.0,5.0,2.0,2.0,0.0,5.0,0.0,1.0,0.0,3.0,0.0,2.0,18:29,4.3,0
20,203187,Chris Johnson,12.0,4.0,6.0,2.0,2.0,2.0,2.0,1.0,1.0,0.0,5.0,0.0,3.0,27:58,11.1,0
21,203482,Kelly Olynyk,3.0,1.0,6.0,2.0,1.0,3.0,2.0,1.0,0.0,2.0,2.0,1.0,-12.0,14:04,2.1,0
22,203543,Vitor Faverani,2.0,1.0,2.0,0.0,0.0,0.0,1.0,0.0,0.0,0.0,0.0,1.0,3.0,5:07,0.3,0
23,201202,Joel Anthony,,,,,,,,,,,,,,,0.0,0
24,203505,Vander Blue,,,,,,,,,,,,,,,0.0,0
