,id,name,PTS,FG,FGA,FTA,FT,OREB,DREB,STL,AST,BLK,PF,TO,PLUS_MINUS,MIN,GS,WIN
0,201960,DeMarre Carroll,8.0,4.0,6.0,0.0,0.0,0.0,3.0,0.0,3.0,0.0,3.0,0.0,-7.0,31:28,7.2,0
1,200794,Paul Millsap,18.0,7.0,9.0,3.0,3.0,1.0,7.0,4.0,1.0,0.0,6.0,9.0,-20.0,34:06,10.6,0
2,201143,Al Horford,17.0,7.0,9.0,2.0,2.0,1.0,5.0,0.0,2.0,0.0,2.0,3.0,-5.0,33:55,13.3,0
3,2594,Kyle Korver,13.0,4.0,10.0,1.0,1.0,1.0,1.0,1.0,1.0,0.0,2.0,2.0,-16.0,32:54,7.5,0
4,201952,Jeff Teague,4.0,2.0,6.0,0.0,0.0,0.0,0.0,0.0,6.0,0.0,1.0,4.0,-19.0,27:29,0.4,0
5,203544,Pero Antic,5.0,2.0,3.0,0.0,0.0,1.0,0.0,0.0,0.0,0.0,3.0,1.0,5.0,10:12,2.2,0
6,101150,Lou Williams,27.0,9.0,16.0,3.0,3.0,0.0,2.0,1.0,3.0,1.0,1.0,4.0,8.0,28:38,19.4,0
7,202714,Shelvin Mack,10.0,4.0,5.0,0.0,0.0,0.0,5.0,0.0,2.0,0.0,2.0,2.0,-1.0,20:04,8.2,0
8,1882,Elton Brand,0.0,0.0,1.0,0.0,0.0,1.0,1.0,0.0,1.0,0.0,1.0,1.0,5.0,4:37,-0.4,0
9,203118,Mike Scott,4.0,1.0,1.0,2.0,2.0,1.0,3.0,0.0,3.0,0.0,1.0,1.0,5.0,13:11,6.0,0
10,203098,John Jenkins,0.0,0.0,0.0,0.0,0.0,0.0,0.0,0.0,0.0,0.0,2.0,0.0,10.0,1:44,-0.8,0
11,203099,Jared Cunningham,0.0,0.0,0.0,0.0,0.0,0.0,1.0,0.0,0.0,0.0,0.0,0.0,10.0,1:44,0.3,0
12,201858,Cartier Martin,,,,,,,,,,,,,,,0.0,0
13,2546,Carmelo Anthony,35.0,13.0,22.0,6.0,6.0,3.0,3.0,2.0,4.0,0.0,3.0,4.0,19.0,38:01,27.4,1
14,2747,JR Smith,2.0,1.0,8.0,0.0,0.0,0.0,0.0,0.0,4.0,0.0,2.0,1.0,-5.0,24:20,-2.2,1
15,200745,Andrea Bargnani,23.0,11.0,16.0,0.0,0.0,4.0,2.0,2.0,0.0,1.0,0.0,2.0,18.0,36:27,20.3,1
16,203143,Pablo Prigioni,11.0,4.0,8.0,0.0,0.0,0.0,1.0,4.0,6.0,0.0,4.0,1.0,17.0,31:01,12.9,1
17,202697,Iman Shumpert,3.0,1.0,2.0,2.0,1.0,1.0,5.0,0.0,2.0,0.0,3.0,0.0,25.0,33:25,4.0,1
18,2757,Beno Udrih,10.0,3.0,7.0,4.0,4.0,0.0,2.0,2.0,1.0,0.0,0.0,1.0,-14.0,18:02,8.6,1
19,2405,Amar'e Stoudemire,9.0,4.0,8.0,2.0,1.0,5.0,0.0,0.0,0.0,0.0,3.0,1.0,-8.0,19:16,5.9,1
20,203501,Tim Hardaway Jr.,13.0,5.0,10.0,3.0,2.0,1.0,3.0,3.0,2.0,0.0,0.0,1.0,5.0,27:05,12.6,1
21,1897,Metta World Peace,5.0,2.0,5.0,1.0,1.0,1.0,0.0,1.0,0.0,0.0,0.0,0.0,-12.0,8:55,4.0,1
22,202332,Cole Aldrich,0.0,0.0,0.0,0.0,0.0,0.0,1.0,0.0,0.0,0.0,0.0,0.0,-10.0,1:44,0.3,1
23,203315,Toure' Murry,0.0,0.0,1.0,0.0,0.0,0.0,0.0,0.0,0.0,0.0,1.0,0.0,-10.0,1:44,-1.1,1
24,101109,Raymond Felton,,,,,,,,,,,,,,,0.0,1
25,2030,Kenyon Martin,,,,,,,,,,,,,,,0.0,1
