,id,name,PTS,FG,FGA,FTA,FT,OREB,DREB,STL,AST,BLK,PF,TO,PLUS_MINUS,MIN,GS,WIN
0,201167,Arron Afflalo,21.0,10.0,16.0,1.0,1.0,0.0,5.0,0.0,2.0,0.0,0.0,3.0,-9.0,31:14,13.7,0
1,201175,Glen Davis,2.0,1.0,8.0,0.0,0.0,2.0,0.0,0.0,1.0,0.0,4.0,2.0,-29.0,20:39,-4.7,0
2,202696,Nikola Vucevic,10.0,5.0,11.0,0.0,0.0,3.0,5.0,1.0,2.0,0.0,2.0,5.0,-19.0,26:11,4.5,0
3,203506,Victor Oladipo,13.0,4.0,12.0,6.0,5.0,0.0,6.0,0.0,2.0,0.0,2.0,1.0,-21.0,26:20,7.2,0
4,202734,E'Twaun Moore,6.0,1.0,8.0,4.0,4.0,1.0,2.0,2.0,0.0,0.0,4.0,1.0,-22.0,28:12,1.5,0
5,203094,Andrew Nicholson,4.0,0.0,2.0,4.0,4.0,1.0,4.0,1.0,0.0,0.0,2.0,1.0,1.0,22:55,3.7,0
6,101179,Ronnie Price,5.0,1.0,4.0,2.0,2.0,1.0,1.0,3.0,4.0,0.0,0.0,0.0,3.0,21:26,9.4,0
7,203090,Maurice Harkless,16.0,7.0,13.0,2.0,1.0,0.0,4.0,2.0,1.0,2.0,4.0,2.0,-8.0,28:35,11.0,0
8,101131,Jason Maxiell,0.0,0.0,0.0,0.0,0.0,0.0,1.0,0.0,0.0,1.0,2.0,0.0,5.0,9:49,0.2,0
9,203117,Doron Lamb,3.0,1.0,2.0,0.0,0.0,0.0,1.0,0.0,0.0,0.0,0.0,0.0,3.0,8:13,2.3,0
10,200780,Solomon Jones,0.0,0.0,1.0,0.0,0.0,0.0,0.0,0.0,0.0,0.0,2.0,0.0,3.0,8:13,-1.5,0
11,203124,Kyle O'Quinn,0.0,0.0,0.0,0.0,0.0,1.0,2.0,0.0,2.0,1.0,2.0,1.0,3.0,8:13,1.6,0
12,2749,Jameer Nelson,,,,,,,,,,,,,,,0.0,0
13,101110,Martell Webster,5.0,2.0,6.0,0.0,0.0,0.0,4.0,0.0,0.0,0.0,3.0,0.0,19.0,34:25,1.6,1
14,2403,Nene,14.0,5.0,12.0,5.0,4.0,0.0,6.0,1.0,1.0,3.0,3.0,2.0,19.0,30:50,9.6,1
15,101162,Marcin Gortat,13.0,4.0,7.0,6.0,5.0,0.0,5.0,0.0,1.0,0.0,1.0,1.0,24.0,28:52,10.1,1
16,2772,Trevor Ariza,24.0,8.0,9.0,4.0,4.0,1.0,5.0,1.0,2.0,0.0,1.0,3.0,17.0,30:52,22.1,1
17,202322,John Wall,16.0,5.0,14.0,4.0,4.0,1.0,3.0,1.0,13.0,0.0,1.0,3.0,26.0,29:24,16.5,1
18,202686,Jan Vesely,2.0,0.0,3.0,6.0,2.0,3.0,2.0,1.0,0.0,1.0,5.0,1.0,3.0,18:55,-0.3,1
19,202698,Chris Singleton,11.0,4.0,7.0,2.0,2.0,0.0,6.0,0.0,0.0,0.0,4.0,3.0,-2.0,24:24,4.9,1
20,201953,Eric Maynor,2.0,1.0,4.0,0.0,0.0,0.0,0.0,0.0,3.0,0.0,2.0,1.0,-8.0,18:36,-0.1,1
21,202344,Trevor Booker,6.0,3.0,6.0,0.0,0.0,2.0,3.0,1.0,1.0,0.0,0.0,2.0,-9.0,14:23,5.0,1
22,203318,Glen Rice,5.0,1.0,3.0,2.0,2.0,0.0,1.0,0.0,0.0,0.0,0.0,1.0,0.0,4:34,2.6,1
23,202338,Kevin Seraphin,0.0,0.0,1.0,0.0,0.0,0.0,0.0,0.0,0.0,0.0,1.0,0.0,-1.0,3:00,-1.1,1
24,202066,Garrett Temple,0.0,0.0,1.0,0.0,0.0,0.0,0.0,0.0,0.0,0.0,1.0,0.0,2.0,1:45,-1.1,1
25,1733,Al Harrington,,,,,,,,,,,,,,,0.0,1
