,id,name,PTS,FG,FGA,FTA,FT,OREB,DREB,STL,AST,BLK,PF,TO,PLUS_MINUS,MIN,GS,WIN
0,2419,Tayshaun Prince,4.0,2.0,8.0,0.0,0.0,2.0,3.0,0.0,3.0,0.0,0.0,0.0,-3.0,22:42,3.6,0
1,2216,Zach Randolph,13.0,6.0,12.0,2.0,1.0,1.0,9.0,0.0,3.0,0.0,4.0,4.0,-3.0,27:39,6.5,0
2,201585,Kosta Koufos,6.0,3.0,5.0,0.0,0.0,2.0,4.0,0.0,0.0,0.0,2.0,0.0,2.0,13:51,5.5,0
3,2754,Tony Allen,6.0,3.0,9.0,0.0,0.0,1.0,4.0,0.0,2.0,0.0,2.0,1.0,-4.0,24:24,2.4,0
4,201144,Mike Conley,18.0,6.0,16.0,6.0,4.0,0.0,1.0,0.0,7.0,0.0,1.0,0.0,-12.0,35:19,13.2,0
5,202720,Jon Leuer,19.0,8.0,10.0,2.0,2.0,3.0,5.0,0.0,1.0,0.0,1.0,1.0,-3.0,30:26,18.1,0
6,201573,Jerryd Bayless,7.0,3.0,6.0,0.0,0.0,1.0,0.0,2.0,2.0,0.0,3.0,2.0,2.0,21:57,4.9,0
7,2034,Mike Miller,10.0,3.0,5.0,2.0,2.0,1.0,0.0,0.0,4.0,0.0,0.0,0.0,-7.0,27:19,11.2,0
8,202334,Ed Davis,12.0,5.0,8.0,2.0,2.0,1.0,2.0,1.0,0.0,2.0,2.0,2.0,-8.0,23:42,9.3,0
9,201979,Nick Calathes,3.0,1.0,1.0,3.0,1.0,0.0,2.0,0.0,2.0,0.0,2.0,1.0,6.0,12:41,2.1,0
10,203479,Jamaal Franklin,,,,,,,,,,,,,,,0.0,0
11,202347,Quincy Pondexter,,,,,,,,,,,,,,,0.0,0
12,202329,Al-Farouq Aminu,10.0,4.0,8.0,2.0,2.0,0.0,5.0,0.0,1.0,3.0,0.0,0.0,2.0,32:09,10.3,1
13,201583,Ryan Anderson,18.0,7.0,19.0,2.0,2.0,3.0,4.0,0.0,2.0,1.0,2.0,1.0,14.0,39:26,11.1,1
14,201160,Jason Smith,7.0,3.0,7.0,2.0,1.0,1.0,4.0,0.0,0.0,0.0,1.0,0.0,-4.0,32:25,4.4,1
15,201569,Eric Gordon,25.0,10.0,12.0,2.0,2.0,0.0,4.0,1.0,4.0,1.0,0.0,2.0,6.0,36:01,24.3,1
16,201950,Jrue Holiday,20.0,7.0,14.0,4.0,3.0,0.0,2.0,1.0,12.0,0.0,2.0,0.0,8.0,37:04,21.8,1
17,200811,Lou Amundson,7.0,3.0,4.0,2.0,1.0,4.0,3.0,0.0,0.0,0.0,3.0,2.0,3.0,18:19,5.5,1
18,201936,Tyreke Evans,6.0,0.0,0.0,6.0,6.0,0.0,0.0,1.0,1.0,0.0,1.0,1.0,9.0,12:22,6.3,1
19,201627,Anthony Morrow,11.0,5.0,9.0,0.0,0.0,0.0,0.0,0.0,2.0,0.0,1.0,0.0,1.0,18:34,7.7,1
20,203085,Austin Rivers,0.0,0.0,3.0,0.0,0.0,0.0,1.0,0.0,0.0,0.0,2.0,0.0,-9.0,13:40,-2.6,1
21,203121,Darius Miller,,,,,,,,,,,,,,,0.0,1
22,203148,Brian Roberts,,,,,,,,,,,,,,,0.0,1
23,203481,Jeff Withey,,,,,,,,,,,,,,,0.0,1
