,id,name,PTS,FG,FGA,FTA,FT,OREB,DREB,STL,AST,BLK,PF,TO,PLUS_MINUS,MIN,GS,WIN
0,202695,Kawhi Leonard,14.0,5.0,15.0,3.0,2.0,2.0,4.0,2.0,2.0,0.0,3.0,2.0,-2.0,30:52,7.9,1
1,1495,Tim Duncan,17.0,6.0,13.0,5.0,5.0,6.0,7.0,2.0,2.0,3.0,1.0,5.0,5.0,30:39,16.7,1
2,201168,Tiago Splitter,8.0,2.0,3.0,6.0,4.0,3.0,1.0,0.0,0.0,0.0,0.0,0.0,-7.0,12:48,8.3,1
3,201158,Marco Belinelli,7.0,3.0,9.0,0.0,0.0,0.0,5.0,0.0,3.0,0.0,2.0,1.0,-12.0,23:53,3.7,1
4,202709,Cory Joseph,4.0,2.0,5.0,0.0,0.0,0.0,3.0,0.0,0.0,0.0,3.0,1.0,-7.0,16:29,-0.0,1
5,2564,Boris Diaw,8.0,4.0,7.0,0.0,0.0,0.0,3.0,1.0,4.0,0.0,1.0,2.0,17.0,26:30,7.0,1
6,1938,Manu Ginobili,24.0,9.0,17.0,5.0,5.0,3.0,3.0,2.0,7.0,0.0,0.0,5.0,16.0,27:23,20.6,1
7,201988,Patty Mills,12.0,4.0,10.0,2.0,2.0,0.0,1.0,2.0,4.0,0.0,3.0,0.0,12.0,30:55,10.5,1
8,201965,Jeff Ayres,4.0,2.0,2.0,0.0,0.0,0.0,3.0,1.0,0.0,0.0,1.0,1.0,2.0,11:44,3.9,1
9,201980,Danny Green,5.0,2.0,3.0,3.0,1.0,0.0,2.0,0.0,1.0,1.0,2.0,0.0,13.0,21:04,4.1,1
10,2588,Matt Bonner,5.0,2.0,3.0,0.0,0.0,0.0,0.0,0.0,0.0,0.0,1.0,1.0,-2.0,7:43,2.3,1
11,203382,Aron Baynes,,,,,,,,,,,,,,,0.0,1
12,201986,Nando De Colo,,,,,,,,,,,,,,,0.0,1
13,200782,P.J. Tucker,4.0,1.0,4.0,2.0,1.0,2.0,2.0,0.0,2.0,0.0,3.0,2.0,1.0,28:15,1.4,0
14,101112,Channing Frye,22.0,8.0,11.0,2.0,2.0,0.0,5.0,2.0,1.0,1.0,3.0,4.0,-3.0,26:15,17.2,0
15,203101,Miles Plumlee,13.0,6.0,9.0,2.0,1.0,7.0,6.0,2.0,0.0,2.0,4.0,2.0,-6.0,33:44,15.2,0
16,201609,Goran Dragic,18.0,6.0,18.0,8.0,6.0,1.0,1.0,0.0,4.0,0.0,4.0,2.0,-5.0,40:44,7.2,0
17,202339,Eric Bledsoe,15.0,6.0,15.0,3.0,3.0,0.0,5.0,0.0,7.0,0.0,4.0,4.0,1.0,33:14,7.7,0
18,101123,Gerald Green,5.0,2.0,8.0,0.0,0.0,0.0,2.0,1.0,2.0,2.0,2.0,1.0,-6.0,16:57,2.8,0
19,202693,Markieff Morris,12.0,4.0,8.0,5.0,4.0,3.0,3.0,1.0,0.0,2.0,2.0,1.0,-7.0,25:01,11.2,0
20,202694,Marcus Morris Sr.,5.0,2.0,5.0,0.0,0.0,0.0,4.0,0.0,0.0,0.0,2.0,2.0,-7.0,20:42,0.7,0
21,203462,Archie Goodwin,7.0,3.0,4.0,2.0,1.0,0.0,1.0,2.0,0.0,0.0,0.0,1.0,-3.0,15:08,6.3,0
22,202091,Dionte Christmas,,,,,,,,,,,,,,,0.0,0
23,203139,Viacheslav Kravtsov,,,,,,,,,,,,,,,0.0,0
24,203458,Alex Len,,,,,,,,,,,,,,,0.0,0
25,202397,Ish Smith,,,,,,,,,,,,,,,0.0,0
