,id,name,PTS,FG,FGA,FTA,FT,OREB,DREB,STL,AST,BLK,PF,TO,PLUS_MINUS,MIN,GS,WIN
0,201147,Corey Brewer,15.0,6.0,10.0,3.0,2.0,3.0,4.0,0.0,0.0,0.0,3.0,1.0,-10.0,27:04,11.1,0
1,201567,Kevin Love,16.0,6.0,18.0,2.0,2.0,1.0,6.0,0.0,4.0,0.0,1.0,3.0,-32.0,34:15,7.7,0
2,203476,Gorgui Dieng,11.0,5.0,10.0,2.0,1.0,7.0,10.0,1.0,1.0,0.0,4.0,2.0,-14.0,36:35,11.6,0
3,2755,Kevin Martin,13.0,5.0,13.0,4.0,3.0,1.0,0.0,0.0,1.0,0.0,1.0,1.0,-20.0,23:23,5.5,0
4,201937,Ricky Rubio,6.0,1.0,8.0,4.0,4.0,1.0,1.0,3.0,4.0,1.0,3.0,1.0,-26.0,31:40,6.1,0
5,203498,Shabazz Muhammad,2.0,1.0,5.0,0.0,0.0,0.0,0.0,0.0,0.0,0.0,0.0,0.0,-13.0,12:29,-1.1,0
6,201967,Dante Cunningham,9.0,4.0,7.0,1.0,1.0,1.0,1.0,2.0,2.0,1.0,2.0,0.0,10.0,20:31,10.0,0
7,201978,Chase Budinger,9.0,3.0,9.0,2.0,2.0,0.0,5.0,0.0,2.0,1.0,0.0,1.0,3.0,24:37,6.5,0
8,203144,Alexey Shved,5.0,1.0,7.0,2.0,2.0,0.0,0.0,1.0,5.0,1.0,0.0,1.0,9.0,16:20,4.7,0
9,201601,Luc Mbah a Moute,0.0,0.0,1.0,0.0,0.0,0.0,0.0,0.0,0.0,0.0,0.0,0.0,6.0,8:27,-0.7,0
10,203133,Robbie Hummel,6.0,2.0,2.0,0.0,0.0,0.0,1.0,0.0,0.0,0.0,0.0,0.0,2.0,4:39,5.7,0
11,200826,J.J. Barea,,,,,,,,,,,,,,,0.0,0
12,201593,Nikola Pekovic,,,,,,,,,,,,,,,0.0,0
13,2419,Tayshaun Prince,12.0,6.0,11.0,0.0,0.0,1.0,5.0,0.0,0.0,0.0,1.0,0.0,15.0,26:50,8.5,1
14,2216,Zach Randolph,17.0,7.0,11.0,2.0,2.0,2.0,2.0,0.0,2.0,0.0,2.0,1.0,26.0,27:59,13.7,1
15,201188,Marc Gasol,14.0,6.0,13.0,5.0,2.0,4.0,8.0,1.0,3.0,0.0,1.0,1.0,11.0,26:42,13.0,1
16,201584,Courtney Lee,0.0,0.0,1.0,0.0,0.0,0.0,2.0,0.0,3.0,0.0,4.0,1.0,16.0,21:13,-0.6,1
17,201144,Mike Conley,23.0,9.0,12.0,5.0,2.0,1.0,4.0,2.0,6.0,0.0,1.0,3.0,27.0,29:50,21.7,1
18,201979,Nick Calathes,2.0,1.0,4.0,0.0,0.0,1.0,1.0,1.0,3.0,0.0,1.0,2.0,-4.0,16:30,1.3,1
19,2034,Mike Miller,11.0,4.0,8.0,1.0,1.0,0.0,3.0,0.0,3.0,0.0,2.0,1.0,12.0,18:19,8.2,1
20,202334,Ed Davis,12.0,6.0,8.0,0.0,0.0,3.0,4.0,0.0,0.0,1.0,2.0,0.0,1.0,18:19,12.0,1
21,201949,James Johnson,4.0,2.0,7.0,0.0,0.0,2.0,1.0,0.0,5.0,2.0,0.0,3.0,-9.0,25:26,3.5,1
22,201585,Kosta Koufos,8.0,4.0,11.0,0.0,0.0,2.0,6.0,0.0,0.0,1.0,4.0,1.0,0.0,17:58,3.2,1
23,2757,Beno Udrih,4.0,2.0,3.0,0.0,0.0,0.0,0.0,0.0,0.0,0.0,1.0,1.0,-8.0,6:15,1.3,1
24,202720,Jon Leuer,2.0,1.0,2.0,0.0,0.0,0.0,2.0,0.0,0.0,0.0,0.0,0.0,-2.0,4:39,1.6,1
25,2754,Tony Allen,,,,,,,,,,,,,,,0.0,1
