,id,name,PTS,FG,FGA,FTA,FT,OREB,DREB,STL,AST,BLK,PF,TO,PLUS_MINUS,MIN,GS,WIN
0,202325,Wesley Johnson,7.0,3.0,6.0,0.0,0.0,0.0,1.0,1.0,1.0,0.0,2.0,0.0,-11.0,18:27,5.2,0
1,203527,Ryan Kelly,7.0,3.0,10.0,2.0,0.0,1.0,4.0,1.0,2.0,0.0,3.0,2.0,-8.0,25:45,1.5,0
2,2200,Pau Gasol,22.0,9.0,15.0,5.0,4.0,4.0,7.0,3.0,4.0,0.0,1.0,1.0,-6.0,37:32,24.0,0
3,201975,Jodie Meeks,22.0,7.0,13.0,4.0,4.0,0.0,0.0,2.0,1.0,0.0,1.0,1.0,-10.0,35:39,17.0,0
4,203088,Kendall Marshall,6.0,2.0,6.0,3.0,1.0,0.0,3.0,1.0,11.0,0.0,2.0,3.0,-6.0,35:47,7.6,0
5,202412,Manny Harris,7.0,2.0,7.0,3.0,3.0,1.0,3.0,0.0,1.0,0.0,0.0,1.0,0.0,21:16,4.2,0
6,201156,Nick Young,19.0,8.0,20.0,3.0,1.0,1.0,2.0,3.0,1.0,0.0,4.0,2.0,6.0,33:01,8.8,0
7,203135,Robert Sacre,4.0,2.0,4.0,0.0,0.0,1.0,0.0,0.0,0.0,0.0,2.0,0.0,-1.0,10:28,1.9,0
8,201941,Jordan Hill,8.0,4.0,7.0,1.0,0.0,5.0,2.0,1.0,0.0,1.0,2.0,1.0,1.0,22:05,8.3,0
9,2581,Steve Blake,,,,,,,,,,,,,,,0.0,0
10,200770,Jordan Farmar,,,,,,,,,,,,,,,0.0,0
11,202333,Xavier Henry,,,,,,,,,,,,,,,0.0,0
12,2549,Chris Kaman,,,,,,,,,,,,,,,0.0,0
13,2544,LeBron James,27.0,9.0,15.0,13.0,7.0,2.0,11.0,1.0,6.0,0.0,1.0,5.0,4.0,37:18,22.2,1
14,2203,Shane Battier,3.0,1.0,2.0,3.0,0.0,1.0,2.0,2.0,5.0,0.0,0.0,1.0,8.0,18:49,6.6,1
15,2547,Chris Bosh,31.0,15.0,22.0,0.0,0.0,2.0,4.0,0.0,0.0,1.0,1.0,0.0,12.0,33:36,24.5,1
16,951,Ray Allen,10.0,4.0,8.0,1.0,0.0,0.0,4.0,1.0,1.0,0.0,3.0,1.0,9.0,28:24,6.3,1
17,201596,Mario Chalmers,11.0,5.0,6.0,0.0,0.0,0.0,3.0,1.0,3.0,0.0,1.0,3.0,18.0,33:26,9.4,1
18,2365,Chris Andersen,4.0,2.0,3.0,0.0,0.0,2.0,2.0,1.0,0.0,1.0,4.0,2.0,3.0,12:53,2.8,1
19,202708,Norris Cole,11.0,4.0,8.0,2.0,2.0,0.0,1.0,1.0,5.0,0.0,3.0,2.0,-6.0,27:45,8.6,1
20,201563,Michael Beasley,7.0,3.0,6.0,2.0,1.0,0.0,7.0,0.0,4.0,0.0,4.0,3.0,-5.0,20:16,3.9,1
21,2427,Roger Mason Jr.,0.0,0.0,1.0,0.0,0.0,0.0,0.0,0.0,1.0,0.0,1.0,0.0,-7.0,6:25,-0.4,1
22,201141,Greg Oden,5.0,2.0,5.0,2.0,1.0,4.0,1.0,0.0,0.0,1.0,3.0,0.0,-4.0,10:26,4.5,1
23,1740,Rashard Lewis,0.0,0.0,2.0,0.0,0.0,1.0,1.0,0.0,0.0,1.0,2.0,1.0,3.0,10:42,-1.5,1
24,2617,Udonis Haslem,,,,,,,,,,,,,,,0.0,1
25,2592,James Jones,,,,,,,,,,,,,,,0.0,1
