,id,name,PTS,FG,FGA,FTA,FT,OREB,DREB,STL,AST,BLK,PF,TO,PLUS_MINUS,MIN,GS,WIN
0,200782,P.J. Tucker,11.0,5.0,9.0,0.0,0.0,4.0,5.0,0.0,2.0,0.0,2.0,0.0,3.0,22:49,11.6,0
1,101112,Channing Frye,10.0,4.0,15.0,0.0,0.0,1.0,3.0,0.0,2.0,2.0,2.0,1.0,-5.0,29:42,3.7,0
2,203101,Miles Plumlee,8.0,3.0,6.0,4.0,2.0,2.0,9.0,2.0,0.0,2.0,5.0,1.0,8.0,32:55,8.7,0
3,101123,Gerald Green,12.0,5.0,10.0,0.0,0.0,0.0,2.0,0.0,1.0,0.0,5.0,1.0,5.0,25:03,5.3,0
4,201609,Goran Dragic,21.0,6.0,10.0,5.0,5.0,0.0,3.0,0.0,8.0,0.0,2.0,1.0,3.0,32:35,21.1,0
5,2571,Leandro Barbosa,4.0,2.0,7.0,0.0,0.0,1.0,1.0,1.0,0.0,0.0,1.0,0.0,-9.0,21:53,1.5,0
6,203458,Alex Len,2.0,1.0,3.0,0.0,0.0,1.0,2.0,0.0,0.0,1.0,1.0,0.0,-6.0,5:12,1.9,0
7,202397,Ish Smith,5.0,2.0,4.0,2.0,1.0,0.0,1.0,1.0,2.0,0.0,0.0,0.0,-9.0,16:29,5.3,0
8,202694,Marcus Morris Sr.,9.0,3.0,11.0,2.0,2.0,2.0,3.0,0.0,3.0,1.0,3.0,1.0,-8.0,25:11,5.4,0
9,202693,Markieff Morris,17.0,7.0,17.0,3.0,2.0,3.0,1.0,0.0,1.0,0.0,2.0,1.0,-7.0,28:11,8.8,0
10,202091,Dionte Christmas,,,,,,,,,,,,,,,0.0,0
11,203462,Archie Goodwin,,,,,,,,,,,,,,,0.0,0
12,203139,Viacheslav Kravtsov,,,,,,,,,,,,,,,0.0,0
13,2419,Tayshaun Prince,3.0,1.0,5.0,4.0,0.0,0.0,3.0,0.0,1.0,1.0,0.0,0.0,-6.0,22:31,0.6,1
14,2216,Zach Randolph,20.0,9.0,21.0,3.0,2.0,6.0,7.0,0.0,7.0,1.0,1.0,2.0,-2.0,37:08,18.0,1
15,201585,Kosta Koufos,8.0,4.0,7.0,0.0,0.0,1.0,4.0,0.0,0.0,2.0,0.0,0.0,-4.0,14:55,8.0,1
16,2034,Mike Miller,11.0,4.0,6.0,2.0,2.0,1.0,0.0,0.0,1.0,0.0,0.0,0.0,-5.0,16:51,9.8,1
17,201144,Mike Conley,31.0,11.0,19.0,6.0,6.0,0.0,0.0,0.0,7.0,0.0,2.0,0.0,-1.0,38:59,26.2,1
18,202334,Ed Davis,10.0,5.0,9.0,2.0,0.0,4.0,13.0,0.0,1.0,3.0,3.0,1.0,12.0,30:06,12.2,1
19,201584,Courtney Lee,8.0,2.0,6.0,4.0,4.0,1.0,5.0,1.0,2.0,0.0,1.0,2.0,12.0,28:31,6.8,1
20,201979,Nick Calathes,2.0,1.0,1.0,2.0,0.0,1.0,0.0,0.0,2.0,0.0,1.0,0.0,6.0,9:01,2.6,1
21,201949,James Johnson,9.0,4.0,7.0,0.0,0.0,0.0,4.0,0.0,2.0,2.0,3.0,3.0,8.0,29:25,5.5,1
22,202720,Jon Leuer,2.0,1.0,5.0,0.0,0.0,0.0,3.0,0.0,1.0,0.0,0.0,0.0,5.0,12:33,0.5,1
23,2754,Tony Allen,,,,,,,,,,,,,,,0.0,1
