,id,name,PTS,FG,FGA,FTA,FT,OREB,DREB,STL,AST,BLK,PF,TO,PLUS_MINUS,MIN,GS,WIN
0,2207,Joe Johnson,16.0,5.0,10.0,3.0,2.0,2.0,1.0,0.0,1.0,0.0,1.0,2.0,-14.0,22:17,10.6,0
1,1718,Paul Pierce,4.0,2.0,4.0,2.0,0.0,0.0,4.0,1.0,2.0,0.0,1.0,0.0,-13.0,17:59,4.4,0
2,101154,Andray Blatche,8.0,3.0,7.0,4.0,2.0,2.0,2.0,2.0,2.0,0.0,1.0,0.0,-13.0,14:43,8.5,0
3,2733,Shaun Livingston,4.0,1.0,5.0,2.0,2.0,1.0,1.0,0.0,1.0,0.0,0.0,1.0,-13.0,14:43,1.6,0
4,101114,Deron Williams,10.0,4.0,10.0,0.0,0.0,0.0,1.0,2.0,0.0,0.0,2.0,3.0,-22.0,24:50,3.1,0
5,1891,Jason Terry,18.0,6.0,11.0,0.0,0.0,0.0,1.0,2.0,2.0,0.0,2.0,0.0,0.0,24:59,15.6,0
6,203486,Mason Plumlee,13.0,4.0,11.0,8.0,5.0,2.0,6.0,0.0,1.0,1.0,5.0,2.0,-1.0,29:17,6.3,0
7,203141,Mirza Teletovic,0.0,0.0,5.0,0.0,0.0,0.0,2.0,1.0,1.0,1.0,1.0,0.0,-9.0,13:43,-0.9,0
8,1905,Andrei Kirilenko,2.0,1.0,2.0,0.0,0.0,1.0,1.0,0.0,0.0,0.0,0.0,0.0,-15.0,6:15,2.0,0
9,101187,Alan Anderson,4.0,1.0,8.0,2.0,2.0,2.0,2.0,2.0,3.0,1.0,2.0,1.0,3.0,31:28,3.8,0
10,2501,Reggie Evans,11.0,3.0,10.0,7.0,5.0,6.0,3.0,1.0,0.0,0.0,2.0,1.0,4.0,20:18,8.7,0
11,203104,Marquis Teague,5.0,2.0,6.0,1.0,1.0,0.0,0.0,3.0,4.0,0.0,2.0,2.0,13.0,19:28,4.6,0
12,708,Kevin Garnett,,,,,,,,,,,,,,,0.0,0
13,2746,Josh Smith,23.0,9.0,16.0,5.0,4.0,1.0,7.0,1.0,7.0,4.0,1.0,1.0,19.0,35:02,25.1,1
14,202328,Greg Monroe,12.0,5.0,9.0,2.0,2.0,2.0,5.0,2.0,3.0,0.0,6.0,3.0,11.0,30:48,9.3,1
15,203083,Andre Drummond,16.0,7.0,12.0,8.0,2.0,8.0,14.0,1.0,1.0,1.0,4.0,3.0,12.0,39:51,15.6,1
16,202713,Kyle Singler,16.0,6.0,13.0,2.0,1.0,2.0,3.0,3.0,1.0,2.0,4.0,4.0,8.0,39:08,10.7,1
17,201943,Brandon Jennings,26.0,8.0,13.0,5.0,5.0,2.0,8.0,1.0,9.0,0.0,0.0,8.0,21.0,38:52,23.2,1
18,201155,Rodney Stuckey,14.0,6.0,14.0,2.0,2.0,0.0,4.0,1.0,2.0,1.0,2.0,0.0,3.0,28:51,10.1,1
19,203484,Kentavious Caldwell-Pope,0.0,0.0,2.0,0.0,0.0,0.0,0.0,1.0,0.0,0.0,0.0,0.0,10.0,7:51,-0.4,1
20,1497,Chauncey Billups,2.0,1.0,4.0,0.0,0.0,0.0,1.0,0.0,2.0,0.0,1.0,2.0,-5.0,9:08,-1.1,1
21,201973,Jonas Jerebko,2.0,1.0,1.0,0.0,0.0,0.0,0.0,0.0,1.0,1.0,1.0,1.0,1.0,10:29,1.7,1
22,101198,Will Bynum,,,,,,,,,,,,,,,0.0,1
23,203540,Gigi Datome,,,,,,,,,,,,,,,0.0,1
24,101111,Charlie Villanueva,,,,,,,,,,,,,,,0.0,1
