,id,name,PTS,FG,FGA,FTA,FT,OREB,DREB,STL,AST,BLK,PF,TO,PLUS_MINUS,MIN,GS,WIN
0,201960,DeMarre Carroll,19.0,7.0,14.0,2.0,2.0,1.0,1.0,1.0,0.0,0.0,2.0,1.0,4.0,33:42,12.2,0
1,200794,Paul Millsap,14.0,5.0,12.0,4.0,3.0,2.0,3.0,5.0,4.0,1.0,3.0,2.0,5.0,33:12,14.8,0
2,203544,Pero Antic,16.0,6.0,11.0,2.0,1.0,3.0,3.0,2.0,1.0,0.0,3.0,3.0,2.0,29:45,11.8,0
3,2594,Kyle Korver,17.0,6.0,7.0,2.0,2.0,0.0,4.0,2.0,6.0,0.0,4.0,2.0,2.0,34:32,18.3,0
4,201952,Jeff Teague,9.0,3.0,9.0,4.0,3.0,0.0,1.0,1.0,9.0,0.0,2.0,3.0,2.0,32:32,7.3,0
5,1882,Elton Brand,8.0,3.0,3.0,4.0,2.0,1.0,4.0,0.0,2.0,0.0,2.0,1.0,-3.0,18:14,7.8,0
6,203118,Mike Scott,10.0,4.0,6.0,2.0,1.0,1.0,0.0,1.0,0.0,0.0,2.0,1.0,-6.0,14:48,6.9,0
7,203471,Dennis Schroder,4.0,2.0,2.0,0.0,0.0,0.0,1.0,0.0,2.0,0.0,1.0,1.0,-3.0,13:28,3.7,0
8,202714,Shelvin Mack,11.0,2.0,8.0,6.0,6.0,0.0,1.0,1.0,5.0,0.0,0.0,1.0,-1.0,19:43,10.0,0
9,201858,Cartier Martin,0.0,0.0,4.0,0.0,0.0,0.0,3.0,0.0,0.0,0.0,1.0,0.0,-7.0,10:04,-2.3,0
10,203488,Mike Muscala,,,,,,,,,,,,,,,0.0,0
11,101150,Lou Williams,,,,,,,,,,,,,,,0.0,0
12,2440,Matt Barnes,17.0,6.0,12.0,2.0,2.0,1.0,3.0,1.0,2.0,1.0,2.0,4.0,2.0,33:17,10.9,1
13,201933,Blake Griffin,27.0,11.0,19.0,9.0,5.0,3.0,5.0,1.0,5.0,0.0,5.0,7.0,-1.0,37:51,15.6,1
14,201599,DeAndre Jordan,13.0,6.0,8.0,2.0,1.0,5.0,7.0,2.0,0.0,1.0,3.0,0.0,4.0,31:36,16.5,1
15,201954,Darren Collison,12.0,4.0,9.0,4.0,3.0,2.0,2.0,1.0,4.0,1.0,0.0,4.0,0.0,40:48,9.4,1
16,101108,Chris Paul,19.0,7.0,14.0,4.0,4.0,1.0,0.0,2.0,10.0,0.0,4.0,2.0,-1.0,35:55,18.1,1
17,2037,Jamal Crawford,3.0,0.0,2.0,3.0,3.0,0.0,0.0,0.0,1.0,1.0,1.0,0.0,-2.0,9:35,2.6,1
18,201175,Glen Davis,4.0,2.0,3.0,0.0,0.0,0.0,4.0,0.0,0.0,0.0,4.0,0.0,-1.0,13:56,2.3,1
19,101122,Danny Granger,7.0,3.0,7.0,0.0,0.0,0.0,1.0,0.0,2.0,0.0,1.0,0.0,-1.0,14:43,4.6,1
20,2045,Hedo Turkoglu,0.0,0.0,1.0,0.0,0.0,0.0,0.0,0.0,1.0,0.0,1.0,1.0,2.0,10:10,-1.4,1
21,200797,Ryan Hollins,4.0,2.0,2.0,0.0,0.0,1.0,0.0,0.0,1.0,0.0,0.0,0.0,-2.0,2:22,4.8,1
22,2584,Willie Green,3.0,1.0,2.0,0.0,0.0,0.0,0.0,0.0,0.0,0.0,0.0,0.0,5.0,9:47,2.0,1
23,203493,Reggie Bullock,,,,,,,,,,,,,,,0.0,1
24,201162,Jared Dudley,,,,,,,,,,,,,,,0.0,1
