,id,name,PTS,FG,FGA,FTA,FT,OREB,DREB,STL,AST,BLK,PF,TO,PLUS_MINUS,MIN,GS,WIN
0,101110,Martell Webster,15.0,5.0,11.0,3.0,3.0,2.0,2.0,1.0,5.0,0.0,1.0,1.0,21.0,36:07,14.4,1
1,2403,Nene,24.0,10.0,16.0,4.0,4.0,1.0,7.0,1.0,6.0,1.0,5.0,1.0,15.0,37:45,22.5,1
2,101162,Marcin Gortat,8.0,3.0,7.0,2.0,2.0,2.0,4.0,0.0,3.0,2.0,1.0,0.0,20.0,31:52,10.0,1
3,203078,Bradley Beal,26.0,9.0,20.0,2.0,2.0,3.0,4.0,0.0,7.0,0.0,3.0,6.0,-2.0,40:46,16.6,1
4,202322,John Wall,15.0,6.0,16.0,3.0,3.0,0.0,4.0,4.0,10.0,0.0,1.0,3.0,13.0,40:48,15.0,1
5,202686,Jan Vesely,4.0,2.0,3.0,0.0,0.0,4.0,4.0,0.0,0.0,2.0,3.0,3.0,-19.0,21:47,3.9,1
6,202066,Garrett Temple,4.0,2.0,5.0,0.0,0.0,2.0,0.0,0.0,0.0,0.0,2.0,0.0,-4.0,19:45,1.9,1
7,202344,Trevor Booker,2.0,1.0,2.0,0.0,0.0,0.0,0.0,0.0,0.0,0.0,1.0,0.0,-3.0,3:58,0.6,1
8,201953,Eric Maynor,0.0,0.0,4.0,0.0,0.0,1.0,4.0,0.0,0.0,0.0,0.0,0.0,-6.0,7:12,-0.9,1
9,2772,Trevor Ariza,,,,,,,,,,,,,,,0.0,1
10,1733,Al Harrington,,,,,,,,,,,,,,,0.0,1
11,203318,Glen Rice,,,,,,,,,,,,,,,0.0,1
12,202338,Kevin Seraphin,,,,,,,,,,,,,,,0.0,1
13,201947,Earl Clark,3.0,1.0,6.0,2.0,0.0,0.0,8.0,0.0,3.0,0.0,1.0,3.0,-14.0,28:47,-0.5,0
14,202684,Tristan Thompson,2.0,0.0,5.0,2.0,2.0,2.0,2.0,0.0,0.0,0.0,1.0,2.0,-28.0,23:31,-1.9,0
15,101115,Andrew Bynum,2.0,1.0,3.0,0.0,0.0,0.0,1.0,0.0,0.0,0.0,0.0,1.0,-21.0,12:33,-0.4,0
16,101139,CJ Miles,0.0,0.0,1.0,0.0,0.0,0.0,0.0,1.0,0.0,0.0,0.0,0.0,0.0,2:32,0.3,0
17,202681,Kyrie Irving,28.0,9.0,14.0,7.0,7.0,0.0,0.0,1.0,6.0,0.0,3.0,3.0,-20.0,29:38,22.8,0
18,203079,Dion Waiters,11.0,2.0,13.0,8.0,7.0,1.0,2.0,1.0,3.0,0.0,3.0,3.0,4.0,30:16,2.5,0
19,101127,Jarrett Jack,14.0,6.0,10.0,0.0,0.0,0.0,1.0,1.0,6.0,0.0,0.0,1.0,4.0,28:23,13.9,0
20,203521,Matthew Dellavedova,9.0,3.0,6.0,0.0,0.0,1.0,2.0,0.0,0.0,0.0,4.0,1.0,21.0,26:43,4.7,0
21,2760,Anderson Varejao,14.0,7.0,10.0,0.0,0.0,5.0,6.0,1.0,0.0,0.0,5.0,1.0,14.0,35:15,13.1,0
22,202087,Alonzo Gee,0.0,0.0,2.0,0.0,0.0,0.0,1.0,0.0,1.0,0.0,0.0,0.0,-7.0,8:11,-0.4,0
23,203508,Sergey Karasev,2.0,0.0,1.0,2.0,2.0,0.0,0.0,0.0,0.0,0.0,0.0,0.0,0.0,1:48,1.3,0
24,203156,Henry Sims,6.0,3.0,4.0,0.0,0.0,3.0,2.0,0.0,0.0,0.0,1.0,0.0,6.0,6:35,6.7,0
25,203461,Anthony Bennett,0.0,0.0,2.0,0.0,0.0,1.0,0.0,0.0,0.0,0.0,2.0,0.0,6.0,5:48,-1.5,0
