,id,name,PTS,FG,FGA,FTA,FT,OREB,DREB,STL,AST,BLK,PF,TO,PLUS_MINUS,MIN,GS,WIN
0,202718,Chandler Parsons,21.0,8.0,24.0,3.0,2.0,2.0,6.0,1.0,5.0,1.0,2.0,3.0,0.0,46:30,11.6,0
1,203093,Terrence Jones,3.0,1.0,7.0,2.0,1.0,3.0,3.0,0.0,0.0,0.0,2.0,1.0,-12.0,18:06,-0.7,0
2,2730,Dwight Howard,11.0,4.0,13.0,8.0,3.0,6.0,15.0,0.0,3.0,4.0,5.0,2.0,-10.0,37:55,11.1,0
3,201935,James Harden,39.0,14.0,27.0,10.0,8.0,2.0,2.0,1.0,5.0,0.0,4.0,2.0,0.0,45:26,27.8,0
4,201976,Patrick Beverley,2.0,1.0,6.0,0.0,0.0,3.0,2.0,0.0,3.0,0.0,6.0,1.0,-8.0,37:09,-0.4,0
5,201600,Omer Asik,6.0,3.0,6.0,0.0,0.0,3.0,2.0,1.0,2.0,1.0,1.0,0.0,7.0,15:05,8.4,0
6,202391,Jeremy Lin,9.0,3.0,8.0,2.0,2.0,1.0,4.0,0.0,4.0,0.0,4.0,2.0,8.0,33:55,5.7,0
7,202700,Donatas Motiejunas,5.0,2.0,5.0,0.0,0.0,0.0,2.0,0.0,1.0,0.0,1.0,0.0,3.0,12:07,3.2,0
8,201956,Omri Casspi,3.0,1.0,5.0,0.0,0.0,1.0,3.0,1.0,1.0,0.0,0.0,1.0,-3.0,18:47,2.2,0
9,200758,Ronnie Brewer,,,,,,,,,,,,,,,0.0,0
10,101128,Francisco Garcia,,,,,,,,,,,,,,,0.0,0
11,202706,Jordan Hamilton,,,,,,,,,,,,,,,0.0,0
12,202962,Greg Smith,,,,,,,,,,,,,,,0.0,0
13,2738,Andre Iguodala,11.0,4.0,8.0,2.0,2.0,2.0,6.0,1.0,7.0,0.0,0.0,0.0,9.0,38:31,16.1,1
14,101135,David Lee,28.0,11.0,22.0,7.0,6.0,2.0,12.0,2.0,0.0,1.0,4.0,5.0,12.0,44:54,17.7,1
15,979,Jermaine O'Neal,2.0,1.0,6.0,0.0,0.0,5.0,5.0,0.0,0.0,2.0,4.0,1.0,12.0,37:29,2.0,1
16,202691,Klay Thompson,12.0,6.0,18.0,0.0,0.0,2.0,1.0,2.0,1.0,0.0,3.0,0.0,15.0,33:59,5.0,1
17,201939,Stephen Curry,25.0,8.0,15.0,4.0,4.0,0.0,2.0,2.0,6.0,0.0,5.0,2.0,13.0,38:26,20.5,1
18,202348,Jordan Crawford,12.0,4.0,8.0,3.0,2.0,0.0,1.0,0.0,0.0,1.0,0.0,1.0,-6.0,14:18,7.6,1
19,203084,Harrison Barnes,5.0,1.0,5.0,6.0,3.0,1.0,3.0,0.0,0.0,1.0,2.0,1.0,-12.0,20:59,1.2,1
20,201578,Marreese Speights,0.0,0.0,2.0,0.0,0.0,1.0,2.0,0.0,0.0,1.0,1.0,0.0,-7.0,6:39,0.2,1
21,2581,Steve Blake,3.0,1.0,5.0,0.0,0.0,0.0,2.0,0.0,1.0,1.0,0.0,1.0,-15.0,17:55,0.9,1
22,203110,Draymond Green,4.0,1.0,4.0,2.0,2.0,1.0,1.0,1.0,3.0,2.0,5.0,1.0,-6.0,11:49,4.1,1
23,203136,Ognjen Kuzmic,,,,,,,,,,,,,,,0.0,1
24,203517,Nemanja Nedovic,,,,,,,,,,,,,,,0.0,1
