,id,name,PTS,FG,FGA,FTA,FT,OREB,DREB,STL,AST,BLK,PF,TO,PLUS_MINUS,MIN,GS,WIN
0,2210,Richard Jefferson,8.0,3.0,12.0,2.0,1.0,1.0,0.0,2.0,0.0,0.0,3.0,2.0,-17.0,27:57,-0.1,0
1,202324,Derrick Favors,10.0,3.0,10.0,6.0,4.0,5.0,4.0,1.0,3.0,1.0,5.0,4.0,-27.0,33:30,5.9,0
2,202683,Enes Kanter,8.0,4.0,11.0,0.0,0.0,2.0,2.0,0.0,1.0,1.0,4.0,1.0,-18.0,27:25,2.7,0
3,202330,Gordon Hayward,15.0,5.0,15.0,5.0,4.0,1.0,5.0,0.0,5.0,0.0,1.0,2.0,-27.0,37:21,9.4,0
4,2224,Jamaal Tinsley,2.0,1.0,3.0,0.0,0.0,1.0,1.0,0.0,4.0,0.0,0.0,1.0,-13.0,12:22,3.1,0
5,101249,John Lucas III,9.0,3.0,9.0,0.0,0.0,1.0,1.0,3.0,1.0,0.0,0.0,1.0,-13.0,29:29,7.6,0
6,203497,Rudy Gobert,4.0,1.0,2.0,6.0,2.0,4.0,8.0,2.0,0.0,1.0,1.0,0.0,-2.0,15:38,8.9,0
7,202692,Alec Burks,10.0,3.0,13.0,4.0,3.0,1.0,0.0,4.0,1.0,0.0,2.0,3.0,-4.0,28:58,3.3,0
8,101107,Marvin Williams,3.0,1.0,5.0,0.0,0.0,0.0,1.0,0.0,1.0,0.0,3.0,3.0,-5.0,10:48,-3.3,0
9,200839,Mike Harris,4.0,1.0,3.0,2.0,2.0,1.0,1.0,1.0,1.0,1.0,2.0,0.0,4.0,8:39,4.9,0
10,203546,Ian Clark,0.0,0.0,2.0,0.0,0.0,0.0,0.0,0.0,1.0,0.0,0.0,0.0,2.0,7:53,-0.7,0
11,201575,Brandon Rush,,,,,,,,,,,,,,,0.0,0
12,2736,Luol Deng,19.0,7.0,9.0,5.0,5.0,2.0,9.0,5.0,9.0,0.0,2.0,5.0,30.0,38:08,25.1,1
13,2430,Carlos Boozer,18.0,7.0,11.0,6.0,4.0,2.0,8.0,0.0,2.0,1.0,3.0,2.0,21.0,23:59,15.0,1
14,201149,Joakim Noah,14.0,6.0,9.0,4.0,2.0,4.0,4.0,1.0,1.0,1.0,3.0,3.0,10.0,24:57,11.5,1
15,202710,Jimmy Butler,5.0,2.0,5.0,0.0,0.0,0.0,4.0,2.0,3.0,0.0,1.0,1.0,17.0,27:15,6.2,1
16,201565,Derrick Rose,12.0,3.0,8.0,5.0,5.0,0.0,2.0,1.0,5.0,1.0,1.0,4.0,18.0,27:04,9.0,1
17,201959,Taj Gibson,12.0,5.0,13.0,4.0,2.0,1.0,3.0,0.0,1.0,1.0,4.0,2.0,14.0,29:50,3.5,1
18,2399,Mike Dunleavy,9.0,4.0,7.0,0.0,0.0,0.0,2.0,0.0,1.0,0.0,3.0,0.0,8.0,21:58,5.8,1
19,2550,Kirk Hinrich,2.0,1.0,2.0,0.0,0.0,0.0,1.0,3.0,2.0,0.0,2.0,0.0,-2.0,22:22,4.9,1
20,1737,Nazr Mohammed,6.0,3.0,6.0,1.0,0.0,2.0,1.0,0.0,1.0,1.0,4.0,1.0,2.0,13:37,3.1,1
21,203503,Tony Snell,0.0,0.0,1.0,0.0,0.0,0.0,1.0,0.0,0.0,0.0,0.0,0.0,1.0,3:37,-0.4,1
22,203513,Erik Murphy,0.0,0.0,1.0,0.0,0.0,0.0,2.0,0.0,0.0,1.0,1.0,1.0,1.0,3:37,-0.8,1
23,203104,Marquis Teague,0.0,0.0,0.0,0.0,0.0,0.0,0.0,0.0,1.0,0.0,0.0,1.0,1.0,2:11,-0.3,1
24,2229,Mike James,0.0,0.0,0.0,0.0,0.0,0.0,0.0,0.0,0.0,0.0,0.0,0.0,-1.0,1:25,0.0,1
