,id,name,PTS,FG,FGA,FTA,FT,OREB,DREB,STL,AST,BLK,PF,TO,PLUS_MINUS,MIN,GS,WIN
0,201145,Jeff Green,11.0,5.0,18.0,0.0,0.0,2.0,3.0,0.0,0.0,1.0,4.0,1.0,-10.0,30:24,0.8,0
1,101138,Brandon Bass,6.0,3.0,8.0,0.0,0.0,1.0,2.0,0.0,0.0,2.0,1.0,3.0,-10.0,22:27,0.9,0
2,203096,Jared Sullinger,11.0,5.0,12.0,1.0,1.0,6.0,5.0,1.0,1.0,0.0,4.0,3.0,-4.0,31:13,7.4,0
3,202340,Avery Bradley,9.0,3.0,10.0,6.0,3.0,1.0,5.0,2.0,1.0,1.0,2.0,2.0,-1.0,29:38,4.8,0
4,202348,Jordan Crawford,22.0,7.0,11.0,10.0,8.0,0.0,3.0,0.0,7.0,0.0,3.0,5.0,-7.0,38:05,15.9,0
5,2743,Kris Humphries,9.0,4.0,10.0,2.0,1.0,1.0,10.0,2.0,3.0,4.0,5.0,0.0,-2.0,25:33,11.8,0
6,203482,Kelly Olynyk,3.0,1.0,1.0,0.0,0.0,1.0,0.0,0.0,0.0,0.0,1.0,0.0,5.0,7:41,3.0,0
7,201584,Courtney Lee,7.0,3.0,5.0,2.0,1.0,0.0,5.0,1.0,2.0,0.0,2.0,1.0,-13.0,19:35,6.4,0
8,2222,Gerald Wallace,0.0,0.0,0.0,0.0,0.0,0.0,1.0,0.0,1.0,0.0,1.0,1.0,-2.0,17:36,-0.4,0
9,203515,Phil Pressey,0.0,0.0,1.0,0.0,0.0,0.0,1.0,0.0,0.0,0.0,1.0,1.0,-3.0,8:43,-1.8,0
10,203543,Vitor Faverani,4.0,1.0,5.0,2.0,2.0,1.0,0.0,1.0,0.0,0.0,2.0,2.0,-13.0,9:06,-0.2,0
11,2586,Keith Bogans,,,,,,,,,,,,,,,0.0,0
12,202705,MarShon Brooks,,,,,,,,,,,,,,,0.0,0
13,2736,Luol Deng,14.0,6.0,12.0,2.0,2.0,1.0,2.0,1.0,3.0,0.0,0.0,1.0,16.0,28:38,11.4,1
14,2430,Carlos Boozer,16.0,8.0,16.0,0.0,0.0,0.0,7.0,1.0,0.0,0.0,3.0,1.0,5.0,29:51,8.9,1
15,201149,Joakim Noah,17.0,6.0,13.0,6.0,5.0,6.0,5.0,1.0,9.0,1.0,2.0,2.0,19.0,33:59,20.8,1
16,202710,Jimmy Butler,10.0,2.0,7.0,8.0,6.0,2.0,4.0,2.0,2.0,1.0,5.0,1.0,9.0,33:29,8.8,1
17,2550,Kirk Hinrich,4.0,2.0,7.0,0.0,0.0,0.0,1.0,0.0,4.0,0.0,3.0,1.0,9.0,28:25,0.8,1
18,201959,Taj Gibson,12.0,5.0,13.0,4.0,2.0,1.0,4.0,0.0,1.0,2.0,3.0,2.0,6.0,27:21,4.9,1
19,2399,Mike Dunleavy,11.0,4.0,7.0,2.0,1.0,1.0,3.0,2.0,2.0,2.0,0.0,0.0,-4.0,22:32,13.7,1
20,201571,D.J. Augustin,8.0,1.0,6.0,6.0,6.0,0.0,3.0,0.0,4.0,0.0,2.0,4.0,6.0,25:36,3.1,1
21,203503,Tony Snell,0.0,0.0,2.0,0.0,0.0,0.0,0.0,0.0,1.0,0.0,0.0,1.0,0.0,6:00,-1.7,1
22,1737,Nazr Mohammed,2.0,1.0,1.0,0.0,0.0,1.0,0.0,0.0,0.0,0.0,1.0,0.0,-6.0,4:10,2.0,1
23,203513,Erik Murphy,,,,,,,,,,,,,,,0.0,1
