,id,name,PTS,FG,FGA,FTA,FT,OREB,DREB,STL,AST,BLK,PF,TO,PLUS_MINUS,MIN,GS,WIN
0,201162,Jared Dudley,9.0,4.0,10.0,0.0,0.0,0.0,0.0,0.0,2.0,0.0,1.0,0.0,-14.0,29:23,4.6,0
1,201933,Blake Griffin,24.0,10.0,17.0,4.0,4.0,1.0,6.0,0.0,4.0,1.0,2.0,0.0,-13.0,36:34,21.3,0
2,201599,DeAndre Jordan,6.0,3.0,3.0,4.0,0.0,4.0,9.0,0.0,0.0,0.0,3.0,3.0,-10.0,30:27,4.8,0
3,2584,Willie Green,9.0,3.0,9.0,2.0,2.0,0.0,0.0,1.0,0.0,0.0,1.0,0.0,-3.0,17:42,4.5,0
4,101108,Chris Paul,19.0,7.0,17.0,6.0,5.0,0.0,3.0,3.0,11.0,0.0,1.0,1.0,-9.0,36:52,19.7,0
5,2037,Jamal Crawford,13.0,5.0,12.0,3.0,3.0,0.0,5.0,0.0,1.0,0.0,3.0,5.0,-9.0,30:24,2.6,0
6,201954,Darren Collison,13.0,5.0,10.0,1.0,1.0,2.0,1.0,0.0,3.0,1.0,2.0,2.0,-1.0,23:04,9.7,0
7,1712,Antawn Jamison,0.0,0.0,2.0,0.0,0.0,0.0,2.0,0.0,0.0,0.0,1.0,0.0,4.0,9:33,-1.2,0
8,200797,Ryan Hollins,2.0,1.0,1.0,0.0,0.0,0.0,1.0,0.0,0.0,0.0,2.0,1.0,3.0,13:37,0.2,0
9,203493,Reggie Bullock,0.0,0.0,0.0,0.0,0.0,0.0,2.0,0.0,1.0,0.0,0.0,0.0,-1.0,9:56,1.3,0
10,201957,Byron Mullens,2.0,1.0,2.0,0.0,0.0,0.0,0.0,0.0,0.0,0.0,0.0,0.0,3.0,2:27,1.0,0
11,2440,Matt Barnes,,,,,,,,,,,,,,,0.0,0
12,200755,JJ Redick,,,,,,,,,,,,,,,0.0,0
13,201960,DeMarre Carroll,12.0,4.0,6.0,2.0,2.0,1.0,6.0,0.0,1.0,0.0,2.0,1.0,-2.0,32:23,10.8,1
14,200794,Paul Millsap,25.0,12.0,20.0,2.0,0.0,1.0,8.0,1.0,6.0,3.0,3.0,1.0,20.0,37:18,23.2,1
15,201143,Al Horford,21.0,8.0,17.0,8.0,5.0,3.0,6.0,0.0,2.0,0.0,2.0,1.0,12.0,33:45,14.6,1
16,2594,Kyle Korver,23.0,8.0,12.0,1.0,1.0,0.0,3.0,0.0,5.0,0.0,1.0,0.0,19.0,32:44,21.8,1
17,201952,Jeff Teague,6.0,2.0,5.0,1.0,1.0,0.0,0.0,0.0,6.0,0.0,5.0,4.0,6.0,28:32,1.5,1
18,1882,Elton Brand,0.0,0.0,2.0,0.0,0.0,1.0,3.0,1.0,1.0,1.0,2.0,0.0,-7.0,16:57,1.8,1
19,101150,Lou Williams,3.0,1.0,5.0,0.0,0.0,1.0,3.0,1.0,2.0,0.0,1.0,2.0,12.0,17:19,1.5,1
20,202714,Shelvin Mack,12.0,5.0,9.0,2.0,2.0,1.0,3.0,1.0,5.0,0.0,4.0,1.0,5.0,24:36,11.2,1
21,201858,Cartier Martin,3.0,1.0,2.0,0.0,0.0,0.0,0.0,0.0,0.0,0.0,0.0,0.0,-8.0,8:33,2.0,1
22,203118,Mike Scott,2.0,1.0,4.0,0.0,0.0,0.0,0.0,0.0,0.0,0.0,2.0,1.0,-7.0,7:54,-2.2,1
23,203544,Pero Antic,,,,,,,,,,,,,,,0.0,1
24,202970,Gustavo Ayon,,,,,,,,,,,,,,,0.0,1
25,203098,John Jenkins,,,,,,,,,,,,,,,0.0,1
