,id,name,PTS,FG,FGA,FTA,FT,OREB,DREB,STL,AST,BLK,PF,TO,PLUS_MINUS,MIN,GS,WIN
0,2736,Luol Deng,15.0,6.0,17.0,3.0,3.0,6.0,8.0,1.0,0.0,0.0,1.0,3.0,-2.0,42:53,9.7,0
1,2430,Carlos Boozer,16.0,6.0,10.0,4.0,4.0,2.0,5.0,0.0,0.0,0.0,2.0,4.0,-10.0,24:33,9.5,0
2,201149,Joakim Noah,7.0,3.0,6.0,2.0,1.0,0.0,2.0,1.0,3.0,1.0,3.0,2.0,-19.0,27:02,4.8,0
3,2399,Mike Dunleavy,11.0,3.0,6.0,3.0,3.0,1.0,2.0,1.0,1.0,0.0,2.0,0.0,-1.0,31:33,10.2,0
4,201565,Derrick Rose,20.0,6.0,19.0,7.0,6.0,1.0,4.0,2.0,3.0,0.0,0.0,4.0,-8.0,27:31,10.7,0
5,2550,Kirk Hinrich,13.0,4.0,12.0,4.0,4.0,1.0,6.0,1.0,3.0,0.0,4.0,0.0,-1.0,33:38,10.2,0
6,201959,Taj Gibson,8.0,3.0,10.0,2.0,2.0,2.0,3.0,0.0,0.0,0.0,2.0,1.0,10.0,26:22,2.7,0
7,203104,Marquis Teague,4.0,1.0,2.0,2.0,2.0,0.0,0.0,0.0,1.0,0.0,1.0,0.0,1.0,8:29,3.3,0
8,1737,Nazr Mohammed,1.0,0.0,1.0,2.0,1.0,4.0,5.0,2.0,0.0,0.0,2.0,0.0,15.0,17:59,5.4,0
9,2229,Mike James,,,,,,,,,,,,,,,0.0,0
10,203513,Erik Murphy,,,,,,,,,,,,,,,0.0,0
11,203503,Tony Snell,,,,,,,,,,,,,,,0.0,0
12,201587,Nicolas Batum,17.0,5.0,12.0,4.0,4.0,0.0,8.0,5.0,3.0,1.0,2.0,2.0,2.0,39:05,18.0,1
13,200746,LaMarcus Aldridge,12.0,4.0,20.0,4.0,4.0,2.0,4.0,3.0,4.0,1.0,1.0,2.0,4.0,40:26,6.3,1
14,201577,Robin Lopez,13.0,6.0,10.0,2.0,1.0,8.0,8.0,0.0,0.0,1.0,1.0,2.0,12.0,35:51,14.3,1
15,202083,Wesley Matthews,28.0,12.0,19.0,0.0,0.0,0.0,2.0,2.0,1.0,0.0,1.0,2.0,15.0,36:36,20.4,1
16,203081,Damian Lillard,20.0,6.0,14.0,5.0,5.0,0.0,2.0,1.0,6.0,0.0,5.0,2.0,4.0,34:59,14.4,1
17,2590,Mo Williams,8.0,3.0,7.0,0.0,0.0,0.0,1.0,0.0,4.0,0.0,3.0,0.0,-4.0,20:43,6.2,1
18,2748,Dorell Wright,0.0,0.0,4.0,0.0,0.0,0.0,1.0,0.0,3.0,0.0,0.0,0.0,-2.0,12:50,-0.4,1
19,200777,Joel Freeland,0.0,0.0,0.0,0.0,0.0,0.0,2.0,0.0,0.0,0.0,3.0,1.0,-8.0,14:22,-1.6,1
20,203080,Thomas Robinson,0.0,0.0,2.0,0.0,0.0,0.0,1.0,0.0,0.0,0.0,2.0,1.0,-8.0,5:08,-2.9,1
21,203115,Will Barton,,,,,,,,,,,,,,,0.0,1
22,203459,Allen Crabbe,,,,,,,,,,,,,,,0.0,1
23,203086,Meyers Leonard,,,,,,,,,,,,,,,0.0,1
24,2248,Earl Watson,,,,,,,,,,,,,,,0.0,1
