,id,name,PTS,FG,FGA,FTA,FT,OREB,DREB,STL,AST,BLK,PF,TO,PLUS_MINUS,MIN,GS,WIN
0,203090,Maurice Harkless,15.0,7.0,13.0,0.0,0.0,1.0,3.0,2.0,1.0,2.0,2.0,2.0,-5.0,33:47,11.6,0
1,203124,Kyle O'Quinn,6.0,2.0,5.0,2.0,2.0,1.0,6.0,1.0,1.0,2.0,4.0,2.0,0.0,25:13,5.3,0
2,202696,Nikola Vucevic,16.0,8.0,15.0,0.0,0.0,1.0,12.0,2.0,5.0,0.0,4.0,1.0,4.0,42:42,15.9,0
3,201167,Arron Afflalo,18.0,4.0,9.0,9.0,7.0,0.0,2.0,0.0,6.0,0.0,4.0,0.0,3.0,35:41,15.7,0
4,203506,Victor Oladipo,19.0,5.0,14.0,10.0,8.0,0.0,6.0,2.0,4.0,0.0,2.0,4.0,-2.0,35:44,12.2,0
5,203473,Dewayne Dedmon,0.0,0.0,1.0,0.0,0.0,1.0,1.0,0.0,0.0,1.0,3.0,1.0,-9.0,12:24,-1.2,0
6,202699,Tobias Harris,2.0,1.0,9.0,0.0,0.0,1.0,3.0,0.0,2.0,0.0,0.0,1.0,3.0,15:41,-1.9,0
7,202734,E'Twaun Moore,5.0,2.0,5.0,0.0,0.0,1.0,1.0,0.0,0.0,0.0,1.0,0.0,-4.0,12:19,2.9,0
8,203117,Doron Lamb,3.0,1.0,3.0,1.0,1.0,0.0,2.0,0.0,0.0,0.0,0.0,0.0,0.0,8:49,1.9,0
9,101179,Ronnie Price,4.0,1.0,5.0,2.0,1.0,0.0,3.0,0.0,1.0,0.0,3.0,2.0,5.0,17:40,-1.1,0
10,101131,Jason Maxiell,,,,,,,,,,,,,,,0.0,0
11,2749,Jameer Nelson,,,,,,,,,,,,,,,0.0,0
12,203094,Andrew Nicholson,,,,,,,,,,,,,,,0.0,0
13,2210,Richard Jefferson,21.0,6.0,12.0,5.0,4.0,0.0,3.0,2.0,2.0,0.0,1.0,2.0,4.0,38:53,16.5,1
14,202324,Derrick Favors,11.0,5.0,11.0,2.0,1.0,3.0,9.0,0.0,3.0,5.0,3.0,3.0,7.0,36:05,11.1,1
15,202683,Enes Kanter,11.0,4.0,13.0,4.0,3.0,1.0,10.0,0.0,1.0,1.0,2.0,2.0,1.0,35:57,5.4,1
16,202330,Gordon Hayward,14.0,4.0,8.0,6.0,6.0,0.0,2.0,1.0,6.0,0.0,4.0,2.0,-2.0,39:42,12.2,1
17,203504,Trey Burke,17.0,5.0,15.0,6.0,4.0,1.0,1.0,1.0,4.0,0.0,4.0,3.0,8.0,38:30,7.9,1
18,101107,Marvin Williams,4.0,2.0,9.0,1.0,0.0,1.0,4.0,1.0,0.0,0.0,3.0,1.0,-6.0,23:58,-1.2,1
19,203197,Diante Garrett,11.0,3.0,6.0,2.0,2.0,0.0,4.0,1.0,1.0,0.0,1.0,0.0,1.0,18:38,10.5,1
20,101249,John Lucas III,0.0,0.0,1.0,0.0,0.0,0.0,0.0,0.0,0.0,0.0,2.0,1.0,-8.0,8:17,-2.5,1
21,203546,Ian Clark,,,,,,,,,,,,,,,0.0,1
22,202379,Jeremy Evans,,,,,,,,,,,,,,,0.0,1
23,203497,Rudy Gobert,,,,,,,,,,,,,,,0.0,1
24,201575,Brandon Rush,,,,,,,,,,,,,,,0.0,1
25,202952,Malcolm Thomas,,,,,,,,,,,,,,,0.0,1
