,id,name,PTS,FG,FGA,FTA,FT,OREB,DREB,STL,AST,BLK,PF,TO,PLUS_MINUS,MIN,GS,WIN
0,2736,Luol Deng,19.0,8.0,15.0,1.0,1.0,0.0,9.0,0.0,3.0,0.0,4.0,3.0,21.0,37:43,11.9,1
1,2430,Carlos Boozer,14.0,7.0,16.0,0.0,0.0,2.0,6.0,0.0,6.0,0.0,4.0,3.0,11.0,29:10,8.4,1
2,201149,Joakim Noah,18.0,7.0,10.0,4.0,4.0,3.0,6.0,1.0,3.0,0.0,2.0,3.0,15.0,33:13,17.0,1
3,202710,Jimmy Butler,14.0,3.0,7.0,6.0,6.0,2.0,5.0,1.0,2.0,1.0,2.0,1.0,13.0,33:45,14.5,1
4,2550,Kirk Hinrich,12.0,4.0,11.0,3.0,2.0,1.0,2.0,2.0,4.0,1.0,3.0,2.0,14.0,39:58,9.1,1
5,2399,Mike Dunleavy,5.0,1.0,6.0,2.0,2.0,0.0,2.0,0.0,2.0,0.0,1.0,0.0,1.0,28:24,2.8,1
6,201959,Taj Gibson,6.0,3.0,8.0,0.0,0.0,1.0,5.0,1.0,1.0,2.0,4.0,1.0,4.0,21:19,4.3,1
7,1737,Nazr Mohammed,2.0,1.0,2.0,0.0,0.0,1.0,0.0,1.0,0.0,1.0,0.0,0.0,5.0,6:44,3.4,1
8,203104,Marquis Teague,4.0,2.0,5.0,1.0,0.0,1.0,1.0,0.0,0.0,0.0,1.0,2.0,2.0,8:02,-0.5,1
9,203503,Tony Snell,2.0,0.0,0.0,2.0,2.0,0.0,1.0,0.0,0.0,0.0,0.0,0.0,-3.0,1:18,2.3,1
10,203513,Erik Murphy,0.0,0.0,0.0,0.0,0.0,0.0,0.0,0.0,0.0,0.0,0.0,0.0,-3.0,0:24,0.0,1
11,2229,Mike James,,,,,,,,,,,,,,,0.0,1
12,201565,Derrick Rose,,,,,,,,,,,,,,,0.0,1
13,200752,Rudy Gay,20.0,7.0,15.0,6.0,5.0,2.0,7.0,0.0,1.0,1.0,2.0,4.0,-14.0,32:12,12.0,0
14,101161,Amir Johnson,3.0,1.0,3.0,2.0,1.0,1.0,3.0,2.0,1.0,3.0,3.0,4.0,-19.0,20:32,2.1,0
15,202685,Jonas Valanciunas,4.0,2.0,5.0,0.0,0.0,2.0,6.0,0.0,2.0,0.0,4.0,2.0,-11.0,28:15,2.3,0
16,201942,DeMar DeRozan,37.0,13.0,22.0,10.0,7.0,0.0,1.0,0.0,1.0,0.0,3.0,3.0,-12.0,37:19,22.4,0
17,200768,Kyle Lowry,6.0,3.0,15.0,0.0,0.0,1.0,2.0,3.0,8.0,0.0,3.0,1.0,-10.0,37:49,4.4,0
18,203082,Terrence Ross,0.0,0.0,4.0,0.0,0.0,1.0,3.0,0.0,2.0,1.0,1.0,1.0,-10.0,16:04,-0.5,0
19,201946,Tyler Hansbrough,6.0,1.0,4.0,4.0,4.0,1.0,4.0,0.0,0.0,0.0,2.0,0.0,-4.0,19:30,4.7,0
20,203112,Quincy Acy,4.0,2.0,6.0,0.0,0.0,3.0,3.0,1.0,2.0,1.0,1.0,0.0,-2.0,18:35,6.3,0
21,200779,Steve Novak,0.0,0.0,1.0,0.0,0.0,0.0,0.0,0.0,0.0,0.0,0.0,0.0,-4.0,4:36,-0.7,0
22,202779,Dwight Buycks,0.0,0.0,5.0,0.0,0.0,0.0,2.0,0.0,1.0,0.0,2.0,1.0,-1.0,17:37,-4.0,0
23,202361,Landry Fields,0.0,0.0,2.0,0.0,0.0,0.0,1.0,2.0,1.0,0.0,0.0,0.0,4.0,6:13,1.6,0
24,202933,Julyan Stone,0.0,0.0,0.0,0.0,0.0,0.0,0.0,0.0,0.0,0.0,0.0,0.0,3.0,1:18,0.0,0
25,201571,D.J. Augustin,,,,,,,,,,,,,,,0.0,0
