,id,name,PTS,FG,FGA,FTA,FT,OREB,DREB,STL,AST,BLK,PF,TO,PLUS_MINUS,MIN,GS,WIN
0,202331,Paul George,27.0,10.0,23.0,3.0,3.0,1.0,5.0,2.0,5.0,1.0,4.0,3.0,14.0,34:54,18.7,1
1,2561,David West,24.0,11.0,22.0,2.0,2.0,6.0,6.0,0.0,2.0,1.0,4.0,1.0,17.0,34:43,18.5,1
2,201579,Roy Hibbert,19.0,8.0,16.0,4.0,3.0,5.0,3.0,1.0,2.0,1.0,3.0,4.0,18.0,36:19,12.9,1
3,202362,Lance Stephenson,7.0,3.0,6.0,3.0,1.0,3.0,7.0,1.0,6.0,0.0,3.0,3.0,3.0,39:25,8.4,1
4,201588,George Hill,11.0,2.0,5.0,6.0,6.0,0.0,5.0,1.0,6.0,0.0,3.0,3.0,21.0,35:32,10.8,1
5,203111,Orlando Johnson,3.0,1.0,1.0,0.0,0.0,0.0,0.0,0.0,1.0,0.0,1.0,0.0,1.0,9:08,3.0,1
6,101133,Ian Mahinmi,5.0,1.0,3.0,6.0,3.0,1.0,2.0,0.0,0.0,1.0,2.0,0.0,-13.0,11:41,3.3,1
7,201228,C.J. Watson,3.0,1.0,6.0,0.0,0.0,0.0,0.0,0.0,3.0,0.0,2.0,0.0,-19.0,18:13,0.5,1
8,2449,Luis Scola,3.0,1.0,5.0,2.0,1.0,1.0,4.0,0.0,0.0,0.0,1.0,2.0,-12.0,13:17,-1.0,1
9,203524,Solomon Hill,3.0,1.0,2.0,0.0,0.0,0.0,1.0,0.0,0.0,0.0,2.0,0.0,-5.0,6:48,1.5,1
10,2446,Rasual Butler,,,,,,,,,,,,,,,0.0,1
11,203142,Chris Copeland,,,,,,,,,,,,,,,0.0,1
12,202388,Donald Sloan,,,,,,,,,,,,,,,0.0,1
13,201162,Jared Dudley,10.0,3.0,7.0,3.0,3.0,0.0,0.0,1.0,0.0,0.0,3.0,2.0,-18.0,19:14,4.1,0
14,201933,Blake Griffin,16.0,6.0,13.0,5.0,4.0,3.0,9.0,1.0,2.0,0.0,3.0,5.0,-21.0,36:32,9.9,0
15,201599,DeAndre Jordan,11.0,5.0,8.0,2.0,1.0,6.0,6.0,3.0,2.0,1.0,3.0,0.0,-15.0,35:19,16.9,0
16,2584,Willie Green,2.0,1.0,5.0,0.0,0.0,0.0,0.0,0.0,0.0,0.0,0.0,0.0,-11.0,14:57,-1.1,0
17,101108,Chris Paul,17.0,6.0,15.0,5.0,5.0,0.0,3.0,1.0,10.0,0.0,4.0,1.0,-19.0,34:00,15.2,0
18,2037,Jamal Crawford,20.0,6.0,19.0,7.0,7.0,0.0,1.0,1.0,2.0,0.0,1.0,1.0,8.0,32:58,10.4,0
19,203493,Reggie Bullock,10.0,4.0,4.0,1.0,1.0,0.0,1.0,1.0,0.0,0.0,0.0,0.0,11.0,19:19,10.1,0
20,200797,Ryan Hollins,3.0,1.0,1.0,2.0,1.0,2.0,1.0,0.0,0.0,1.0,2.0,1.0,10.0,8:37,2.9,0
21,201954,Darren Collison,8.0,3.0,6.0,4.0,2.0,0.0,5.0,0.0,3.0,0.0,4.0,1.0,14.0,23:32,5.2,0
22,1712,Antawn Jamison,3.0,1.0,4.0,2.0,0.0,1.0,3.0,0.0,0.0,0.0,3.0,0.0,16.0,15:32,0.2,0
23,2440,Matt Barnes,,,,,,,,,,,,,,,0.0,0
24,201957,Byron Mullens,,,,,,,,,,,,,,,0.0,0
25,200755,JJ Redick,,,,,,,,,,,,,,,0.0,0
