,id,name,PTS,FG,FGA,FTA,FT,OREB,DREB,STL,AST,BLK,PF,TO,PLUS_MINUS,MIN,GS,WIN
0,2738,Andre Iguodala,2.0,1.0,8.0,2.0,0.0,2.0,1.0,2.0,2.0,0.0,0.0,0.0,3.0,29:33,1.1,0
1,101135,David Lee,13.0,6.0,14.0,2.0,1.0,2.0,7.0,0.0,1.0,0.0,5.0,2.0,-1.0,32:24,5.4,0
2,101106,Andrew Bogut,8.0,4.0,5.0,5.0,0.0,2.0,3.0,2.0,0.0,0.0,2.0,2.0,-2.0,21:40,5.6,0
3,202691,Klay Thompson,26.0,9.0,17.0,2.0,2.0,0.0,1.0,1.0,3.0,1.0,5.0,1.0,-6.0,41:10,18.8,0
4,201939,Stephen Curry,37.0,11.0,18.0,11.0,9.0,2.0,1.0,3.0,11.0,0.0,2.0,7.0,-10.0,37:57,32.6,0
5,203084,Harrison Barnes,0.0,0.0,4.0,0.0,0.0,0.0,0.0,0.0,0.0,0.0,5.0,2.0,-12.0,18:31,-6.8,0
6,203110,Draymond Green,10.0,3.0,4.0,6.0,3.0,2.0,3.0,1.0,3.0,0.0,4.0,0.0,-7.0,26:11,11.0,0
7,201578,Marreese Speights,13.0,4.0,4.0,6.0,4.0,2.0,3.0,0.0,0.0,0.0,4.0,0.0,-1.0,13:41,11.7,0
8,202348,Jordan Crawford,8.0,3.0,4.0,0.0,0.0,0.0,1.0,0.0,2.0,0.0,2.0,2.0,-4.0,15:20,5.3,0
9,203145,Kent Bazemore,0.0,0.0,1.0,0.0,0.0,0.0,1.0,1.0,0.0,0.0,0.0,1.0,5.0,1:49,-0.4,0
10,202705,MarShon Brooks,4.0,2.0,3.0,0.0,0.0,0.0,0.0,0.0,0.0,0.0,0.0,0.0,5.0,1:44,2.7,0
11,203517,Nemanja Nedovic,,,,,,,,,,,,,,,0.0,0
12,979,Jermaine O'Neal,,,,,,,,,,,,,,,0.0,0
13,201142,Kevin Durant,54.0,19.0,28.0,13.0,11.0,1.0,3.0,2.0,6.0,1.0,1.0,5.0,7.0,43:30,44.3,1
14,201586,Serge Ibaka,21.0,8.0,11.0,7.0,5.0,4.0,4.0,1.0,2.0,0.0,2.0,1.0,-2.0,34:54,20.3,1
15,2570,Kendrick Perkins,6.0,3.0,5.0,2.0,0.0,2.0,10.0,2.0,2.0,0.0,3.0,2.0,7.0,24:06,7.5,1
16,200757,Thabo Sefolosha,4.0,1.0,3.0,2.0,1.0,1.0,3.0,2.0,0.0,1.0,0.0,3.0,5.0,29:37,3.2,1
17,202704,Reggie Jackson,14.0,6.0,13.0,1.0,1.0,0.0,2.0,3.0,6.0,0.0,2.0,4.0,4.0,32:03,10.3,1
18,203087,Jeremy Lamb,12.0,5.0,9.0,0.0,0.0,0.0,3.0,0.0,3.0,1.0,1.0,0.0,-2.0,26:13,11.0,1
19,2555,Nick Collison,3.0,0.0,1.0,4.0,3.0,1.0,0.0,0.0,3.0,1.0,5.0,1.0,2.0,15:40,2.4,1
20,203500,Steven Adams,6.0,3.0,4.0,0.0,0.0,3.0,2.0,1.0,0.0,0.0,6.0,1.0,8.0,10:57,4.7,1
21,965,Derek Fisher,7.0,2.0,5.0,4.0,3.0,0.0,0.0,2.0,1.0,0.0,4.0,0.0,2.0,15:12,5.0,1
22,203103,Perry Jones III,0.0,0.0,2.0,0.0,0.0,0.0,2.0,0.0,0.0,0.0,2.0,0.0,-1.0,7:48,-1.6,1
23,2767,Royal Ivey,,,,,,,,,,,,,,,0.0,1
24,201934,Hasheem Thabeet,,,,,,,,,,,,,,,0.0,1
