,id,name,PTS,FG,FGA,FTA,FT,OREB,DREB,STL,AST,BLK,PF,TO,PLUS_MINUS,MIN,GS,WIN
0,201147,Corey Brewer,10.0,3.0,6.0,6.0,4.0,0.0,2.0,3.0,1.0,1.0,2.0,0.0,2.0,30:35,10.4,0
1,201567,Kevin Love,18.0,7.0,17.0,4.0,2.0,0.0,6.0,0.0,5.0,0.0,1.0,0.0,-2.0,36:01,13.0,0
2,201593,Nikola Pekovic,8.0,4.0,11.0,0.0,0.0,0.0,4.0,1.0,0.0,0.0,1.0,1.0,1.0,16:52,2.7,0
3,2755,Kevin Martin,19.0,6.0,13.0,4.0,4.0,1.0,4.0,1.0,1.0,0.0,1.0,0.0,-1.0,33:04,15.5,0
4,201937,Ricky Rubio,6.0,1.0,6.0,4.0,4.0,0.0,3.0,2.0,9.0,0.0,0.0,3.0,3.0,32:10,8.4,0
5,201967,Dante Cunningham,10.0,5.0,8.0,0.0,0.0,1.0,3.0,1.0,2.0,1.0,2.0,2.0,-14.0,21:28,8.3,0
6,200826,J.J. Barea,9.0,4.0,9.0,1.0,1.0,1.0,3.0,0.0,4.0,0.0,4.0,1.0,-12.0,20:35,6.1,0
7,203498,Shabazz Muhammad,4.0,2.0,3.0,0.0,0.0,0.0,1.0,0.0,1.0,0.0,1.0,0.0,-18.0,9:36,3.3,0
8,201978,Chase Budinger,5.0,2.0,4.0,0.0,0.0,0.0,1.0,1.0,0.0,0.0,2.0,1.0,-9.0,15:57,2.5,0
9,201601,Luc Mbah a Moute,2.0,0.0,1.0,2.0,2.0,1.0,0.0,0.0,0.0,0.0,0.0,1.0,-7.0,7:48,1.0,0
10,203476,Gorgui Dieng,2.0,1.0,3.0,0.0,0.0,1.0,1.0,0.0,0.0,0.0,1.0,0.0,-1.0,11:48,0.9,0
11,203133,Robbie Hummel,0.0,0.0,0.0,0.0,0.0,0.0,2.0,0.0,0.0,0.0,0.0,0.0,-1.0,2:03,0.6,0
12,203144,Alexey Shved,0.0,0.0,1.0,0.0,0.0,0.0,0.0,0.0,0.0,0.0,0.0,1.0,-1.0,2:03,-1.7,0
13,203077,Michael Kidd-Gilchrist,10.0,4.0,6.0,2.0,2.0,4.0,5.0,0.0,1.0,2.0,3.0,2.0,-1.0,25:15,10.6,1
14,201177,Josh McRoberts,6.0,3.0,11.0,1.0,0.0,1.0,2.0,0.0,6.0,1.0,2.0,0.0,14.0,27:17,4.5,1
15,2744,Al Jefferson,25.0,12.0,26.0,1.0,1.0,4.0,12.0,0.0,1.0,1.0,2.0,3.0,0.0,38:11,15.6,1
16,201945,Gerald Henderson,10.0,4.0,9.0,2.0,0.0,1.0,3.0,0.0,1.0,0.0,3.0,2.0,3.0,24:54,3.6,1
17,202689,Kemba Walker,7.0,3.0,12.0,2.0,0.0,0.0,4.0,3.0,7.0,0.0,2.0,4.0,-1.0,33:59,3.3,1
18,203469,Cody Zeller,10.0,5.0,8.0,0.0,0.0,2.0,6.0,0.0,3.0,0.0,2.0,0.0,-2.0,20:43,10.9,1
19,202390,Gary Neal,19.0,6.0,10.0,4.0,4.0,0.0,0.0,0.0,4.0,0.0,3.0,1.0,11.0,25:16,15.0,1
20,201604,Chris Douglas-Roberts,10.0,3.0,5.0,2.0,2.0,0.0,4.0,2.0,2.0,0.0,0.0,0.0,11.0,20:35,12.3,1
21,2557,Luke Ridnour,6.0,3.0,3.0,0.0,0.0,1.0,2.0,1.0,3.0,1.0,1.0,3.0,13.0,14:01,6.8,1
22,202687,Bismack Biyombo,2.0,1.0,1.0,0.0,0.0,1.0,2.0,0.0,0.0,1.0,1.0,0.0,12.0,9:49,3.3,1
23,2457,Jannero Pargo,,,,,,,,,,,,,,,0.0,1
24,201229,Anthony Tolliver,,,,,,,,,,,,,,,0.0,1
