,id,name,PTS,FG,FGA,FTA,FT,OREB,DREB,STL,AST,BLK,PF,TO,PLUS_MINUS,MIN,GS,WIN
0,200782,P.J. Tucker,4.0,1.0,5.0,2.0,2.0,3.0,7.0,1.0,1.0,0.0,5.0,2.0,8.0,28:60,2.8,1
1,101112,Channing Frye,22.0,8.0,17.0,1.0,1.0,0.0,5.0,0.0,1.0,1.0,3.0,0.0,7.0,36:09,15.0,1
2,203101,Miles Plumlee,11.0,4.0,8.0,4.0,3.0,0.0,9.0,1.0,2.0,0.0,6.0,1.0,-4.0,31:56,8.3,1
3,101123,Gerald Green,14.0,5.0,12.0,2.0,2.0,0.0,1.0,0.0,0.0,1.0,4.0,0.0,-1.0,24:50,7.0,1
4,201609,Goran Dragic,26.0,9.0,20.0,8.0,6.0,2.0,4.0,1.0,9.0,0.0,1.0,3.0,2.0,40:50,21.3,1
5,2571,Leandro Barbosa,3.0,1.0,6.0,2.0,1.0,1.0,2.0,0.0,3.0,1.0,2.0,2.0,2.0,13:24,0.1,1
6,202397,Ish Smith,4.0,2.0,5.0,0.0,0.0,1.0,0.0,0.0,1.0,0.0,2.0,0.0,-10.0,11:38,1.9,1
7,203458,Alex Len,2.0,1.0,3.0,0.0,0.0,4.0,1.0,0.0,0.0,0.0,1.0,0.0,-5.0,11:55,3.0,1
8,202694,Marcus Morris Sr.,10.0,4.0,6.0,0.0,0.0,2.0,3.0,1.0,0.0,0.0,2.0,2.0,0.0,24:23,7.9,1
9,202693,Markieff Morris,8.0,3.0,10.0,4.0,2.0,2.0,3.0,2.0,2.0,0.0,4.0,0.0,6.0,15:56,5.5,1
10,202091,Dionte Christmas,,,,,,,,,,,,,,,0.0,1
11,203462,Archie Goodwin,,,,,,,,,,,,,,,0.0,1
12,203139,Viacheslav Kravtsov,,,,,,,,,,,,,,,0.0,1
13,201147,Corey Brewer,15.0,6.0,10.0,4.0,2.0,1.0,3.0,1.0,0.0,1.0,1.0,1.0,2.0,37:09,11.5,0
14,201567,Kevin Love,15.0,4.0,20.0,6.0,6.0,2.0,10.0,0.0,1.0,0.0,5.0,0.0,-4.0,36:57,5.7,0
15,201593,Nikola Pekovic,17.0,6.0,16.0,5.0,5.0,8.0,4.0,1.0,2.0,2.0,1.0,2.0,-6.0,33:23,16.4,0
16,2755,Kevin Martin,20.0,6.0,16.0,6.0,6.0,0.0,5.0,0.0,2.0,0.0,2.0,3.0,-3.0,34:03,10.3,0
17,201937,Ricky Rubio,7.0,2.0,6.0,4.0,3.0,0.0,8.0,0.0,8.0,0.0,5.0,2.0,3.0,34:55,7.2,0
18,203144,Alexey Shved,7.0,2.0,6.0,2.0,2.0,1.0,3.0,0.0,1.0,1.0,0.0,0.0,2.0,13:57,6.6,0
19,200826,J.J. Barea,8.0,3.0,6.0,2.0,2.0,0.0,0.0,0.0,2.0,0.0,0.0,2.0,-4.0,13:05,4.4,0
20,201978,Chase Budinger,6.0,2.0,3.0,2.0,1.0,0.0,1.0,1.0,0.0,0.0,1.0,1.0,-3.0,10:51,4.2,0
21,101142,Ronny Turiaf,5.0,2.0,2.0,2.0,1.0,0.0,4.0,0.0,2.0,0.0,1.0,0.0,5.0,14:37,6.2,0
22,201967,Dante Cunningham,3.0,1.0,1.0,2.0,1.0,0.0,1.0,0.0,1.0,1.0,2.0,0.0,3.0,11:03,3.2,0
23,203476,Gorgui Dieng,,,,,,,,,,,,,,,0.0,0
24,203133,Robbie Hummel,,,,,,,,,,,,,,,0.0,0
25,201985,AJ Price,,,,,,,,,,,,,,,0.0,0
