,id,name,PTS,FG,FGA,FTA,FT,OREB,DREB,STL,AST,BLK,PF,TO,PLUS_MINUS,MIN,GS,WIN
0,203084,Harrison Barnes,20.0,9.0,13.0,0.0,0.0,1.0,3.0,1.0,3.0,1.0,2.0,1.0,-10.0,44:18,18.1,0
1,101135,David Lee,21.0,7.0,17.0,8.0,7.0,4.0,9.0,1.0,4.0,0.0,2.0,5.0,-1.0,41:36,15.0,0
2,101106,Andrew Bogut,12.0,5.0,9.0,7.0,2.0,4.0,9.0,2.0,5.0,1.0,4.0,1.0,13.0,32:22,14.8,0
3,202691,Klay Thompson,19.0,6.0,20.0,5.0,3.0,0.0,3.0,2.0,3.0,0.0,2.0,2.0,-6.0,41:13,8.8,0
4,2738,Andre Iguodala,6.0,1.0,4.0,4.0,3.0,1.0,2.0,0.0,6.0,0.0,1.0,6.0,5.0,27:56,2.3,0
5,203110,Draymond Green,12.0,4.0,5.0,2.0,2.0,1.0,3.0,2.0,1.0,0.0,3.0,1.0,-8.0,27:20,12.2,0
6,203517,Nemanja Nedovic,0.0,0.0,2.0,0.0,0.0,0.0,1.0,0.0,0.0,0.0,2.0,0.0,-5.0,5:18,-1.9,0
7,201578,Marreese Speights,3.0,1.0,8.0,2.0,1.0,5.0,2.0,0.0,1.0,0.0,2.0,1.0,-13.0,10:59,0.4,0
8,203145,Kent Bazemore,2.0,1.0,4.0,0.0,0.0,0.0,2.0,0.0,0.0,0.0,2.0,1.0,-12.0,8:22,-1.6,0
9,203473,Dewayne Dedmon,0.0,0.0,0.0,0.0,0.0,0.0,0.0,0.0,0.0,0.0,0.0,0.0,2.0,0:36,0.0,0
10,201962,Toney Douglas,,,,,,,,,,,,,,,0.0,0
11,203136,Ognjen Kuzmic,,,,,,,,,,,,,,,0.0,0
12,202325,Wesley Johnson,2.0,1.0,4.0,0.0,0.0,0.0,3.0,1.0,1.0,0.0,2.0,1.0,2.0,22:50,0.4,1
13,201941,Jordan Hill,10.0,5.0,10.0,0.0,0.0,3.0,6.0,0.0,3.0,1.0,5.0,3.0,-5.0,32:57,6.7,1
14,2200,Pau Gasol,24.0,11.0,19.0,2.0,2.0,2.0,8.0,2.0,3.0,1.0,5.0,2.0,2.0,38:39,19.7,1
15,201975,Jodie Meeks,8.0,3.0,10.0,0.0,0.0,0.0,1.0,1.0,0.0,0.0,1.0,1.0,-11.0,27:54,2.1,1
16,2581,Steve Blake,14.0,3.0,6.0,6.0,6.0,0.0,2.0,2.0,5.0,0.0,3.0,5.0,-14.0,28:58,10.9,1
17,200761,Shawne Williams,6.0,2.0,4.0,0.0,0.0,1.0,3.0,0.0,1.0,1.0,2.0,1.0,10.0,18:20,5.2,1
18,201156,Nick Young,21.0,7.0,15.0,5.0,4.0,0.0,1.0,2.0,0.0,0.0,3.0,0.0,12.0,31:14,14.0,1
19,202333,Xavier Henry,3.0,1.0,5.0,4.0,1.0,1.0,3.0,2.0,0.0,0.0,0.0,1.0,18.0,20:06,1.3,1
20,200770,Jordan Farmar,14.0,6.0,9.0,0.0,0.0,0.0,2.0,0.0,8.0,1.0,1.0,0.0,21.0,19:02,16.6,1
21,203548,Elias Harris,,,,,,,,,,,,,,,0.0,1
22,2549,Chris Kaman,,,,,,,,,,,,,,,0.0,1
23,203527,Ryan Kelly,,,,,,,,,,,,,,,0.0,1
24,203135,Robert Sacre,,,,,,,,,,,,,,,0.0,1
