,id,name,PTS,FG,FGA,FTA,FT,OREB,DREB,STL,AST,BLK,PF,TO,PLUS_MINUS,MIN,GS,WIN
0,101141,Ersan Ilyasova,5.0,2.0,7.0,0.0,0.0,0.0,4.0,2.0,1.0,1.0,3.0,1.0,-21.0,22:55,3.3,1
1,2406,Caron Butler,8.0,2.0,8.0,2.0,2.0,2.0,4.0,1.0,1.0,0.0,1.0,0.0,-3.0,27:00,7.1,1
2,202336,Larry Sanders,4.0,2.0,5.0,0.0,0.0,1.0,2.0,0.0,1.0,4.0,2.0,1.0,-18.0,18:24,4.3,1
3,201564,O.J. Mayo,8.0,2.0,9.0,4.0,4.0,2.0,2.0,2.0,2.0,0.0,4.0,3.0,-16.0,22:46,3.3,1
4,202390,Gary Neal,14.0,4.0,11.0,6.0,4.0,0.0,1.0,1.0,1.0,0.0,0.0,1.0,-17.0,25:31,8.1,1
5,203489,Nate Wolters,14.0,5.0,10.0,3.0,3.0,1.0,1.0,0.0,6.0,0.0,1.0,1.0,23.0,29:17,12.8,1
6,203114,Khris Middleton,13.0,5.0,8.0,3.0,3.0,0.0,1.0,2.0,2.0,0.0,4.0,0.0,23.0,26:59,11.5,1
7,203089,John Henson,14.0,6.0,11.0,4.0,2.0,5.0,4.0,0.0,0.0,1.0,2.0,0.0,28.0,25:05,12.5,1
8,2585,Zaza Pachulia,20.0,5.0,10.0,10.0,10.0,6.0,3.0,2.0,4.0,1.0,4.0,0.0,25.0,29:36,24.0,1
9,203507,Giannis Antetokounmpo,5.0,2.0,5.0,2.0,1.0,0.0,2.0,0.0,0.0,0.0,3.0,0.0,11.0,12:27,1.3,1
10,202688,Brandon Knight,,,,,,,,,,,,,,,0.0,1
11,203545,Miroslav Raduljica,,,,,,,,,,,,,,,0.0,1
12,2557,Luke Ridnour,,,,,,,,,,,,,,,0.0,1
13,2222,Gerald Wallace,14.0,5.0,9.0,7.0,2.0,0.0,6.0,1.0,4.0,0.0,2.0,4.0,0.0,36:01,8.5,0
14,101138,Brandon Bass,17.0,6.0,11.0,6.0,5.0,3.0,5.0,0.0,2.0,1.0,3.0,0.0,11.0,34:40,15.8,0
15,203543,Vitor Faverani,12.0,4.0,6.0,6.0,4.0,6.0,12.0,1.0,1.0,6.0,4.0,3.0,1.0,37:07,17.7,0
16,201145,Jeff Green,13.0,4.0,13.0,7.0,4.0,4.0,5.0,0.0,1.0,0.0,3.0,4.0,-1.0,38:10,4.1,0
17,202340,Avery Bradley,8.0,4.0,14.0,0.0,0.0,0.0,2.0,1.0,2.0,0.0,6.0,4.0,9.0,32:35,-3.6,0
18,201584,Courtney Lee,13.0,6.0,11.0,0.0,0.0,0.0,4.0,2.0,1.0,0.0,3.0,0.0,-20.0,25:42,10.4,0
19,203482,Kelly Olynyk,4.0,2.0,5.0,0.0,0.0,2.0,0.0,0.0,1.0,0.0,4.0,1.0,-15.0,13:50,0.8,0
20,202348,Jordan Crawford,7.0,1.0,1.0,5.0,5.0,0.0,0.0,0.0,1.0,0.0,0.0,0.0,-9.0,11:32,7.4,0
21,203096,Jared Sullinger,10.0,2.0,6.0,7.0,6.0,3.0,0.0,0.0,0.0,0.0,4.0,1.0,-11.0,10:23,5.7,0
22,2586,Keith Bogans,,,,,,,,,,,,,,,0.0,0
23,202705,MarShon Brooks,,,,,,,,,,,,,,,0.0,0
24,2743,Kris Humphries,,,,,,,,,,,,,,,0.0,0
25,203515,Phil Pressey,,,,,,,,,,,,,,,0.0,0
