,id,name,PTS,FG,FGA,FTA,FT,OREB,DREB,STL,AST,BLK,PF,TO,PLUS_MINUS,MIN,GS,WIN
0,201960,DeMarre Carroll,9.0,4.0,9.0,0.0,0.0,1.0,5.0,2.0,1.0,1.0,2.0,1.0,12.0,38:08,8.1,1
1,200794,Paul Millsap,28.0,12.0,20.0,2.0,2.0,2.0,3.0,0.0,1.0,2.0,2.0,3.0,14.0,34:13,19.4,1
2,203544,Pero Antic,11.0,4.0,10.0,0.0,0.0,2.0,8.0,1.0,2.0,0.0,4.0,2.0,2.0,27:23,8.2,1
3,2594,Kyle Korver,10.0,3.0,8.0,2.0,2.0,0.0,9.0,0.0,4.0,2.0,1.0,0.0,13.0,36:03,12.1,1
4,201952,Jeff Teague,11.0,4.0,14.0,0.0,0.0,2.0,4.0,0.0,9.0,0.0,2.0,3.0,6.0,28:42,7.9,1
5,1882,Elton Brand,4.0,2.0,3.0,0.0,0.0,1.0,6.0,0.0,1.0,3.0,2.0,1.0,17.0,16:15,6.2,1
6,202714,Shelvin Mack,5.0,2.0,6.0,0.0,0.0,0.0,1.0,0.0,8.0,1.0,1.0,1.0,15.0,24:07,6.8,1
7,203118,Mike Scott,10.0,5.0,10.0,1.0,0.0,1.0,2.0,0.0,1.0,0.0,2.0,2.0,0.0,13:47,3.8,1
8,203471,Dennis Schroder,6.0,2.0,3.0,1.0,1.0,1.0,2.0,0.0,0.0,0.0,3.0,0.0,0.0,13:01,4.8,1
9,201858,Cartier Martin,0.0,0.0,0.0,0.0,0.0,0.0,0.0,0.0,0.0,0.0,0.0,0.0,-1.0,4:37,0.0,1
10,203488,Mike Muscala,3.0,1.0,2.0,1.0,1.0,0.0,1.0,0.0,0.0,0.0,1.0,0.0,-8.0,3:44,1.9,1
11,101150,Lou Williams,,,,,,,,,,,,,,,0.0,1
12,203077,Michael Kidd-Gilchrist,2.0,1.0,4.0,2.0,0.0,4.0,2.0,0.0,1.0,0.0,2.0,0.0,-3.0,21:10,2.1,0
13,201177,Josh McRoberts,5.0,2.0,10.0,0.0,0.0,0.0,5.0,0.0,4.0,2.0,5.0,1.0,-16.0,26:40,1.5,0
14,2744,Al Jefferson,16.0,6.0,15.0,4.0,4.0,3.0,9.0,1.0,3.0,0.0,0.0,0.0,-13.0,38:35,15.8,0
15,201945,Gerald Henderson,16.0,5.0,12.0,4.0,4.0,0.0,3.0,0.0,1.0,1.0,0.0,1.0,-5.0,29:25,10.9,0
16,202689,Kemba Walker,20.0,7.0,18.0,2.0,2.0,1.0,3.0,1.0,7.0,1.0,1.0,1.0,-16.0,32:40,17.0,0
17,203469,Cody Zeller,3.0,1.0,6.0,1.0,1.0,1.0,1.0,0.0,0.0,2.0,1.0,0.0,3.0,11:50,1.2,0
18,202390,Gary Neal,9.0,3.0,8.0,2.0,2.0,0.0,2.0,1.0,1.0,0.0,1.0,1.0,-9.0,28:01,5.5,0
19,201604,Chris Douglas-Roberts,3.0,1.0,3.0,1.0,1.0,0.0,1.0,0.0,1.0,0.0,1.0,0.0,-11.0,17:24,1.9,0
20,2557,Luke Ridnour,3.0,1.0,3.0,0.0,0.0,0.0,3.0,1.0,4.0,0.0,1.0,0.0,2.0,15:20,5.6,0
21,202687,Bismack Biyombo,4.0,2.0,2.0,0.0,0.0,1.0,3.0,0.0,0.0,1.0,3.0,2.0,1.0,7:45,2.5,0
22,201229,Anthony Tolliver,2.0,1.0,4.0,0.0,0.0,0.0,0.0,0.0,0.0,0.0,0.0,0.0,-3.0,11:10,-0.4,0
23,2457,Jannero Pargo,,,,,,,,,,,,,,,0.0,0
