,id,name,PTS,FG,FGA,FTA,FT,OREB,DREB,STL,AST,BLK,PF,TO,PLUS_MINUS,MIN,GS,WIN
0,202329,Al-Farouq Aminu,14.0,6.0,10.0,4.0,1.0,5.0,4.0,3.0,1.0,0.0,5.0,1.0,3.0,40:36,13.6,1
1,201583,Ryan Anderson,36.0,12.0,20.0,5.0,5.0,4.0,2.0,0.0,0.0,1.0,4.0,1.0,5.0,56:30,28.3,1
2,201160,Jason Smith,12.0,6.0,17.0,0.0,0.0,7.0,7.0,0.0,1.0,1.0,6.0,1.0,7.0,47:01,7.5,1
3,201569,Eric Gordon,23.0,7.0,23.0,8.0,7.0,2.0,5.0,3.0,3.0,0.0,0.0,2.0,15.0,45:01,15.3,1
4,201950,Jrue Holiday,19.0,9.0,22.0,1.0,1.0,3.0,5.0,1.0,12.0,1.0,4.0,2.0,13.0,49:12,17.3,1
5,201936,Tyreke Evans,13.0,5.0,10.0,3.0,3.0,1.0,4.0,1.0,3.0,0.0,5.0,2.0,2.0,24:10,9.0,1
6,200811,Lou Amundson,0.0,0.0,0.0,2.0,0.0,0.0,4.0,0.0,0.0,2.0,6.0,0.0,-9.0,15:26,-0.6,1
7,201627,Anthony Morrow,8.0,3.0,6.0,2.0,1.0,0.0,1.0,1.0,1.0,0.0,1.0,1.0,-9.0,18:36,5.2,1
8,203481,Jeff Withey,2.0,1.0,2.0,0.0,0.0,0.0,0.0,0.0,0.0,0.0,1.0,0.0,-2.0,4:40,0.6,1
9,203148,Brian Roberts,4.0,1.0,3.0,2.0,2.0,0.0,0.0,0.0,4.0,0.0,2.0,1.0,-10.0,13:48,3.3,1
10,2735,Josh Childress,,,,,,,,,,,,,,,0.0,1
11,203121,Darius Miller,,,,,,,,,,,,,,,0.0,1
12,203085,Austin Rivers,,,,,,,,,,,,,,,0.0,1
13,2736,Luol Deng,37.0,15.0,27.0,11.0,7.0,2.0,6.0,0.0,7.0,0.0,5.0,7.0,-9.0,55:38,21.6,0
14,2430,Carlos Boozer,4.0,2.0,6.0,0.0,0.0,0.0,6.0,0.0,3.0,1.0,2.0,0.0,-4.0,26:28,4.4,0
15,201149,Joakim Noah,19.0,8.0,12.0,5.0,3.0,4.0,6.0,0.0,4.0,1.0,3.0,3.0,-14.0,50:21,16.9,0
16,203503,Tony Snell,6.0,2.0,4.0,0.0,0.0,0.0,1.0,0.0,2.0,0.0,3.0,0.0,-11.0,22:18,4.5,0
17,2550,Kirk Hinrich,13.0,4.0,15.0,5.0,5.0,1.0,5.0,2.0,11.0,0.0,3.0,3.0,-7.0,53:08,11.8,0
18,201959,Taj Gibson,26.0,10.0,19.0,8.0,6.0,7.0,7.0,0.0,0.0,5.0,3.0,0.0,8.0,44:27,25.2,0
19,2399,Mike Dunleavy,23.0,7.0,14.0,5.0,3.0,0.0,7.0,2.0,5.0,0.0,2.0,2.0,16.0,48:03,20.0,0
20,1737,Nazr Mohammed,0.0,0.0,1.0,0.0,0.0,2.0,0.0,0.0,0.0,0.0,0.0,1.0,2.0,4:40,-0.3,0
21,2229,Mike James,0.0,0.0,3.0,0.0,0.0,0.0,1.0,0.0,2.0,0.0,2.0,0.0,4.0,9:52,-1.2,0
22,203104,Marquis Teague,0.0,0.0,0.0,0.0,0.0,0.0,0.0,0.0,0.0,0.0,0.0,0.0,0.0,0:06,0.0,0
23,203513,Erik Murphy,,,,,,,,,,,,,,,0.0,0
