,id,name,PTS,FG,FGA,FTA,FT,OREB,DREB,STL,AST,BLK,PF,TO,PLUS_MINUS,MIN,GS,WIN
0,201142,Kevin Durant,33.0,8.0,18.0,17.0,15.0,1.0,5.0,2.0,10.0,0.0,4.0,5.0,-9.0,41:49,27.4,0
1,201586,Serge Ibaka,13.0,6.0,6.0,1.0,1.0,0.0,2.0,0.0,1.0,0.0,0.0,1.0,0.0,16:36,11.5,0
2,203500,Steven Adams,7.0,3.0,4.0,2.0,1.0,2.0,2.0,0.0,0.0,1.0,2.0,1.0,-5.0,21:26,5.9,0
3,200757,Thabo Sefolosha,7.0,2.0,5.0,3.0,3.0,0.0,3.0,6.0,1.0,1.0,5.0,4.0,-4.0,34:40,6.6,0
4,201566,Russell Westbrook,19.0,7.0,18.0,5.0,3.0,2.0,2.0,2.0,10.0,0.0,2.0,5.0,-2.0,34:49,13.6,0
5,2555,Nick Collison,4.0,2.0,2.0,0.0,0.0,1.0,4.0,0.0,0.0,0.0,5.0,0.0,5.0,20:08,3.3,0
6,202704,Reggie Jackson,9.0,2.0,6.0,4.0,4.0,0.0,3.0,1.0,4.0,0.0,2.0,2.0,-6.0,25:02,7.5,0
7,201934,Hasheem Thabeet,4.0,2.0,4.0,1.0,0.0,1.0,4.0,0.0,0.0,0.0,3.0,0.0,-11.0,14:27,2.3,0
8,203087,Jeremy Lamb,0.0,0.0,5.0,0.0,0.0,1.0,1.0,1.0,1.0,0.0,2.0,1.0,-2.0,13:49,-2.6,0
9,203103,Perry Jones III,5.0,2.0,3.0,0.0,0.0,0.0,1.0,0.0,0.0,1.0,0.0,0.0,6.0,6:26,4.7,0
10,101155,Ryan Gomes,2.0,1.0,1.0,0.0,0.0,0.0,0.0,0.0,0.0,0.0,4.0,1.0,-5.0,5:58,-0.9,0
11,965,Derek Fisher,0.0,0.0,3.0,0.0,0.0,0.0,0.0,0.0,0.0,0.0,0.0,2.0,-7.0,4:50,-4.1,0
12,203460,Andre Roberson,,,,,,,,,,,,,,,0.0,0
13,201162,Jared Dudley,10.0,3.0,8.0,4.0,3.0,2.0,1.0,0.0,1.0,0.0,4.0,3.0,7.0,30:54,3.0,1
14,201933,Blake Griffin,22.0,8.0,14.0,9.0,6.0,6.0,6.0,3.0,7.0,0.0,5.0,5.0,8.0,37:59,21.1,1
15,201599,DeAndre Jordan,15.0,6.0,8.0,4.0,3.0,3.0,6.0,2.0,0.0,2.0,3.0,3.0,2.0,32:09,14.5,1
16,200755,JJ Redick,15.0,5.0,13.0,3.0,3.0,0.0,2.0,1.0,2.0,0.0,4.0,1.0,10.0,25:44,8.3,1
17,101108,Chris Paul,14.0,5.0,15.0,4.0,4.0,0.0,7.0,3.0,16.0,1.0,1.0,2.0,10.0,40:52,20.1,1
18,2037,Jamal Crawford,20.0,7.0,13.0,4.0,3.0,1.0,2.0,2.0,2.0,1.0,2.0,5.0,-1.0,26:53,12.9,1
19,2440,Matt Barnes,0.0,0.0,5.0,0.0,0.0,3.0,1.0,0.0,0.0,0.0,1.0,1.0,-6.0,7:48,-2.5,1
20,200797,Ryan Hollins,4.0,2.0,2.0,0.0,0.0,1.0,0.0,0.0,0.0,0.0,1.0,0.0,8.0,10:31,3.7,1
21,201954,Darren Collison,8.0,3.0,6.0,2.0,2.0,2.0,0.0,4.0,1.0,0.0,1.0,1.0,-2.0,16:34,9.7,1
22,201957,Byron Mullens,1.0,0.0,1.0,2.0,1.0,0.0,4.0,0.0,1.0,0.0,1.0,0.0,-8.0,5:03,1.4,1
23,203493,Reggie Bullock,2.0,0.0,1.0,2.0,2.0,0.0,3.0,0.0,0.0,0.0,0.0,1.0,12.0,5:34,1.2,1
24,2584,Willie Green,,,,,,,,,,,,,,,0.0,1
25,1712,Antawn Jamison,,,,,,,,,,,,,,,0.0,1
