,id,name,PTS,FG,FGA,FTA,FT,OREB,DREB,STL,AST,BLK,PF,TO,PLUS_MINUS,MIN,GS,WIN
0,201147,Corey Brewer,10.0,5.0,7.0,0.0,0.0,1.0,2.0,1.0,5.0,0.0,4.0,3.0,-17.0,31:42,8.3,0
1,201567,Kevin Love,43.0,12.0,22.0,18.0,17.0,6.0,13.0,1.0,1.0,0.0,0.0,3.0,-9.0,38:00,38.8,0
2,101142,Ronny Turiaf,5.0,2.0,4.0,2.0,1.0,3.0,4.0,0.0,1.0,5.0,2.0,4.0,-13.0,22:59,5.3,0
3,2755,Kevin Martin,17.0,5.0,14.0,7.0,6.0,0.0,0.0,0.0,1.0,0.0,3.0,1.0,-16.0,23:02,7.3,0
4,201937,Ricky Rubio,5.0,1.0,3.0,4.0,3.0,0.0,4.0,5.0,11.0,0.0,6.0,3.0,-11.0,31:36,11.4,0
5,201967,Dante Cunningham,6.0,2.0,5.0,2.0,2.0,1.0,2.0,1.0,0.0,1.0,3.0,0.0,6.0,25:01,5.1,0
6,200826,J.J. Barea,12.0,5.0,11.0,0.0,0.0,0.0,2.0,0.0,4.0,0.0,2.0,2.0,4.0,16:29,6.9,0
7,203144,Alexey Shved,9.0,3.0,9.0,4.0,2.0,2.0,3.0,1.0,1.0,0.0,2.0,1.0,5.0,22:40,5.3,0
8,201985,AJ Price,0.0,0.0,3.0,0.0,0.0,0.0,1.0,0.0,0.0,0.0,0.0,0.0,1.0,5:00,-1.8,0
9,201601,Luc Mbah a Moute,4.0,1.0,3.0,2.0,2.0,0.0,1.0,0.0,0.0,1.0,2.0,0.0,2.0,10:00,2.5,0
10,201978,Chase Budinger,2.0,1.0,3.0,0.0,0.0,1.0,0.0,0.0,1.0,0.0,0.0,0.0,13.0,13:30,1.7,0
11,203476,Gorgui Dieng,,,,,,,,,,,,,,,0.0,0
12,203498,Shabazz Muhammad,,,,,,,,,,,,,,,0.0,0
13,201960,DeMarre Carroll,19.0,6.0,15.0,6.0,5.0,3.0,2.0,3.0,4.0,0.0,2.0,0.0,15.0,30:56,18.2,1
14,200794,Paul Millsap,20.0,9.0,18.0,3.0,2.0,4.0,9.0,3.0,2.0,1.0,6.0,5.0,15.0,31:43,13.8,1
15,202970,Gustavo Ayon,2.0,1.0,4.0,0.0,0.0,1.0,3.0,1.0,1.0,0.0,4.0,2.0,17.0,20:26,-0.7,1
16,2594,Kyle Korver,24.0,7.0,9.0,8.0,7.0,0.0,4.0,0.0,3.0,1.0,1.0,1.0,9.0,35:57,22.7,1
17,201952,Jeff Teague,19.0,6.0,15.0,6.0,6.0,1.0,2.0,3.0,8.0,1.0,4.0,1.0,17.0,31:30,18.9,1
18,1882,Elton Brand,8.0,4.0,10.0,1.0,0.0,2.0,5.0,0.0,0.0,1.0,4.0,0.0,-7.0,22:19,4.2,1
19,101150,Lou Williams,7.0,2.0,5.0,2.0,2.0,1.0,3.0,1.0,5.0,0.0,3.0,1.0,-9.0,22:37,8.2,1
20,202714,Shelvin Mack,7.0,3.0,7.0,0.0,0.0,0.0,0.0,1.0,2.0,0.0,1.0,2.0,-10.0,17:10,3.3,1
21,203471,Dennis Schroder,0.0,0.0,0.0,0.0,0.0,0.0,2.0,0.0,2.0,0.0,0.0,0.0,-1.0,6:09,2.0,1
22,203118,Mike Scott,14.0,5.0,9.0,4.0,3.0,3.0,3.0,0.0,3.0,0.0,2.0,1.0,-11.0,21:13,12.6,1
23,203099,Jared Cunningham,,,,,,,,,,,,,,,0.0,1
24,201858,Cartier Martin,,,,,,,,,,,,,,,0.0,1
