,id,name,PTS,FG,FGA,FTA,FT,OREB,DREB,STL,AST,BLK,PF,TO,PLUS_MINUS,MIN,GS,WIN
0,202329,Al-Farouq Aminu,6.0,3.0,6.0,0.0,0.0,2.0,3.0,0.0,0.0,0.0,4.0,2.0,-7.0,15:12,1.7,0
1,201583,Ryan Anderson,17.0,7.0,21.0,0.0,0.0,5.0,4.0,0.0,1.0,0.0,2.0,2.0,-6.0,41:23,7.7,0
2,201160,Jason Smith,2.0,1.0,4.0,0.0,0.0,1.0,6.0,0.0,1.0,0.0,1.0,0.0,-14.0,22:24,2.4,0
3,201569,Eric Gordon,9.0,4.0,11.0,2.0,1.0,1.0,2.0,1.0,2.0,0.0,3.0,0.0,-8.0,30:26,5.0,0
4,201950,Jrue Holiday,13.0,5.0,11.0,2.0,2.0,0.0,5.0,2.0,10.0,0.0,1.0,1.0,-4.0,35:54,16.4,0
5,203076,Anthony Davis,24.0,10.0,18.0,7.0,4.0,5.0,7.0,3.0,0.0,0.0,3.0,2.0,-6.0,32:13,19.6,0
6,201936,Tyreke Evans,11.0,2.0,10.0,8.0,7.0,4.0,9.0,0.0,10.0,1.0,2.0,3.0,-6.0,32:54,13.8,0
7,203085,Austin Rivers,2.0,1.0,4.0,1.0,0.0,0.0,1.0,0.0,1.0,0.0,3.0,1.0,-5.0,14:35,-2.0,0
8,201627,Anthony Morrow,11.0,4.0,8.0,0.0,0.0,0.0,0.0,0.0,1.0,0.0,3.0,0.0,-9.0,14:59,6.5,0
9,200811,Lou Amundson,,,,,,,,,,,,,,,0.0,0
10,203121,Darius Miller,,,,,,,,,,,,,,,0.0,0
11,203148,Brian Roberts,,,,,,,,,,,,,,,0.0,0
12,203481,Jeff Withey,,,,,,,,,,,,,,,0.0,0
13,201162,Jared Dudley,20.0,7.0,11.0,2.0,2.0,1.0,4.0,0.0,3.0,0.0,4.0,2.0,12.0,39:14,15.5,1
14,201933,Blake Griffin,21.0,8.0,16.0,4.0,3.0,3.0,7.0,0.0,5.0,1.0,6.0,3.0,10.0,31:54,15.6,1
15,201599,DeAndre Jordan,14.0,6.0,6.0,4.0,2.0,5.0,15.0,0.0,0.0,5.0,2.0,0.0,12.0,42:52,22.1,1
16,2037,Jamal Crawford,17.0,3.0,13.0,11.0,10.0,0.0,2.0,1.0,4.0,0.0,1.0,3.0,11.0,32:50,9.7,1
17,101108,Chris Paul,12.0,4.0,13.0,4.0,3.0,1.0,4.0,2.0,11.0,0.0,2.0,1.0,7.0,34:03,13.9,1
18,201954,Darren Collison,14.0,2.0,7.0,9.0,9.0,1.0,4.0,0.0,1.0,0.0,0.0,0.0,6.0,23:10,12.5,1
19,2584,Willie Green,10.0,3.0,7.0,2.0,2.0,0.0,1.0,0.0,1.0,1.0,0.0,0.0,2.0,22:36,8.0,1
20,1536,Stephen Jackson,0.0,0.0,4.0,0.0,0.0,0.0,0.0,1.0,0.0,1.0,1.0,0.0,6.0,10:21,-1.5,1
21,200797,Ryan Hollins,0.0,0.0,1.0,0.0,0.0,0.0,1.0,0.0,0.0,0.0,0.0,0.0,-1.0,2:60,-0.4,1
22,2440,Matt Barnes,,,,,,,,,,,,,,,0.0,1
23,203493,Reggie Bullock,,,,,,,,,,,,,,,0.0,1
24,1712,Antawn Jamison,,,,,,,,,,,,,,,0.0,1
25,201957,Byron Mullens,,,,,,,,,,,,,,,0.0,1
