,id,name,PTS,FG,FGA,FTA,FT,OREB,DREB,STL,AST,BLK,PF,TO,PLUS_MINUS,MIN,GS,WIN
0,2594,Kyle Korver,8.0,3.0,7.0,0.0,0.0,1.0,3.0,2.0,2.0,0.0,3.0,1.0,-5.0,26:36,7.1,0
1,200794,Paul Millsap,17.0,4.0,8.0,9.0,8.0,0.0,6.0,0.0,4.0,0.0,2.0,3.0,-11.0,31:21,13.4,0
2,202970,Gustavo Ayon,18.0,9.0,11.0,0.0,0.0,3.0,7.0,1.0,3.0,0.0,3.0,2.0,-9.0,30:32,18.0,0
3,101150,Lou Williams,5.0,2.0,8.0,2.0,1.0,0.0,1.0,0.0,2.0,0.0,2.0,1.0,-11.0,30:29,-0.3,0
4,201952,Jeff Teague,13.0,4.0,13.0,5.0,5.0,1.0,1.0,1.0,6.0,0.0,3.0,2.0,-14.0,29:37,8.5,0
5,1882,Elton Brand,5.0,1.0,5.0,3.0,3.0,1.0,4.0,1.0,0.0,0.0,4.0,2.0,-7.0,14:30,1.2,0
6,202714,Shelvin Mack,0.0,0.0,3.0,0.0,0.0,0.0,3.0,0.0,3.0,0.0,0.0,2.0,-4.0,14:25,-1.1,0
7,201858,Cartier Martin,10.0,4.0,9.0,2.0,1.0,0.0,3.0,0.0,0.0,0.0,0.0,0.0,-17.0,22:29,5.8,0
8,203471,Dennis Schroder,1.0,0.0,5.0,2.0,1.0,0.0,6.0,0.0,2.0,0.0,2.0,0.0,-12.0,20:24,-0.5,0
9,203118,Mike Scott,6.0,3.0,9.0,0.0,0.0,2.0,3.0,0.0,2.0,0.0,2.0,2.0,-15.0,19:37,1.8,0
10,203544,Pero Antic,,,,,,,,,,,,,,,0.0,0
11,201960,DeMarre Carroll,,,,,,,,,,,,,,,0.0,0
12,203082,Terrence Ross,13.0,5.0,11.0,0.0,0.0,1.0,0.0,0.0,0.0,1.0,1.0,0.0,-1.0,26:31,8.3,1
13,202335,Patrick Patterson,14.0,6.0,15.0,2.0,1.0,3.0,3.0,1.0,1.0,0.0,2.0,0.0,14.0,30:34,9.4,1
14,202685,Jonas Valanciunas,2.0,1.0,9.0,0.0,0.0,5.0,9.0,0.0,0.0,1.0,3.0,1.0,5.0,23:53,0.8,1
15,201942,DeMar DeRozan,31.0,11.0,19.0,7.0,7.0,2.0,3.0,2.0,3.0,0.0,4.0,1.0,18.0,34:13,25.9,1
16,200768,Kyle Lowry,16.0,5.0,14.0,6.0,5.0,2.0,4.0,2.0,13.0,0.0,2.0,3.0,14.0,32:22,17.7,1
17,201946,Tyler Hansbrough,8.0,2.0,7.0,7.0,4.0,2.0,5.0,0.0,0.0,1.0,1.0,0.0,12.0,17:54,5.9,1
18,2422,John Salmons,0.0,0.0,1.0,0.0,0.0,0.0,4.0,1.0,2.0,0.0,2.0,1.0,22.0,21:29,1.1,1
19,202349,Greivis Vasquez,12.0,5.0,10.0,0.0,0.0,0.0,0.0,0.0,2.0,0.0,2.0,0.0,17.0,23:29,7.6,1
20,200779,Steve Novak,6.0,2.0,5.0,0.0,0.0,0.0,2.0,1.0,0.0,0.0,1.0,0.0,14.0,18:42,4.5,1
21,101236,Chuck Hayes,2.0,1.0,1.0,0.0,0.0,0.0,0.0,1.0,0.0,0.0,0.0,1.0,0.0,2:24,1.7,1
22,202933,Julyan Stone,0.0,0.0,0.0,0.0,0.0,0.0,2.0,0.0,1.0,0.0,1.0,0.0,-4.0,3:23,0.9,1
23,201948,Austin Daye,0.0,0.0,2.0,0.0,0.0,0.0,0.0,0.0,0.0,0.0,0.0,0.0,-3.0,2:33,-1.4,1
24,202779,Dwight Buycks,0.0,0.0,0.0,0.0,0.0,0.0,0.0,0.0,0.0,0.0,0.0,0.0,-3.0,2:33,0.0,1
