,id,name,PTS,FG,FGA,FTA,FT,OREB,DREB,STL,AST,BLK,PF,TO,PLUS_MINUS,MIN,GS,WIN
0,201587,Nicolas Batum,21.0,8.0,11.0,3.0,2.0,0.0,7.0,0.0,1.0,0.0,0.0,1.0,36.0,33:14,17.9,1
1,200746,LaMarcus Aldridge,30.0,11.0,18.0,9.0,8.0,3.0,9.0,3.0,2.0,1.0,2.0,4.0,40.0,31:30,26.5,1
2,201577,Robin Lopez,16.0,7.0,13.0,2.0,2.0,4.0,8.0,0.0,2.0,3.0,2.0,0.0,25.0,26:01,17.6,1
3,202083,Wesley Matthews,10.0,3.0,10.0,2.0,2.0,0.0,2.0,1.0,3.0,0.0,2.0,2.0,20.0,27:37,5.1,1
4,203081,Damian Lillard,14.0,3.0,8.0,6.0,6.0,0.0,5.0,0.0,10.0,0.0,3.0,1.0,28.0,30:56,15.9,1
5,2590,Mo Williams,8.0,3.0,6.0,2.0,2.0,0.0,4.0,2.0,3.0,0.0,2.0,0.0,13.0,19:11,9.5,1
6,200777,Joel Freeland,6.0,3.0,3.0,0.0,0.0,2.0,3.0,0.0,1.0,0.0,2.0,0.0,9.0,12:57,7.3,1
7,203468,CJ McCollum,9.0,3.0,7.0,2.0,2.0,0.0,1.0,0.0,1.0,0.0,2.0,0.0,-10.0,16:49,5.5,1
8,203080,Thomas Robinson,8.0,4.0,5.0,0.0,0.0,2.0,1.0,0.0,1.0,0.0,2.0,4.0,-24.0,16:30,3.7,1
9,203086,Meyers Leonard,0.0,0.0,3.0,0.0,0.0,1.0,1.0,0.0,2.0,0.0,3.0,0.0,-19.0,8:25,-0.9,1
10,203115,Will Barton,5.0,1.0,3.0,2.0,2.0,1.0,0.0,0.0,0.0,0.0,0.0,1.0,-19.0,8:25,3.0,1
11,2748,Dorell Wright,0.0,0.0,3.0,0.0,0.0,1.0,0.0,0.0,0.0,0.0,0.0,2.0,-19.0,8:25,-3.4,1
12,2248,Earl Watson,,,,,,,,,,,,,,,0.0,1
13,1890,Shawn Marion,3.0,1.0,6.0,0.0,0.0,0.0,3.0,0.0,1.0,0.0,2.0,1.0,-24.0,24:01,-1.0,0
14,1717,Dirk Nowitzki,18.0,6.0,17.0,5.0,5.0,0.0,3.0,0.0,0.0,1.0,3.0,0.0,-23.0,21:39,8.9,0
15,2223,Samuel Dalembert,2.0,1.0,2.0,0.0,0.0,1.0,5.0,0.0,0.0,0.0,3.0,1.0,-17.0,13:21,1.0,0
16,101145,Monta Ellis,15.0,6.0,12.0,5.0,3.0,0.0,2.0,1.0,2.0,0.0,1.0,1.0,-23.0,23:15,9.8,0
17,101181,Jose Calderon,5.0,2.0,6.0,1.0,1.0,0.0,2.0,0.0,3.0,0.0,1.0,1.0,-16.0,20:08,2.9,0
18,1713,Vince Carter,11.0,4.0,8.0,2.0,2.0,0.0,2.0,0.0,0.0,0.0,1.0,1.0,-23.0,18:21,6.2,0
19,201971,DeJuan Blair,13.0,5.0,8.0,3.0,3.0,2.0,0.0,1.0,1.0,1.0,5.0,1.0,-8.0,26:34,10.2,0
20,2734,Devin Harris,6.0,2.0,4.0,4.0,2.0,0.0,0.0,0.0,2.0,0.0,1.0,0.0,-6.0,17:24,4.2,0
21,203499,Shane Larkin,9.0,3.0,6.0,4.0,3.0,0.0,2.0,1.0,4.0,0.0,3.0,1.0,4.0,23:17,7.8,0
22,201148,Brandan Wright,8.0,4.0,8.0,0.0,0.0,1.0,2.0,1.0,2.0,1.0,0.0,0.0,18.0,19:58,8.4,0
23,203109,Jae Crowder,13.0,5.0,8.0,0.0,0.0,0.0,1.0,1.0,0.0,0.0,1.0,1.0,20.0,17:32,9.3,0
24,201961,Wayne Ellington,8.0,3.0,5.0,1.0,1.0,0.0,4.0,0.0,0.0,0.0,2.0,0.0,18.0,14:30,6.1,0
25,203108,Bernard James,,,,,,,,,,,,,,,0.0,0
