,id,name,PTS,FG,FGA,FTA,FT,OREB,DREB,STL,AST,BLK,PF,TO,PLUS_MINUS,MIN,GS,WIN
0,203082,Terrence Ross,6.0,3.0,6.0,0.0,0.0,0.0,6.0,0.0,1.0,0.0,4.0,2.0,6.0,28:56,1.9,1
1,101161,Amir Johnson,9.0,1.0,4.0,8.0,7.0,2.0,4.0,0.0,0.0,1.0,3.0,3.0,-4.0,27:58,5.3,1
2,202685,Jonas Valanciunas,15.0,5.0,10.0,6.0,5.0,2.0,8.0,2.0,1.0,2.0,5.0,2.0,8.0,37:58,13.5,1
3,201942,DeMar DeRozan,11.0,3.0,12.0,7.0,5.0,1.0,7.0,0.0,1.0,0.0,1.0,4.0,4.0,35:46,2.1,1
4,200768,Kyle Lowry,13.0,4.0,10.0,4.0,2.0,1.0,3.0,2.0,6.0,0.0,2.0,1.0,-10.0,32:15,12.8,1
5,202349,Greivis Vasquez,9.0,4.0,9.0,0.0,0.0,0.0,3.0,0.0,3.0,1.0,0.0,1.0,16.0,15:45,7.0,1
6,2422,John Salmons,8.0,4.0,8.0,2.0,0.0,0.0,1.0,0.0,3.0,1.0,3.0,1.0,2.0,31:23,4.1,1
7,202335,Patrick Patterson,10.0,4.0,7.0,2.0,2.0,1.0,4.0,0.0,1.0,1.0,4.0,1.0,14.0,23:29,7.4,1
8,201946,Tyler Hansbrough,4.0,1.0,3.0,2.0,2.0,0.0,1.0,1.0,0.0,0.0,0.0,0.0,-6.0,6:30,3.6,1
9,202779,Dwight Buycks,,,,,,,,,,,,,,,0.0,1
10,202361,Landry Fields,,,,,,,,,,,,,,,0.0,1
11,101236,Chuck Hayes,,,,,,,,,,,,,,,0.0,1
12,200779,Steve Novak,,,,,,,,,,,,,,,0.0,1
13,2736,Luol Deng,16.0,6.0,15.0,5.0,4.0,0.0,4.0,1.0,0.0,0.0,2.0,4.0,-2.0,33:34,4.9,0
14,2430,Carlos Boozer,4.0,1.0,8.0,2.0,2.0,0.0,5.0,0.0,0.0,0.0,2.0,3.0,-10.0,24:27,-3.5,0
15,201149,Joakim Noah,7.0,2.0,10.0,4.0,3.0,6.0,10.0,1.0,6.0,1.0,4.0,1.0,-9.0,34:19,10.9,0
16,202710,Jimmy Butler,15.0,5.0,13.0,6.0,4.0,0.0,7.0,2.0,1.0,1.0,3.0,2.0,-4.0,37:34,9.4,0
17,2550,Kirk Hinrich,4.0,1.0,9.0,2.0,2.0,0.0,3.0,0.0,3.0,1.0,2.0,1.0,-5.0,27:58,0.0,0
18,201959,Taj Gibson,12.0,6.0,13.0,0.0,0.0,2.0,3.0,0.0,1.0,1.0,3.0,1.0,-1.0,29:33,6.8,0
19,2399,Mike Dunleavy,13.0,5.0,8.0,2.0,2.0,0.0,1.0,1.0,3.0,0.0,1.0,2.0,-6.0,24:52,10.4,0
20,201571,D.J. Augustin,6.0,3.0,4.0,0.0,0.0,0.0,1.0,0.0,3.0,0.0,2.0,0.0,-1.0,20:03,6.0,0
21,1737,Nazr Mohammed,2.0,1.0,2.0,0.0,0.0,1.0,2.0,0.0,0.0,0.0,2.0,1.0,8.0,7:41,0.5,0
22,203513,Erik Murphy,,,,,,,,,,,,,,,0.0,0
23,203503,Tony Snell,,,,,,,,,,,,,,,0.0,0
