,id,name,PTS,FG,FGA,FTA,FT,OREB,DREB,STL,AST,BLK,PF,TO,PLUS_MINUS,MIN,GS,WIN
0,202713,Kyle Singler,8.0,3.0,10.0,2.0,2.0,3.0,1.0,1.0,2.0,0.0,2.0,0.0,-2.0,42:46,6.2,0
1,202328,Greg Monroe,7.0,3.0,9.0,4.0,1.0,0.0,7.0,1.0,3.0,0.0,4.0,3.0,-6.0,36:22,1.3,0
2,203083,Andre Drummond,26.0,11.0,17.0,9.0,4.0,12.0,14.0,3.0,0.0,1.0,4.0,2.0,1.0,41:51,29.2,0
3,201155,Rodney Stuckey,22.0,10.0,18.0,4.0,2.0,0.0,1.0,1.0,1.0,0.0,0.0,0.0,-5.0,31:35,14.6,0
4,201943,Brandon Jennings,17.0,7.0,17.0,2.0,2.0,0.0,4.0,1.0,3.0,1.0,3.0,3.0,-2.0,33:40,8.7,0
5,203491,Peyton Siva,12.0,4.0,7.0,2.0,2.0,0.0,0.0,0.0,0.0,0.0,4.0,1.0,-6.0,17:11,6.1,0
6,201973,Jonas Jerebko,3.0,1.0,4.0,0.0,0.0,0.0,1.0,0.0,3.0,0.0,3.0,1.0,-11.0,17:47,0.8,0
7,203484,Kentavious Caldwell-Pope,3.0,1.0,4.0,0.0,0.0,0.0,2.0,0.0,0.0,0.0,1.0,1.0,-9.0,18:48,-0.2,0
8,203540,Gigi Datome,,,,,,,,,,,,,,,0.0,0
9,203502,Tony Mitchell,,,,,,,,,,,,,,,0.0,0
10,2746,Josh Smith,,,,,,,,,,,,,,,0.0,0
11,101111,Charlie Villanueva,,,,,,,,,,,,,,,0.0,0
12,2399,Mike Dunleavy,14.0,5.0,11.0,1.0,1.0,0.0,6.0,2.0,1.0,0.0,1.0,1.0,8.0,37:20,11.4,1
13,2430,Carlos Boozer,18.0,7.0,8.0,5.0,4.0,1.0,6.0,0.0,0.0,0.0,2.0,2.0,-3.0,24:00,14.5,1
14,201149,Joakim Noah,6.0,2.0,10.0,2.0,2.0,2.0,10.0,2.0,10.0,3.0,4.0,3.0,18.0,39:42,10.7,1
15,202710,Jimmy Butler,13.0,5.0,13.0,2.0,2.0,1.0,3.0,0.0,3.0,2.0,3.0,2.0,5.0,44:41,7.8,1
16,2550,Kirk Hinrich,10.0,5.0,13.0,0.0,0.0,1.0,1.0,0.0,5.0,0.0,3.0,0.0,-1.0,26:40,6.2,1
17,201571,D.J. Augustin,24.0,7.0,14.0,10.0,9.0,1.0,3.0,1.0,6.0,0.0,5.0,2.0,12.0,28:05,19.4,1
18,201959,Taj Gibson,17.0,7.0,10.0,3.0,3.0,3.0,1.0,0.0,2.0,2.0,1.0,1.0,8.0,27:33,16.6,1
19,1737,Nazr Mohammed,4.0,2.0,2.0,0.0,0.0,0.0,0.0,1.0,0.0,0.0,0.0,0.0,-7.0,4:45,4.4,1
20,203503,Tony Snell,0.0,0.0,0.0,0.0,0.0,0.0,0.0,0.0,0.0,0.0,0.0,0.0,0.0,7:15,0.0,1
21,200758,Ronnie Brewer,,,,,,,,,,,,,,,0.0,1
22,202690,Jimmer Fredette,,,,,,,,,,,,,,,0.0,1
23,2229,Mike James,,,,,,,,,,,,,,,0.0,1
24,203129,Tornike Shengelia,,,,,,,,,,,,,,,0.0,1
