,id,name,PTS,FG,FGA,FTA,FT,OREB,DREB,STL,AST,BLK,PF,TO,PLUS_MINUS,MIN,GS,WIN
0,202699,Tobias Harris,16.0,6.0,11.0,3.0,2.0,1.0,8.0,0.0,1.0,1.0,1.0,2.0,-4.0,31:58,12.4,0
1,201175,Glen Davis,2.0,1.0,4.0,0.0,0.0,0.0,2.0,2.0,1.0,0.0,3.0,1.0,7.0,12:50,0.7,0
2,202696,Nikola Vucevic,19.0,7.0,10.0,6.0,5.0,2.0,7.0,1.0,0.0,1.0,4.0,2.0,4.0,27:04,16.0,0
3,201167,Arron Afflalo,21.0,9.0,15.0,0.0,0.0,0.0,1.0,0.0,1.0,0.0,3.0,3.0,2.0,31:28,10.9,0
4,2749,Jameer Nelson,9.0,4.0,12.0,0.0,0.0,0.0,2.0,1.0,13.0,1.0,3.0,0.0,1.0,30:09,12.4,0
5,203090,Maurice Harkless,7.0,3.0,5.0,3.0,0.0,1.0,1.0,2.0,0.0,1.0,1.0,0.0,-5.0,25:48,6.8,0
6,203506,Victor Oladipo,6.0,3.0,7.0,0.0,0.0,1.0,0.0,1.0,3.0,0.0,2.0,2.0,-7.0,21:48,3.3,0
7,202734,E'Twaun Moore,17.0,6.0,12.0,2.0,2.0,0.0,1.0,1.0,0.0,2.0,2.0,3.0,-10.0,23:12,9.9,0
8,203124,Kyle O'Quinn,0.0,0.0,2.0,2.0,0.0,2.0,7.0,0.0,7.0,2.0,2.0,1.0,-7.0,21:00,5.8,0
9,203117,Doron Lamb,3.0,1.0,2.0,0.0,0.0,0.0,1.0,0.0,0.0,0.0,3.0,0.0,-1.0,14:43,1.1,0
10,101131,Jason Maxiell,,,,,,,,,,,,,,,0.0,0
11,203094,Andrew Nicholson,,,,,,,,,,,,,,,0.0,0
12,101179,Ronnie Price,,,,,,,,,,,,,,,0.0,0
13,203114,Khris Middleton,12.0,5.0,10.0,0.0,0.0,0.0,1.0,0.0,2.0,0.0,1.0,0.0,-7.0,22:19,8.3,1
14,101141,Ersan Ilyasova,9.0,3.0,9.0,2.0,2.0,1.0,7.0,0.0,2.0,0.0,2.0,2.0,-6.0,19:06,5.3,1
15,2585,Zaza Pachulia,6.0,2.0,3.0,4.0,2.0,0.0,2.0,0.0,0.0,0.0,1.0,1.0,-12.0,15:41,3.1,1
16,203489,Nate Wolters,15.0,6.0,13.0,2.0,2.0,2.0,5.0,2.0,8.0,0.0,2.0,1.0,-1.0,39:49,17.0,1
17,202688,Brandon Knight,18.0,3.0,13.0,12.0,12.0,0.0,0.0,2.0,7.0,1.0,0.0,2.0,0.0,34:48,15.7,1
18,203507,Giannis Antetokounmpo,8.0,2.0,3.0,6.0,3.0,2.0,6.0,2.0,4.0,1.0,2.0,0.0,16.0,26:47,13.4,1
19,203089,John Henson,9.0,4.0,9.0,4.0,1.0,6.0,4.0,0.0,1.0,2.0,3.0,0.0,15.0,32:02,9.4,1
20,202390,Gary Neal,6.0,3.0,7.0,0.0,0.0,0.0,0.0,2.0,1.0,0.0,1.0,1.0,4.0,20:17,3.6,1
21,2406,Caron Butler,21.0,7.0,15.0,0.0,0.0,1.0,6.0,0.0,0.0,0.0,3.0,3.0,11.0,29:11,11.6,1
22,201564,O.J. Mayo,,,,,,,,,,,,,,,0.0,1
23,203545,Miroslav Raduljica,,,,,,,,,,,,,,,0.0,1
24,2557,Luke Ridnour,,,,,,,,,,,,,,,0.0,1
25,202327,Ekpe Udoh,,,,,,,,,,,,,,,0.0,1
