,id,name,PTS,FG,FGA,FTA,FT,OREB,DREB,STL,AST,BLK,PF,TO,PLUS_MINUS,MIN,GS,WIN
0,1890,Shawn Marion,8.0,4.0,6.0,0.0,0.0,1.0,3.0,1.0,2.0,0.0,3.0,2.0,8.0,30:32,6.2,0
1,1717,Dirk Nowitzki,28.0,8.0,12.0,10.0,9.0,0.0,6.0,2.0,3.0,1.0,3.0,5.0,-1.0,35:39,22.8,0
2,2223,Samuel Dalembert,4.0,2.0,5.0,0.0,0.0,2.0,7.0,3.0,0.0,1.0,1.0,1.0,8.0,20:18,7.1,0
3,101145,Monta Ellis,20.0,7.0,16.0,6.0,4.0,0.0,3.0,1.0,4.0,0.0,4.0,5.0,-6.0,41:44,8.9,0
4,101181,Jose Calderon,12.0,4.0,10.0,0.0,0.0,0.0,1.0,0.0,5.0,0.0,1.0,3.0,10.0,35:29,7.0,0
5,201971,DeJuan Blair,9.0,4.0,10.0,1.0,1.0,2.0,5.0,3.0,5.0,2.0,3.0,1.0,-15.0,26:55,12.2,0
6,1713,Vince Carter,21.0,7.0,12.0,4.0,4.0,1.0,2.0,1.0,1.0,1.0,3.0,3.0,-15.0,27:12,14.9,0
7,203109,Jae Crowder,0.0,0.0,1.0,0.0,0.0,0.0,1.0,0.0,1.0,1.0,2.0,1.0,-15.0,15:57,-0.8,0
8,203539,Gal Mekel,0.0,0.0,1.0,0.0,0.0,0.0,0.0,0.0,1.0,0.0,0.0,3.0,-6.0,6:02,-3.0,0
9,203495,Ricky Ledo,2.0,1.0,1.0,0.0,0.0,0.0,0.0,0.0,0.0,0.0,0.0,0.0,2.0,0:12,1.7,0
10,201961,Wayne Ellington,,,,,,,,,,,,,,,0.0,0
11,203108,Bernard James,,,,,,,,,,,,,,,0.0,0
12,2544,LeBron James,39.0,14.0,18.0,11.0,10.0,0.0,6.0,1.0,4.0,0.0,0.0,6.0,0.0,36:58,31.2,1
13,2203,Shane Battier,4.0,1.0,4.0,2.0,2.0,1.0,4.0,2.0,0.0,1.0,2.0,0.0,-6.0,23:46,5.4,1
14,2547,Chris Bosh,14.0,4.0,11.0,6.0,6.0,1.0,3.0,1.0,0.0,2.0,4.0,0.0,-9.0,29:47,10.3,1
15,2548,Dwyane Wade,17.0,7.0,14.0,7.0,3.0,1.0,4.0,8.0,8.0,0.0,2.0,0.0,0.0,36:09,23.1,1
16,201596,Mario Chalmers,4.0,2.0,8.0,0.0,0.0,0.0,2.0,1.0,3.0,1.0,3.0,4.0,-8.0,24:16,-1.6,1
17,1740,Rashard Lewis,11.0,4.0,6.0,0.0,0.0,0.0,3.0,1.0,2.0,0.0,1.0,1.0,15.0,28:36,10.3,1
18,2365,Chris Andersen,4.0,2.0,4.0,0.0,0.0,1.0,6.0,0.0,0.0,0.0,2.0,0.0,15.0,18:13,3.7,1
19,202708,Norris Cole,11.0,3.0,4.0,4.0,4.0,0.0,1.0,3.0,0.0,0.0,0.0,3.0,12.0,26:25,9.7,1
20,201563,Michael Beasley,6.0,3.0,5.0,0.0,0.0,0.0,1.0,2.0,0.0,1.0,1.0,2.0,11.0,15:50,4.3,1
21,201202,Joel Anthony,,,,,,,,,,,,,,,0.0,1
22,2617,Udonis Haslem,,,,,,,,,,,,,,,0.0,1
23,2592,James Jones,,,,,,,,,,,,,,,0.0,1
24,2427,Roger Mason Jr.,,,,,,,,,,,,,,,0.0,1
