,id,name,PTS,FG,FGA,FTA,FT,OREB,DREB,STL,AST,BLK,PF,TO,PLUS_MINUS,MIN,GS,WIN
0,202331,Paul George,43.0,16.0,30.0,4.0,4.0,0.0,3.0,3.0,3.0,0.0,4.0,3.0,-1.0,37:59,29.8,0
1,2561,David West,12.0,6.0,14.0,0.0,0.0,2.0,6.0,1.0,5.0,0.0,1.0,1.0,7.0,32:30,10.9,0
2,201579,Roy Hibbert,16.0,6.0,13.0,5.0,4.0,5.0,9.0,0.0,3.0,1.0,5.0,3.0,1.0,36:38,12.9,0
3,202362,Lance Stephenson,2.0,1.0,3.0,0.0,0.0,0.0,4.0,0.0,2.0,0.0,6.0,3.0,-5.0,29:05,-2.5,0
4,201588,George Hill,6.0,1.0,8.0,4.0,3.0,1.0,1.0,3.0,11.0,0.0,5.0,2.0,3.0,40:33,8.1,0
5,203524,Solomon Hill,0.0,0.0,0.0,0.0,0.0,0.0,0.0,0.0,0.0,0.0,0.0,0.0,3.0,4:31,0.0,0
6,2449,Luis Scola,10.0,5.0,10.0,0.0,0.0,0.0,5.0,1.0,0.0,0.0,2.0,2.0,-11.0,15:31,4.7,0
7,201228,C.J. Watson,10.0,3.0,7.0,4.0,4.0,1.0,0.0,1.0,0.0,0.0,0.0,1.0,-13.0,18:29,7.0,0
8,101133,Ian Mahinmi,0.0,0.0,0.0,0.0,0.0,0.0,4.0,0.0,0.0,0.0,4.0,0.0,-5.0,11:23,-0.4,0
9,203111,Orlando Johnson,3.0,1.0,3.0,0.0,0.0,0.0,1.0,0.0,1.0,1.0,1.0,0.0,1.0,13:23,2.6,0
10,2446,Rasual Butler,,,,,,,,,,,,,,,0.0,0
11,203142,Chris Copeland,,,,,,,,,,,,,,,0.0,0
12,202388,Donald Sloan,,,,,,,,,,,,,,,0.0,0
13,201587,Nicolas Batum,8.0,2.0,5.0,4.0,3.0,1.0,4.0,0.0,3.0,0.0,5.0,2.0,-3.0,35:43,4.9,1
14,200746,LaMarcus Aldridge,28.0,11.0,19.0,8.0,6.0,0.0,10.0,1.0,3.0,1.0,0.0,0.0,-3.0,36:46,25.1,1
15,201577,Robin Lopez,8.0,2.0,6.0,4.0,4.0,1.0,6.0,0.0,2.0,1.0,4.0,1.0,-8.0,31:55,6.6,1
16,202083,Wesley Matthews,15.0,5.0,11.0,5.0,4.0,1.0,0.0,2.0,3.0,0.0,0.0,2.0,-7.0,35:39,11.7,1
17,203081,Damian Lillard,26.0,7.0,17.0,10.0,10.0,1.0,5.0,0.0,2.0,2.0,2.0,4.0,9.0,37:28,17.1,1
18,2590,Mo Williams,13.0,6.0,12.0,0.0,0.0,0.0,0.0,0.0,2.0,0.0,4.0,3.0,8.0,22:42,3.8,1
19,200777,Joel Freeland,2.0,1.0,1.0,0.0,0.0,2.0,2.0,0.0,1.0,0.0,1.0,1.0,12.0,16:05,3.0,1
20,203080,Thomas Robinson,4.0,2.0,3.0,0.0,0.0,0.0,5.0,0.0,1.0,0.0,3.0,0.0,7.0,11:14,3.7,1
21,2748,Dorell Wright,2.0,0.0,2.0,2.0,2.0,0.0,2.0,0.0,0.0,0.0,1.0,0.0,5.0,12:06,0.8,1
22,2248,Earl Watson,0.0,0.0,0.0,0.0,0.0,0.0,0.0,0.0,0.0,0.0,0.0,1.0,0.0,0:23,-1.0,1
23,203115,Will Barton,,,,,,,,,,,,,,,0.0,1
24,203459,Allen Crabbe,,,,,,,,,,,,,,,0.0,1
25,203086,Meyers Leonard,,,,,,,,,,,,,,,0.0,1
