,id,name,PTS,FG,FGA,FTA,FT,OREB,DREB,STL,AST,BLK,PF,TO,PLUS_MINUS,MIN,GS,WIN
0,1890,Shawn Marion,11.0,3.0,9.0,4.0,3.0,2.0,6.0,2.0,0.0,0.0,1.0,0.0,2.0,33:34,10.3,1
1,1717,Dirk Nowitzki,18.0,6.0,12.0,2.0,2.0,0.0,4.0,0.0,3.0,0.0,3.0,0.0,-1.0,33:18,14.1,1
2,2223,Samuel Dalembert,6.0,3.0,5.0,2.0,0.0,1.0,3.0,1.0,1.0,2.0,5.0,4.0,-10.0,23:05,1.6,1
3,101145,Monta Ellis,19.0,9.0,19.0,2.0,1.0,0.0,2.0,3.0,8.0,0.0,4.0,3.0,7.0,39:58,13.5,1
4,101181,Jose Calderon,11.0,5.0,10.0,0.0,0.0,0.0,1.0,0.0,9.0,0.0,1.0,0.0,-1.0,30:47,12.2,1
5,1713,Vince Carter,12.0,4.0,10.0,2.0,2.0,0.0,3.0,1.0,1.0,0.0,0.0,0.0,11.0,23:54,9.2,1
6,203109,Jae Crowder,7.0,3.0,5.0,0.0,0.0,1.0,2.0,2.0,1.0,0.0,1.0,0.0,8.0,17:29,8.3,1
7,201971,DeJuan Blair,18.0,7.0,9.0,6.0,4.0,1.0,4.0,2.0,2.0,1.0,5.0,0.0,18.0,24:55,17.7,1
8,203539,Gal Mekel,6.0,3.0,5.0,0.0,0.0,0.0,0.0,1.0,2.0,0.0,2.0,1.0,6.0,13:00,4.3,1
9,201961,Wayne Ellington,,,,,,,,,,,,,,,0.0,1
10,203108,Bernard James,,,,,,,,,,,,,,,0.0,1
11,203495,Ricky Ledo,,,,,,,,,,,,,,,0.0,1
12,203090,Maurice Harkless,12.0,4.0,10.0,6.0,4.0,0.0,6.0,0.0,3.0,0.0,1.0,0.0,-7.0,34:46,9.3,0
13,101131,Jason Maxiell,7.0,3.0,5.0,2.0,1.0,2.0,2.0,0.0,0.0,0.0,1.0,0.0,-1.0,22:05,5.9,0
14,202696,Nikola Vucevic,16.0,8.0,12.0,0.0,0.0,0.0,8.0,2.0,4.0,1.0,4.0,2.0,-2.0,34:18,15.1,0
15,201167,Arron Afflalo,25.0,6.0,12.0,14.0,13.0,0.0,2.0,0.0,4.0,0.0,0.0,1.0,-2.0,37:39,21.0,0
16,2749,Jameer Nelson,15.0,6.0,11.0,0.0,0.0,0.0,4.0,0.0,2.0,0.0,1.0,1.0,-4.0,22:55,10.9,0
17,203094,Andrew Nicholson,8.0,4.0,5.0,1.0,0.0,1.0,5.0,0.0,0.0,0.0,2.0,3.0,-10.0,15:10,4.1,0
18,203506,Victor Oladipo,10.0,3.0,8.0,4.0,3.0,0.0,4.0,1.0,6.0,0.0,4.0,9.0,-10.0,28:05,1.0,0
19,202734,E'Twaun Moore,5.0,2.0,4.0,1.0,1.0,2.0,2.0,1.0,2.0,0.0,5.0,1.0,-3.0,29:00,4.4,0
20,200780,Solomon Jones,2.0,1.0,1.0,0.0,0.0,0.0,2.0,0.0,0.0,0.0,2.0,0.0,-1.0,8:18,1.5,0
21,203117,Doron Lamb,0.0,0.0,2.0,0.0,0.0,0.0,0.0,0.0,1.0,0.0,1.0,0.0,0.0,7:44,-1.1,0
22,202699,Tobias Harris,,,,,,,,,,,,,,,0.0,0
23,203124,Kyle O'Quinn,,,,,,,,,,,,,,,0.0,0
24,101179,Ronnie Price,,,,,,,,,,,,,,,0.0,0
