,id,name,PTS,FG,FGA,FTA,FT,OREB,DREB,STL,AST,BLK,PF,TO,PLUS_MINUS,MIN,GS,WIN
0,202323,Evan Turner,7,1,8,5,5,1,3,0,0,0,2,2,-43.0,26:47,0.6,0
1,201152,Thaddeus Young,15,7,17,0,0,6,5,1,2,0,2,2,-40.0,25:52,11.2,0
2,201150,Spencer Hawes,0,0,8,0,0,1,1,0,1,0,1,0,-42.0,22:56,-4.3,0
3,202341,James Anderson,2,1,6,0,0,0,0,0,0,1,3,1,-40.0,16:26,-3.3,0
4,203487,Michael Carter-Williams,14,5,18,5,4,4,3,1,5,2,5,8,-25.0,34:37,2.6,0
5,203138,Hollis Thompson,2,1,5,0,0,2,2,4,0,0,2,0,-8.0,21:58,4.1,0
6,202730,Lavoy Allen,6,2,10,3,2,4,4,2,0,0,0,0,5.0,19:18,5.4,0
7,202343,Elliot Williams,8,2,8,3,3,0,1,0,2,0,1,0,-14.0,21:04,4.5,0
8,203100,Tony Wroten,21,7,11,9,7,0,3,3,2,0,0,3,-5.0,23:08,17.6,0
9,203102,Arnett Moultrie,0,0,3,0,0,1,1,3,0,1,0,1,-17.0,15:54,1.6,0
10,203485,Lorenzo Brown,3,1,6,0,0,1,1,1,4,0,0,0,4.0,12:00,4.0,0
11,2440,Matt Barnes,9,4,6,0,0,1,3,2,0,1,3,2,34.0,26:19,7.5,1
12,201933,Blake Griffin,26,11,14,4,4,0,11,1,6,0,3,2,32.0,24:52,25.9,1
13,201599,DeAndre Jordan,10,4,5,4,2,4,16,1,1,4,2,0,42.0,29:33,18.6,1
14,2037,Jamal Crawford,21,7,15,4,4,0,0,2,3,0,1,1,30.0,26:02,16.0,1
15,101108,Chris Paul,7,3,6,2,1,1,1,4,8,0,1,4,42.0,22:44,9.8,1
16,201954,Darren Collison,12,5,11,1,1,0,2,0,5,1,3,5,3.0,25:16,4.9,1
17,2045,Hedo Turkoglu,0,0,0,0,0,1,6,0,3,1,2,3,16.0,12:22,1.5,1
18,2584,Willie Green,5,1,7,2,2,0,1,0,2,0,0,0,16.0,12:52,2.2,1
19,201162,Jared Dudley,8,3,7,0,0,0,0,1,1,0,2,0,14.0,15:03,5.2,1
20,200797,Ryan Hollins,10,5,5,0,0,3,1,0,2,2,2,2,3.0,18:27,10.9,1
21,203493,Reggie Bullock,2,1,3,0,0,1,0,0,1,0,0,0,-5.0,7:11,1.7,1
22,1712,Antawn Jamison,8,4,5,0,0,0,4,0,1,0,1,0,-1.0,10:13,7.6,1
23,2756,Sasha Vujacic,5,2,5,0,0,0,3,1,0,0,0,3,-1.0,9:06,1.2,1
