,id,name,PTS,FG,FGA,FTA,FT,OREB,DREB,STL,AST,BLK,PF,TO,PLUS_MINUS,MIN,GS,WIN
0,2736,Luol Deng,24.0,10.0,19.0,2.0,1.0,1.0,3.0,2.0,2.0,0.0,3.0,0.0,-4.0,36:04,18.1,0
1,202684,Tristan Thompson,6.0,2.0,6.0,2.0,2.0,3.0,4.0,0.0,1.0,0.0,0.0,0.0,-9.0,35:22,6.6,0
2,203092,Tyler Zeller,4.0,2.0,3.0,0.0,0.0,0.0,3.0,2.0,2.0,1.0,5.0,1.0,1.0,27:21,4.7,0
3,101127,Jarrett Jack,7.0,3.0,9.0,0.0,0.0,0.0,0.0,0.0,6.0,0.0,2.0,1.0,-16.0,30:59,4.3,0
4,202681,Kyrie Irving,21.0,8.0,19.0,3.0,3.0,1.0,3.0,3.0,7.0,0.0,4.0,6.0,-9.0,38:50,12.8,0
5,203079,Dion Waiters,19.0,8.0,14.0,1.0,1.0,0.0,2.0,0.0,4.0,0.0,2.0,4.0,-3.0,26:11,11.0,0
6,203156,Henry Sims,7.0,3.0,7.0,2.0,1.0,1.0,5.0,1.0,0.0,2.0,2.0,1.0,-13.0,20:36,5.7,0
7,203461,Anthony Bennett,2.0,1.0,3.0,0.0,0.0,0.0,4.0,0.0,0.0,1.0,4.0,2.0,-7.0,12:41,-1.4,0
8,101139,CJ Miles,2.0,1.0,6.0,0.0,0.0,0.0,1.0,0.0,0.0,0.0,2.0,1.0,-7.0,10:56,-3.3,0
9,203521,Matthew Dellavedova,0.0,0.0,1.0,0.0,0.0,1.0,0.0,0.0,1.0,0.0,0.0,0.0,-3.0,1:00,0.7,0
10,201947,Earl Clark,,,,,,,,,,,,,,,0.0,0
11,202087,Alonzo Gee,,,,,,,,,,,,,,,0.0,0
12,2760,Anderson Varejao,,,,,,,,,,,,,,,0.0,0
13,202718,Chandler Parsons,7.0,3.0,7.0,0.0,0.0,0.0,0.0,0.0,0.0,0.0,0.0,2.0,-5.0,19:22,1.3,1
14,203093,Terrence Jones,17.0,8.0,14.0,2.0,0.0,1.0,6.0,0.0,0.0,1.0,0.0,0.0,9.0,34:53,12.8,1
15,2730,Dwight Howard,26.0,10.0,12.0,8.0,6.0,1.0,5.0,1.0,1.0,3.0,2.0,4.0,4.0,35:48,22.0,1
16,201935,James Harden,28.0,10.0,17.0,6.0,5.0,1.0,2.0,0.0,4.0,0.0,2.0,3.0,6.0,36:38,20.0,1
17,201976,Patrick Beverley,0.0,0.0,5.0,0.0,0.0,3.0,7.0,5.0,8.0,1.0,2.0,2.0,15.0,40:54,9.2,1
18,202391,Jeremy Lin,15.0,6.0,12.0,2.0,2.0,1.0,10.0,2.0,10.0,1.0,3.0,3.0,19.0,29:11,18.2,1
19,201956,Omri Casspi,9.0,2.0,6.0,6.0,4.0,1.0,2.0,0.0,0.0,0.0,1.0,2.0,7.0,17:55,3.7,1
20,202700,Donatas Motiejunas,4.0,2.0,7.0,0.0,0.0,2.0,2.0,0.0,1.0,1.0,2.0,1.0,15.0,25:19,1.5,1
21,200758,Ronnie Brewer,,,,,,,,,,,,,,,0.0,1
22,201166,Aaron Brooks,,,,,,,,,,,,,,,0.0,1
23,203496,Robert Covington,,,,,,,,,,,,,,,0.0,1
24,101128,Francisco Garcia,,,,,,,,,,,,,,,0.0,1
25,202962,Greg Smith,,,,,,,,,,,,,,,0.0,1
