,id,name,PTS,FG,FGA,FTA,FT,OREB,DREB,STL,AST,BLK,PF,TO,PLUS_MINUS,MIN,GS,WIN
0,1890,Shawn Marion,14.0,6.0,9.0,0.0,0.0,1.0,5.0,0.0,3.0,0.0,4.0,2.0,-8.0,32:51,10.8,0
1,1717,Dirk Nowitzki,27.0,8.0,22.0,8.0,8.0,0.0,8.0,0.0,3.0,0.0,4.0,0.0,-7.0,32:43,17.7,0
2,2223,Samuel Dalembert,20.0,9.0,13.0,5.0,2.0,7.0,0.0,1.0,2.0,0.0,4.0,1.0,-22.0,21:24,18.0,0
3,101145,Monta Ellis,13.0,6.0,13.0,4.0,0.0,1.0,5.0,4.0,13.0,0.0,1.0,3.0,3.0,39:06,16.6,0
4,101181,Jose Calderon,16.0,6.0,9.0,0.0,0.0,0.0,1.0,1.0,3.0,0.0,3.0,1.0,-8.0,36:29,13.3,0
5,203109,Jae Crowder,2.0,1.0,6.0,0.0,0.0,2.0,2.0,1.0,1.0,0.0,2.0,1.0,1.0,14:44,0.1,0
6,201971,DeJuan Blair,8.0,4.0,5.0,1.0,0.0,2.0,2.0,0.0,3.0,2.0,2.0,1.0,17.0,14:31,9.4,0
7,1713,Vince Carter,6.0,2.0,8.0,2.0,2.0,1.0,2.0,0.0,7.0,0.0,3.0,0.0,19.0,23:25,6.2,0
8,201148,Brandan Wright,13.0,6.0,7.0,1.0,1.0,3.0,4.0,0.0,1.0,0.0,1.0,0.0,6.0,13:03,14.1,0
9,203499,Shane Larkin,2.0,1.0,3.0,0.0,0.0,0.0,1.0,0.0,0.0,0.0,0.0,0.0,-3.0,5:48,0.6,0
10,201961,Wayne Ellington,6.0,2.0,2.0,0.0,0.0,0.0,0.0,0.0,1.0,0.0,0.0,0.0,-8.0,5:56,6.1,0
11,203108,Bernard James,,,,,,,,,,,,,,,0.0,0
12,203495,Ricky Ledo,,,,,,,,,,,,,,,0.0,0
13,201162,Jared Dudley,10.0,4.0,9.0,0.0,0.0,2.0,2.0,1.0,0.0,1.0,2.0,0.0,-3.0,29:47,8.2,1
14,201933,Blake Griffin,23.0,5.0,11.0,16.0,13.0,1.0,6.0,1.0,8.0,0.0,3.0,5.0,-2.0,40:04,19.0,1
15,201599,DeAndre Jordan,7.0,3.0,6.0,2.0,1.0,4.0,9.0,1.0,1.0,2.0,1.0,0.0,-4.0,39:12,11.8,1
16,200755,JJ Redick,33.0,10.0,14.0,7.0,6.0,1.0,2.0,2.0,5.0,0.0,3.0,1.0,19.0,31:19,31.4,1
17,201954,Darren Collison,13.0,5.0,11.0,3.0,2.0,1.0,3.0,1.0,10.0,0.0,1.0,2.0,3.0,36:12,14.1,1
18,2440,Matt Barnes,25.0,10.0,18.0,2.0,0.0,2.0,5.0,0.0,0.0,0.0,3.0,1.0,3.0,29:54,16.3,1
19,2037,Jamal Crawford,16.0,4.0,13.0,7.0,6.0,0.0,0.0,0.0,7.0,1.0,4.0,2.0,-7.0,27:27,10.1,1
20,202721,Darius Morris,2.0,1.0,1.0,0.0,0.0,0.0,0.0,0.0,3.0,0.0,0.0,1.0,1.0,6:06,2.8,1
21,203493,Reggie Bullock,,,,,,,,,,,,,,,0.0,1
22,2584,Willie Green,,,,,,,,,,,,,,,0.0,1
23,200797,Ryan Hollins,,,,,,,,,,,,,,,0.0,1
24,1712,Antawn Jamison,,,,,,,,,,,,,,,0.0,1
25,201957,Byron Mullens,,,,,,,,,,,,,,,0.0,1
