,id,name,PTS,FG,FGA,FTA,FT,OREB,DREB,STL,AST,BLK,PF,TO,PLUS_MINUS,MIN,GS,WIN
0,2772,Trevor Ariza,15.0,7.0,13.0,5.0,0.0,1.0,4.0,0.0,2.0,0.0,3.0,1.0,3.0,40:49,7.8,0
1,2403,Nene,14.0,5.0,6.0,10.0,4.0,3.0,4.0,0.0,6.0,1.0,3.0,0.0,4.0,25:21,16.4,0
2,101162,Marcin Gortat,11.0,4.0,9.0,5.0,3.0,0.0,8.0,1.0,2.0,4.0,2.0,1.0,-4.0,39:00,11.3,0
3,203078,Bradley Beal,34.0,13.0,23.0,2.0,2.0,1.0,5.0,1.0,0.0,0.0,0.0,1.0,0.0,42:11,25.3,0
4,202322,John Wall,10.0,3.0,13.0,3.0,3.0,0.0,5.0,0.0,8.0,1.0,0.0,4.0,-1.0,39:40,5.9,0
5,101110,Martell Webster,8.0,3.0,10.0,1.0,1.0,1.0,4.0,1.0,0.0,1.0,4.0,1.0,-7.0,29:10,3.2,0
6,1733,Al Harrington,11.0,4.0,10.0,0.0,0.0,0.0,1.0,0.0,2.0,0.0,2.0,2.0,-7.0,22:21,4.5,0
7,201953,Eric Maynor,0.0,0.0,1.0,0.0,0.0,0.0,2.0,1.0,2.0,0.0,2.0,2.0,0.0,13:20,-0.5,0
8,202338,Kevin Seraphin,2.0,1.0,3.0,0.0,0.0,1.0,1.0,1.0,1.0,0.0,3.0,0.0,7.0,13:08,1.8,0
9,202344,Trevor Booker,,,,,,,,,,,,,,,0.0,0
10,203318,Glen Rice,,,,,,,,,,,,,,,0.0,0
11,202066,Garrett Temple,,,,,,,,,,,,,,,0.0,0
12,202686,Jan Vesely,,,,,,,,,,,,,,,0.0,0
13,201142,Kevin Durant,33.0,12.0,23.0,9.0,8.0,3.0,10.0,0.0,6.0,1.0,3.0,5.0,1.0,46:08,25.1,1
14,201586,Serge Ibaka,25.0,11.0,18.0,4.0,3.0,4.0,8.0,0.0,0.0,3.0,4.0,2.0,-1.0,45:57,20.1,1
15,2570,Kendrick Perkins,1.0,0.0,3.0,2.0,1.0,1.0,3.0,0.0,3.0,0.0,3.0,1.0,-8.0,19:16,0.0,1
16,200757,Thabo Sefolosha,8.0,4.0,8.0,0.0,0.0,2.0,6.0,2.0,3.0,1.0,2.0,1.0,4.0,35:39,10.2,1
17,201566,Russell Westbrook,13.0,4.0,16.0,2.0,2.0,3.0,1.0,1.0,4.0,0.0,3.0,5.0,-9.0,30:01,3.4,1
18,203500,Steven Adams,1.0,0.0,3.0,2.0,1.0,1.0,1.0,0.0,0.0,2.0,2.0,1.0,0.0,19:34,-0.9,1
19,203103,Perry Jones III,5.0,2.0,4.0,0.0,0.0,1.0,4.0,0.0,1.0,1.0,0.0,0.0,-1.0,13:58,6.3,1
20,202704,Reggie Jackson,12.0,6.0,10.0,0.0,0.0,0.0,7.0,2.0,4.0,0.0,2.0,2.0,10.0,28:00,11.5,1
21,203087,Jeremy Lamb,8.0,2.0,6.0,3.0,3.0,0.0,2.0,2.0,0.0,0.0,1.0,0.0,13.0,20:18,6.8,1
22,965,Derek Fisher,0.0,0.0,1.0,0.0,0.0,1.0,0.0,0.0,0.0,0.0,0.0,0.0,-4.0,6:09,0.0,1
23,101155,Ryan Gomes,,,,,,,,,,,,,,,0.0,1
24,203460,Andre Roberson,,,,,,,,,,,,,,,0.0,1
25,201934,Hasheem Thabeet,,,,,,,,,,,,,,,0.0,1
