,id,name,PTS,FG,FGA,FTA,FT,OREB,DREB,STL,AST,BLK,PF,TO,PLUS_MINUS,MIN,GS,WIN
0,2399,Mike Dunleavy,7.0,2.0,5.0,3.0,3.0,1.0,3.0,2.0,1.0,0.0,0.0,1.0,13.0,26:22,7.6,1
1,2430,Carlos Boozer,21.0,9.0,16.0,4.0,3.0,3.0,7.0,1.0,0.0,0.0,2.0,4.0,0.0,31:03,13.4,1
2,201149,Joakim Noah,8.0,2.0,9.0,5.0,4.0,3.0,7.0,3.0,0.0,3.0,4.0,4.0,7.0,32:01,5.8,1
3,202710,Jimmy Butler,26.0,6.0,10.0,14.0,12.0,0.0,4.0,0.0,2.0,0.0,3.0,2.0,-1.0,40:47,20.0,1
4,2550,Kirk Hinrich,6.0,1.0,3.0,6.0,3.0,1.0,1.0,1.0,4.0,1.0,4.0,1.0,13.0,30:48,6.0,1
5,201959,Taj Gibson,9.0,3.0,7.0,4.0,3.0,0.0,3.0,1.0,0.0,5.0,4.0,4.0,-2.0,28:43,4.7,1
6,203503,Tony Snell,8.0,3.0,5.0,2.0,1.0,0.0,1.0,0.0,0.0,0.0,0.0,0.0,-4.0,17:27,5.6,1
7,201571,D.J. Augustin,10.0,2.0,8.0,4.0,4.0,0.0,1.0,4.0,9.0,0.0,3.0,4.0,-8.0,28:37,10.6,1
8,1737,Nazr Mohammed,0.0,0.0,2.0,0.0,0.0,1.0,1.0,1.0,0.0,1.0,1.0,0.0,2.0,4:13,0.9,1
9,2736,Luol Deng,,,,,,,,,,,,,,,0.0,1
10,203513,Erik Murphy,,,,,,,,,,,,,,,0.0,1
11,2419,Tayshaun Prince,3.0,1.0,2.0,2.0,1.0,0.0,2.0,0.0,0.0,0.0,1.0,2.0,3.0,19:32,-0.2,0
12,2216,Zach Randolph,10.0,4.0,15.0,2.0,2.0,5.0,5.0,0.0,3.0,0.0,3.0,5.0,-9.0,32:37,2.0,0
13,201585,Kosta Koufos,12.0,6.0,8.0,0.0,0.0,1.0,2.0,1.0,0.0,1.0,5.0,1.0,4.0,30:05,8.8,0
14,2754,Tony Allen,13.0,5.0,7.0,4.0,3.0,0.0,0.0,2.0,0.0,1.0,3.0,4.0,-13.0,34:15,7.2,0
15,201144,Mike Conley,26.0,9.0,19.0,10.0,8.0,3.0,3.0,6.0,9.0,0.0,2.0,1.0,5.0,36:33,29.0,0
16,202334,Ed Davis,8.0,3.0,4.0,4.0,2.0,0.0,4.0,2.0,0.0,1.0,4.0,1.0,1.0,23:28,6.9,0
17,201949,James Johnson,13.0,4.0,13.0,6.0,5.0,3.0,7.0,2.0,3.0,3.0,6.0,1.0,0.0,24:11,12.1,0
18,201573,Jerryd Bayless,4.0,2.0,5.0,0.0,0.0,0.0,1.0,0.0,1.0,0.0,2.0,3.0,-10.0,19:57,-1.5,0
19,2034,Mike Miller,2.0,1.0,2.0,0.0,0.0,0.0,0.0,0.0,2.0,0.0,1.0,0.0,2.0,16:02,2.0,0
20,202720,Jon Leuer,0.0,0.0,3.0,0.0,0.0,0.0,1.0,0.0,1.0,0.0,0.0,2.0,-3.0,3:19,-3.1,0
21,201979,Nick Calathes,,,,,,,,,,,,,,,0.0,0
22,203552,Seth Curry,,,,,,,,,,,,,,,0.0,0
23,203479,Jamaal Franklin,,,,,,,,,,,,,,,0.0,0
