,id,name,PTS,FG,FGA,FTA,FT,OREB,DREB,STL,AST,BLK,PF,TO,PLUS_MINUS,MIN,GS,WIN
0,2207,Joe Johnson,12.0,4.0,9.0,2.0,2.0,0.0,3.0,0.0,3.0,0.0,0.0,1.0,10.0,27:16,9.3,1
1,1718,Paul Pierce,11.0,5.0,10.0,1.0,0.0,0.0,5.0,1.0,4.0,0.0,0.0,1.0,8.0,24:26,9.9,1
2,708,Kevin Garnett,10.0,5.0,6.0,0.0,0.0,1.0,3.0,1.0,1.0,1.0,0.0,0.0,12.0,13:12,11.8,1
3,2733,Shaun Livingston,4.0,2.0,6.0,2.0,0.0,1.0,2.0,0.0,7.0,0.0,4.0,3.0,-4.0,36:11,1.4,1
4,101114,Deron Williams,19.0,6.0,11.0,6.0,6.0,1.0,3.0,1.0,9.0,0.0,2.0,2.0,7.0,33:13,19.8,1
5,203486,Mason Plumlee,16.0,8.0,10.0,1.0,0.0,2.0,5.0,0.0,1.0,0.0,5.0,3.0,-7.0,23:29,10.4,1
6,201977,Marcus Thornton,9.0,1.0,10.0,8.0,6.0,1.0,3.0,1.0,0.0,0.0,2.0,0.0,-5.0,29:45,3.4,1
7,203141,Mirza Teletovic,3.0,1.0,2.0,0.0,0.0,1.0,2.0,0.0,0.0,1.0,3.0,0.0,-4.0,9:08,2.8,1
8,1905,Andrei Kirilenko,6.0,3.0,4.0,0.0,0.0,1.0,1.0,1.0,1.0,0.0,1.0,1.0,0.0,14:26,5.7,1
9,101154,Andray Blatche,10.0,4.0,8.0,2.0,2.0,0.0,5.0,1.0,2.0,1.0,1.0,1.0,-1.0,11:19,9.2,1
10,101187,Alan Anderson,5.0,2.0,4.0,1.0,1.0,0.0,1.0,0.0,1.0,0.0,2.0,0.0,4.0,17:35,3.2,1
11,2215,Jason Collins,,,,,,,,,,,,,,,0.0,1
12,203268,Jorge Gutierrez,,,,,,,,,,,,,,,0.0,1
13,203138,Hollis Thompson,18.0,6.0,9.0,0.0,0.0,0.0,2.0,0.0,1.0,0.0,4.0,3.0,-16.0,26:30,10.8,0
14,201152,Thaddeus Young,20.0,8.0,18.0,2.0,1.0,0.0,5.0,1.0,3.0,0.0,2.0,2.0,-10.0,38:25,12.0,0
15,203156,Henry Sims,11.0,4.0,8.0,4.0,3.0,5.0,6.0,0.0,0.0,0.0,5.0,0.0,3.0,27:51,9.9,0
16,202341,James Anderson,5.0,2.0,9.0,0.0,0.0,1.0,2.0,1.0,0.0,0.0,0.0,0.0,-11.0,18:30,1.8,0
17,203487,Michael Carter-Williams,12.0,3.0,8.0,9.0,6.0,0.0,5.0,1.0,11.0,0.0,4.0,0.0,-5.0,30:36,15.0,0
18,202363,Jarvis Varnado,4.0,1.0,3.0,2.0,2.0,0.0,3.0,1.0,0.0,1.0,2.0,0.0,-5.0,19:46,4.1,0
19,202343,Elliot Williams,11.0,4.0,8.0,3.0,3.0,2.0,3.0,1.0,6.0,0.0,4.0,1.0,4.0,28:57,11.9,0
20,203100,Tony Wroten,15.0,6.0,13.0,6.0,3.0,0.0,4.0,1.0,4.0,1.0,2.0,4.0,6.0,30:43,8.0,0
21,203263,James Nunnally,3.0,1.0,1.0,1.0,1.0,0.0,0.0,0.0,2.0,0.0,3.0,2.0,10.0,8:44,0.9,0
22,203561,Brandon Davies,2.0,1.0,2.0,0.0,0.0,1.0,1.0,0.0,0.0,0.0,0.0,1.0,4.0,9:59,1.0,0
23,203102,Arnett Moultrie,,,,,,,,,,,,,,,0.0,0
24,203810,Casper Ware,,,,,,,,,,,,,,,0.0,0
