,id,name,PTS,FG,FGA,FTA,FT,OREB,DREB,STL,AST,BLK,PF,TO,PLUS_MINUS,MIN,GS,WIN
0,200782,P.J. Tucker,18.0,8.0,13.0,2.0,0.0,4.0,2.0,4.0,4.0,0.0,4.0,1.0,18.0,40:25,18.9,1
1,101112,Channing Frye,14.0,6.0,12.0,0.0,0.0,0.0,6.0,2.0,3.0,1.0,4.0,0.0,21.0,33:04,13.0,1
2,203101,Miles Plumlee,4.0,2.0,7.0,0.0,0.0,4.0,5.0,0.0,0.0,2.0,3.0,2.0,1.0,20:55,2.4,1
3,202339,Eric Bledsoe,20.0,7.0,14.0,4.0,3.0,0.0,3.0,2.0,7.0,1.0,1.0,4.0,11.0,40:19,16.7,1
4,201609,Goran Dragic,19.0,6.0,11.0,6.0,5.0,0.0,2.0,4.0,1.0,1.0,4.0,4.0,-5.0,40:56,13.7,1
5,101123,Gerald Green,4.0,1.0,8.0,2.0,2.0,0.0,4.0,0.0,0.0,1.0,3.0,3.0,-7.0,17:34,-3.5,1
6,202693,Markieff Morris,8.0,2.0,8.0,4.0,4.0,0.0,4.0,0.0,1.0,0.0,2.0,3.0,3.0,21:02,1.3,1
7,203139,Viacheslav Kravtsov,0.0,0.0,0.0,0.0,0.0,0.0,0.0,0.0,0.0,0.0,0.0,0.0,2.0,0:16,0.0,1
8,202694,Marcus Morris Sr.,8.0,3.0,5.0,0.0,0.0,0.0,6.0,1.0,1.0,0.0,2.0,0.0,2.0,21:40,8.4,1
9,203462,Archie Goodwin,2.0,1.0,1.0,1.0,0.0,0.0,0.0,0.0,0.0,0.0,0.0,1.0,-1.0,3:49,0.3,1
10,202091,Dionte Christmas,,,,,,,,,,,,,,,0.0,1
11,203458,Alex Len,,,,,,,,,,,,,,,0.0,1
12,202397,Ish Smith,,,,,,,,,,,,,,,0.0,1
13,101128,Francisco Garcia,8.0,3.0,9.0,0.0,0.0,1.0,4.0,0.0,1.0,0.0,3.0,1.0,-10.0,27:31,3.3,0
14,203093,Terrence Jones,8.0,4.0,9.0,0.0,0.0,3.0,4.0,0.0,1.0,1.0,2.0,2.0,-13.0,23:38,5.2,0
15,2730,Dwight Howard,15.0,4.0,11.0,9.0,7.0,8.0,10.0,1.0,0.0,0.0,2.0,5.0,-18.0,35:55,11.9,0
16,201935,James Harden,14.0,3.0,17.0,8.0,8.0,0.0,4.0,1.0,2.0,0.0,4.0,5.0,-20.0,41:08,0.3,0
17,201976,Patrick Beverley,12.0,4.0,10.0,2.0,2.0,3.0,5.0,2.0,2.0,0.0,3.0,1.0,4.0,41:54,11.4,0
18,201166,Aaron Brooks,17.0,7.0,18.0,0.0,0.0,2.0,2.0,3.0,6.0,0.0,3.0,2.0,-1.0,33:27,13.2,0
19,201956,Omri Casspi,14.0,6.0,13.0,0.0,0.0,3.0,4.0,1.0,1.0,0.0,3.0,5.0,9.0,30:50,6.1,0
20,202700,Donatas Motiejunas,0.0,0.0,1.0,0.0,0.0,1.0,0.0,0.0,0.0,0.0,0.0,1.0,4.0,5:37,-1.0,0
21,201600,Omer Asik,,,,,,,,,,,,,,,0.0,0
22,200758,Ronnie Brewer,,,,,,,,,,,,,,,0.0,0
23,202391,Jeremy Lin,,,,,,,,,,,,,,,0.0,0
24,202718,Chandler Parsons,,,,,,,,,,,,,,,0.0,0
25,202962,Greg Smith,,,,,,,,,,,,,,,0.0,0
