,id,name,PTS,FG,FGA,FTA,FT,OREB,DREB,STL,AST,BLK,PF,TO,PLUS_MINUS,MIN,GS,WIN
0,201936,Tyreke Evans,14.0,6.0,13.0,2.0,1.0,1.0,4.0,0.0,4.0,0.0,2.0,2.0,-8.0,36:21,8.8,0
1,203076,Anthony Davis,32.0,14.0,18.0,4.0,4.0,2.0,7.0,3.0,2.0,1.0,1.0,1.0,-13.0,40:41,32.2,0
2,201582,Alexis Ajinca,4.0,2.0,2.0,0.0,0.0,1.0,1.0,0.0,0.0,2.0,4.0,1.0,0.0,14:22,3.2,0
3,201569,Eric Gordon,21.0,7.0,10.0,4.0,4.0,0.0,2.0,2.0,5.0,0.0,2.0,2.0,-15.0,38:07,20.1,0
4,203148,Brian Roberts,7.0,3.0,8.0,1.0,1.0,0.0,2.0,1.0,3.0,0.0,6.0,3.0,-9.0,20:49,0.9,0
5,201627,Anthony Morrow,6.0,3.0,8.0,0.0,0.0,1.0,2.0,0.0,1.0,0.0,1.0,1.0,-10.0,22:43,2.2,0
6,202337,Luke Babbitt,5.0,2.0,4.0,0.0,0.0,0.0,3.0,1.0,1.0,0.0,2.0,0.0,-1.0,13:45,4.8,0
7,203085,Austin Rivers,4.0,1.0,7.0,2.0,2.0,0.0,1.0,1.0,2.0,0.0,3.0,0.0,0.0,29:36,1.0,0
8,203121,Darius Miller,2.0,1.0,3.0,0.0,0.0,0.0,0.0,0.0,0.0,1.0,2.0,1.0,-3.0,4:38,-0.8,0
9,202329,Al-Farouq Aminu,7.0,2.0,4.0,4.0,3.0,3.0,1.0,0.0,0.0,0.0,1.0,0.0,-9.0,12:32,6.6,0
10,203481,Jeff Withey,2.0,1.0,1.0,0.0,0.0,0.0,1.0,1.0,0.0,0.0,2.0,0.0,8.0,6:26,2.2,0
11,201160,Jason Smith,,,,,,,,,,,,,,,0.0,0
12,201880,Greg Stiemsma,,,,,,,,,,,,,,,0.0,0
13,200782,P.J. Tucker,8.0,3.0,3.0,0.0,0.0,1.0,1.0,2.0,0.0,1.0,1.0,2.0,0.0,30:04,8.4,1
14,101112,Channing Frye,8.0,2.0,5.0,2.0,2.0,0.0,4.0,0.0,1.0,0.0,2.0,1.0,-2.0,22:45,5.4,1
15,203101,Miles Plumlee,5.0,2.0,6.0,1.0,1.0,4.0,4.0,1.0,0.0,0.0,0.0,2.0,-8.0,21:29,4.6,1
16,101123,Gerald Green,12.0,4.0,13.0,3.0,3.0,0.0,4.0,1.0,4.0,0.0,3.0,2.0,12.0,34:51,6.3,1
17,201609,Goran Dragic,40.0,14.0,21.0,11.0,9.0,2.0,1.0,0.0,5.0,0.0,3.0,3.0,14.0,41:43,31.1,1
18,202693,Markieff Morris,18.0,7.0,12.0,7.0,4.0,2.0,2.0,0.0,4.0,2.0,2.0,0.0,14.0,31:30,16.6,1
19,203462,Archie Goodwin,0.0,0.0,1.0,0.0,0.0,0.0,1.0,0.0,0.0,0.0,1.0,0.0,-1.0,8:46,-0.8,1
20,202694,Marcus Morris Sr.,15.0,4.0,8.0,6.0,5.0,2.0,5.0,1.0,1.0,2.0,2.0,1.0,14.0,25:15,14.8,1
21,202397,Ish Smith,10.0,4.0,5.0,2.0,2.0,1.0,1.0,1.0,6.0,0.0,1.0,3.0,17.0,23:37,10.9,1
22,2571,Leandro Barbosa,,,,,,,,,,,,,,,0.0,1
23,202091,Dionte Christmas,,,,,,,,,,,,,,,0.0,1
24,203139,Viacheslav Kravtsov,,,,,,,,,,,,,,,0.0,1
25,203458,Alex Len,,,,,,,,,,,,,,,0.0,1
