,id,name,PTS,FG,FGA,FTA,FT,OREB,DREB,STL,AST,BLK,PF,TO,PLUS_MINUS,MIN,GS,WIN
0,2546,Carmelo Anthony,23.0,9.0,19.0,4.0,3.0,3.0,9.0,0.0,2.0,0.0,2.0,1.0,-11.0,40:48,17.3,0
1,2030,Kenyon Martin,4.0,2.0,5.0,1.0,0.0,0.0,7.0,0.0,3.0,1.0,4.0,0.0,-3.0,24:53,4.2,0
2,200745,Andrea Bargnani,11.0,5.0,14.0,0.0,0.0,2.0,2.0,0.0,5.0,1.0,3.0,1.0,-13.0,33:22,7.2,0
3,202697,Iman Shumpert,6.0,2.0,4.0,2.0,1.0,1.0,0.0,3.0,4.0,0.0,3.0,1.0,-3.0,27:01,7.9,0
4,2757,Beno Udrih,2.0,1.0,7.0,0.0,0.0,1.0,3.0,0.0,5.0,0.0,2.0,2.0,-1.0,25:01,-0.2,0
5,203143,Pablo Prigioni,6.0,2.0,4.0,0.0,0.0,0.0,1.0,1.0,3.0,0.0,2.0,0.0,-9.0,19:00,6.6,0
6,2747,JR Smith,15.0,6.0,14.0,4.0,0.0,0.0,3.0,2.0,0.0,0.0,2.0,3.0,-2.0,30:23,5.1,0
7,2405,Amar'e Stoudemire,12.0,5.0,5.0,4.0,2.0,2.0,2.0,1.0,1.0,0.0,2.0,0.0,-7.0,21:37,12.6,0
8,203501,Tim Hardaway Jr.,5.0,2.0,3.0,0.0,0.0,0.0,1.0,0.0,1.0,0.0,1.0,0.0,1.0,6:30,4.3,0
9,1897,Metta World Peace,5.0,2.0,7.0,0.0,0.0,2.0,1.0,0.0,0.0,1.0,3.0,1.0,2.0,10:01,1.1,0
10,203315,Toure' Murry,0.0,0.0,0.0,0.0,0.0,0.0,0.0,0.0,0.0,0.0,0.0,0.0,1.0,1:24,0.0,0
11,202332,Cole Aldrich,,,,,,,,,,,,,,,0.0,0
12,101109,Raymond Felton,,,,,,,,,,,,,,,0.0,0
13,101110,Martell Webster,19.0,6.0,11.0,2.0,2.0,0.0,3.0,0.0,3.0,0.0,3.0,1.0,14.0,40:03,14.5,1
14,2403,Nene,8.0,4.0,10.0,2.0,0.0,1.0,6.0,1.0,3.0,1.0,4.0,1.0,0.0,34:45,5.5,1
15,101162,Marcin Gortat,16.0,7.0,11.0,4.0,2.0,7.0,10.0,0.0,2.0,2.0,2.0,0.0,12.0,36:35,20.2,1
16,203078,Bradley Beal,18.0,7.0,19.0,3.0,3.0,0.0,5.0,1.0,6.0,0.0,4.0,2.0,5.0,40:17,10.6,1
17,202322,John Wall,31.0,10.0,18.0,11.0,10.0,1.0,3.0,2.0,7.0,1.0,1.0,7.0,16.0,39:30,23.8,1
18,202686,Jan Vesely,2.0,1.0,2.0,0.0,0.0,2.0,3.0,0.0,0.0,0.0,3.0,0.0,7.0,23:16,2.1,1
19,202066,Garrett Temple,4.0,2.0,3.0,0.0,0.0,0.0,2.0,0.0,0.0,0.0,1.0,0.0,-2.0,15:45,2.9,1
20,201953,Eric Maynor,0.0,0.0,2.0,0.0,0.0,0.0,2.0,0.0,2.0,0.0,0.0,1.0,-7.0,9:49,-0.4,1
21,2772,Trevor Ariza,,,,,,,,,,,,,,,0.0,1
22,202344,Trevor Booker,,,,,,,,,,,,,,,0.0,1
23,1733,Al Harrington,,,,,,,,,,,,,,,0.0,1
24,203318,Glen Rice,,,,,,,,,,,,,,,0.0,1
25,202338,Kevin Seraphin,,,,,,,,,,,,,,,0.0,1
