,id,name,PTS,FG,FGA,FTA,FT,OREB,DREB,STL,AST,BLK,PF,TO,PLUS_MINUS,MIN,GS,WIN
0,201960,DeMarre Carroll,15.0,5.0,9.0,4.0,3.0,0.0,3.0,0.0,1.0,0.0,4.0,0.0,-4.0,37:14,10.3,0
1,200794,Paul Millsap,21.0,7.0,14.0,8.0,6.0,2.0,4.0,3.0,6.0,0.0,5.0,2.0,-17.0,35:32,19.0,0
2,202970,Gustavo Ayon,0.0,0.0,1.0,0.0,0.0,3.0,4.0,0.0,1.0,0.0,0.0,1.0,-6.0,13:53,2.3,0
3,2594,Kyle Korver,9.0,4.0,10.0,0.0,0.0,1.0,6.0,2.0,5.0,0.0,0.0,2.0,-1.0,34:27,9.6,0
4,201952,Jeff Teague,20.0,9.0,18.0,3.0,1.0,1.0,0.0,0.0,5.0,0.0,1.0,5.0,-11.0,35:20,9.0,0
5,203118,Mike Scott,15.0,6.0,13.0,0.0,0.0,0.0,4.0,1.0,1.0,0.0,1.0,1.0,11.0,28:15,9.8,0
6,1882,Elton Brand,8.0,4.0,4.0,0.0,0.0,1.0,3.0,1.0,0.0,2.0,4.0,0.0,0.0,18:11,9.2,0
7,101150,Lou Williams,4.0,0.0,6.0,6.0,4.0,0.0,1.0,2.0,4.0,0.0,1.0,2.0,-3.0,22:34,1.7,0
8,202714,Shelvin Mack,9.0,3.0,5.0,3.0,2.0,1.0,4.0,0.0,2.0,0.0,0.0,2.0,-4.0,14:34,7.6,0
9,203544,Pero Antic,,,,,,,,,,,,,,,0.0,0
10,203263,James Nunnally,,,,,,,,,,,,,,,0.0,0
11,203471,Dennis Schroder,,,,,,,,,,,,,,,0.0,0
12,2419,Tayshaun Prince,11.0,5.0,11.0,0.0,0.0,0.0,1.0,1.0,0.0,0.0,1.0,0.0,5.0,21:34,6.2,1
13,2216,Zach Randolph,18.0,5.0,10.0,9.0,8.0,2.0,10.0,0.0,3.0,0.0,3.0,1.0,9.0,34:23,16.9,1
14,201585,Kosta Koufos,11.0,5.0,6.0,2.0,1.0,2.0,6.0,0.0,1.0,1.0,2.0,1.0,5.0,20:34,11.2,1
15,201584,Courtney Lee,15.0,7.0,12.0,0.0,0.0,0.0,1.0,2.0,2.0,2.0,1.0,2.0,13.0,32:00,12.1,1
16,201144,Mike Conley,21.0,7.0,15.0,7.0,7.0,0.0,4.0,4.0,13.0,0.0,2.0,2.0,20.0,38:30,24.8,1
17,202334,Ed Davis,6.0,3.0,6.0,2.0,0.0,2.0,3.0,0.0,0.0,0.0,3.0,1.0,-2.0,19:47,2.3,1
18,201979,Nick Calathes,2.0,1.0,2.0,0.0,0.0,0.0,0.0,1.0,2.0,0.0,2.0,1.0,-13.0,9:30,1.6,1
19,2034,Mike Miller,15.0,6.0,8.0,0.0,0.0,0.0,3.0,1.0,2.0,1.0,2.0,2.0,6.0,26:20,13.0,1
20,201949,James Johnson,7.0,3.0,7.0,0.0,0.0,1.0,3.0,3.0,3.0,2.0,0.0,1.0,2.0,26:26,10.4,1
21,202720,Jon Leuer,2.0,1.0,6.0,0.0,0.0,1.0,1.0,1.0,0.0,0.0,1.0,0.0,-10.0,10:56,-0.2,1
22,2754,Tony Allen,,,,,,,,,,,,,,,0.0,1
23,203479,Jamaal Franklin,,,,,,,,,,,,,,,0.0,1
