,id,name,PTS,FG,FGA,FTA,FT,OREB,DREB,STL,AST,BLK,PF,TO,PLUS_MINUS,MIN,GS,WIN
0,200752,Rudy Gay,41.0,16.0,25.0,6.0,4.0,3.0,5.0,0.0,5.0,0.0,5.0,3.0,12.0,42:28,31.2,1
1,201574,Jason Thompson,11.0,5.0,8.0,1.0,1.0,2.0,6.0,0.0,1.0,1.0,6.0,1.0,25.0,35:54,8.6,1
2,202326,DeMarcus Cousins,18.0,6.0,10.0,9.0,6.0,2.0,9.0,3.0,6.0,4.0,3.0,3.0,21.0,29:16,22.1,1
3,201977,Marcus Thornton,6.0,3.0,7.0,0.0,0.0,1.0,0.0,0.0,1.0,2.0,3.0,1.0,29.0,28:51,2.9,1
4,202738,Isaiah Thomas,20.0,6.0,17.0,6.0,5.0,0.0,3.0,3.0,11.0,0.0,2.0,4.0,25.0,38:57,16.9,1
5,202682,Derrick Williams,8.0,3.0,5.0,3.0,2.0,0.0,1.0,1.0,0.0,0.0,1.0,0.0,-6.0,22:49,6.2,1
6,203112,Quincy Acy,3.0,1.0,4.0,4.0,1.0,6.0,4.0,0.0,1.0,1.0,3.0,0.0,-10.0,23:23,5.0,1
7,203463,Ben McLemore,0.0,0.0,1.0,0.0,0.0,0.0,1.0,0.0,0.0,1.0,1.0,0.0,-2.0,7:01,-0.1,1
8,202690,Jimmer Fredette,5.0,2.0,3.0,0.0,0.0,0.0,0.0,0.0,0.0,1.0,1.0,0.0,-7.0,7:29,4.0,1
9,201189,Aaron Gray,2.0,0.0,1.0,2.0,2.0,1.0,2.0,0.0,0.0,0.0,0.0,0.0,-1.0,2:18,2.6,1
10,203492,Ray McCallum,0.0,0.0,1.0,0.0,0.0,0.0,0.0,0.0,0.0,0.0,0.0,0.0,-1.0,1:34,-0.7,1
11,201171,Carl Landry,,,,,,,,,,,,,,,0.0,1
12,2566,Travis Outlaw,,,,,,,,,,,,,,,0.0,1
13,202329,Al-Farouq Aminu,9.0,3.0,5.0,3.0,2.0,1.0,3.0,1.0,0.0,0.0,4.0,1.0,-31.0,25:17,6.3,0
14,203076,Anthony Davis,16.0,4.0,12.0,11.0,8.0,2.0,4.0,2.0,2.0,4.0,3.0,4.0,-27.0,36:30,11.6,0
15,201880,Greg Stiemsma,0.0,0.0,2.0,0.0,0.0,1.0,2.0,0.0,1.0,0.0,3.0,1.0,-14.0,11:09,-1.6,0
16,201569,Eric Gordon,7.0,2.0,6.0,4.0,2.0,0.0,1.0,1.0,1.0,0.0,2.0,3.0,-16.0,27:05,1.0,0
17,203148,Brian Roberts,15.0,6.0,10.0,3.0,3.0,0.0,2.0,0.0,6.0,0.0,0.0,0.0,-13.0,29:30,15.2,0
18,201936,Tyreke Evans,17.0,6.0,15.0,6.0,5.0,1.0,2.0,0.0,3.0,0.0,4.0,3.0,-7.0,26:13,7.3,0
19,201582,Alexis Ajinca,4.0,2.0,3.0,0.0,0.0,1.0,3.0,1.0,1.0,1.0,4.0,2.0,-8.0,15:58,3.1,0
20,203121,Darius Miller,3.0,1.0,2.0,0.0,0.0,0.0,4.0,1.0,0.0,0.0,3.0,0.0,19.0,16:47,3.0,0
21,203085,Austin Rivers,12.0,4.0,8.0,6.0,2.0,1.0,2.0,0.0,2.0,0.0,0.0,0.0,-2.0,24:24,9.1,0
22,203481,Jeff Withey,14.0,5.0,6.0,5.0,4.0,2.0,3.0,2.0,2.0,2.0,5.0,0.0,14.0,27:07,16.5,0
23,201950,Jrue Holiday,,,,,,,,,,,,,,,0.0,0
24,201627,Anthony Morrow,,,,,,,,,,,,,,,0.0,0
25,201160,Jason Smith,,,,,,,,,,,,,,,0.0,0
