,id,name,PTS,FG,FGA,FTA,FT,OREB,DREB,STL,AST,BLK,PF,TO,PLUS_MINUS,MIN,GS,WIN
0,202718,Chandler Parsons,14.0,5.0,13.0,2.0,2.0,0.0,7.0,1.0,4.0,0.0,3.0,1.0,14.0,39:07,10.6,1
1,203093,Terrence Jones,12.0,6.0,11.0,2.0,0.0,5.0,7.0,2.0,0.0,3.0,2.0,1.0,18.0,36:39,13.8,1
2,2730,Dwight Howard,32.0,11.0,17.0,18.0,10.0,3.0,8.0,0.0,2.0,1.0,2.0,2.0,8.0,36:50,25.1,1
3,201935,James Harden,16.0,6.0,18.0,2.0,2.0,1.0,6.0,0.0,3.0,3.0,2.0,3.0,12.0,38:23,8.7,1
4,202391,Jeremy Lin,16.0,5.0,7.0,6.0,5.0,0.0,1.0,3.0,9.0,0.0,3.0,1.0,4.0,35:24,20.1,1
5,200758,Ronnie Brewer,0.0,0.0,0.0,0.0,0.0,0.0,0.0,0.0,0.0,1.0,0.0,0.0,-4.0,4:44,0.7,1
6,201956,Omri Casspi,12.0,4.0,9.0,2.0,1.0,0.0,6.0,0.0,3.0,0.0,3.0,3.0,-2.0,22:31,6.6,1
7,201166,Aaron Brooks,2.0,0.0,2.0,2.0,2.0,0.0,0.0,0.0,3.0,0.0,1.0,0.0,2.0,15:07,2.3,1
8,101128,Francisco Garcia,0.0,0.0,2.0,0.0,0.0,1.0,1.0,0.0,0.0,1.0,0.0,0.0,8.0,11:15,0.3,1
9,201600,Omer Asik,,,,,,,,,,,,,,,0.0,1
10,203477,Isaiah Canaan,,,,,,,,,,,,,,,0.0,1
11,202700,Donatas Motiejunas,,,,,,,,,,,,,,,0.0,1
12,202962,Greg Smith,,,,,,,,,,,,,,,0.0,1
13,201145,Jeff Green,4.0,2.0,10.0,0.0,0.0,0.0,6.0,0.0,0.0,0.0,1.0,4.0,-12.0,27:43,-4.8,0
14,203096,Jared Sullinger,8.0,3.0,11.0,2.0,2.0,6.0,4.0,0.0,1.0,1.0,5.0,1.0,-9.0,22:35,5.3,0
15,2743,Kris Humphries,4.0,2.0,7.0,0.0,0.0,2.0,6.0,0.0,2.0,3.0,1.0,1.0,-15.0,20:50,5.2,0
16,202340,Avery Bradley,24.0,11.0,21.0,0.0,0.0,0.0,5.0,3.0,3.0,1.0,2.0,1.0,-10.0,33:54,19.2,0
17,202348,Jordan Crawford,13.0,3.0,11.0,7.0,7.0,0.0,0.0,0.0,5.0,0.0,4.0,1.0,-11.0,24:37,7.4,0
18,101138,Brandon Bass,14.0,6.0,15.0,3.0,2.0,3.0,4.0,0.0,0.0,0.0,4.0,1.0,8.0,25:14,6.2,0
19,2222,Gerald Wallace,2.0,1.0,2.0,0.0,0.0,0.0,1.0,0.0,1.0,1.0,1.0,1.0,-2.0,19:56,1.3,0
20,201573,Jerryd Bayless,17.0,7.0,13.0,2.0,2.0,0.0,1.0,2.0,4.0,1.0,0.0,2.0,1.0,23:31,14.5,0
21,203482,Kelly Olynyk,4.0,2.0,5.0,0.0,0.0,4.0,3.0,2.0,0.0,0.0,4.0,0.0,-9.0,21:46,5.4,0
22,203515,Phil Pressey,0.0,0.0,2.0,0.0,0.0,0.0,0.0,0.0,0.0,0.0,1.0,1.0,-7.0,3:29,-2.8,0
23,203543,Vitor Faverani,0.0,0.0,0.0,0.0,0.0,0.0,0.0,1.0,0.0,0.0,1.0,0.0,-1.0,4:25,0.6,0
24,202705,MarShon Brooks,2.0,1.0,4.0,0.0,0.0,0.0,5.0,0.0,1.0,0.0,2.0,0.0,7.0,12:00,1.0,0
25,2586,Keith Bogans,,,,,,,,,,,,,,,0.0,0
