,id,name,PTS,FG,FGA,FTA,FT,OREB,DREB,STL,AST,BLK,PF,TO,PLUS_MINUS,MIN,GS,WIN
0,2419,Tayshaun Prince,2.0,1.0,5.0,0.0,0.0,0.0,2.0,1.0,2.0,0.0,1.0,0.0,-16.0,15:15,1.5,1
1,2216,Zach Randolph,20.0,10.0,20.0,0.0,0.0,5.0,10.0,0.0,0.0,1.0,1.0,3.0,-2.0,38:24,13.8,1
2,201585,Kosta Koufos,10.0,5.0,10.0,0.0,0.0,4.0,5.0,0.0,0.0,0.0,1.0,1.0,-12.0,20:17,7.9,1
3,2754,Tony Allen,2.0,1.0,2.0,3.0,0.0,0.0,0.0,1.0,1.0,0.0,0.0,1.0,-18.0,12:38,0.5,1
4,201144,Mike Conley,11.0,4.0,11.0,3.0,3.0,0.0,4.0,0.0,6.0,1.0,1.0,6.0,-9.0,30:25,4.6,1
5,201573,Jerryd Bayless,17.0,6.0,11.0,4.0,2.0,0.0,1.0,1.0,4.0,0.0,4.0,0.0,24.0,31:05,13.4,1
6,201949,James Johnson,6.0,3.0,7.0,0.0,0.0,2.0,4.0,1.0,1.0,2.0,4.0,4.0,19.0,21:52,2.4,1
7,2034,Mike Miller,11.0,4.0,7.0,3.0,3.0,1.0,6.0,0.0,4.0,0.0,1.0,0.0,24.0,32:45,12.6,1
8,202334,Ed Davis,16.0,8.0,11.0,1.0,0.0,4.0,7.0,2.0,2.0,0.0,2.0,0.0,20.0,27:43,18.6,1
9,202720,Jon Leuer,4.0,2.0,8.0,0.0,0.0,3.0,1.0,0.0,0.0,0.0,1.0,0.0,10.0,9:36,1.2,1
10,201979,Nick Calathes,,,,,,,,,,,,,,,0.0,1
11,203552,Seth Curry,,,,,,,,,,,,,,,0.0,1
12,203479,Jamaal Franklin,,,,,,,,,,,,,,,0.0,1
13,200782,P.J. Tucker,12.0,5.0,13.0,1.0,1.0,3.0,2.0,0.0,4.0,0.0,1.0,1.0,14.0,32:25,9.0,0
14,101112,Channing Frye,14.0,5.0,14.0,0.0,0.0,1.0,5.0,1.0,1.0,0.0,2.0,2.0,-4.0,35:02,7.3,0
15,203101,Miles Plumlee,8.0,4.0,8.0,0.0,0.0,2.0,10.0,1.0,0.0,3.0,2.0,1.0,17.0,34:37,9.7,0
16,101123,Gerald Green,9.0,4.0,10.0,0.0,0.0,0.0,2.0,4.0,3.0,0.0,3.0,0.0,10.0,32:05,9.1,0
17,201609,Goran Dragic,33.0,13.0,22.0,9.0,5.0,1.0,2.0,3.0,7.0,0.0,2.0,4.0,6.0,37:56,25.6,0
18,202693,Markieff Morris,10.0,5.0,11.0,0.0,0.0,1.0,0.0,2.0,0.0,2.0,3.0,2.0,-28.0,24:56,5.2,0
19,202397,Ish Smith,3.0,1.0,6.0,1.0,1.0,3.0,3.0,0.0,2.0,0.0,1.0,2.0,-21.0,19:37,1.2,0
20,202694,Marcus Morris Sr.,2.0,0.0,5.0,5.0,2.0,2.0,3.0,0.0,1.0,0.0,0.0,0.0,-22.0,15:35,0.3,0
21,203462,Archie Goodwin,0.0,0.0,0.0,0.0,0.0,0.0,0.0,0.0,0.0,0.0,0.0,0.0,-11.0,5:09,0.0,0
22,202091,Dionte Christmas,0.0,0.0,1.0,0.0,0.0,0.0,0.0,0.0,0.0,0.0,0.0,0.0,-1.0,2:38,-0.7,0
23,202339,Eric Bledsoe,,,,,,,,,,,,,,,0.0,0
24,203139,Viacheslav Kravtsov,,,,,,,,,,,,,,,0.0,0
25,203458,Alex Len,,,,,,,,,,,,,,,0.0,0
