,id,name,PTS,FG,FGA,FTA,FT,OREB,DREB,STL,AST,BLK,PF,TO,PLUS_MINUS,MIN,GS,WIN
0,201587,Nicolas Batum,7.0,3.0,9.0,0.0,0.0,2.0,11.0,1.0,4.0,1.0,2.0,4.0,-15.0,36:44,6.3,0
1,200746,LaMarcus Aldridge,28.0,12.0,22.0,5.0,4.0,1.0,3.0,0.0,2.0,0.0,2.0,2.0,-16.0,39:26,17.2,0
2,201577,Robin Lopez,3.0,1.0,4.0,4.0,1.0,1.0,1.0,2.0,2.0,2.0,3.0,1.0,-2.0,33:34,3.0,0
3,202083,Wesley Matthews,9.0,3.0,9.0,2.0,2.0,2.0,5.0,0.0,4.0,0.0,1.0,1.0,-10.0,33:09,8.2,0
4,203081,Damian Lillard,32.0,10.0,20.0,8.0,6.0,2.0,2.0,1.0,2.0,1.0,2.0,0.0,-11.0,42:12,25.5,0
5,200777,Joel Freeland,3.0,1.0,3.0,2.0,1.0,3.0,1.0,0.0,1.0,0.0,2.0,1.0,-5.0,12:12,2.2,0
6,2590,Mo Williams,2.0,1.0,9.0,0.0,0.0,0.0,2.0,1.0,3.0,1.0,2.0,3.0,-6.0,21:53,-3.3,0
7,2748,Dorell Wright,3.0,0.0,2.0,3.0,3.0,0.0,1.0,0.0,1.0,0.0,0.0,1.0,-3.0,12:16,1.6,0
8,203080,Thomas Robinson,4.0,2.0,3.0,0.0,0.0,0.0,2.0,0.0,0.0,0.0,0.0,0.0,3.0,8:34,3.3,0
9,203115,Will Barton,,,,,,,,,,,,,,,0.0,0
10,201964,Victor Claver,,,,,,,,,,,,,,,0.0,0
11,203459,Allen Crabbe,,,,,,,,,,,,,,,0.0,0
12,203086,Meyers Leonard,,,,,,,,,,,,,,,0.0,0
13,200782,P.J. Tucker,18.0,7.0,13.0,2.0,2.0,4.0,1.0,2.0,2.0,0.0,1.0,1.0,19.0,38:36,16.8,1
14,101112,Channing Frye,7.0,3.0,7.0,0.0,0.0,0.0,3.0,1.0,0.0,0.0,4.0,1.0,4.0,22:22,2.6,1
15,203101,Miles Plumlee,18.0,8.0,14.0,2.0,2.0,5.0,10.0,0.0,0.0,3.0,1.0,2.0,18.0,39:56,17.6,1
16,201609,Goran Dragic,26.0,12.0,21.0,1.0,1.0,0.0,6.0,1.0,9.0,0.0,4.0,3.0,16.0,41:06,20.6,1
17,202339,Eric Bledsoe,22.0,7.0,12.0,11.0,8.0,0.0,7.0,1.0,6.0,0.0,2.0,4.0,8.0,38:52,17.7,1
18,202694,Marcus Morris Sr.,6.0,3.0,9.0,0.0,0.0,0.0,7.0,3.0,1.0,1.0,2.0,3.0,9.0,25:38,3.6,1
19,101123,Gerald Green,5.0,2.0,3.0,2.0,1.0,0.0,1.0,0.0,0.0,0.0,0.0,0.0,-7.0,16:58,3.6,1
20,203458,Alex Len,2.0,1.0,1.0,0.0,0.0,1.0,1.0,0.0,0.0,1.0,3.0,1.0,-5.0,8:04,1.2,1
21,203462,Archie Goodwin,0.0,0.0,3.0,0.0,0.0,1.0,0.0,0.0,0.0,0.0,0.0,0.0,3.0,8:28,-1.4,1
22,202091,Dionte Christmas,,,,,,,,,,,,,,,0.0,1
23,203139,Viacheslav Kravtsov,,,,,,,,,,,,,,,0.0,1
24,202693,Markieff Morris,,,,,,,,,,,,,,,0.0,1
25,202397,Ish Smith,,,,,,,,,,,,,,,0.0,1
