,id,name,PTS,FG,FGA,FTA,FT,OREB,DREB,STL,AST,BLK,PF,TO,PLUS_MINUS,MIN,GS,WIN
0,203077,Michael Kidd-Gilchrist,1.0,0.0,2.0,2.0,1.0,1.0,0.0,2.0,3.0,0.0,3.0,0.0,-14.0,16:42,2.8,0
1,201177,Josh McRoberts,10.0,4.0,8.0,0.0,0.0,0.0,6.0,0.0,1.0,2.0,3.0,2.0,-11.0,29:32,6.7,0
2,2744,Al Jefferson,24.0,11.0,20.0,3.0,2.0,1.0,7.0,2.0,4.0,1.0,2.0,1.0,-3.0,38:20,20.5,0
3,201945,Gerald Henderson,8.0,2.0,14.0,5.0,4.0,0.0,1.0,1.0,3.0,0.0,1.0,2.0,-13.0,30:32,-0.4,0
4,202689,Kemba Walker,26.0,9.0,21.0,6.0,6.0,0.0,5.0,2.0,8.0,1.0,3.0,1.0,2.0,42:52,22.5,0
5,201229,Anthony Tolliver,6.0,2.0,7.0,2.0,1.0,1.0,4.0,0.0,0.0,0.0,1.0,1.0,13.0,25:47,2.0,0
6,203469,Cody Zeller,5.0,2.0,4.0,2.0,1.0,2.0,4.0,1.0,0.0,1.0,3.0,2.0,4.0,18:48,3.7,0
7,201196,Ramon Sessions,11.0,5.0,11.0,2.0,1.0,2.0,2.0,1.0,5.0,0.0,0.0,0.0,1.0,24:45,11.4,0
8,202399,Jeff Adrien,1.0,0.0,1.0,4.0,1.0,1.0,4.0,0.0,1.0,1.0,3.0,3.0,4.0,9:20,-1.8,0
9,201604,Chris Douglas-Roberts,0.0,0.0,0.0,0.0,0.0,0.0,1.0,1.0,0.0,0.0,1.0,1.0,2.0,3:22,-0.1,0
10,202687,Bismack Biyombo,,,,,,,,,,,,,,,0.0,0
11,2732,Ben Gordon,,,,,,,,,,,,,,,0.0,0
12,2457,Jannero Pargo,,,,,,,,,,,,,,,0.0,0
13,202323,Evan Turner,23.0,10.0,19.0,2.0,2.0,2.0,5.0,1.0,4.0,0.0,3.0,4.0,17.0,36:15,15.2,1
14,201152,Thaddeus Young,11.0,4.0,11.0,4.0,2.0,0.0,5.0,2.0,1.0,0.0,2.0,3.0,3.0,32:53,4.5,1
15,201150,Spencer Hawes,17.0,7.0,12.0,0.0,0.0,0.0,14.0,0.0,7.0,1.0,1.0,5.0,8.0,38:11,15.8,1
16,202341,James Anderson,6.0,3.0,4.0,1.0,0.0,1.0,1.0,0.0,1.0,0.0,3.0,0.0,1.0,30:18,4.5,1
17,203487,Michael Carter-Williams,20.0,8.0,15.0,6.0,3.0,3.0,5.0,0.0,7.0,0.0,2.0,2.0,9.0,32:08,17.2,1
18,203138,Hollis Thompson,1.0,0.0,0.0,2.0,1.0,0.0,0.0,2.0,0.0,0.0,1.0,0.0,-14.0,11:48,2.2,1
19,203100,Tony Wroten,9.0,4.0,10.0,3.0,1.0,0.0,3.0,1.0,2.0,0.0,2.0,5.0,-1.0,18:23,0.3,1
20,203473,Dewayne Dedmon,0.0,0.0,2.0,0.0,0.0,0.0,7.0,0.0,0.0,2.0,1.0,1.0,3.0,14:03,0.7,1
21,203561,Brandon Davies,0.0,0.0,1.0,0.0,0.0,0.0,2.0,0.0,1.0,0.0,5.0,2.0,-8.0,10:50,-3.4,1
22,202343,Elliot Williams,8.0,3.0,3.0,2.0,2.0,1.0,1.0,0.0,0.0,0.0,2.0,2.0,-3.0,15:11,5.3,1
23,202730,Lavoy Allen,,,,,,,,,,,,,,,0.0,1
24,203485,Lorenzo Brown,,,,,,,,,,,,,,,0.0,1
25,203102,Arnett Moultrie,,,,,,,,,,,,,,,0.0,1
