,id,name,PTS,FG,FGA,FTA,FT,OREB,DREB,STL,AST,BLK,PF,TO,PLUS_MINUS,MIN,GS,WIN
0,2736,Luol Deng,11.0,5.0,14.0,2.0,1.0,2.0,4.0,0.0,2.0,0.0,0.0,1.0,-18.0,35:10,5.8,0
1,202684,Tristan Thompson,18.0,8.0,10.0,3.0,2.0,1.0,7.0,0.0,0.0,0.0,0.0,2.0,-11.0,29:19,14.6,0
2,201150,Spencer Hawes,13.0,5.0,12.0,0.0,0.0,1.0,3.0,0.0,3.0,1.0,3.0,2.0,-17.0,33:17,7.8,0
3,101127,Jarrett Jack,6.0,3.0,6.0,0.0,0.0,1.0,2.0,1.0,5.0,0.0,1.0,1.0,-17.0,34:49,7.4,0
4,202681,Kyrie Irving,28.0,11.0,19.0,4.0,3.0,0.0,1.0,3.0,3.0,0.0,3.0,3.0,-10.0,41:05,19.9,0
5,203092,Tyler Zeller,9.0,3.0,6.0,4.0,3.0,2.0,3.0,1.0,1.0,2.0,4.0,2.0,-4.0,24:38,7.4,0
6,203521,Matthew Dellavedova,5.0,2.0,7.0,0.0,0.0,0.0,1.0,0.0,4.0,0.0,4.0,1.0,-1.0,20:06,1.4,0
7,202087,Alonzo Gee,2.0,0.0,1.0,2.0,2.0,1.0,2.0,0.0,2.0,0.0,1.0,0.0,4.0,12:50,3.6,0
8,203461,Anthony Bennett,4.0,2.0,4.0,0.0,0.0,0.0,2.0,0.0,0.0,0.0,0.0,0.0,4.0,8:46,2.6,0
9,203508,Sergey Karasev,,,,,,,,,,,,,,,0.0,0
10,101139,CJ Miles,,,,,,,,,,,,,,,0.0,0
11,202620,Arinze Onuaku,,,,,,,,,,,,,,,0.0,0
12,203079,Dion Waiters,,,,,,,,,,,,,,,0.0,0
13,2419,Tayshaun Prince,2.0,1.0,8.0,0.0,0.0,1.0,4.0,0.0,3.0,1.0,1.0,0.0,18.0,32:32,1.1,1
14,2216,Zach Randolph,23.0,11.0,17.0,2.0,1.0,7.0,7.0,4.0,3.0,0.0,0.0,2.0,23.0,37:05,26.2,1
15,201188,Marc Gasol,22.0,8.0,14.0,6.0,5.0,0.0,8.0,0.0,6.0,1.0,2.0,2.0,19.0,39:56,19.5,1
16,201584,Courtney Lee,19.0,7.0,11.0,0.0,0.0,0.0,4.0,1.0,1.0,2.0,2.0,0.0,15.0,33:15,17.6,1
17,201144,Mike Conley,22.0,8.0,14.0,4.0,4.0,0.0,1.0,2.0,7.0,1.0,1.0,2.0,23.0,37:49,20.9,1
18,201949,James Johnson,2.0,1.0,3.0,0.0,0.0,0.0,0.0,1.0,1.0,0.0,0.0,0.0,-6.0,6:33,2.0,1
19,2754,Tony Allen,16.0,7.0,10.0,4.0,1.0,2.0,0.0,0.0,2.0,1.0,3.0,1.0,2.0,24:19,11.9,1
20,201979,Nick Calathes,0.0,0.0,1.0,0.0,0.0,0.0,0.0,0.0,1.0,1.0,0.0,2.0,-9.0,10:11,-1.3,1
21,2034,Mike Miller,0.0,0.0,1.0,0.0,0.0,0.0,1.0,0.0,0.0,0.0,1.0,0.0,-7.0,5:54,-0.8,1
22,201585,Kosta Koufos,4.0,1.0,2.0,2.0,2.0,1.0,0.0,0.0,0.0,0.0,1.0,0.0,-8.0,12:26,3.3,1
23,202334,Ed Davis,,,,,,,,,,,,,,,0.0,1
24,202720,Jon Leuer,,,,,,,,,,,,,,,0.0,1
25,2757,Beno Udrih,,,,,,,,,,,,,,,0.0,1
