,id,name,PTS,FG,FGA,FTA,FT,OREB,DREB,STL,AST,BLK,PF,TO,PLUS_MINUS,MIN,GS,WIN
0,203145,Kent Bazemore,2.0,1.0,3.0,0.0,0.0,0.0,2.0,0.0,4.0,0.0,1.0,0.0,-1.0,11:25,3.3,0
1,203527,Ryan Kelly,6.0,3.0,11.0,0.0,0.0,1.0,3.0,2.0,1.0,0.0,5.0,0.0,-21.0,31:12,1.8,0
2,201941,Jordan Hill,22.0,10.0,14.0,2.0,2.0,3.0,6.0,2.0,0.0,0.0,2.0,2.0,-22.0,28:40,19.3,0
3,201975,Jodie Meeks,17.0,6.0,15.0,3.0,3.0,0.0,1.0,0.0,1.0,0.0,2.0,4.0,-27.0,39:09,5.1,0
4,203088,Kendall Marshall,10.0,4.0,10.0,5.0,2.0,0.0,3.0,0.0,11.0,0.0,2.0,5.0,-21.0,42:41,6.2,0
5,202325,Wesley Johnson,10.0,3.0,8.0,2.0,2.0,0.0,6.0,3.0,3.0,0.0,3.0,1.0,-3.0,29:32,10.3,0
6,203135,Robert Sacre,9.0,3.0,8.0,4.0,3.0,4.0,6.0,0.0,4.0,0.0,1.0,0.0,-9.0,29:06,11.2,0
7,201156,Nick Young,18.0,5.0,15.0,7.0,6.0,0.0,2.0,2.0,2.0,0.0,3.0,2.0,-12.0,26:07,9.9,0
8,202705,MarShon Brooks,3.0,1.0,2.0,0.0,0.0,0.0,1.0,0.0,0.0,0.0,0.0,0.0,1.0,2:08,2.3,0
9,200770,Jordan Farmar,,,,,,,,,,,,,,,0.0,0
10,2200,Pau Gasol,,,,,,,,,,,,,,,0.0,0
11,2549,Chris Kaman,,,,,,,,,,,,,,,0.0,0
12,959,Steve Nash,,,,,,,,,,,,,,,0.0,0
13,2440,Matt Barnes,9.0,4.0,6.0,0.0,0.0,2.0,6.0,2.0,3.0,0.0,2.0,0.0,17.0,27:17,12.9,1
14,201933,Blake Griffin,23.0,7.0,14.0,13.0,9.0,0.0,7.0,3.0,6.0,0.0,3.0,3.0,24.0,30:47,19.5,1
15,201599,DeAndre Jordan,11.0,5.0,6.0,5.0,1.0,3.0,9.0,0.0,0.0,4.0,0.0,2.0,23.0,30:45,12.8,1
16,200755,JJ Redick,15.0,7.0,11.0,0.0,0.0,0.0,3.0,0.0,1.0,0.0,2.0,3.0,19.0,23:30,7.9,1
17,101108,Chris Paul,23.0,8.0,10.0,4.0,3.0,0.0,4.0,3.0,6.0,0.0,0.0,3.0,19.0,28:22,24.2,1
18,201954,Darren Collison,14.0,7.0,17.0,0.0,0.0,0.0,2.0,2.0,6.0,0.0,3.0,3.0,7.0,33:59,7.5,1
19,201162,Jared Dudley,5.0,1.0,2.0,2.0,2.0,0.0,4.0,0.0,2.0,0.0,2.0,1.0,4.0,21:12,4.8,1
20,201175,Glen Davis,7.0,3.0,5.0,2.0,1.0,2.0,6.0,1.0,1.0,0.0,3.0,0.0,0.0,18:25,8.0,1
21,2584,Willie Green,0.0,0.0,0.0,0.0,0.0,0.0,1.0,0.0,1.0,0.0,1.0,1.0,-1.0,5:35,-0.4,1
22,2045,Hedo Turkoglu,10.0,4.0,8.0,0.0,0.0,1.0,1.0,1.0,0.0,1.0,1.0,0.0,2.0,9:52,8.3,1
23,203493,Reggie Bullock,3.0,1.0,4.0,0.0,0.0,0.0,1.0,0.0,2.0,0.0,0.0,0.0,1.0,10:17,2.3,1
24,2037,Jamal Crawford,,,,,,,,,,,,,,,0.0,1
25,200797,Ryan Hollins,,,,,,,,,,,,,,,0.0,1
