,id,name,PTS,FG,FGA,FTA,FT,OREB,DREB,STL,AST,BLK,PF,TO,PLUS_MINUS,MIN,GS,WIN
0,2772,Trevor Ariza,19.0,7.0,12.0,0.0,0.0,3.0,6.0,0.0,2.0,0.0,1.0,0.0,20.0,36:10,18.3,1
1,2403,Nene,10.0,3.0,9.0,6.0,4.0,1.0,5.0,1.0,2.0,0.0,4.0,5.0,7.0,30:49,2.1,1
2,101162,Marcin Gortat,14.0,7.0,9.0,0.0,0.0,2.0,10.0,0.0,1.0,2.0,4.0,3.0,17.0,28:33,12.4,1
3,203078,Bradley Beal,19.0,7.0,16.0,3.0,3.0,1.0,4.0,0.0,6.0,1.0,2.0,0.0,4.0,35:13,16.6,1
4,202322,John Wall,21.0,8.0,19.0,2.0,2.0,1.0,4.0,1.0,12.0,1.0,0.0,0.0,13.0,33:51,22.9,1
5,101110,Martell Webster,13.0,5.0,10.0,0.0,0.0,0.0,0.0,0.0,2.0,0.0,2.0,1.0,16.0,22:57,7.6,1
6,202344,Trevor Booker,12.0,6.0,8.0,0.0,0.0,0.0,2.0,4.0,1.0,1.0,2.0,0.0,11.0,24:21,14.0,1
7,202066,Garrett Temple,4.0,2.0,4.0,0.0,0.0,0.0,1.0,0.0,2.0,0.0,5.0,0.0,0.0,15:02,1.7,1
8,202338,Kevin Seraphin,2.0,1.0,1.0,0.0,0.0,0.0,0.0,0.0,2.0,0.0,3.0,1.0,-1.0,11:47,0.9,1
9,203490,Otto Porter Jr.,0.0,0.0,1.0,0.0,0.0,0.0,0.0,0.0,0.0,0.0,0.0,0.0,-2.0,0:48,-0.7,1
10,202686,Jan Vesely,0.0,0.0,0.0,0.0,0.0,1.0,0.0,0.0,0.0,0.0,0.0,0.0,0.0,0:30,0.7,1
11,201953,Eric Maynor,,,,,,,,,,,,,,,0.0,1
12,202698,Chris Singleton,,,,,,,,,,,,,,,0.0,1
13,201858,Cartier Martin,4.0,1.0,2.0,2.0,2.0,0.0,2.0,0.0,0.0,0.0,2.0,1.0,2.0,24:11,1.8,0
14,200794,Paul Millsap,21.0,7.0,18.0,8.0,6.0,2.0,9.0,3.0,4.0,1.0,2.0,3.0,-21.0,37:45,17.2,0
15,1882,Elton Brand,20.0,7.0,11.0,7.0,6.0,3.0,8.0,1.0,1.0,0.0,1.0,0.0,-4.0,34:57,20.5,0
16,2594,Kyle Korver,10.0,4.0,5.0,0.0,0.0,0.0,2.0,0.0,4.0,0.0,1.0,2.0,-17.0,33:54,9.1,0
17,201952,Jeff Teague,16.0,6.0,16.0,2.0,2.0,0.0,2.0,0.0,5.0,0.0,1.0,3.0,-5.0,30:22,7.9,0
18,101150,Lou Williams,14.0,3.0,9.0,9.0,7.0,0.0,2.0,1.0,2.0,0.0,0.0,3.0,-17.0,31:12,8.1,0
19,202714,Shelvin Mack,6.0,2.0,5.0,2.0,2.0,0.0,2.0,0.0,3.0,0.0,3.0,2.0,-14.0,16:37,2.8,0
20,203118,Mike Scott,4.0,2.0,5.0,0.0,0.0,0.0,5.0,0.0,0.0,0.0,0.0,1.0,-8.0,19:38,1.8,0
21,203471,Dennis Schroder,2.0,1.0,2.0,0.0,0.0,0.0,1.0,0.0,1.0,0.0,1.0,1.0,-1.0,11:24,0.6,0
22,203544,Pero Antic,,,,,,,,,,,,,,,0.0,0
23,202970,Gustavo Ayon,,,,,,,,,,,,,,,0.0,0
24,201960,DeMarre Carroll,,,,,,,,,,,,,,,0.0,0
