,id,name,PTS,FG,FGA,FTA,FT,OREB,DREB,STL,AST,BLK,PF,TO,PLUS_MINUS,MIN,GS,WIN
0,202361,Landry Fields,0.0,0.0,6.0,0.0,0.0,0.0,5.0,1.0,1.0,0.0,2.0,1.0,9.0,30:52,-2.8,1
1,101161,Amir Johnson,32.0,14.0,17.0,4.0,4.0,4.0,6.0,2.0,1.0,2.0,4.0,3.0,22.0,35:36,29.8,1
2,202685,Jonas Valanciunas,5.0,2.0,6.0,2.0,1.0,1.0,5.0,0.0,1.0,0.0,3.0,0.0,9.0,28:14,2.9,1
3,201942,DeMar DeRozan,26.0,8.0,19.0,11.0,10.0,0.0,5.0,3.0,5.0,2.0,4.0,2.0,22.0,41:18,21.3,1
4,200768,Kyle Lowry,23.0,8.0,13.0,6.0,6.0,1.0,4.0,3.0,8.0,0.0,2.0,3.0,19.0,36:38,23.8,1
5,200779,Steve Novak,3.0,1.0,9.0,0.0,0.0,0.0,3.0,0.0,0.0,0.0,0.0,0.0,-9.0,27:57,-2.0,1
6,203082,Terrence Ross,11.0,4.0,9.0,2.0,1.0,0.0,3.0,2.0,0.0,0.0,1.0,1.0,-5.0,28:03,7.4,1
7,202933,Julyan Stone,6.0,3.0,3.0,0.0,0.0,0.0,1.0,0.0,3.0,0.0,2.0,1.0,-7.0,11:22,5.7,1
8,203112,Quincy Acy,,,,,,,,,,,,,,,0.0,1
9,201571,D.J. Augustin,,,,,,,,,,,,,,,0.0,1
10,202779,Dwight Buycks,,,,,,,,,,,,,,,0.0,1
11,201948,Austin Daye,,,,,,,,,,,,,,,0.0,1
12,200752,Rudy Gay,,,,,,,,,,,,,,,0.0,1
13,202325,Wesley Johnson,2.0,1.0,3.0,0.0,0.0,0.0,3.0,0.0,2.0,1.0,3.0,0.0,-12.0,24:40,2.1,0
14,2200,Pau Gasol,7.0,3.0,11.0,2.0,1.0,2.0,6.0,0.0,2.0,0.0,2.0,2.0,-12.0,24:28,1.9,0
15,203135,Robert Sacre,2.0,1.0,3.0,0.0,0.0,0.0,1.0,0.0,0.0,0.0,2.0,0.0,-14.0,9:55,-0.2,0
16,977,Kobe Bryant,9.0,2.0,9.0,7.0,5.0,1.0,7.0,2.0,4.0,0.0,3.0,8.0,-16.0,27:56,1.1,0
17,2581,Steve Blake,3.0,1.0,6.0,0.0,0.0,1.0,2.0,0.0,4.0,0.0,3.0,4.0,-21.0,30:18,-1.9,0
18,200761,Shawne Williams,10.0,4.0,6.0,0.0,0.0,1.0,1.0,2.0,1.0,0.0,1.0,0.0,2.0,23:18,10.7,0
19,201975,Jodie Meeks,14.0,6.0,12.0,0.0,0.0,0.0,2.0,2.0,3.0,0.0,3.0,3.0,2.0,35:20,8.5,0
20,201156,Nick Young,19.0,7.0,16.0,3.0,3.0,0.0,3.0,0.0,3.0,1.0,2.0,1.0,1.0,29:57,12.5,0
21,201941,Jordan Hill,11.0,3.0,5.0,5.0,5.0,3.0,5.0,0.0,1.0,1.0,2.0,1.0,1.0,20:00,11.9,0
22,202333,Xavier Henry,17.0,6.0,8.0,3.0,3.0,0.0,2.0,1.0,2.0,0.0,2.0,0.0,9.0,14:08,16.0,0
23,200770,Jordan Farmar,,,,,,,,,,,,,,,0.0,0
24,2549,Chris Kaman,,,,,,,,,,,,,,,0.0,0
25,203527,Ryan Kelly,,,,,,,,,,,,,,,0.0,0
