,id,name,PTS,FG,FGA,FTA,FT,OREB,DREB,STL,AST,BLK,PF,TO,PLUS_MINUS,MIN,GS,WIN
0,201163,Wilson Chandler,22.0,6.0,17.0,8.0,7.0,0.0,6.0,1.0,1.0,3.0,2.0,1.0,0.0,39:04,15.9,1
1,202702,Kenneth Faried,4.0,2.0,4.0,0.0,0.0,0.0,1.0,1.0,0.0,2.0,5.0,3.0,-2.0,17:06,-0.3,1
2,201581,JJ Hickson,13.0,6.0,12.0,4.0,1.0,4.0,20.0,1.0,2.0,0.0,4.0,2.0,3.0,39:34,13.4,1
3,200751,Randy Foye,21.0,8.0,12.0,2.0,1.0,3.0,2.0,1.0,3.0,0.0,2.0,1.0,3.0,38:57,19.4,1
4,201951,Ty Lawson,22.0,6.0,14.0,12.0,9.0,0.0,2.0,3.0,11.0,1.0,2.0,3.0,4.0,43:08,21.6,1
5,202389,Timofey Mozgov,10.0,5.0,7.0,0.0,0.0,0.0,2.0,0.0,1.0,0.0,6.0,1.0,7.0,20:42,5.0,1
6,203095,Evan Fournier,5.0,2.0,4.0,0.0,0.0,0.0,2.0,1.0,1.0,0.0,2.0,1.0,11.0,15:17,3.5,1
7,203113,Quincy Miller,2.0,1.0,1.0,0.0,0.0,0.0,0.0,0.0,0.0,0.0,0.0,0.0,0.0,3:21,1.7,1
8,101126,Nate Robinson,24.0,9.0,12.0,3.0,3.0,2.0,2.0,1.0,3.0,0.0,4.0,4.0,9.0,22:51,18.7,1
9,201589,Darrell Arthur,,,,,,,,,,,,,,,0.0,1
10,202706,Jordan Hamilton,,,,,,,,,,,,,,,0.0,1
11,1889,Andre Miller,,,,,,,,,,,,,,,0.0,1
12,201576,Anthony Randolph,,,,,,,,,,,,,,,0.0,1
13,2738,Andre Iguodala,3.0,1.0,7.0,2.0,1.0,0.0,2.0,3.0,6.0,0.0,1.0,1.0,2.0,36:24,4.5,0
14,101135,David Lee,28.0,8.0,16.0,13.0,12.0,2.0,9.0,0.0,2.0,0.0,2.0,2.0,2.0,38:29,22.3,0
15,101106,Andrew Bogut,10.0,5.0,6.0,0.0,0.0,2.0,8.0,1.0,1.0,2.0,2.0,4.0,3.0,24:09,9.9,0
16,202691,Klay Thompson,21.0,9.0,19.0,2.0,2.0,1.0,0.0,1.0,3.0,0.0,3.0,2.0,-8.0,37:49,11.9,0
17,201939,Stephen Curry,24.0,7.0,19.0,7.0,6.0,0.0,5.0,0.0,7.0,0.0,4.0,2.0,4.0,39:41,15.9,0
18,203084,Harrison Barnes,15.0,4.0,8.0,6.0,5.0,0.0,6.0,1.0,2.0,1.0,4.0,0.0,-12.0,31:22,13.9,0
19,203145,Kent Bazemore,0.0,0.0,2.0,0.0,0.0,0.0,0.0,0.0,0.0,0.0,2.0,0.0,-6.0,4:24,-2.2,0
20,201578,Marreese Speights,4.0,2.0,8.0,0.0,0.0,2.0,0.0,0.0,0.0,0.0,1.0,1.0,-13.0,10:19,-0.8,0
21,203110,Draymond Green,11.0,3.0,5.0,3.0,3.0,2.0,2.0,1.0,3.0,0.0,2.0,0.0,-7.0,17:23,13.0,0
22,203136,Ognjen Kuzmic,,,,,,,,,,,,,,,0.0,0
23,203517,Nemanja Nedovic,,,,,,,,,,,,,,,0.0,0
24,979,Jermaine O'Neal,,,,,,,,,,,,,,,0.0,0
