,id,name,PTS,FG,FGA,FTA,FT,OREB,DREB,STL,AST,BLK,PF,TO,PLUS_MINUS,MIN,GS,WIN
0,203077,Michael Kidd-Gilchrist,10.0,4.0,6.0,2.0,2.0,3.0,9.0,0.0,1.0,0.0,1.0,1.0,15.0,30:28,11.5,1
1,201177,Josh McRoberts,9.0,3.0,9.0,4.0,2.0,1.0,4.0,1.0,4.0,0.0,1.0,2.0,5.0,31:01,6.4,1
2,2744,Al Jefferson,26.0,13.0,20.0,0.0,0.0,0.0,10.0,0.0,1.0,1.0,2.0,2.0,16.0,36:22,18.8,1
3,201945,Gerald Henderson,13.0,6.0,9.0,2.0,1.0,0.0,1.0,0.0,0.0,2.0,1.0,2.0,12.0,26:38,8.0,1
4,202689,Kemba Walker,16.0,5.0,13.0,6.0,5.0,0.0,3.0,1.0,5.0,0.0,1.0,1.0,8.0,36:52,12.5,1
5,203469,Cody Zeller,7.0,2.0,2.0,4.0,3.0,3.0,4.0,0.0,0.0,0.0,3.0,2.0,8.0,16:59,6.1,1
6,201604,Chris Douglas-Roberts,10.0,2.0,5.0,4.0,4.0,1.0,2.0,2.0,0.0,0.0,0.0,0.0,1.0,21:22,10.6,1
7,201229,Anthony Tolliver,3.0,1.0,5.0,0.0,0.0,0.0,1.0,1.0,1.0,0.0,0.0,0.0,-2.0,17:32,1.9,1
8,2557,Luke Ridnour,4.0,2.0,7.0,0.0,0.0,0.0,0.0,0.0,1.0,0.0,1.0,0.0,5.0,11:08,0.2,1
9,202687,Bismack Biyombo,0.0,0.0,2.0,0.0,0.0,1.0,1.0,0.0,0.0,0.0,1.0,0.0,-3.0,11:38,-0.8,1
10,203120,Justin Hamilton,,,,,,,,,,,,,,,0.0,1
11,202390,Gary Neal,,,,,,,,,,,,,,,0.0,1
12,2457,Jannero Pargo,,,,,,,,,,,,,,,0.0,1
13,2772,Trevor Ariza,7.0,3.0,9.0,0.0,0.0,1.0,2.0,0.0,2.0,0.0,3.0,4.0,-10.0,32:23,-0.6,0
14,202344,Trevor Booker,0.0,0.0,2.0,0.0,0.0,2.0,2.0,0.0,0.0,1.0,2.0,1.0,-6.0,24:27,-0.5,0
15,101162,Marcin Gortat,12.0,5.0,13.0,2.0,2.0,1.0,9.0,0.0,3.0,1.0,1.0,0.0,-16.0,35:01,10.7,0
16,203078,Bradley Beal,18.0,7.0,18.0,3.0,2.0,0.0,3.0,1.0,1.0,0.0,3.0,2.0,-7.0,36:33,7.2,0
17,202322,John Wall,23.0,10.0,19.0,2.0,0.0,1.0,1.0,1.0,4.0,0.0,5.0,4.0,-13.0,34:25,11.7,0
18,101110,Martell Webster,7.0,2.0,6.0,2.0,2.0,1.0,3.0,0.0,0.0,0.0,2.0,0.0,-10.0,30:35,4.4,0
19,1733,Al Harrington,8.0,3.0,6.0,0.0,0.0,0.0,2.0,1.0,1.0,0.0,3.0,0.0,6.0,14:53,6.1,0
20,1889,Andre Miller,6.0,3.0,4.0,0.0,0.0,0.0,1.0,0.0,5.0,0.0,2.0,1.0,0.0,13:35,6.4,0
21,2400,Drew Gooden,4.0,2.0,5.0,0.0,0.0,2.0,6.0,0.0,0.0,2.0,1.0,2.0,-7.0,17:52,3.5,0
22,202066,Garrett Temple,0.0,0.0,0.0,0.0,0.0,0.0,0.0,0.0,0.0,0.0,0.0,0.0,-2.0,0:16,0.0,0
23,203490,Otto Porter Jr.,,,,,,,,,,,,,,,0.0,0
24,202338,Kevin Seraphin,,,,,,,,,,,,,,,0.0,0
25,202698,Chris Singleton,,,,,,,,,,,,,,,0.0,0
