,id,name,PTS,FG,FGA,FTA,FT,OREB,DREB,STL,AST,BLK,PF,TO,PLUS_MINUS,MIN,GS,WIN
0,2544,LeBron James,42.0,16.0,23.0,8.0,6.0,2.0,7.0,2.0,6.0,0.0,2.0,3.0,19.0,38:28,37.4,1
1,2203,Shane Battier,2.0,1.0,4.0,0.0,0.0,0.0,3.0,1.0,3.0,0.0,3.0,0.0,1.0,22:49,2.4,1
2,2547,Chris Bosh,22.0,8.0,12.0,6.0,4.0,0.0,5.0,3.0,1.0,2.0,5.0,3.0,10.0,33:07,17.6,1
3,2548,Dwyane Wade,13.0,4.0,7.0,6.0,5.0,1.0,2.0,0.0,7.0,1.0,1.0,1.0,-9.0,33:42,14.8,1
4,201596,Mario Chalmers,10.0,4.0,8.0,0.0,0.0,0.0,2.0,4.0,9.0,0.0,4.0,2.0,17.0,29:54,13.3,1
5,951,Ray Allen,0.0,0.0,5.0,0.0,0.0,0.0,1.0,0.0,1.0,0.0,1.0,0.0,4.0,21:36,-2.9,1
6,2365,Chris Andersen,18.0,7.0,9.0,3.0,3.0,2.0,1.0,0.0,0.0,1.0,4.0,0.0,6.0,26:49,15.3,1
7,201563,Michael Beasley,2.0,1.0,2.0,0.0,0.0,0.0,0.0,0.0,0.0,1.0,1.0,1.0,-8.0,6:33,0.3,1
8,202708,Norris Cole,3.0,1.0,4.0,0.0,0.0,1.0,0.0,1.0,2.0,0.0,1.0,2.0,2.0,21:42,1.3,1
9,201141,Greg Oden,5.0,2.0,3.0,1.0,1.0,1.0,0.0,0.0,0.0,0.0,1.0,0.0,13.0,5:20,4.0,1
10,201962,Toney Douglas,,,,,,,,,,,,,,,0.0,1
11,2617,Udonis Haslem,,,,,,,,,,,,,,,0.0,1
12,1740,Rashard Lewis,,,,,,,,,,,,,,,0.0,1
13,1890,Shawn Marion,7.0,3.0,9.0,0.0,0.0,3.0,4.0,1.0,0.0,0.0,4.0,4.0,-21.0,27:30,0.6,0
14,1717,Dirk Nowitzki,22.0,7.0,14.0,7.0,7.0,2.0,7.0,1.0,7.0,0.0,1.0,1.0,7.0,36:16,23.0,0
15,2223,Samuel Dalembert,7.0,3.0,8.0,2.0,1.0,4.0,5.0,0.0,0.0,0.0,2.0,0.0,1.0,19:07,5.7,0
16,101145,Monta Ellis,12.0,4.0,13.0,4.0,3.0,0.0,2.0,3.0,2.0,0.0,2.0,3.0,-20.0,37:18,5.3,0
17,101181,Jose Calderon,12.0,4.0,9.0,2.0,2.0,0.0,3.0,0.0,3.0,0.0,2.0,2.0,-20.0,29:04,7.5,0
18,1713,Vince Carter,15.0,2.0,9.0,11.0,10.0,6.0,1.0,1.0,1.0,0.0,3.0,2.0,-13.0,26:26,12.1,0
19,201971,DeJuan Blair,2.0,1.0,2.0,0.0,0.0,0.0,0.0,0.0,0.0,0.0,0.0,0.0,-3.0,6:09,1.0,0
20,2734,Devin Harris,9.0,2.0,3.0,4.0,4.0,0.0,4.0,0.0,5.0,0.0,1.0,3.0,5.0,18:54,9.0,0
21,203109,Jae Crowder,5.0,2.0,3.0,0.0,0.0,2.0,1.0,0.0,1.0,0.0,1.0,0.0,9.0,13:53,5.7,0
22,201148,Brandan Wright,12.0,5.0,13.0,2.0,2.0,3.0,2.0,0.0,0.0,1.0,0.0,1.0,-9.0,22:45,7.3,0
23,203108,Bernard James,0.0,0.0,0.0,0.0,0.0,1.0,0.0,0.0,1.0,0.0,0.0,0.0,3.0,0:54,1.4,0
24,203499,Shane Larkin,0.0,0.0,0.0,0.0,0.0,0.0,0.0,0.0,0.0,0.0,0.0,0.0,3.0,0:54,0.0,0
25,201961,Wayne Ellington,3.0,1.0,2.0,0.0,0.0,0.0,0.0,0.0,0.0,0.0,0.0,0.0,3.0,0:54,2.0,0
