,id,name,PTS,FG,FGA,FTA,FT,OREB,DREB,STL,AST,BLK,PF,TO,PLUS_MINUS,MIN,GS,WIN
0,201147,Corey Brewer,10.0,5.0,14.0,0.0,0.0,1.0,3.0,2.0,3.0,0.0,3.0,3.0,4.0,38:26,3.7,0
1,201567,Kevin Love,16.0,4.0,14.0,7.0,5.0,3.0,9.0,1.0,2.0,0.0,2.0,1.0,2.0,32:27,12.4,0
2,201593,Nikola Pekovic,22.0,8.0,17.0,9.0,6.0,4.0,6.0,1.0,3.0,0.0,1.0,0.0,-5.0,37:38,19.4,0
3,2755,Kevin Martin,24.0,6.0,16.0,8.0,8.0,2.0,4.0,2.0,2.0,0.0,2.0,4.0,-8.0,39:42,16.4,0
4,201937,Ricky Rubio,8.0,4.0,6.0,0.0,0.0,0.0,4.0,2.0,7.0,0.0,2.0,3.0,9.0,29:22,9.7,0
5,200826,J.J. Barea,9.0,4.0,9.0,0.0,0.0,0.0,1.0,1.0,2.0,0.0,1.0,0.0,-16.0,19:54,6.6,0
6,201601,Luc Mbah a Moute,2.0,1.0,3.0,0.0,0.0,1.0,1.0,1.0,0.0,0.0,1.0,0.0,-18.0,17:27,1.9,0
7,201967,Dante Cunningham,6.0,3.0,4.0,0.0,0.0,0.0,2.0,1.0,1.0,1.0,1.0,1.0,-9.0,14:40,6.0,0
8,203476,Gorgui Dieng,2.0,1.0,2.0,0.0,0.0,2.0,1.0,1.0,2.0,1.0,0.0,0.0,-3.0,5:34,5.8,0
9,201985,AJ Price,0.0,0.0,1.0,0.0,0.0,0.0,0.0,0.0,0.0,0.0,1.0,0.0,-2.0,1:21,-1.1,0
10,203498,Shabazz Muhammad,4.0,1.0,3.0,2.0,1.0,1.0,0.0,0.0,0.0,0.0,0.0,0.0,-2.0,1:21,2.6,0
11,203144,Alexey Shved,0.0,0.0,0.0,0.0,0.0,0.0,0.0,0.0,0.0,0.0,0.0,0.0,-2.0,1:21,0.0,0
12,203133,Robbie Hummel,0.0,0.0,0.0,0.0,0.0,1.0,0.0,0.0,0.0,0.0,0.0,0.0,0.0,0:47,0.7,0
13,201142,Kevin Durant,32.0,14.0,21.0,2.0,1.0,2.0,8.0,4.0,12.0,4.0,3.0,2.0,9.0,44:10,38.3,1
14,201586,Serge Ibaka,15.0,7.0,17.0,1.0,1.0,2.0,6.0,0.0,1.0,3.0,3.0,3.0,-4.0,38:28,7.7,1
15,2570,Kendrick Perkins,6.0,3.0,4.0,1.0,0.0,1.0,3.0,0.0,0.0,1.0,5.0,2.0,2.0,21:44,2.3,1
16,200757,Thabo Sefolosha,2.0,1.0,2.0,0.0,0.0,0.0,3.0,1.0,1.0,1.0,2.0,3.0,-8.0,23:13,0.5,1
17,201566,Russell Westbrook,19.0,7.0,15.0,2.0,1.0,1.0,1.0,3.0,5.0,1.0,3.0,1.0,-6.0,31:33,16.9,1
18,203500,Steven Adams,2.0,1.0,1.0,0.0,0.0,1.0,3.0,0.0,1.0,0.0,1.0,0.0,-3.0,8:59,3.6,1
19,203087,Jeremy Lamb,9.0,4.0,8.0,0.0,0.0,0.0,2.0,0.0,2.0,0.0,2.0,1.0,14.0,16:51,5.2,1
20,2555,Nick Collison,6.0,2.0,4.0,2.0,2.0,1.0,4.0,0.0,0.0,0.0,2.0,1.0,16.0,14:49,4.1,1
21,202704,Reggie Jackson,18.0,8.0,11.0,1.0,1.0,0.0,5.0,0.0,4.0,0.0,0.0,2.0,20.0,23:36,15.8,1
22,965,Derek Fisher,4.0,2.0,4.0,0.0,0.0,0.0,0.0,0.0,0.0,0.0,1.0,0.0,10.0,15:03,1.6,1
23,203103,Perry Jones III,0.0,0.0,0.0,0.0,0.0,0.0,0.0,0.0,0.0,0.0,0.0,0.0,0.0,0:47,0.0,1
24,203460,Andre Roberson,0.0,0.0,0.0,0.0,0.0,0.0,0.0,0.0,0.0,0.0,0.0,0.0,0.0,0:47,0.0,1
25,201934,Hasheem Thabeet,,,,,,,,,,,,,,,0.0,1
