,id,name,PTS,FG,FGA,FTA,FT,OREB,DREB,STL,AST,BLK,PF,TO,PLUS_MINUS,MIN,GS,WIN
0,1890,Shawn Marion,32.0,14.0,19.0,0.0,0.0,1.0,5.0,1.0,3.0,1.0,2.0,0.0,7.0,31:44,29.5,1
1,1717,Dirk Nowitzki,16.0,7.0,17.0,3.0,2.0,0.0,5.0,0.0,3.0,0.0,3.0,0.0,-6.0,33:23,8.9,1
2,2223,Samuel Dalembert,9.0,3.0,3.0,4.0,3.0,2.0,5.0,0.0,1.0,1.0,4.0,1.0,6.0,20:14,9.4,1
3,101145,Monta Ellis,9.0,3.0,14.0,3.0,3.0,0.0,3.0,2.0,10.0,1.0,2.0,3.0,5.0,40:06,7.2,1
4,101181,Jose Calderon,8.0,3.0,7.0,0.0,0.0,0.0,2.0,3.0,8.0,0.0,2.0,3.0,7.0,36:41,9.7,1
5,1713,Vince Carter,6.0,2.0,9.0,2.0,2.0,1.0,4.0,3.0,5.0,1.0,2.0,1.0,2.0,23:42,7.8,1
6,201148,Brandan Wright,14.0,6.0,8.0,2.0,2.0,0.0,3.0,1.0,0.0,0.0,1.0,1.0,1.0,17:40,11.3,1
7,203109,Jae Crowder,0.0,0.0,4.0,0.0,0.0,3.0,3.0,0.0,1.0,1.0,1.0,1.0,-3.0,17:23,0.2,1
8,201971,DeJuan Blair,6.0,3.0,3.0,0.0,0.0,1.0,0.0,2.0,1.0,0.0,2.0,0.0,-4.0,13:09,7.7,1
9,203499,Shane Larkin,0.0,0.0,2.0,0.0,0.0,1.0,0.0,0.0,1.0,0.0,1.0,1.0,-5.0,5:59,-1.4,1
10,201961,Wayne Ellington,,,,,,,,,,,,,,,0.0,1
11,203108,Bernard James,,,,,,,,,,,,,,,0.0,1
12,203539,Gal Mekel,,,,,,,,,,,,,,,0.0,1
13,201147,Corey Brewer,16.0,7.0,12.0,0.0,0.0,0.0,2.0,1.0,1.0,1.0,4.0,1.0,10.0,33:55,10.8,0
14,201567,Kevin Love,36.0,14.0,24.0,8.0,6.0,4.0,7.0,1.0,4.0,0.0,3.0,1.0,-3.0,39:42,30.5,0
15,201593,Nikola Pekovic,18.0,6.0,13.0,6.0,6.0,3.0,7.0,1.0,1.0,1.0,2.0,1.0,-1.0,41:42,16.1,0
16,2755,Kevin Martin,19.0,6.0,15.0,7.0,6.0,2.0,1.0,0.0,1.0,1.0,2.0,3.0,-4.0,35:53,9.8,0
17,201937,Ricky Rubio,4.0,1.0,3.0,2.0,2.0,1.0,8.0,3.0,13.0,0.0,3.0,2.0,4.0,30:58,14.3,0
18,203144,Alexey Shved,0.0,0.0,3.0,0.0,0.0,0.0,2.0,0.0,0.0,1.0,0.0,2.0,-3.0,6:14,-2.8,0
19,201601,Luc Mbah a Moute,0.0,0.0,1.0,0.0,0.0,0.0,1.0,0.0,0.0,0.0,1.0,2.0,-14.0,14:17,-2.8,0
20,201967,Dante Cunningham,0.0,0.0,2.0,0.0,0.0,2.0,4.0,0.0,0.0,0.0,0.0,0.0,0.0,14:36,1.2,0
21,200826,J.J. Barea,5.0,2.0,4.0,0.0,0.0,0.0,2.0,0.0,2.0,0.0,0.0,5.0,-6.0,17:02,0.0,0
22,203133,Robbie Hummel,0.0,0.0,2.0,0.0,0.0,0.0,0.0,0.0,0.0,0.0,0.0,0.0,7.0,5:42,-1.4,0
23,203476,Gorgui Dieng,,,,,,,,,,,,,,,0.0,0
24,203498,Shabazz Muhammad,,,,,,,,,,,,,,,0.0,0
25,201985,AJ Price,,,,,,,,,,,,,,,0.0,0
