,id,name,PTS,FG,FGA,FTA,FT,OREB,DREB,STL,AST,BLK,PF,TO,PLUS_MINUS,MIN,GS,WIN
0,101141,Ersan Ilyasova,5.0,2.0,10.0,0.0,0.0,0.0,6.0,0.0,1.0,0.0,0.0,1.0,-10.0,22:16,0.3,0
1,203089,John Henson,8.0,4.0,7.0,0.0,0.0,2.0,4.0,1.0,3.0,2.0,3.0,4.0,-19.0,24:53,6.6,0
2,202327,Ekpe Udoh,2.0,1.0,2.0,0.0,0.0,1.0,0.0,0.0,0.0,1.0,0.0,0.0,-3.0,11:47,2.4,0
3,203507,Giannis Antetokounmpo,10.0,3.0,5.0,2.0,2.0,1.0,6.0,1.0,2.0,2.0,2.0,3.0,-1.0,26:23,10.2,0
4,202688,Brandon Knight,8.0,4.0,12.0,1.0,0.0,0.0,0.0,1.0,3.0,1.0,0.0,1.0,-18.0,23:01,3.6,0
5,202336,Larry Sanders,7.0,3.0,5.0,2.0,1.0,3.0,2.0,0.0,0.0,3.0,1.0,0.0,-10.0,20:51,8.7,0
6,2406,Caron Butler,2.0,1.0,6.0,0.0,0.0,0.0,3.0,0.0,1.0,0.0,4.0,0.0,-10.0,16:51,-1.8,0
7,203114,Khris Middleton,13.0,5.0,7.0,1.0,0.0,0.0,3.0,2.0,0.0,0.0,3.0,3.0,0.0,28:18,8.4,0
8,2557,Luke Ridnour,4.0,1.0,7.0,2.0,2.0,0.0,0.0,0.0,2.0,0.0,2.0,1.0,-10.0,18:38,-0.9,0
9,201564,O.J. Mayo,9.0,3.0,6.0,2.0,2.0,0.0,1.0,1.0,6.0,0.0,2.0,1.0,-2.0,22:14,9.7,0
10,203545,Miroslav Raduljica,4.0,1.0,3.0,2.0,2.0,1.0,0.0,0.0,1.0,0.0,3.0,0.0,3.0,16:18,2.5,0
11,203489,Nate Wolters,6.0,2.0,4.0,2.0,2.0,0.0,1.0,0.0,1.0,0.0,0.0,1.0,5.0,8:30,4.0,0
12,202390,Gary Neal,,,,,,,,,,,,,,,0.0,0
13,2736,Luol Deng,9.0,4.0,9.0,1.0,1.0,3.0,2.0,0.0,1.0,1.0,0.0,2.0,16.0,29:13,6.4,1
14,202684,Tristan Thompson,14.0,6.0,12.0,6.0,2.0,5.0,5.0,0.0,1.0,0.0,0.0,1.0,13.0,24:25,11.1,1
15,2760,Anderson Varejao,16.0,8.0,11.0,0.0,0.0,1.0,3.0,2.0,3.0,1.0,2.0,3.0,20.0,26:04,14.1,1
16,101139,CJ Miles,4.0,1.0,6.0,2.0,2.0,1.0,2.0,1.0,3.0,0.0,3.0,0.0,10.0,15:15,3.4,1
17,202681,Kyrie Irving,10.0,4.0,10.0,1.0,1.0,1.0,2.0,1.0,10.0,0.0,3.0,0.0,17.0,28:25,12.7,1
18,203079,Dion Waiters,13.0,5.0,13.0,4.0,2.0,2.0,6.0,2.0,3.0,0.0,2.0,4.0,14.0,28:17,7.6,1
19,203156,Henry Sims,0.0,0.0,0.0,0.0,0.0,1.0,0.0,0.0,0.0,0.0,2.0,0.0,-13.0,4:49,-0.1,1
20,101127,Jarrett Jack,10.0,3.0,8.0,3.0,3.0,0.0,0.0,0.0,3.0,0.0,1.0,0.0,0.0,22:26,7.3,1
21,201947,Earl Clark,7.0,3.0,3.0,0.0,0.0,0.0,4.0,0.0,0.0,0.0,0.0,0.0,8.0,13:52,7.3,1
22,203521,Matthew Dellavedova,0.0,0.0,3.0,0.0,0.0,0.0,2.0,1.0,4.0,0.0,0.0,0.0,-3.0,17:20,2.3,1
23,203092,Tyler Zeller,8.0,3.0,6.0,2.0,2.0,4.0,5.0,2.0,0.0,3.0,2.0,1.0,11.0,21:36,11.6,1
24,203461,Anthony Bennett,2.0,0.0,4.0,2.0,2.0,3.0,0.0,0.0,0.0,0.0,3.0,1.0,-9.0,5:14,-0.9,1
25,202087,Alonzo Gee,0.0,0.0,3.0,2.0,0.0,0.0,0.0,0.0,0.0,0.0,0.0,0.0,-9.0,3:04,-2.9,1
