,id,name,PTS,FG,FGA,FTA,FT,OREB,DREB,STL,AST,BLK,PF,TO,PLUS_MINUS,MIN,GS,WIN
0,201145,Jeff Green,2.0,0.0,6.0,2.0,2.0,1.0,6.0,0.0,1.0,2.0,1.0,4.0,-6.0,29:44,-2.0,0
1,101138,Brandon Bass,15.0,6.0,10.0,4.0,3.0,1.0,6.0,0.0,1.0,1.0,3.0,4.0,5.0,30:28,8.7,0
2,203543,Vitor Faverani,9.0,3.0,7.0,2.0,1.0,5.0,9.0,3.0,1.0,4.0,3.0,2.0,4.0,26:35,14.4,0
3,202340,Avery Bradley,27.0,12.0,23.0,2.0,2.0,1.0,2.0,1.0,0.0,0.0,4.0,3.0,-17.0,36:21,13.4,0
4,202348,Jordan Crawford,10.0,4.0,14.0,0.0,0.0,1.0,2.0,2.0,5.0,0.0,2.0,3.0,-6.0,28:41,4.8,0
5,203096,Jared Sullinger,3.0,1.0,6.0,2.0,1.0,3.0,1.0,0.0,1.0,0.0,2.0,1.0,-27.0,13:42,0.1,0
6,202705,MarShon Brooks,8.0,3.0,7.0,2.0,2.0,0.0,3.0,0.0,1.0,0.0,2.0,1.0,-7.0,17:36,4.1,0
7,2222,Gerald Wallace,2.0,1.0,4.0,0.0,0.0,2.0,2.0,0.0,1.0,0.0,2.0,1.0,-18.0,17:18,0.5,0
8,203482,Kelly Olynyk,6.0,2.0,5.0,2.0,2.0,1.0,1.0,0.0,1.0,1.0,0.0,2.0,-16.0,14:23,3.7,0
9,203515,Phil Pressey,2.0,1.0,2.0,0.0,0.0,0.0,0.0,0.0,2.0,0.0,0.0,0.0,0.0,14:20,2.4,0
10,2743,Kris Humphries,4.0,1.0,2.0,2.0,2.0,0.0,3.0,0.0,0.0,0.0,2.0,0.0,-2.0,10:52,3.1,0
11,2586,Keith Bogans,,,,,,,,,,,,,,,0.0,0
12,201584,Courtney Lee,,,,,,,,,,,,,,,0.0,0
13,201147,Corey Brewer,4.0,2.0,8.0,0.0,0.0,1.0,2.0,2.0,2.0,1.0,2.0,1.0,4.0,27:33,2.8,1
14,201567,Kevin Love,23.0,7.0,16.0,7.0,7.0,2.0,10.0,1.0,2.0,0.0,3.0,7.0,20.0,32:36,13.2,1
15,201593,Nikola Pekovic,20.0,8.0,9.0,5.0,4.0,8.0,4.0,1.0,0.0,0.0,0.0,0.0,5.0,30:30,24.3,1
16,2755,Kevin Martin,20.0,6.0,18.0,8.0,7.0,1.0,5.0,2.0,0.0,0.0,2.0,2.0,3.0,34:20,10.8,1
17,201937,Ricky Rubio,3.0,1.0,5.0,2.0,1.0,1.0,5.0,1.0,7.0,0.0,4.0,2.0,17.0,31:31,4.0,1
18,203133,Robbie Hummel,8.0,3.0,7.0,0.0,0.0,1.0,4.0,0.0,1.0,1.0,4.0,0.0,14.0,20:27,6.0,1
19,201967,Dante Cunningham,12.0,6.0,10.0,0.0,0.0,2.0,2.0,5.0,3.0,1.0,2.0,0.0,13.0,27:34,16.4,1
20,200826,J.J. Barea,13.0,6.0,15.0,0.0,0.0,0.0,0.0,0.0,3.0,0.0,0.0,1.0,10.0,20:39,6.0,1
21,203144,Alexey Shved,0.0,0.0,2.0,0.0,0.0,0.0,1.0,0.0,0.0,0.0,0.0,0.0,6.0,6:33,-1.1,1
22,202682,Derrick Williams,0.0,0.0,2.0,0.0,0.0,0.0,0.0,0.0,1.0,0.0,0.0,0.0,0.0,2:57,-0.7,1
23,201985,AJ Price,3.0,1.0,2.0,0.0,0.0,0.0,1.0,0.0,0.0,0.0,0.0,0.0,0.0,2:57,2.3,1
24,203476,Gorgui Dieng,0.0,0.0,0.0,0.0,0.0,0.0,0.0,1.0,0.0,0.0,0.0,0.0,-2.0,2:23,1.0,1
25,203498,Shabazz Muhammad,,,,,,,,,,,,,,,0.0,1
