,id,name,PTS,FG,FGA,FTA,FT,OREB,DREB,STL,AST,BLK,PF,TO,PLUS_MINUS,MIN,GS,WIN
0,200752,Rudy Gay,27.0,5.0,12.0,19.0,16.0,4.0,3.0,2.0,5.0,0.0,3.0,4.0,17.0,34:58,23.4,1
1,202682,Derrick Williams,5.0,1.0,5.0,4.0,2.0,0.0,6.0,2.0,1.0,0.0,3.0,2.0,9.0,31:03,2.4,1
2,202326,DeMarcus Cousins,19.0,7.0,16.0,7.0,5.0,3.0,9.0,1.0,2.0,0.0,3.0,5.0,12.0,26:36,10.8,1
3,203463,Ben McLemore,15.0,5.0,7.0,2.0,2.0,0.0,1.0,1.0,1.0,0.0,4.0,3.0,0.0,28:07,9.5,1
4,202738,Isaiah Thomas,20.0,4.0,10.0,12.0,11.0,0.0,5.0,4.0,6.0,0.0,3.0,4.0,21.0,37:11,18.7,1
5,201574,Jason Thompson,14.0,6.0,10.0,4.0,2.0,2.0,5.0,0.0,0.0,1.0,3.0,0.0,12.0,25:59,11.0,1
6,203492,Ray McCallum,4.0,1.0,7.0,2.0,2.0,2.0,3.0,2.0,3.0,0.0,3.0,1.0,11.0,26:43,3.7,1
7,2566,Travis Outlaw,7.0,3.0,4.0,0.0,0.0,0.0,3.0,0.0,1.0,0.0,1.0,1.0,7.0,15:24,5.6,1
8,203112,Quincy Acy,2.0,1.0,2.0,0.0,0.0,1.0,1.0,0.0,1.0,0.0,2.0,1.0,-3.0,8:11,0.9,1
9,2501,Reggie Evans,2.0,1.0,1.0,0.0,0.0,0.0,0.0,0.0,0.0,0.0,0.0,0.0,4.0,3:05,1.7,1
10,203111,Orlando Johnson,0.0,0.0,0.0,0.0,0.0,0.0,0.0,0.0,1.0,0.0,0.0,0.0,-5.0,2:43,0.7,1
11,201189,Aaron Gray,,,,,,,,,,,,,,,0.0,1
12,203138,Hollis Thompson,5.0,2.0,5.0,0.0,0.0,0.0,2.0,0.0,2.0,0.0,5.0,0.0,-1.0,27:52,2.3,0
13,201152,Thaddeus Young,16.0,5.0,18.0,8.0,6.0,1.0,5.0,0.0,3.0,0.0,2.0,3.0,-16.0,39:11,5.1,0
14,203156,Henry Sims,20.0,5.0,12.0,11.0,10.0,5.0,5.0,3.0,3.0,2.0,3.0,3.0,2.0,30:30,20.5,0
15,202341,James Anderson,17.0,6.0,12.0,0.0,0.0,0.0,2.0,0.0,3.0,0.0,4.0,1.0,-11.0,30:57,11.1,0
16,203487,Michael Carter-Williams,13.0,5.0,14.0,3.0,2.0,1.0,6.0,0.0,2.0,1.0,4.0,7.0,-14.0,38:23,0.8,0
17,202363,Jarvis Varnado,4.0,1.0,2.0,2.0,2.0,1.0,1.0,1.0,1.0,0.0,5.0,0.0,-17.0,9:36,3.7,0
18,203100,Tony Wroten,10.0,5.0,11.0,0.0,0.0,1.0,2.0,2.0,2.0,0.0,3.0,3.0,-10.0,23:45,4.8,0
19,201957,Byron Mullens,3.0,1.0,2.0,0.0,0.0,1.0,2.0,0.0,1.0,1.0,2.0,1.0,0.0,9:40,2.9,0
20,201953,Eric Maynor,0.0,0.0,1.0,0.0,0.0,0.0,0.0,0.0,2.0,0.0,0.0,1.0,-3.0,9:37,-0.3,0
21,203102,Arnett Moultrie,4.0,2.0,4.0,0.0,0.0,1.0,1.0,0.0,0.0,0.0,2.0,1.0,-3.0,7:04,1.2,0
22,202343,Elliot Williams,6.0,1.0,3.0,4.0,4.0,0.0,1.0,1.0,1.0,0.0,1.0,0.0,-12.0,13:26,5.9,0
23,203561,Brandon Davies,,,,,,,,,,,,,,,0.0,0
