,id,name,PTS,FG,FGA,FTA,FT,OREB,DREB,STL,AST,BLK,PF,TO,PLUS_MINUS,MIN,GS,WIN
0,1890,Shawn Marion,4.0,2.0,9.0,0.0,0.0,1.0,4.0,1.0,2.0,0.0,2.0,1.0,-4.0,37:23,1.0,1
1,1717,Dirk Nowitzki,18.0,7.0,14.0,4.0,3.0,2.0,4.0,2.0,1.0,1.0,3.0,1.0,10.0,34:28,14.4,1
2,2223,Samuel Dalembert,4.0,2.0,8.0,0.0,0.0,1.0,6.0,1.0,0.0,0.0,2.0,2.0,-8.0,20:02,-0.1,1
3,101145,Monta Ellis,23.0,7.0,18.0,10.0,9.0,2.0,7.0,1.0,6.0,2.0,2.0,4.0,2.0,41:16,18.1,1
4,101181,Jose Calderon,4.0,1.0,7.0,2.0,1.0,1.0,3.0,0.0,2.0,1.0,4.0,3.0,9.0,22:29,-1.8,1
5,1713,Vince Carter,11.0,4.0,11.0,0.0,0.0,0.0,3.0,1.0,4.0,0.0,1.0,0.0,7.0,22:15,9.2,1
6,201971,DeJuan Blair,9.0,4.0,8.0,1.0,1.0,2.0,1.0,0.0,1.0,3.0,0.0,0.0,4.0,16:16,9.5,1
7,203109,Jae Crowder,0.0,0.0,1.0,0.0,0.0,0.0,3.0,0.0,0.0,2.0,1.0,0.0,8.0,11:31,1.2,1
8,203499,Shane Larkin,1.0,0.0,5.0,2.0,1.0,0.0,2.0,0.0,5.0,0.0,3.0,1.0,0.0,22:38,-1.0,1
9,201148,Brandan Wright,7.0,3.0,3.0,2.0,1.0,1.0,4.0,1.0,0.0,1.0,1.0,1.0,12.0,11:42,7.9,1
10,201961,Wayne Ellington,,,,,,,,,,,,,,,0.0,1
11,2734,Devin Harris,,,,,,,,,,,,,,,0.0,1
12,203108,Bernard James,,,,,,,,,,,,,,,0.0,1
13,202331,Paul George,12.0,4.0,17.0,3.0,3.0,1.0,6.0,1.0,2.0,1.0,4.0,1.0,-4.0,38:07,4.7,0
14,2561,David West,12.0,5.0,12.0,2.0,2.0,0.0,5.0,1.0,6.0,0.0,4.0,3.0,0.0,34:45,7.7,0
15,201579,Roy Hibbert,4.0,2.0,6.0,0.0,0.0,4.0,3.0,0.0,1.0,2.0,2.0,1.0,0.0,33:23,4.6,0
16,202362,Lance Stephenson,13.0,6.0,16.0,1.0,1.0,1.0,9.0,1.0,2.0,0.0,2.0,3.0,-7.0,37:59,6.2,0
17,201588,George Hill,14.0,5.0,11.0,2.0,1.0,0.0,2.0,1.0,5.0,0.0,2.0,3.0,-4.0,33:32,9.2,0
18,101122,Danny Granger,13.0,4.0,9.0,2.0,2.0,3.0,2.0,0.0,0.0,1.0,0.0,2.0,-6.0,20:24,9.7,0
19,2449,Luis Scola,0.0,0.0,5.0,0.0,0.0,0.0,6.0,0.0,0.0,1.0,3.0,1.0,-8.0,13:05,-3.2,0
20,101133,Ian Mahinmi,2.0,1.0,4.0,0.0,0.0,1.0,2.0,0.0,0.0,1.0,3.0,0.0,-7.0,14:16,0.4,0
21,201228,C.J. Watson,3.0,0.0,4.0,4.0,3.0,0.0,2.0,1.0,2.0,0.0,2.0,2.0,-4.0,14:28,-0.0,0
22,2446,Rasual Butler,,,,,,,,,,,,,,,0.0,0
23,203142,Chris Copeland,,,,,,,,,,,,,,,0.0,0
24,203524,Solomon Hill,,,,,,,,,,,,,,,0.0,0
25,202388,Donald Sloan,,,,,,,,,,,,,,,0.0,0
