,id,name,PTS,FG,FGA,FTA,FT,OREB,DREB,STL,AST,BLK,PF,TO,PLUS_MINUS,MIN,GS,WIN
0,201563,Michael Beasley,12.0,5.0,10.0,1.0,1.0,0.0,6.0,0.0,0.0,0.0,1.0,3.0,4.0,26:15,5.4,1
1,2203,Shane Battier,0.0,0.0,0.0,0.0,0.0,1.0,1.0,1.0,1.0,0.0,1.0,0.0,3.0,16:10,2.3,1
2,2547,Chris Bosh,37.0,15.0,26.0,4.0,4.0,4.0,6.0,2.0,1.0,0.0,4.0,2.0,14.0,38:54,28.5,1
3,2548,Dwyane Wade,16.0,8.0,20.0,1.0,0.0,1.0,3.0,1.0,7.0,1.0,2.0,3.0,-3.0,33:48,9.2,1
4,201596,Mario Chalmers,9.0,3.0,6.0,3.0,3.0,0.0,9.0,1.0,9.0,0.0,2.0,2.0,10.0,35:39,13.2,1
5,951,Ray Allen,9.0,4.0,11.0,0.0,0.0,0.0,2.0,3.0,2.0,0.0,1.0,1.0,-6.0,25:55,6.5,1
6,1740,Rashard Lewis,10.0,4.0,5.0,0.0,0.0,0.0,0.0,2.0,0.0,0.0,1.0,0.0,-10.0,16:35,9.7,1
7,202708,Norris Cole,11.0,5.0,7.0,0.0,0.0,0.0,0.0,1.0,3.0,0.0,0.0,0.0,3.0,26:35,11.2,1
8,2617,Udonis Haslem,4.0,1.0,3.0,2.0,2.0,1.0,2.0,2.0,1.0,0.0,1.0,1.0,-10.0,20:09,4.9,1
9,201202,Joel Anthony,0.0,0.0,0.0,0.0,0.0,0.0,0.0,0.0,0.0,0.0,0.0,0.0,0.0,0:01,0.0,1
10,2365,Chris Andersen,,,,,,,,,,,,,,,0.0,1
11,2592,James Jones,,,,,,,,,,,,,,,0.0,1
12,2427,Roger Mason Jr.,,,,,,,,,,,,,,,0.0,1
13,201587,Nicolas Batum,11.0,2.0,6.0,7.0,6.0,0.0,6.0,1.0,9.0,3.0,0.0,1.0,-9.0,36:17,17.4,0
14,200746,LaMarcus Aldridge,22.0,9.0,20.0,4.0,4.0,1.0,6.0,0.0,4.0,1.0,2.0,2.0,-4.0,36:52,14.8,0
15,201577,Robin Lopez,17.0,7.0,10.0,4.0,3.0,1.0,4.0,0.0,0.0,1.0,3.0,3.0,0.0,32:44,10.8,0
16,202083,Wesley Matthews,23.0,9.0,14.0,0.0,0.0,1.0,2.0,2.0,1.0,0.0,0.0,1.0,-13.0,33:36,19.8,0
17,203081,Damian Lillard,16.0,5.0,9.0,2.0,2.0,0.0,1.0,1.0,7.0,0.0,0.0,4.0,-2.0,35:17,13.9,0
18,2590,Mo Williams,5.0,1.0,5.0,2.0,2.0,0.0,1.0,2.0,9.0,0.0,2.0,5.0,11.0,26:06,4.7,0
19,200777,Joel Freeland,5.0,2.0,4.0,2.0,1.0,3.0,9.0,0.0,1.0,0.0,2.0,0.0,2.0,14:44,7.3,0
20,2748,Dorell Wright,2.0,1.0,4.0,0.0,0.0,0.0,1.0,0.0,1.0,1.0,2.0,0.0,7.0,13:16,0.5,0
21,203086,Meyers Leonard,6.0,3.0,5.0,0.0,0.0,1.0,4.0,0.0,0.0,0.0,1.0,1.0,3.0,11:08,4.2,0
22,203115,Will Barton,,,,,,,,,,,,,,,0.0,0
23,203459,Allen Crabbe,,,,,,,,,,,,,,,0.0,0
24,203080,Thomas Robinson,,,,,,,,,,,,,,,0.0,0
25,2248,Earl Watson,,,,,,,,,,,,,,,0.0,0
