,id,name,PTS,FG,FGA,FTA,FT,OREB,DREB,STL,AST,BLK,PF,TO,PLUS_MINUS,MIN,GS,WIN
0,202682,Derrick Williams,17.0,5.0,13.0,8.0,6.0,2.0,13.0,0.0,2.0,1.0,2.0,2.0,5.0,38:08,13.7,0
1,2566,Travis Outlaw,10.0,3.0,9.0,2.0,2.0,2.0,0.0,1.0,0.0,0.0,1.0,0.0,-13.0,23:51,6.9,0
2,201574,Jason Thompson,19.0,7.0,10.0,6.0,5.0,4.0,7.0,0.0,1.0,2.0,5.0,1.0,-2.0,27:51,18.4,0
3,201977,Marcus Thornton,11.0,5.0,15.0,3.0,0.0,1.0,2.0,1.0,2.0,0.0,3.0,0.0,-15.0,31:43,3.8,0
4,202738,Isaiah Thomas,10.0,4.0,13.0,2.0,2.0,1.0,1.0,0.0,6.0,0.0,2.0,0.0,-7.0,25:28,6.9,0
5,203463,Ben McLemore,14.0,6.0,12.0,1.0,1.0,3.0,6.0,0.0,2.0,0.0,4.0,3.0,2.0,25:29,8.7,0
6,203112,Quincy Acy,2.0,0.0,0.0,2.0,2.0,3.0,0.0,0.0,0.0,2.0,1.0,0.0,-12.0,19:37,5.1,0
7,201189,Aaron Gray,0.0,0.0,3.0,0.0,0.0,2.0,1.0,0.0,0.0,0.0,3.0,1.0,-9.0,6:23,-2.6,0
8,202690,Jimmer Fredette,8.0,4.0,8.0,0.0,0.0,1.0,1.0,1.0,2.0,0.0,5.0,2.0,5.0,19:04,3.4,0
9,201171,Carl Landry,2.0,1.0,2.0,0.0,0.0,0.0,2.0,0.0,0.0,0.0,6.0,0.0,5.0,12:05,-0.8,0
10,203492,Ray McCallum,6.0,2.0,5.0,2.0,2.0,1.0,2.0,0.0,0.0,0.0,4.0,1.0,6.0,10:21,2.0,0
11,200752,Rudy Gay,,,,,,,,,,,,,,,0.0,0
12,2210,Richard Jefferson,7.0,2.0,5.0,2.0,1.0,1.0,1.0,1.0,2.0,0.0,3.0,0.0,15.0,22:59,6.1,1
13,101107,Marvin Williams,16.0,5.0,10.0,4.0,4.0,3.0,8.0,1.0,1.0,0.0,2.0,0.0,14.0,25:02,16.4,1
14,202324,Derrick Favors,17.0,5.0,12.0,8.0,7.0,5.0,7.0,0.0,2.0,1.0,2.0,2.0,14.0,28:13,15.1,1
15,202330,Gordon Hayward,12.0,4.0,13.0,4.0,3.0,1.0,5.0,1.0,6.0,1.0,3.0,2.0,13.0,37:38,9.0,1
16,203504,Trey Burke,8.0,3.0,10.0,1.0,1.0,0.0,1.0,0.0,4.0,0.0,2.0,0.0,3.0,25:43,4.5,1
17,202692,Alec Burks,10.0,2.0,10.0,6.0,5.0,1.0,3.0,1.0,3.0,0.0,0.0,1.0,-1.0,21:22,7.1,1
18,202683,Enes Kanter,16.0,6.0,8.0,6.0,4.0,1.0,2.0,0.0,0.0,0.0,2.0,2.0,-3.0,21:55,10.5,1
19,101249,John Lucas III,2.0,0.0,2.0,4.0,2.0,0.0,1.0,1.0,0.0,0.0,3.0,1.0,0.0,20:51,-1.1,1
20,201575,Brandon Rush,0.0,0.0,0.0,0.0,0.0,0.0,1.0,0.0,1.0,0.0,3.0,0.0,-6.0,10:22,-0.2,1
21,202379,Jeremy Evans,14.0,4.0,8.0,12.0,6.0,7.0,3.0,1.0,1.0,1.0,1.0,0.0,-7.0,19:47,15.4,1
22,203197,Diante Garrett,3.0,1.0,2.0,2.0,1.0,0.0,3.0,0.0,0.0,0.0,2.0,0.0,-3.0,5:05,1.7,1
23,203497,Rudy Gobert,1.0,0.0,0.0,4.0,1.0,0.0,0.0,0.0,0.0,0.0,0.0,0.0,-4.0,1:03,-0.2,1
24,2740,Andris Biedrins,,,,,,,,,,,,,,,0.0,1
