,id,name,PTS,FG,FGA,FTA,FT,OREB,DREB,STL,AST,BLK,PF,TO,PLUS_MINUS,MIN,GS,WIN
0,2746,Josh Smith,21.0,8.0,24.0,6.0,5.0,3.0,3.0,1.0,3.0,2.0,5.0,0.0,-8.0,41:49,12.5,0
1,202328,Greg Monroe,10.0,3.0,11.0,4.0,4.0,6.0,8.0,2.0,3.0,2.0,4.0,5.0,-14.0,34:14,9.0,0
2,203083,Andre Drummond,16.0,8.0,11.0,1.0,0.0,4.0,13.0,1.0,0.0,2.0,5.0,0.0,-3.0,32:22,18.2,0
3,202713,Kyle Singler,7.0,2.0,4.0,2.0,2.0,2.0,0.0,0.0,1.0,1.0,5.0,2.0,15.0,22:43,3.8,0
4,201943,Brandon Jennings,11.0,4.0,13.0,1.0,1.0,0.0,0.0,0.0,8.0,0.0,2.0,2.0,-12.0,27:36,6.3,0
5,201155,Rodney Stuckey,23.0,10.0,17.0,3.0,3.0,0.0,0.0,2.0,1.0,0.0,2.0,0.0,-12.0,37:21,17.0,0
6,203484,Kentavious Caldwell-Pope,5.0,2.0,2.0,0.0,0.0,0.0,0.0,1.0,0.0,0.0,0.0,0.0,-7.0,10:28,5.4,0
7,101198,Will Bynum,12.0,6.0,10.0,0.0,0.0,3.0,1.0,2.0,5.0,0.0,1.0,3.0,4.0,20:24,11.9,0
8,201973,Jonas Jerebko,2.0,1.0,5.0,0.0,0.0,2.0,1.0,1.0,1.0,0.0,0.0,1.0,-3.0,8:20,1.3,0
9,101111,Charlie Villanueva,3.0,1.0,3.0,2.0,1.0,0.0,1.0,1.0,0.0,0.0,0.0,0.0,0.0,4:44,2.2,0
10,203540,Gigi Datome,,,,,,,,,,,,,,,0.0,0
11,203502,Tony Mitchell,,,,,,,,,,,,,,,0.0,0
12,203491,Peyton Siva,,,,,,,,,,,,,,,0.0,0
13,202706,Jordan Hamilton,13.0,6.0,12.0,0.0,0.0,0.0,4.0,0.0,1.0,1.0,3.0,1.0,8.0,33:20,7.4,1
14,203093,Terrence Jones,22.0,10.0,15.0,2.0,2.0,3.0,7.0,0.0,1.0,1.0,1.0,0.0,12.0,32:12,20.7,1
15,2730,Dwight Howard,17.0,5.0,7.0,9.0,7.0,4.0,4.0,0.0,4.0,0.0,4.0,3.0,13.0,35:15,15.5,1
16,201935,James Harden,20.0,7.0,16.0,8.0,5.0,1.0,4.0,3.0,12.0,0.0,0.0,4.0,15.0,39:43,19.7,1
17,201976,Patrick Beverley,19.0,6.0,15.0,4.0,2.0,1.0,4.0,1.0,3.0,1.0,4.0,0.0,2.0,38:48,14.2,1
18,202391,Jeremy Lin,4.0,1.0,6.0,2.0,2.0,3.0,1.0,0.0,2.0,1.0,2.0,4.0,-1.0,17:29,-0.1,1
19,201956,Omri Casspi,16.0,4.0,5.0,6.0,5.0,0.0,3.0,1.0,2.0,1.0,2.0,1.0,0.0,14:40,15.9,1
20,202700,Donatas Motiejunas,7.0,3.0,7.0,0.0,0.0,0.0,2.0,0.0,1.0,0.0,1.0,0.0,-4.0,15:48,4.2,1
21,201600,Omer Asik,0.0,0.0,1.0,2.0,0.0,1.0,2.0,0.0,0.0,0.0,3.0,2.0,-5.0,12:45,-3.4,1
22,203477,Isaiah Canaan,,,,,,,,,,,,,,,0.0,1
23,101128,Francisco Garcia,,,,,,,,,,,,,,,0.0,1
24,202718,Chandler Parsons,,,,,,,,,,,,,,,0.0,1
25,202962,Greg Smith,,,,,,,,,,,,,,,0.0,1
