,id,name,PTS,FG,FGA,FTA,FT,OREB,DREB,STL,AST,BLK,PF,TO,PLUS_MINUS,MIN,GS,WIN
0,2406,Caron Butler,38.0,13.0,22.0,11.0,8.0,2.0,6.0,3.0,3.0,0.0,3.0,4.0,-7.0,36:18,29.7,0
1,101141,Ersan Ilyasova,19.0,9.0,17.0,0.0,0.0,1.0,5.0,3.0,6.0,0.0,4.0,1.0,-6.0,40:35,17.5,0
2,2585,Zaza Pachulia,7.0,3.0,8.0,1.0,1.0,3.0,3.0,0.0,0.0,0.0,1.0,2.0,3.0,34:14,3.2,0
3,201564,O.J. Mayo,9.0,3.0,12.0,4.0,3.0,0.0,0.0,0.0,8.0,0.0,3.0,0.0,-5.0,36:13,5.8,0
4,2557,Luke Ridnour,4.0,1.0,7.0,2.0,1.0,1.0,3.0,2.0,9.0,0.0,1.0,3.0,3.0,34:13,5.6,0
5,202390,Gary Neal,10.0,3.0,10.0,2.0,2.0,0.0,1.0,0.0,2.0,0.0,2.0,1.0,-5.0,18:05,4.1,0
6,203489,Nate Wolters,7.0,3.0,5.0,2.0,1.0,0.0,1.0,0.0,4.0,0.0,0.0,2.0,-3.0,17:37,5.4,0
7,203089,John Henson,5.0,2.0,4.0,2.0,1.0,1.0,2.0,0.0,1.0,3.0,3.0,0.0,-12.0,18:34,5.5,0
8,202327,Ekpe Udoh,6.0,3.0,5.0,0.0,0.0,2.0,0.0,0.0,0.0,1.0,4.0,2.0,-2.0,12:22,2.2,0
9,203114,Khris Middleton,2.0,1.0,3.0,0.0,0.0,0.0,1.0,1.0,1.0,0.0,2.0,1.0,-6.0,16:50,0.5,0
10,203507,Giannis Antetokounmpo,,,,,,,,,,,,,,,0.0,0
11,202688,Brandon Knight,,,,,,,,,,,,,,,0.0,0
12,203545,Miroslav Raduljica,,,,,,,,,,,,,,,0.0,0
13,202323,Evan Turner,27.0,10.0,18.0,8.0,7.0,1.0,5.0,1.0,3.0,0.0,4.0,5.0,10.0,38:47,16.7,1
14,201150,Spencer Hawes,25.0,11.0,16.0,0.0,0.0,2.0,10.0,0.0,2.0,0.0,3.0,6.0,14.0,39:00,16.8,1
15,202350,Daniel Orton,4.0,1.0,3.0,3.0,2.0,1.0,5.0,1.0,3.0,1.0,4.0,2.0,3.0,18:48,4.3,1
16,202341,James Anderson,12.0,5.0,9.0,2.0,0.0,0.0,0.0,0.0,3.0,1.0,2.0,3.0,4.0,35:44,5.9,1
17,203487,Michael Carter-Williams,12.0,4.0,8.0,6.0,3.0,1.0,7.0,5.0,11.0,1.0,6.0,5.0,0.0,33:57,15.6,1
18,202730,Lavoy Allen,9.0,4.0,6.0,2.0,1.0,1.0,7.0,0.0,3.0,1.0,2.0,1.0,4.0,34:08,9.8,1
19,203100,Tony Wroten,3.0,1.0,4.0,2.0,1.0,0.0,1.0,1.0,6.0,0.0,1.0,2.0,3.0,11:00,3.3,1
20,203561,Brandon Davies,1.0,0.0,0.0,2.0,1.0,0.0,0.0,0.0,0.0,0.0,0.0,1.0,-6.0,14:00,-0.4,1
21,202343,Elliot Williams,6.0,2.0,5.0,2.0,2.0,1.0,0.0,0.0,0.0,0.0,3.0,1.0,-2.0,13:47,1.8,1
22,203138,Hollis Thompson,16.0,7.0,9.0,2.0,1.0,3.0,4.0,0.0,1.0,0.0,1.0,0.0,14.0,20:57,15.7,1
23,203485,Lorenzo Brown,0.0,0.0,1.0,0.0,0.0,0.0,1.0,0.0,2.0,0.0,0.0,0.0,-4.0,4:52,1.0,1
24,201152,Thaddeus Young,,,,,,,,,,,,,,,0.0,1
