,id,name,PTS,FG,FGA,FTA,FT,OREB,DREB,STL,AST,BLK,PF,TO,PLUS_MINUS,MIN,GS,WIN
0,201587,Nicolas Batum,9.0,4.0,9.0,1.0,0.0,2.0,7.0,1.0,9.0,0.0,1.0,1.0,22.0,36:02,13.3,1
1,200746,LaMarcus Aldridge,27.0,11.0,19.0,6.0,5.0,0.0,9.0,0.0,3.0,0.0,2.0,1.0,11.0,35:32,20.7,1
2,201577,Robin Lopez,12.0,4.0,9.0,4.0,4.0,6.0,6.0,1.0,0.0,0.0,5.0,1.0,6.0,28:34,11.3,1
3,202083,Wesley Matthews,17.0,4.0,8.0,7.0,6.0,0.0,2.0,3.0,3.0,0.0,3.0,3.0,11.0,36:22,14.1,1
4,203081,Damian Lillard,26.0,7.0,19.0,9.0,8.0,0.0,5.0,1.0,9.0,1.0,2.0,2.0,21.0,37:34,21.8,1
5,200777,Joel Freeland,6.0,3.0,6.0,0.0,0.0,2.0,3.0,0.0,1.0,0.0,1.0,0.0,0.0,16:18,5.6,1
6,2590,Mo Williams,9.0,3.0,8.0,2.0,2.0,0.0,2.0,0.0,2.0,0.0,3.0,3.0,-17.0,23:59,2.4,1
7,2748,Dorell Wright,4.0,1.0,4.0,3.0,2.0,2.0,1.0,0.0,0.0,0.0,2.0,1.0,-15.0,12:46,1.1,1
8,203080,Thomas Robinson,4.0,1.0,5.0,2.0,2.0,3.0,2.0,0.0,1.0,0.0,0.0,0.0,-9.0,12:54,4.3,1
9,203115,Will Barton,,,,,,,,,,,,,,,0.0,1
10,203459,Allen Crabbe,,,,,,,,,,,,,,,0.0,1
11,203086,Meyers Leonard,,,,,,,,,,,,,,,0.0,1
12,2248,Earl Watson,,,,,,,,,,,,,,,0.0,1
13,202325,Wesley Johnson,7.0,3.0,5.0,0.0,0.0,0.0,2.0,0.0,0.0,3.0,6.0,1.0,-5.0,27:05,4.0,0
14,201941,Jordan Hill,2.0,0.0,2.0,2.0,2.0,1.0,5.0,1.0,1.0,0.0,1.0,0.0,-21.0,15:59,4.1,0
15,2200,Pau Gasol,6.0,3.0,15.0,0.0,0.0,0.0,5.0,0.0,3.0,1.0,1.0,1.0,-21.0,24:30,-0.4,0
16,201975,Jodie Meeks,20.0,6.0,14.0,6.0,5.0,0.0,3.0,0.0,3.0,0.0,2.0,1.0,-15.0,34:38,13.4,0
17,2581,Steve Blake,13.0,5.0,12.0,0.0,0.0,1.0,1.0,0.0,9.0,0.0,2.0,3.0,-20.0,33:31,10.1,0
18,200761,Shawne Williams,4.0,2.0,5.0,0.0,0.0,3.0,5.0,1.0,1.0,0.0,6.0,0.0,14.0,28:34,4.2,0
19,201156,Nick Young,17.0,7.0,14.0,2.0,2.0,0.0,3.0,2.0,2.0,0.0,1.0,2.0,-4.0,22:16,11.9,0
20,202333,Xavier Henry,27.0,9.0,12.0,11.0,7.0,1.0,4.0,1.0,1.0,0.0,2.0,1.0,23.0,29:01,22.4,0
21,200770,Jordan Farmar,0.0,0.0,0.0,0.0,0.0,0.0,0.0,1.0,1.0,0.0,0.0,0.0,4.0,0:56,1.7,0
22,203135,Robert Sacre,12.0,5.0,8.0,2.0,2.0,3.0,4.0,2.0,4.0,3.0,0.0,0.0,15.0,23:30,18.6,0
23,2549,Chris Kaman,,,,,,,,,,,,,,,0.0,0
24,959,Steve Nash,,,,,,,,,,,,,,,0.0,0
