,id,name,PTS,FG,FGA,FTA,FT,OREB,DREB,STL,AST,BLK,PF,TO,PLUS_MINUS,MIN,GS,WIN
0,200782,P.J. Tucker,13.0,5.0,14.0,2.0,2.0,3.0,7.0,2.0,6.0,0.0,3.0,0.0,5.0,37:23,14.4,1
1,101112,Channing Frye,16.0,5.0,9.0,2.0,2.0,1.0,4.0,0.0,0.0,0.0,4.0,1.0,14.0,30:18,11.0,1
2,203101,Miles Plumlee,3.0,1.0,3.0,2.0,1.0,0.0,10.0,0.0,0.0,0.0,4.0,0.0,10.0,17:53,2.3,1
3,101123,Gerald Green,12.0,4.0,14.0,2.0,2.0,0.0,1.0,1.0,5.0,0.0,2.0,1.0,16.0,34:04,6.8,1
4,201609,Goran Dragic,15.0,6.0,14.0,2.0,2.0,3.0,2.0,1.0,7.0,0.0,3.0,1.0,2.0,35:49,14.0,1
5,202693,Markieff Morris,27.0,8.0,16.0,12.0,10.0,5.0,10.0,0.0,2.0,1.0,3.0,2.0,-3.0,33:01,23.6,1
6,203458,Alex Len,0.0,0.0,0.0,0.0,0.0,0.0,1.0,0.0,0.0,0.0,2.0,0.0,-7.0,6:26,-0.5,1
7,2571,Leandro Barbosa,5.0,2.0,6.0,2.0,1.0,0.0,1.0,1.0,1.0,0.0,0.0,3.0,6.0,15:32,0.2,1
8,202397,Ish Smith,1.0,0.0,2.0,2.0,1.0,0.0,0.0,1.0,1.0,1.0,0.0,3.0,1.0,16:10,-1.4,1
9,202694,Marcus Morris Sr.,7.0,3.0,4.0,2.0,1.0,2.0,0.0,0.0,1.0,0.0,3.0,1.0,1.0,13:25,4.9,1
10,202091,Dionte Christmas,,,,,,,,,,,,,,,0.0,1
11,203462,Archie Goodwin,,,,,,,,,,,,,,,0.0,1
12,203139,Viacheslav Kravtsov,,,,,,,,,,,,,,,0.0,1
13,2736,Luol Deng,18.0,7.0,18.0,6.0,4.0,3.0,7.0,1.0,5.0,1.0,4.0,3.0,-4.0,40:32,12.2,0
14,202684,Tristan Thompson,17.0,6.0,9.0,7.0,5.0,4.0,9.0,0.0,0.0,0.0,3.0,2.0,-3.0,38:50,14.6,0
15,2760,Anderson Varejao,2.0,1.0,9.0,3.0,0.0,4.0,6.0,1.0,4.0,0.0,1.0,1.0,0.0,34:13,1.9,0
16,101139,CJ Miles,12.0,5.0,11.0,0.0,0.0,0.0,1.0,1.0,1.0,1.0,4.0,1.0,-10.0,20:22,6.4,0
17,202681,Kyrie Irving,24.0,8.0,23.0,8.0,8.0,0.0,2.0,2.0,9.0,0.0,2.0,2.0,-1.0,36:50,17.2,0
18,203079,Dion Waiters,4.0,2.0,5.0,0.0,0.0,0.0,1.0,0.0,2.0,0.0,3.0,3.0,-12.0,17:42,-1.2,0
19,203092,Tyler Zeller,2.0,1.0,1.0,0.0,0.0,2.0,1.0,0.0,0.0,0.0,3.0,1.0,-5.0,13:02,1.2,0
20,101127,Jarrett Jack,8.0,3.0,8.0,0.0,0.0,1.0,2.0,1.0,2.0,1.0,1.0,0.0,0.0,28:10,7.6,0
21,201947,Earl Clark,3.0,1.0,2.0,0.0,0.0,0.0,0.0,0.0,0.0,0.0,2.0,1.0,-10.0,9:56,0.2,0
22,203521,Matthew Dellavedova,0.0,0.0,0.0,0.0,0.0,0.0,0.0,0.0,0.0,0.0,0.0,0.0,0.0,0:25,0.0,0
23,203461,Anthony Bennett,,,,,,,,,,,,,,,0.0,0
24,202087,Alonzo Gee,,,,,,,,,,,,,,,0.0,0
25,203156,Henry Sims,,,,,,,,,,,,,,,0.0,0
