,id,name,PTS,FG,FGA,FTA,FT,OREB,DREB,STL,AST,BLK,PF,TO,PLUS_MINUS,MIN,GS,WIN
0,2772,Trevor Ariza,15.0,6.0,13.0,0.0,0.0,1.0,2.0,1.0,3.0,1.0,1.0,2.0,12.0,35:57,11.0,1
1,202344,Trevor Booker,7.0,2.0,8.0,4.0,3.0,9.0,4.0,2.0,3.0,1.0,2.0,1.0,11.0,24:10,12.3,1
2,101162,Marcin Gortat,10.0,4.0,11.0,2.0,2.0,2.0,8.0,0.0,1.0,1.0,4.0,1.0,0.0,30:06,6.5,1
3,203078,Bradley Beal,15.0,4.0,10.0,4.0,4.0,1.0,3.0,2.0,0.0,0.0,1.0,2.0,14.0,28:37,10.8,1
4,202322,John Wall,21.0,8.0,17.0,2.0,2.0,1.0,3.0,1.0,6.0,1.0,4.0,6.0,8.0,37:30,12.2,1
5,2403,Nene,17.0,6.0,10.0,7.0,5.0,0.0,3.0,2.0,2.0,0.0,1.0,1.0,2.0,22:38,14.5,1
6,101110,Martell Webster,13.0,3.0,6.0,6.0,5.0,1.0,5.0,0.0,2.0,0.0,4.0,1.0,-8.0,28:47,10.6,1
7,202066,Garrett Temple,5.0,2.0,7.0,0.0,0.0,1.0,1.0,1.0,1.0,0.0,1.0,1.0,-2.0,10:30,2.2,1
8,202338,Kevin Seraphin,10.0,3.0,6.0,5.0,4.0,3.0,2.0,0.0,1.0,2.0,4.0,1.0,-3.0,18:31,8.8,1
9,203490,Otto Porter Jr.,0.0,0.0,0.0,0.0,0.0,0.0,1.0,0.0,0.0,0.0,0.0,0.0,-4.0,3:14,0.3,1
10,201953,Eric Maynor,,,,,,,,,,,,,,,0.0,1
11,202698,Chris Singleton,,,,,,,,,,,,,,,0.0,1
12,202686,Jan Vesely,,,,,,,,,,,,,,,0.0,1
13,101187,Alan Anderson,0.0,0.0,4.0,0.0,0.0,0.0,1.0,0.0,0.0,0.0,0.0,1.0,-14.0,19:10,-3.5,0
14,708,Kevin Garnett,7.0,3.0,5.0,2.0,1.0,0.0,4.0,1.0,2.0,0.0,6.0,2.0,1.0,24:35,3.5,0
15,201572,Brook Lopez,22.0,7.0,11.0,9.0,8.0,2.0,3.0,0.0,3.0,0.0,4.0,4.0,-5.0,31:54,15.5,0
16,2207,Joe Johnson,20.0,8.0,14.0,2.0,2.0,2.0,5.0,3.0,2.0,0.0,4.0,1.0,-8.0,41:30,18.1,0
17,101114,Deron Williams,15.0,5.0,13.0,3.0,3.0,0.0,3.0,3.0,13.0,1.0,4.0,3.0,-7.0,42:13,17.0,0
18,101154,Andray Blatche,12.0,4.0,9.0,2.0,2.0,0.0,1.0,0.0,4.0,2.0,1.0,1.0,-1.0,24:13,10.4,0
19,1718,Paul Pierce,27.0,10.0,12.0,6.0,4.0,0.0,6.0,0.0,3.0,1.0,3.0,2.0,7.0,35:28,23.2,0
20,2733,Shaun Livingston,4.0,2.0,2.0,0.0,0.0,0.0,1.0,0.0,1.0,0.0,0.0,0.0,1.0,5:47,4.4,0
21,203141,Mirza Teletovic,0.0,0.0,3.0,0.0,0.0,0.0,0.0,1.0,0.0,1.0,0.0,0.0,-1.0,9:07,-0.4,0
22,2501,Reggie Evans,0.0,0.0,1.0,0.0,0.0,1.0,2.0,0.0,0.0,0.0,2.0,0.0,-3.0,6:03,-0.2,0
23,203486,Mason Plumlee,,,,,,,,,,,,,,,0.0,0
24,203129,Tornike Shengelia,,,,,,,,,,,,,,,0.0,0
25,203116,Tyshawn Taylor,,,,,,,,,,,,,,,0.0,0
