,id,name,PTS,FG,FGA,FTA,FT,OREB,DREB,STL,AST,BLK,PF,TO,PLUS_MINUS,MIN,GS,WIN
0,202087,Alonzo Gee,0.0,0.0,1.0,0.0,0.0,0.0,0.0,0.0,0.0,0.0,1.0,0.0,-14.0,11:19,-1.1,1
1,202684,Tristan Thompson,6.0,3.0,7.0,0.0,0.0,1.0,6.0,0.0,0.0,0.0,0.0,2.0,2.0,27:57,2.8,1
2,101115,Andrew Bynum,2.0,1.0,3.0,0.0,0.0,1.0,1.0,1.0,0.0,0.0,0.0,1.0,-9.0,18:04,1.3,1
3,101139,CJ Miles,10.0,5.0,10.0,0.0,0.0,0.0,1.0,0.0,2.0,0.0,3.0,0.0,-9.0,19:51,5.5,1
4,202681,Kyrie Irving,31.0,12.0,24.0,5.0,5.0,1.0,2.0,2.0,5.0,0.0,1.0,2.0,7.0,35:46,23.4,1
5,203079,Dion Waiters,21.0,8.0,18.0,6.0,4.0,0.0,5.0,1.0,4.0,1.0,2.0,2.0,15.0,29:24,14.0,1
6,2760,Anderson Varejao,10.0,4.0,7.0,2.0,2.0,2.0,12.0,1.0,1.0,2.0,1.0,1.0,16.0,31:35,13.4,1
7,101127,Jarrett Jack,5.0,1.0,5.0,3.0,3.0,0.0,4.0,0.0,6.0,0.0,1.0,1.0,8.0,20:13,5.9,1
8,201947,Earl Clark,9.0,3.0,4.0,0.0,0.0,1.0,4.0,0.0,0.0,0.0,2.0,1.0,8.0,18:14,7.5,1
9,203461,Anthony Bennett,6.0,3.0,5.0,0.0,0.0,0.0,2.0,0.0,0.0,0.0,2.0,0.0,5.0,8:36,3.5,1
10,203521,Matthew Dellavedova,9.0,2.0,3.0,4.0,3.0,1.0,0.0,1.0,0.0,0.0,3.0,0.0,16.0,19:01,7.8,1
11,203508,Sergey Karasev,,,,,,,,,,,,,,,0.0,1
12,203092,Tyler Zeller,,,,,,,,,,,,,,,0.0,1
13,201167,Arron Afflalo,17.0,6.0,15.0,4.0,4.0,1.0,3.0,0.0,5.0,0.0,2.0,2.0,-8.0,37:34,11.2,0
14,201175,Glen Davis,6.0,3.0,5.0,0.0,0.0,2.0,2.0,0.0,1.0,0.0,2.0,0.0,5.0,22:38,5.6,0
15,202696,Nikola Vucevic,6.0,3.0,11.0,0.0,0.0,1.0,12.0,1.0,2.0,1.0,3.0,4.0,-8.0,39:13,1.7,0
16,203506,Victor Oladipo,26.0,9.0,13.0,5.0,5.0,1.0,4.0,4.0,4.0,3.0,5.0,2.0,1.0,36:48,27.3,0
17,2749,Jameer Nelson,17.0,7.0,15.0,0.0,0.0,0.0,3.0,2.0,5.0,0.0,4.0,2.0,-7.0,39:31,12.1,0
18,202734,E'Twaun Moore,3.0,1.0,5.0,0.0,0.0,0.0,0.0,0.0,2.0,0.0,0.0,1.0,-5.0,15:28,0.3,0
19,203094,Andrew Nicholson,12.0,4.0,12.0,2.0,2.0,3.0,7.0,0.0,1.0,0.0,5.0,0.0,-14.0,25:12,8.1,0
20,202699,Tobias Harris,10.0,3.0,8.0,3.0,3.0,0.0,5.0,0.0,2.0,0.0,0.0,1.0,-8.0,14:49,7.5,0
21,101131,Jason Maxiell,3.0,1.0,1.0,2.0,1.0,0.0,1.0,0.0,0.0,1.0,0.0,0.0,-1.0,8:47,3.3,0
22,203090,Maurice Harkless,,,,,,,,,,,,,,,0.0,0
23,203117,Doron Lamb,,,,,,,,,,,,,,,0.0,0
24,203124,Kyle O'Quinn,,,,,,,,,,,,,,,0.0,0
25,101179,Ronnie Price,,,,,,,,,,,,,,,0.0,0
