,id,name,PTS,FG,FGA,FTA,FT,OREB,DREB,STL,AST,BLK,PF,TO,PLUS_MINUS,MIN,GS,WIN
0,201162,Jared Dudley,9.0,4.0,6.0,1.0,0.0,0.0,2.0,0.0,1.0,0.0,2.0,1.0,15.0,27:34,5.5,1
1,201933,Blake Griffin,22.0,9.0,16.0,6.0,3.0,1.0,6.0,1.0,2.0,0.0,5.0,3.0,10.0,34:01,13.1,1
2,201599,DeAndre Jordan,12.0,6.0,8.0,3.0,0.0,7.0,11.0,2.0,4.0,3.0,4.0,2.0,16.0,35:49,19.1,1
3,200755,JJ Redick,22.0,8.0,15.0,3.0,3.0,0.0,5.0,4.0,2.0,1.0,3.0,3.0,22.0,35:41,18.1,1
4,101108,Chris Paul,14.0,5.0,13.0,3.0,3.0,2.0,3.0,2.0,13.0,0.0,5.0,3.0,14.0,37:10,15.3,1
5,203493,Reggie Bullock,0.0,0.0,3.0,0.0,0.0,1.0,2.0,0.0,0.0,0.0,1.0,0.0,-18.0,9:03,-1.2,1
6,2037,Jamal Crawford,16.0,6.0,15.0,3.0,2.0,2.0,0.0,0.0,1.0,1.0,4.0,1.0,12.0,30:58,7.7,1
7,201954,Darren Collison,10.0,3.0,10.0,4.0,3.0,1.0,1.0,1.0,3.0,2.0,2.0,0.0,2.0,23:55,8.5,1
8,201957,Byron Mullens,0.0,0.0,0.0,0.0,0.0,1.0,0.0,0.0,0.0,0.0,0.0,0.0,-3.0,1:36,0.7,1
9,2584,Willie Green,2.0,1.0,2.0,0.0,0.0,0.0,0.0,0.0,0.0,0.0,2.0,0.0,-5.0,4:14,0.2,1
10,2440,Matt Barnes,,,,,,,,,,,,,,,0.0,1
11,200797,Ryan Hollins,,,,,,,,,,,,,,,0.0,1
12,1712,Antawn Jamison,,,,,,,,,,,,,,,0.0,1
13,202718,Chandler Parsons,23.0,9.0,15.0,3.0,3.0,0.0,8.0,1.0,3.0,0.0,4.0,3.0,-21.0,37:39,17.0,0
14,2730,Dwight Howard,21.0,8.0,14.0,11.0,5.0,4.0,4.0,0.0,0.0,2.0,5.0,2.0,-12.0,39:22,13.4,0
15,201600,Omer Asik,7.0,3.0,3.0,4.0,1.0,2.0,5.0,0.0,0.0,0.0,3.0,1.0,-13.0,23:36,5.6,0
16,201935,James Harden,12.0,4.0,15.0,3.0,3.0,1.0,4.0,2.0,5.0,1.0,2.0,3.0,-19.0,37:35,7.4,0
17,201976,Patrick Beverley,19.0,6.0,13.0,4.0,4.0,1.0,4.0,4.0,3.0,2.0,5.0,3.0,-12.0,37:44,16.7,0
18,202391,Jeremy Lin,6.0,3.0,7.0,0.0,0.0,1.0,0.0,1.0,7.0,0.0,1.0,5.0,1.0,26:29,3.5,0
19,201956,Omri Casspi,3.0,1.0,5.0,0.0,0.0,0.0,3.0,0.0,2.0,0.0,0.0,0.0,8.0,17:49,2.2,0
20,101128,Francisco Garcia,3.0,1.0,6.0,2.0,1.0,1.0,4.0,2.0,1.0,0.0,3.0,1.0,3.0,19:46,1.2,0
21,200758,Ronnie Brewer,,,,,,,,,,,,,,,0.0,0
22,201166,Aaron Brooks,,,,,,,,,,,,,,,0.0,0
23,203093,Terrence Jones,,,,,,,,,,,,,,,0.0,0
24,202700,Donatas Motiejunas,,,,,,,,,,,,,,,0.0,0
25,202962,Greg Smith,,,,,,,,,,,,,,,0.0,0
