,id,name,PTS,FG,FGA,FTA,FT,OREB,DREB,STL,AST,BLK,PF,TO,PLUS_MINUS,MIN,GS,WIN
0,1890,Shawn Marion,10.0,5.0,11.0,0.0,0.0,2.0,3.0,1.0,0.0,0.0,2.0,1.0,-21.0,32:10,5.8,0
1,1717,Dirk Nowitzki,21.0,7.0,17.0,6.0,6.0,1.0,5.0,0.0,1.0,1.0,2.0,1.0,-9.0,30:02,13.7,0
2,201971,DeJuan Blair,6.0,3.0,4.0,0.0,0.0,0.0,0.0,1.0,1.0,0.0,0.0,0.0,-8.0,10:46,6.1,0
3,101145,Monta Ellis,19.0,8.0,17.0,5.0,3.0,1.0,3.0,3.0,9.0,0.0,2.0,5.0,-16.0,37:19,14.6,0
4,101181,Jose Calderon,9.0,4.0,5.0,0.0,0.0,0.0,3.0,1.0,6.0,1.0,2.0,0.0,-19.0,30:54,13.1,0
5,201148,Brandan Wright,19.0,8.0,10.0,4.0,3.0,2.0,4.0,0.0,1.0,4.0,1.0,0.0,-12.0,28:42,20.5,0
6,1713,Vince Carter,14.0,5.0,11.0,4.0,3.0,0.0,1.0,0.0,4.0,2.0,3.0,1.0,-7.0,25:13,10.2,0
7,203109,Jae Crowder,8.0,3.0,8.0,3.0,2.0,4.0,2.0,1.0,1.0,0.0,1.0,2.0,4.0,16:04,5.9,0
8,203499,Shane Larkin,0.0,0.0,2.0,0.0,0.0,0.0,0.0,0.0,2.0,0.0,0.0,1.0,4.0,13:49,-1.0,0
9,2223,Samuel Dalembert,0.0,0.0,3.0,0.0,0.0,2.0,1.0,0.0,0.0,0.0,1.0,0.0,5.0,6:58,-0.8,0
10,201961,Wayne Ellington,0.0,0.0,2.0,0.0,0.0,0.0,1.0,3.0,0.0,0.0,0.0,0.0,4.0,4:55,1.9,0
11,203108,Bernard James,2.0,1.0,1.0,1.0,0.0,1.0,0.0,0.0,0.0,0.0,1.0,0.0,0.0,1:34,1.6,0
12,203539,Gal Mekel,0.0,0.0,0.0,0.0,0.0,0.0,0.0,0.0,0.0,0.0,0.0,0.0,0.0,1:34,0.0,0
13,200782,P.J. Tucker,16.0,6.0,14.0,3.0,2.0,4.0,3.0,1.0,4.0,0.0,2.0,2.0,19.0,25:01,12.9,1
14,101112,Channing Frye,18.0,6.0,14.0,2.0,2.0,4.0,4.0,0.0,0.0,0.0,3.0,1.0,24.0,25:55,12.4,1
15,203101,Miles Plumlee,6.0,3.0,4.0,0.0,0.0,2.0,6.0,0.0,0.0,0.0,0.0,1.0,8.0,28:50,6.6,1
16,201609,Goran Dragic,13.0,5.0,13.0,3.0,3.0,3.0,3.0,2.0,5.0,0.0,3.0,2.0,23.0,32:18,11.2,1
17,202339,Eric Bledsoe,25.0,9.0,12.0,4.0,4.0,0.0,4.0,1.0,6.0,0.0,2.0,3.0,5.0,37:21,22.8,1
18,101123,Gerald Green,22.0,6.0,10.0,6.0,6.0,0.0,1.0,1.0,2.0,1.0,4.0,1.0,1.0,28:27,18.2,1
19,202693,Markieff Morris,9.0,4.0,8.0,2.0,1.0,1.0,5.0,2.0,1.0,0.0,3.0,4.0,4.0,27:54,4.3,1
20,202694,Marcus Morris Sr.,8.0,3.0,7.0,0.0,0.0,0.0,4.0,1.0,1.0,0.0,3.0,1.0,-1.0,21:11,5.0,1
21,203462,Archie Goodwin,6.0,2.0,4.0,2.0,2.0,1.0,0.0,0.0,0.0,0.0,1.0,3.0,-8.0,9:30,1.3,1
22,202397,Ish Smith,0.0,0.0,0.0,0.0,0.0,0.0,0.0,0.0,0.0,0.0,0.0,0.0,0.0,1:11,0.0,1
23,202091,Dionte Christmas,0.0,0.0,0.0,0.0,0.0,0.0,0.0,0.0,0.0,0.0,0.0,0.0,0.0,1:11,0.0,1
24,203139,Viacheslav Kravtsov,0.0,0.0,0.0,0.0,0.0,0.0,0.0,0.0,0.0,0.0,1.0,0.0,0.0,1:11,-0.4,1
25,203458,Alex Len,,,,,,,,,,,,,,,0.0,1
