,id,name,PTS,FG,FGA,FTA,FT,OREB,DREB,STL,AST,BLK,PF,TO,PLUS_MINUS,MIN,GS,WIN
0,201147,Corey Brewer,16.0,7.0,17.0,1.0,1.0,3.0,1.0,4.0,0.0,0.0,3.0,1.0,-14.0,34:40,11.1,0
1,201567,Kevin Love,25.0,8.0,17.0,9.0,5.0,6.0,5.0,0.0,4.0,0.0,5.0,3.0,-10.0,36:56,18.2,0
2,201593,Nikola Pekovic,13.0,5.0,10.0,5.0,3.0,2.0,4.0,1.0,1.0,0.0,2.0,2.0,4.0,36:06,8.7,0
3,2755,Kevin Martin,11.0,4.0,17.0,2.0,2.0,0.0,5.0,1.0,4.0,0.0,0.0,1.0,-6.0,32:46,5.0,0
4,201937,Ricky Rubio,10.0,3.0,5.0,4.0,3.0,1.0,3.0,0.0,2.0,0.0,3.0,3.0,-13.0,19:19,6.1,0
5,200826,J.J. Barea,12.0,5.0,10.0,2.0,1.0,0.0,2.0,0.0,7.0,0.0,1.0,2.0,9.0,28:48,9.7,0
6,201967,Dante Cunningham,6.0,3.0,5.0,0.0,0.0,0.0,2.0,0.0,2.0,2.0,2.0,1.0,-2.0,22:51,5.3,0
7,203133,Robbie Hummel,7.0,2.0,3.0,1.0,1.0,0.0,6.0,0.0,1.0,0.0,1.0,0.0,3.0,22:24,7.8,0
8,203144,Alexey Shved,0.0,0.0,1.0,0.0,0.0,0.0,2.0,0.0,1.0,2.0,0.0,0.0,9.0,6:10,2.0,0
9,203476,Gorgui Dieng,,,,,,,,,,,,,,,0.0,0
10,203498,Shabazz Muhammad,,,,,,,,,,,,,,,0.0,0
11,201985,AJ Price,,,,,,,,,,,,,,,0.0,0
12,202682,Derrick Williams,,,,,,,,,,,,,,,0.0,0
13,101110,Martell Webster,17.0,6.0,13.0,0.0,0.0,0.0,9.0,0.0,2.0,1.0,1.0,0.0,7.0,42:56,14.7,1
14,2403,Nene,20.0,7.0,12.0,6.0,6.0,1.0,4.0,1.0,4.0,1.0,4.0,2.0,0.0,34:35,17.2,1
15,101162,Marcin Gortat,14.0,7.0,10.0,0.0,0.0,0.0,7.0,0.0,2.0,1.0,5.0,2.0,10.0,30:52,10.0,1
16,203078,Bradley Beal,25.0,9.0,21.0,5.0,5.0,1.0,4.0,3.0,2.0,0.0,2.0,2.0,13.0,38:22,17.4,1
17,202322,John Wall,14.0,5.0,17.0,4.0,4.0,0.0,5.0,2.0,16.0,1.0,2.0,1.0,6.0,39:24,17.7,1
18,202066,Garrett Temple,2.0,1.0,4.0,0.0,0.0,0.0,1.0,1.0,2.0,0.0,3.0,2.0,-5.0,15:18,-0.9,1
19,202344,Trevor Booker,2.0,1.0,2.0,0.0,0.0,2.0,1.0,1.0,0.0,0.0,2.0,0.0,-2.0,10:55,2.9,1
20,202686,Jan Vesely,8.0,4.0,4.0,0.0,0.0,3.0,3.0,2.0,0.0,1.0,4.0,2.0,-2.0,19:19,8.9,1
21,201953,Eric Maynor,2.0,1.0,2.0,0.0,0.0,0.0,0.0,0.0,2.0,0.0,0.0,0.0,-5.0,4:17,2.4,1
22,203318,Glen Rice,0.0,0.0,0.0,0.0,0.0,0.0,0.0,0.0,1.0,0.0,1.0,0.0,-2.0,4:04,0.3,1
23,2772,Trevor Ariza,,,,,,,,,,,,,,,0.0,1
24,1733,Al Harrington,,,,,,,,,,,,,,,0.0,1
25,202338,Kevin Seraphin,,,,,,,,,,,,,,,0.0,1
