,id,name,PTS,FG,FGA,FTA,FT,OREB,DREB,STL,AST,BLK,PF,TO,PLUS_MINUS,MIN,GS,WIN
0,201147,Corey Brewer,11.0,5.0,8.0,0.0,0.0,0.0,0.0,3.0,3.0,2.0,2.0,2.0,6.0,35:01,11.1,1
1,201567,Kevin Love,31.0,8.0,17.0,14.0,14.0,0.0,8.0,1.0,2.0,0.0,4.0,3.0,4.0,35:48,22.5,1
2,201593,Nikola Pekovic,1.0,0.0,1.0,2.0,1.0,0.0,1.0,0.0,0.0,0.0,0.0,1.0,6.0,6:00,-0.8,1
3,2755,Kevin Martin,8.0,3.0,9.0,2.0,1.0,0.0,6.0,0.0,1.0,0.0,1.0,0.0,3.0,28:24,4.6,1
4,201937,Ricky Rubio,9.0,3.0,8.0,4.0,3.0,1.0,5.0,2.0,4.0,0.0,1.0,3.0,3.0,30:24,7.8,1
5,101142,Ronny Turiaf,14.0,6.0,7.0,3.0,2.0,4.0,3.0,0.0,0.0,3.0,3.0,1.0,2.0,32:23,14.7,1
6,201978,Chase Budinger,12.0,5.0,7.0,0.0,0.0,0.0,4.0,0.0,1.0,0.0,0.0,0.0,6.0,19:36,11.0,1
7,200826,J.J. Barea,4.0,2.0,7.0,0.0,0.0,0.0,4.0,0.0,7.0,0.0,1.0,2.0,6.0,17:36,3.6,1
8,203144,Alexey Shved,3.0,1.0,3.0,1.0,1.0,0.0,0.0,1.0,1.0,2.0,0.0,1.0,3.0,8:36,3.4,1
9,201967,Dante Cunningham,2.0,1.0,4.0,0.0,0.0,0.0,2.0,1.0,1.0,1.0,0.0,0.0,5.0,12:12,2.6,1
10,203476,Gorgui Dieng,0.0,0.0,2.0,0.0,0.0,0.0,2.0,0.0,0.0,0.0,2.0,1.0,1.0,9:37,-2.6,1
11,201601,Luc Mbah a Moute,0.0,0.0,0.0,0.0,0.0,0.0,0.0,0.0,0.0,0.0,0.0,0.0,0.0,4:23,0.0,1
12,203498,Shabazz Muhammad,,,,,,,,,,,,,,,0.0,1
13,2399,Mike Dunleavy,10.0,4.0,11.0,0.0,0.0,1.0,1.0,1.0,1.0,1.0,1.0,0.0,-13.0,31:21,6.9,0
14,2430,Carlos Boozer,20.0,9.0,24.0,2.0,2.0,2.0,12.0,3.0,5.0,0.0,4.0,2.0,-7.0,37:16,14.7,0
15,201959,Taj Gibson,10.0,4.0,8.0,2.0,2.0,4.0,6.0,0.0,2.0,2.0,5.0,3.0,-4.0,34:56,8.4,0
16,202710,Jimmy Butler,16.0,5.0,12.0,4.0,4.0,3.0,5.0,2.0,3.0,0.0,2.0,2.0,0.0,40:38,14.5,0
17,201571,D.J. Augustin,19.0,6.0,15.0,4.0,3.0,0.0,1.0,0.0,6.0,0.0,5.0,2.0,-4.0,39:25,11.0,0
18,203503,Tony Snell,2.0,1.0,7.0,0.0,0.0,0.0,2.0,1.0,1.0,0.0,2.0,3.0,-5.0,24:01,-4.0,0
19,1737,Nazr Mohammed,9.0,3.0,5.0,4.0,3.0,1.0,4.0,1.0,1.0,1.0,4.0,0.0,-4.0,22:45,9.0,0
20,2229,Mike James,0.0,0.0,3.0,0.0,0.0,0.0,0.0,1.0,1.0,0.0,1.0,1.0,-5.0,8:35,-1.8,0
21,201858,Cartier Martin,0.0,0.0,0.0,0.0,0.0,0.0,0.0,0.0,0.0,0.0,1.0,0.0,-3.0,1:03,-0.4,0
22,203513,Erik Murphy,,,,,,,,,,,,,,,0.0,0
23,201149,Joakim Noah,,,,,,,,,,,,,,,0.0,0
24,203129,Tornike Shengelia,,,,,,,,,,,,,,,0.0,0
