,id,name,PTS,FG,FGA,FTA,FT,OREB,DREB,STL,AST,BLK,PF,TO,PLUS_MINUS,MIN,GS,WIN
0,201980,Danny Green,2.0,1.0,6.0,0.0,0.0,1.0,1.0,0.0,1.0,1.0,2.0,2.0,-20.0,23:45,-2.2,0
1,1495,Tim Duncan,11.0,5.0,8.0,2.0,1.0,0.0,8.0,0.0,4.0,1.0,0.0,6.0,-21.0,21:43,6.9,0
2,203382,Aron Baynes,4.0,2.0,5.0,0.0,0.0,4.0,2.0,0.0,2.0,0.0,3.0,2.0,0.0,20:23,2.9,0
3,201986,Nando De Colo,6.0,3.0,8.0,0.0,0.0,1.0,2.0,1.0,2.0,0.0,1.0,1.0,2.0,24:49,3.9,0
4,2225,Tony Parker,11.0,5.0,9.0,1.0,1.0,0.0,1.0,0.0,3.0,0.0,0.0,1.0,-18.0,20:44,8.1,0
5,201965,Jeff Ayres,8.0,4.0,4.0,0.0,0.0,0.0,1.0,1.0,0.0,0.0,5.0,2.0,2.0,17:17,4.1,0
6,202709,Cory Joseph,11.0,3.0,7.0,6.0,5.0,1.0,2.0,0.0,9.0,0.0,2.0,0.0,10.0,25:51,13.7,0
7,201158,Marco Belinelli,20.0,8.0,15.0,0.0,0.0,1.0,4.0,0.0,1.0,0.0,2.0,2.0,-11.0,28:53,12.5,0
8,2564,Boris Diaw,12.0,6.0,9.0,0.0,0.0,0.0,4.0,0.0,3.0,1.0,2.0,0.0,-8.0,22:59,11.3,0
9,201988,Patty Mills,6.0,3.0,6.0,0.0,0.0,0.0,1.0,0.0,1.0,0.0,1.0,1.0,3.0,13:53,2.6,0
10,2588,Matt Bonner,5.0,2.0,3.0,0.0,0.0,0.0,4.0,0.0,0.0,0.0,0.0,2.0,9.0,13:38,2.9,0
11,200769,Shannon Brown,4.0,1.0,2.0,2.0,2.0,0.0,0.0,0.0,1.0,0.0,0.0,0.0,7.0,6:05,3.7,0
12,201168,Tiago Splitter,,,,,,,,,,,,,,,0.0,0
13,2746,Josh Smith,12.0,4.0,12.0,4.0,4.0,0.0,6.0,2.0,2.0,1.0,1.0,2.0,9.0,38:13,8.7,1
14,202328,Greg Monroe,15.0,7.0,10.0,2.0,1.0,4.0,6.0,2.0,3.0,0.0,1.0,1.0,15.0,36:41,17.7,1
15,203083,Andre Drummond,14.0,7.0,10.0,2.0,0.0,6.0,3.0,1.0,0.0,3.0,5.0,1.0,5.0,26:11,14.2,1
16,202713,Kyle Singler,10.0,3.0,11.0,4.0,2.0,3.0,3.0,2.0,0.0,0.0,2.0,2.0,16.0,32:08,4.9,1
17,201943,Brandon Jennings,21.0,8.0,18.0,3.0,3.0,1.0,3.0,2.0,6.0,0.0,0.0,0.0,15.0,32:25,19.4,1
18,201155,Rodney Stuckey,20.0,7.0,13.0,8.0,6.0,3.0,1.0,1.0,3.0,0.0,5.0,3.0,-6.0,27:42,13.4,1
19,101198,Will Bynum,8.0,4.0,8.0,0.0,0.0,0.0,0.0,2.0,2.0,0.0,2.0,0.0,-6.0,15:35,6.6,1
20,203484,Kentavious Caldwell-Pope,9.0,3.0,7.0,3.0,2.0,0.0,1.0,1.0,0.0,0.0,1.0,2.0,-3.0,21:16,3.8,1
21,201973,Jonas Jerebko,0.0,0.0,1.0,0.0,0.0,1.0,1.0,0.0,0.0,0.0,2.0,0.0,0.0,9:49,-0.5,1
22,1497,Chauncey Billups,,,,,,,,,,,,,,,0.0,1
23,203540,Gigi Datome,,,,,,,,,,,,,,,0.0,1
24,101111,Charlie Villanueva,,,,,,,,,,,,,,,0.0,1
