,id,name,PTS,FG,FGA,FTA,FT,OREB,DREB,STL,AST,BLK,PF,TO,PLUS_MINUS,MIN,GS,WIN
0,203114,Khris Middleton,18.0,7.0,17.0,0.0,0.0,0.0,6.0,0.0,5.0,0.0,6.0,0.0,5.0,39:34,11.8,0
1,101141,Ersan Ilyasova,12.0,6.0,10.0,0.0,0.0,5.0,4.0,2.0,2.0,0.0,6.0,1.0,2.0,23:07,12.1,0
2,2585,Zaza Pachulia,17.0,7.0,14.0,3.0,3.0,6.0,7.0,4.0,3.0,0.0,1.0,3.0,4.0,36:53,19.0,0
3,203489,Nate Wolters,4.0,1.0,5.0,4.0,2.0,0.0,4.0,0.0,6.0,0.0,3.0,5.0,4.0,38:09,-0.7,0
4,202688,Brandon Knight,24.0,8.0,20.0,7.0,5.0,0.0,8.0,2.0,4.0,1.0,5.0,4.0,-2.0,37:00,14.3,0
5,203089,John Henson,6.0,3.0,5.0,2.0,0.0,0.0,1.0,0.0,2.0,1.0,3.0,2.0,-9.0,16:07,2.1,0
6,203507,Giannis Antetokounmpo,4.0,2.0,6.0,0.0,0.0,0.0,2.0,0.0,0.0,0.0,2.0,1.0,-7.0,19:36,-0.6,0
7,201196,Ramon Sessions,23.0,8.0,16.0,9.0,6.0,0.0,5.0,1.0,5.0,0.0,2.0,2.0,-13.0,34:45,17.0,0
8,202399,Jeff Adrien,7.0,3.0,5.0,1.0,1.0,1.0,4.0,1.0,1.0,1.0,3.0,1.0,-9.0,19:49,6.8,0
9,201564,O.J. Mayo,,,,,,,,,,,,,,,0.0,0
10,203545,Miroslav Raduljica,,,,,,,,,,,,,,,0.0,0
11,202327,Ekpe Udoh,,,,,,,,,,,,,,,0.0,0
12,202874,Chris Wright,,,,,,,,,,,,,,,0.0,0
13,201587,Nicolas Batum,21.0,7.0,15.0,4.0,4.0,1.0,8.0,0.0,9.0,0.0,0.0,1.0,2.0,43:48,21.7,1
14,2748,Dorell Wright,1.0,0.0,8.0,2.0,1.0,0.0,5.0,1.0,1.0,1.0,0.0,1.0,-4.0,19:24,-2.1,1
15,201577,Robin Lopez,15.0,7.0,12.0,1.0,1.0,7.0,7.0,0.0,2.0,3.0,3.0,1.0,0.0,37:21,17.7,1
16,202083,Wesley Matthews,26.0,8.0,15.0,5.0,5.0,1.0,1.0,2.0,2.0,0.0,4.0,3.0,1.0,41:16,18.5,1
17,203081,Damian Lillard,20.0,7.0,21.0,5.0,5.0,0.0,1.0,1.0,4.0,0.0,5.0,5.0,3.0,39:01,5.2,1
18,2590,Mo Williams,23.0,7.0,12.0,6.0,6.0,0.0,2.0,0.0,3.0,0.0,4.0,1.0,10.0,34:19,17.5,1
19,203086,Meyers Leonard,2.0,1.0,3.0,0.0,0.0,0.0,4.0,0.0,1.0,0.0,3.0,1.0,3.0,15:32,0.0,1
20,203080,Thomas Robinson,9.0,4.0,8.0,3.0,1.0,2.0,7.0,1.0,2.0,1.0,3.0,2.0,5.0,15:55,7.6,1
21,203468,CJ McCollum,0.0,0.0,2.0,0.0,0.0,0.0,0.0,1.0,0.0,0.0,0.0,1.0,2.0,7:09,-1.4,1
22,203115,Will Barton,3.0,1.0,1.0,1.0,1.0,0.0,1.0,0.0,1.0,0.0,0.0,0.0,3.0,11:15,3.7,1
23,201964,Victor Claver,,,,,,,,,,,,,,,0.0,1
24,203459,Allen Crabbe,,,,,,,,,,,,,,,0.0,1
25,2248,Earl Watson,,,,,,,,,,,,,,,0.0,1
