,id,name,PTS,FG,FGA,FTA,FT,OREB,DREB,STL,AST,BLK,PF,TO,PLUS_MINUS,MIN,GS,WIN
0,201163,Wilson Chandler,13.0,5.0,13.0,1.0,1.0,2.0,6.0,1.0,1.0,2.0,3.0,0.0,-2.0,33:00,11.0,0
1,202702,Kenneth Faried,7.0,3.0,6.0,1.0,1.0,1.0,3.0,0.0,1.0,1.0,2.0,0.0,-5.0,18:46,6.2,0
2,201581,JJ Hickson,15.0,7.0,13.0,2.0,1.0,7.0,4.0,0.0,2.0,0.0,1.0,2.0,-3.0,25:59,13.4,0
3,200751,Randy Foye,16.0,4.0,8.0,5.0,5.0,0.0,3.0,0.0,3.0,2.0,2.0,0.0,3.0,26:07,15.6,0
4,201951,Ty Lawson,4.0,1.0,13.0,3.0,2.0,0.0,2.0,3.0,11.0,1.0,0.0,3.0,-3.0,34:41,3.9,0
5,202389,Timofey Mozgov,8.0,4.0,6.0,0.0,0.0,2.0,1.0,0.0,0.0,1.0,4.0,3.0,-8.0,16:59,3.2,0
6,201589,Darrell Arthur,8.0,4.0,11.0,0.0,0.0,2.0,6.0,1.0,3.0,1.0,3.0,0.0,-2.0,25:31,7.7,0
7,101126,Nate Robinson,14.0,7.0,15.0,1.0,0.0,0.0,2.0,0.0,2.0,0.0,4.0,0.0,-12.0,26:55,6.3,0
8,1889,Andre Miller,0.0,0.0,2.0,0.0,0.0,1.0,0.0,0.0,4.0,0.0,2.0,0.0,-10.0,17:02,1.3,0
9,202706,Jordan Hamilton,3.0,1.0,5.0,0.0,0.0,0.0,1.0,1.0,0.0,0.0,0.0,2.0,-7.0,10:25,-0.8,0
10,203095,Evan Fournier,0.0,0.0,0.0,0.0,0.0,0.0,0.0,0.0,0.0,0.0,1.0,1.0,-1.0,4:35,-1.4,0
11,203113,Quincy Miller,,,,,,,,,,,,,,,0.0,0
12,201576,Anthony Randolph,,,,,,,,,,,,,,,0.0,0
13,202087,Alonzo Gee,7.0,2.0,8.0,2.0,2.0,0.0,2.0,1.0,0.0,0.0,2.0,0.0,-2.0,21:58,3.0,1
14,202684,Tristan Thompson,17.0,6.0,13.0,6.0,5.0,9.0,12.0,0.0,1.0,3.0,0.0,2.0,4.0,34:29,20.6,1
15,101115,Andrew Bynum,14.0,6.0,15.0,2.0,2.0,4.0,3.0,0.0,1.0,1.0,1.0,2.0,-3.0,20:10,8.6,1
16,101139,CJ Miles,0.0,0.0,4.0,0.0,0.0,2.0,1.0,1.0,1.0,1.0,2.0,0.0,-3.0,15:55,0.5,1
17,202681,Kyrie Irving,23.0,9.0,20.0,3.0,3.0,1.0,1.0,1.0,4.0,0.0,2.0,3.0,3.0,37:09,13.6,1
18,203079,Dion Waiters,5.0,2.0,8.0,2.0,1.0,1.0,3.0,0.0,6.0,0.0,0.0,2.0,12.0,26:02,3.6,1
19,101127,Jarrett Jack,6.0,2.0,7.0,1.0,1.0,0.0,2.0,1.0,4.0,3.0,2.0,2.0,13.0,32:05,5.6,1
20,203461,Anthony Bennett,5.0,2.0,5.0,0.0,0.0,0.0,0.0,0.0,0.0,0.0,0.0,0.0,7.0,10:51,2.3,1
21,2760,Anderson Varejao,18.0,7.0,9.0,6.0,4.0,3.0,10.0,2.0,3.0,3.0,0.0,1.0,13.0,27:50,24.0,1
22,201947,Earl Clark,3.0,1.0,2.0,2.0,1.0,0.0,4.0,0.0,0.0,2.0,1.0,0.0,6.0,13:31,3.8,1
23,203521,Matthew Dellavedova,,,,,,,,,,,,,,,0.0,1
24,203508,Sergey Karasev,,,,,,,,,,,,,,,0.0,1
25,203092,Tyler Zeller,,,,,,,,,,,,,,,0.0,1
