,id,name,PTS,FG,FGA,FTA,FT,OREB,DREB,STL,AST,BLK,PF,TO,PLUS_MINUS,MIN,GS,WIN
0,202695,Kawhi Leonard,13.0,5.0,9.0,2.0,1.0,3.0,8.0,1.0,2.0,1.0,1.0,1.0,19.0,36:44,14.5,1
1,1495,Tim Duncan,9.0,3.0,10.0,4.0,3.0,2.0,4.0,1.0,4.0,3.0,3.0,3.0,18.0,30:45,7.1,1
2,201168,Tiago Splitter,9.0,2.0,5.0,6.0,5.0,3.0,3.0,0.0,1.0,0.0,1.0,1.0,12.0,31:42,8.2,1
3,201980,Danny Green,5.0,2.0,5.0,0.0,0.0,0.0,1.0,2.0,1.0,1.0,2.0,0.0,2.0,19:21,5.2,1
4,2225,Tony Parker,22.0,10.0,18.0,2.0,2.0,1.0,0.0,0.0,4.0,0.0,1.0,1.0,22.0,33:43,15.5,1
5,2564,Boris Diaw,14.0,5.0,8.0,2.0,2.0,2.0,2.0,0.0,4.0,0.0,4.0,0.0,14.0,25:44,13.6,1
6,1938,Manu Ginobili,6.0,2.0,6.0,2.0,2.0,1.0,1.0,2.0,2.0,0.0,3.0,2.0,14.0,16:49,3.8,1
7,201158,Marco Belinelli,7.0,2.0,7.0,2.0,2.0,1.0,3.0,2.0,0.0,0.0,2.0,0.0,13.0,20:30,5.7,1
8,201988,Patty Mills,10.0,3.0,5.0,2.0,2.0,0.0,1.0,1.0,0.0,0.0,0.0,0.0,4.0,13:16,9.0,1
9,201948,Austin Daye,0.0,0.0,2.0,0.0,0.0,0.0,1.0,0.0,0.0,0.0,0.0,0.0,4.0,4:12,-1.1,1
10,201965,Jeff Ayres,6.0,2.0,2.0,3.0,2.0,2.0,0.0,1.0,0.0,0.0,1.0,0.0,4.0,3:37,7.0,1
11,202709,Cory Joseph,2.0,1.0,3.0,0.0,0.0,0.0,1.0,0.0,0.0,0.0,1.0,0.0,4.0,3:37,0.2,1
12,203382,Aron Baynes,,,,,,,,,,,,,,,0.0,1
13,202331,Paul George,16.0,5.0,13.0,8.0,5.0,0.0,6.0,3.0,5.0,0.0,2.0,5.0,-19.0,35:49,10.2,0
14,2561,David West,7.0,2.0,6.0,4.0,3.0,2.0,6.0,0.0,2.0,0.0,3.0,3.0,-12.0,28:58,3.6,0
15,201579,Roy Hibbert,15.0,5.0,13.0,6.0,5.0,2.0,5.0,0.0,0.0,0.0,3.0,1.0,-18.0,33:52,8.2,0
16,202362,Lance Stephenson,15.0,6.0,13.0,0.0,0.0,0.0,3.0,0.0,3.0,0.0,1.0,2.0,-12.0,27:30,8.9,0
17,201588,George Hill,7.0,3.0,6.0,0.0,0.0,0.0,3.0,0.0,0.0,1.0,0.0,0.0,-19.0,36:37,5.6,0
18,202323,Evan Turner,0.0,0.0,2.0,0.0,0.0,0.0,1.0,0.0,0.0,0.0,2.0,0.0,-8.0,6:59,-1.9,0
19,2449,Luis Scola,2.0,1.0,6.0,0.0,0.0,1.0,0.0,1.0,3.0,0.0,3.0,0.0,-10.0,15:25,0.8,0
20,2446,Rasual Butler,7.0,2.0,3.0,2.0,2.0,0.0,1.0,0.0,0.0,1.0,2.0,1.0,-9.0,22:05,4.9,0
21,101133,Ian Mahinmi,2.0,1.0,1.0,0.0,0.0,2.0,0.0,0.0,0.0,0.0,3.0,1.0,-4.0,10:31,0.9,0
22,202388,Donald Sloan,4.0,1.0,6.0,2.0,2.0,0.0,0.0,0.0,1.0,0.0,1.0,0.0,-7.0,11:23,0.5,0
23,202730,Lavoy Allen,2.0,0.0,0.0,2.0,2.0,0.0,1.0,0.0,0.0,1.0,0.0,0.0,-4.0,3:37,3.0,0
24,203142,Chris Copeland,0.0,0.0,0.0,0.0,0.0,0.0,0.0,0.0,0.0,0.0,0.0,2.0,-4.0,3:37,-2.0,0
25,203524,Solomon Hill,0.0,0.0,0.0,0.0,0.0,0.0,1.0,0.0,0.0,0.0,2.0,0.0,-4.0,3:37,-0.5,0
