,id,name,PTS,FG,FGA,FTA,FT,OREB,DREB,STL,AST,BLK,PF,TO,PLUS_MINUS,MIN,GS,WIN
0,203082,Terrence Ross,1.0,0.0,6.0,2.0,1.0,1.0,2.0,1.0,0.0,0.0,2.0,1.0,-17.0,21:13,-3.1,0
1,101161,Amir Johnson,2.0,1.0,4.0,0.0,0.0,2.0,1.0,0.0,0.0,0.0,1.0,0.0,-17.0,17:11,0.9,0
2,202685,Jonas Valanciunas,2.0,1.0,5.0,0.0,0.0,2.0,4.0,0.0,0.0,1.0,2.0,0.0,-18.0,18:26,1.4,0
3,201942,DeMar DeRozan,25.0,10.0,23.0,5.0,4.0,2.0,4.0,3.0,2.0,0.0,3.0,1.0,-12.0,38:46,17.3,0
4,200768,Kyle Lowry,21.0,9.0,22.0,1.0,0.0,0.0,4.0,0.0,4.0,0.0,5.0,2.0,-15.0,37:32,8.8,0
5,202335,Patrick Patterson,8.0,4.0,9.0,0.0,0.0,4.0,4.0,2.0,1.0,1.0,1.0,1.0,15.0,26:09,9.3,0
6,2422,John Salmons,0.0,0.0,1.0,0.0,0.0,0.0,1.0,0.0,2.0,1.0,1.0,1.0,0.0,17:16,0.3,0
7,101236,Chuck Hayes,12.0,5.0,9.0,2.0,2.0,5.0,8.0,1.0,0.0,0.0,4.0,3.0,8.0,25:34,10.0,0
8,200779,Steve Novak,9.0,3.0,3.0,0.0,0.0,0.0,0.0,0.0,1.0,0.0,3.0,1.0,8.0,14:08,6.6,0
9,202349,Greivis Vasquez,15.0,6.0,13.0,0.0,0.0,1.0,6.0,1.0,9.0,0.0,2.0,2.0,23.0,23:44,15.3,0
10,202779,Dwight Buycks,,,,,,,,,,,,,,,0.0,0
11,201948,Austin Daye,,,,,,,,,,,,,,,0.0,0
12,202933,Julyan Stone,,,,,,,,,,,,,,,0.0,0
13,203077,Michael Kidd-Gilchrist,5.0,2.0,5.0,3.0,1.0,0.0,4.0,1.0,1.0,1.0,2.0,0.0,19.0,31:02,4.3,1
14,201177,Josh McRoberts,11.0,4.0,5.0,0.0,0.0,0.0,4.0,1.0,5.0,0.0,0.0,1.0,7.0,33:03,13.8,1
15,2744,Al Jefferson,22.0,9.0,18.0,4.0,4.0,1.0,18.0,0.0,7.0,2.0,1.0,2.0,7.0,37:32,23.0,1
16,201945,Gerald Henderson,16.0,4.0,11.0,10.0,8.0,0.0,4.0,0.0,5.0,1.0,1.0,3.0,5.0,34:14,11.1,1
17,201196,Ramon Sessions,23.0,6.0,10.0,11.0,10.0,0.0,2.0,1.0,2.0,0.0,1.0,3.0,10.0,33:52,17.6,1
18,203469,Cody Zeller,2.0,0.0,0.0,2.0,2.0,0.0,1.0,0.0,2.0,0.0,0.0,1.0,-2.0,15:03,2.7,1
19,201604,Chris Douglas-Roberts,0.0,0.0,4.0,0.0,0.0,1.0,2.0,2.0,1.0,0.0,0.0,0.0,0.0,13:46,1.2,1
20,201229,Anthony Tolliver,8.0,2.0,4.0,3.0,2.0,0.0,0.0,0.0,0.0,0.0,2.0,1.0,-12.0,17:22,3.8,1
21,202687,Bismack Biyombo,2.0,1.0,1.0,0.0,0.0,0.0,1.0,0.0,1.0,1.0,2.0,1.0,-4.0,9:58,1.6,1
22,2457,Jannero Pargo,11.0,4.0,7.0,0.0,0.0,0.0,2.0,1.0,4.0,0.0,0.0,1.0,-5.0,14:08,11.1,1
23,202399,Jeff Adrien,,,,,,,,,,,,,,,0.0,1
24,2732,Ben Gordon,,,,,,,,,,,,,,,0.0,1
25,202689,Kemba Walker,,,,,,,,,,,,,,,0.0,1
