,id,name,PTS,FG,FGA,FTA,FT,OREB,DREB,STL,AST,BLK,PF,TO,PLUS_MINUS,MIN,GS,WIN
0,202718,Chandler Parsons,23.0,9.0,14.0,3.0,3.0,0.0,1.0,3.0,3.0,1.0,3.0,2.0,0.0,32:59,19.7,1
1,203093,Terrence Jones,7.0,2.0,8.0,4.0,3.0,0.0,8.0,2.0,0.0,0.0,2.0,0.0,17.0,34:59,5.4,1
2,2730,Dwight Howard,18.0,5.0,6.0,7.0,7.0,2.0,9.0,0.0,3.0,1.0,5.0,5.0,-4.0,30:54,15.7,1
3,201935,James Harden,26.0,9.0,22.0,8.0,5.0,1.0,1.0,0.0,9.0,0.0,1.0,3.0,19.0,42:16,16.9,1
4,201976,Patrick Beverley,16.0,7.0,9.0,0.0,0.0,2.0,1.0,2.0,2.0,0.0,6.0,0.0,11.0,30:17,15.2,1
5,201956,Omri Casspi,10.0,3.0,8.0,5.0,3.0,1.0,1.0,3.0,1.0,1.0,0.0,1.0,0.0,20:54,9.2,1
6,202391,Jeremy Lin,8.0,2.0,4.0,4.0,3.0,0.0,0.0,0.0,2.0,0.0,3.0,4.0,-11.0,20:37,1.8,1
7,101128,Francisco Garcia,6.0,2.0,5.0,0.0,0.0,1.0,3.0,0.0,0.0,0.0,2.0,0.0,-5.0,18:10,4.1,1
8,202700,Donatas Motiejunas,2.0,0.0,3.0,4.0,2.0,0.0,1.0,0.0,0.0,0.0,1.0,0.0,-7.0,8:55,-1.0,1
9,201600,Omer Asik,,,,,,,,,,,,,,,0.0,1
10,200758,Ronnie Brewer,,,,,,,,,,,,,,,0.0,1
11,201166,Aaron Brooks,,,,,,,,,,,,,,,0.0,1
12,202962,Greg Smith,,,,,,,,,,,,,,,0.0,1
13,203084,Harrison Barnes,20.0,9.0,16.0,0.0,0.0,4.0,8.0,1.0,4.0,0.0,5.0,3.0,8.0,37:36,16.4,0
14,101135,David Lee,23.0,8.0,13.0,8.0,7.0,3.0,7.0,1.0,0.0,2.0,4.0,2.0,-7.0,37:01,19.7,0
15,101106,Andrew Bogut,10.0,5.0,7.0,0.0,0.0,3.0,8.0,2.0,2.0,1.0,3.0,2.0,-1.0,26:58,12.5,0
16,202691,Klay Thompson,15.0,6.0,17.0,3.0,2.0,0.0,5.0,1.0,5.0,2.0,4.0,3.0,-7.0,45:02,7.9,0
17,201939,Stephen Curry,20.0,5.0,12.0,11.0,9.0,0.0,2.0,0.0,9.0,0.0,6.0,6.0,-18.0,39:07,11.3,0
18,201962,Toney Douglas,0.0,0.0,3.0,0.0,0.0,0.0,1.0,1.0,0.0,0.0,1.0,0.0,12.0,13:21,-1.2,0
19,201578,Marreese Speights,16.0,7.0,14.0,2.0,2.0,8.0,1.0,0.0,0.0,0.0,1.0,0.0,0.0,15:35,14.5,0
20,203110,Draymond Green,6.0,2.0,7.0,0.0,0.0,0.0,3.0,0.0,2.0,1.0,5.0,2.0,-11.0,20:54,0.9,0
21,203145,Kent Bazemore,0.0,0.0,0.0,0.0,0.0,0.0,0.0,0.0,0.0,0.0,0.0,0.0,-2.0,0:07,0.0,0
22,200756,Hilton Armstrong,2.0,1.0,1.0,0.0,0.0,1.0,2.0,0.0,0.0,0.0,1.0,0.0,6.0,4:20,2.6,0
23,2738,Andre Iguodala,,,,,,,,,,,,,,,0.0,0
24,203517,Nemanja Nedovic,,,,,,,,,,,,,,,0.0,0
