,id,name,PTS,FG,FGA,FTA,FT,OREB,DREB,STL,AST,BLK,PF,TO,PLUS_MINUS,MIN,GS,WIN
0,2210,Richard Jefferson,16.0,4.0,11.0,8.0,5.0,0.0,5.0,1.0,3.0,0.0,1.0,1.0,-15.0,33:30,11.9,0
1,101107,Marvin Williams,11.0,5.0,10.0,2.0,1.0,2.0,3.0,1.0,2.0,1.0,2.0,1.0,-12.0,23:13,9.2,0
2,202324,Derrick Favors,11.0,5.0,9.0,2.0,1.0,3.0,3.0,0.0,0.0,1.0,4.0,0.0,-18.0,28:06,8.4,0
3,202330,Gordon Hayward,22.0,8.0,16.0,2.0,2.0,0.0,2.0,2.0,6.0,0.0,2.0,1.0,-6.0,39:28,19.0,0
4,203504,Trey Burke,6.0,3.0,15.0,0.0,0.0,0.0,3.0,0.0,9.0,0.0,2.0,1.0,2.0,33:19,2.1,0
5,203197,Diante Garrett,3.0,1.0,2.0,0.0,0.0,0.0,1.0,0.0,2.0,0.0,1.0,1.0,-13.0,14:41,2.3,0
6,202692,Alec Burks,3.0,1.0,8.0,2.0,1.0,1.0,2.0,1.0,2.0,0.0,2.0,2.0,-1.0,23:02,-1.7,0
7,202379,Jeremy Evans,11.0,5.0,6.0,1.0,1.0,3.0,3.0,0.0,1.0,0.0,3.0,0.0,4.0,17:14,11.3,0
8,202683,Enes Kanter,16.0,6.0,9.0,6.0,4.0,3.0,7.0,0.0,3.0,1.0,3.0,3.0,4.0,27:27,14.1,0
9,2740,Andris Biedrins,,,,,,,,,,,,,,,0.0,0
10,203497,Rudy Gobert,,,,,,,,,,,,,,,0.0,0
11,101249,John Lucas III,,,,,,,,,,,,,,,0.0,0
12,201575,Brandon Rush,,,,,,,,,,,,,,,0.0,0
13,201156,Nick Young,16.0,6.0,14.0,6.0,4.0,0.0,2.0,0.0,1.0,0.0,3.0,3.0,3.0,35:20,4.9,1
14,2200,Pau Gasol,23.0,10.0,17.0,4.0,3.0,3.0,14.0,0.0,8.0,3.0,2.0,2.0,18.0,37:16,25.9,1
15,203135,Robert Sacre,4.0,2.0,6.0,0.0,0.0,3.0,7.0,0.0,0.0,1.0,5.0,0.0,7.0,31:16,3.5,1
16,201975,Jodie Meeks,18.0,6.0,14.0,3.0,3.0,1.0,2.0,1.0,6.0,0.0,3.0,2.0,2.0,34:06,13.9,1
17,203088,Kendall Marshall,20.0,8.0,12.0,2.0,2.0,0.0,6.0,0.0,15.0,0.0,1.0,1.0,13.0,40:36,25.7,1
18,202325,Wesley Johnson,11.0,5.0,5.0,0.0,0.0,0.0,1.0,2.0,1.0,1.0,3.0,0.0,7.0,21:18,12.0,1
19,203527,Ryan Kelly,6.0,1.0,2.0,4.0,3.0,0.0,1.0,0.0,1.0,0.0,4.0,2.0,8.0,12:40,2.0,1
20,200761,Shawne Williams,10.0,3.0,4.0,2.0,1.0,0.0,1.0,1.0,1.0,1.0,1.0,0.0,4.0,16:44,10.3,1
21,201941,Jordan Hill,2.0,1.0,7.0,0.0,0.0,3.0,2.0,0.0,0.0,0.0,3.0,0.0,-7.0,10:44,-1.0,1
22,2581,Steve Blake,,,,,,,,,,,,,,,0.0,1
23,200770,Jordan Farmar,,,,,,,,,,,,,,,0.0,1
24,202333,Xavier Henry,,,,,,,,,,,,,,,0.0,1
25,2549,Chris Kaman,,,,,,,,,,,,,,,0.0,1
