,id,name,PTS,FG,FGA,FTA,FT,OREB,DREB,STL,AST,BLK,PF,TO,PLUS_MINUS,MIN,GS,WIN
0,201163,Wilson Chandler,7.0,3.0,8.0,0.0,0.0,1.0,5.0,0.0,0.0,1.0,3.0,1.0,10.0,26:08,3.3,1
1,202702,Kenneth Faried,15.0,6.0,11.0,6.0,3.0,3.0,4.0,0.0,0.0,0.0,1.0,1.0,10.0,24:35,10.4,1
2,201581,JJ Hickson,8.0,4.0,8.0,2.0,0.0,2.0,5.0,0.0,0.0,0.0,2.0,0.0,4.0,16:08,5.3,1
3,200751,Randy Foye,11.0,4.0,9.0,0.0,0.0,0.0,2.0,2.0,3.0,1.0,1.0,0.0,7.0,20:49,11.3,1
4,201951,Ty Lawson,13.0,4.0,8.0,7.0,5.0,3.0,0.0,0.0,6.0,0.0,1.0,3.0,9.0,26:31,11.1,1
5,202389,Timofey Mozgov,17.0,6.0,9.0,5.0,5.0,6.0,14.0,1.0,1.0,2.0,4.0,1.0,18.0,30:37,22.0,1
6,201589,Darrell Arthur,10.0,4.0,5.0,2.0,2.0,1.0,4.0,1.0,2.0,0.0,5.0,0.0,15.0,16:35,10.4,1
7,101126,Nate Robinson,9.0,3.0,9.0,4.0,3.0,1.0,0.0,0.0,3.0,0.0,1.0,0.0,18.0,19:55,5.9,1
8,1889,Andre Miller,0.0,0.0,0.0,0.0,0.0,0.0,2.0,0.0,7.0,0.0,1.0,2.0,15.0,22:17,3.1,1
9,202706,Jordan Hamilton,15.0,6.0,11.0,0.0,0.0,0.0,1.0,0.0,1.0,0.0,2.0,0.0,18.0,17:08,9.9,1
10,201576,Anthony Randolph,4.0,2.0,3.0,0.0,0.0,0.0,0.0,3.0,0.0,2.0,1.0,1.0,-1.0,6:50,5.7,1
11,203095,Evan Fournier,0.0,0.0,1.0,0.0,0.0,0.0,1.0,0.0,0.0,0.0,0.0,0.0,-1.0,6:28,-0.4,1
12,203113,Quincy Miller,2.0,1.0,3.0,2.0,0.0,0.0,1.0,0.0,0.0,1.0,1.0,1.0,-2.0,5:59,-0.9,1
13,101187,Alan Anderson,8.0,3.0,6.0,2.0,1.0,0.0,4.0,3.0,3.0,1.0,2.0,3.0,-10.0,29:55,7.8,0
14,708,Kevin Garnett,2.0,1.0,4.0,0.0,0.0,0.0,6.0,0.0,1.0,1.0,1.0,0.0,-4.0,16:51,2.4,0
15,201572,Brook Lopez,12.0,3.0,9.0,6.0,6.0,1.0,1.0,1.0,1.0,1.0,4.0,1.0,-2.0,21:14,7.7,0
16,2207,Joe Johnson,22.0,8.0,15.0,5.0,5.0,1.0,0.0,0.0,1.0,0.0,0.0,1.0,-17.0,31:10,15.1,0
17,203116,Tyshawn Taylor,12.0,4.0,12.0,4.0,4.0,0.0,2.0,1.0,2.0,0.0,3.0,2.0,-19.0,34:19,5.0,0
18,2733,Shaun Livingston,2.0,1.0,3.0,0.0,0.0,1.0,3.0,1.0,4.0,0.0,3.0,1.0,-9.0,18:28,3.5,0
19,101154,Andray Blatche,15.0,5.0,12.0,9.0,5.0,2.0,4.0,0.0,1.0,0.0,2.0,1.0,-22.0,24:04,8.5,0
20,203141,Mirza Teletovic,0.0,0.0,4.0,0.0,0.0,1.0,2.0,0.0,0.0,1.0,2.0,0.0,-9.0,13:56,-1.6,0
21,203486,Mason Plumlee,4.0,2.0,3.0,0.0,0.0,1.0,1.0,0.0,0.0,0.0,1.0,0.0,-13.0,17:47,3.3,0
22,203129,Tornike Shengelia,7.0,3.0,6.0,2.0,1.0,0.0,2.0,1.0,2.0,0.0,1.0,1.0,-7.0,17:39,5.2,0
23,2501,Reggie Evans,3.0,0.0,1.0,6.0,3.0,4.0,1.0,0.0,0.0,0.0,0.0,1.0,-8.0,14:37,3.2,0
24,1718,Paul Pierce,,,,,,,,,,,,,,,0.0,0
25,101114,Deron Williams,,,,,,,,,,,,,,,0.0,0
