,id,name,PTS,FG,FGA,FTA,FT,OREB,DREB,STL,AST,BLK,PF,TO,PLUS_MINUS,MIN,GS,WIN
0,202323,Evan Turner,9.0,3.0,11.0,2.0,1.0,1.0,4.0,0.0,5.0,0.0,1.0,2.0,-22.0,25:02,5.1,0
1,201152,Thaddeus Young,14.0,6.0,13.0,4.0,2.0,1.0,3.0,1.0,2.0,0.0,1.0,3.0,-40.0,32:21,7.1,0
2,201150,Spencer Hawes,2.0,1.0,5.0,0.0,0.0,1.0,6.0,1.0,2.0,0.0,2.0,1.0,-39.0,26:20,2.0,0
3,203138,Hollis Thompson,7.0,2.0,10.0,2.0,2.0,1.0,2.0,1.0,1.0,0.0,2.0,2.0,-35.0,30:20,1.0,0
4,203100,Tony Wroten,13.0,5.0,13.0,4.0,2.0,0.0,2.0,3.0,3.0,0.0,5.0,6.0,-37.0,24:22,2.8,0
5,202341,James Anderson,17.0,7.0,14.0,0.0,0.0,0.0,3.0,1.0,3.0,0.0,2.0,0.0,-15.0,25:50,13.2,0
6,202730,Lavoy Allen,7.0,3.0,4.0,2.0,1.0,2.0,6.0,2.0,1.0,0.0,2.0,3.0,2.0,21:01,7.1,0
7,203485,Lorenzo Brown,6.0,3.0,6.0,0.0,0.0,0.0,0.0,2.0,1.0,0.0,1.0,0.0,16.0,19:29,5.3,0
8,203561,Brandon Davies,9.0,3.0,7.0,4.0,3.0,2.0,4.0,3.0,1.0,0.0,4.0,2.0,5.0,16:18,7.6,0
9,202343,Elliot Williams,10.0,4.0,7.0,2.0,1.0,0.0,1.0,0.0,2.0,0.0,4.0,0.0,-15.0,18:56,6.4,0
10,203487,Michael Carter-Williams,,,,,,,,,,,,,,,0.0,0
11,202350,Daniel Orton,,,,,,,,,,,,,,,0.0,0
12,101187,Alan Anderson,13.0,5.0,7.0,1.0,1.0,0.0,1.0,2.0,3.0,0.0,1.0,1.0,35.0,28:59,13.1,1
13,203141,Mirza Teletovic,11.0,4.0,8.0,4.0,1.0,1.0,4.0,1.0,0.0,0.0,2.0,1.0,26.0,26:03,6.9,1
14,708,Kevin Garnett,9.0,4.0,8.0,2.0,1.0,0.0,4.0,2.0,4.0,1.0,2.0,1.0,34.0,16:24,9.5,1
15,2207,Joe Johnson,37.0,13.0,20.0,1.0,1.0,0.0,7.0,1.0,5.0,1.0,2.0,0.0,32.0,30:10,34.7,1
16,101114,Deron Williams,13.0,5.0,8.0,1.0,0.0,0.0,4.0,1.0,13.0,0.0,1.0,3.0,35.0,29:50,16.9,1
17,101154,Andray Blatche,20.0,8.0,12.0,5.0,4.0,1.0,4.0,2.0,1.0,0.0,2.0,3.0,9.0,25:27,15.2,1
18,1718,Paul Pierce,14.0,3.0,7.0,7.0,5.0,1.0,4.0,0.0,1.0,0.0,4.0,3.0,0.0,30:36,7.5,1
19,203486,Mason Plumlee,5.0,2.0,4.0,2.0,1.0,1.0,7.0,0.0,1.0,0.0,4.0,1.0,-2.0,21:51,3.5,1
20,2733,Shaun Livingston,5.0,2.0,2.0,0.0,0.0,0.0,2.0,1.0,4.0,0.0,0.0,4.0,1.0,18:10,4.8,1
21,203129,Tornike Shengelia,3.0,1.0,1.0,3.0,1.0,0.0,1.0,0.0,1.0,0.0,2.0,2.0,5.0,6:15,0.1,1
22,203116,Tyshawn Taylor,0.0,0.0,1.0,0.0,0.0,0.0,0.0,0.0,2.0,0.0,0.0,1.0,5.0,6:15,-0.3,1
23,2501,Reggie Evans,,,,,,,,,,,,,,,0.0,1
24,201572,Brook Lopez,,,,,,,,,,,,,,,0.0,1
