,id,name,PTS,FG,FGA,FTA,FT,OREB,DREB,STL,AST,BLK,PF,TO,PLUS_MINUS,MIN,GS,WIN
0,1718,Paul Pierce,17.0,5.0,8.0,4.0,4.0,0.0,4.0,0.0,2.0,0.0,2.0,1.0,-5.0,29:51,14.2,0
1,708,Kevin Garnett,8.0,4.0,8.0,0.0,0.0,2.0,8.0,2.0,3.0,1.0,4.0,2.0,6.0,26:17,9.0,0
2,201572,Brook Lopez,21.0,9.0,18.0,5.0,3.0,2.0,3.0,0.0,1.0,4.0,3.0,1.0,-4.0,33:37,14.8,0
3,2207,Joe Johnson,13.0,3.0,10.0,8.0,7.0,0.0,0.0,1.0,5.0,0.0,1.0,1.0,-3.0,34:23,9.9,0
4,101114,Deron Williams,7.0,2.0,6.0,2.0,2.0,0.0,3.0,0.0,9.0,1.0,3.0,4.0,2.0,21:44,6.3,0
5,101154,Andray Blatche,0.0,0.0,5.0,0.0,0.0,0.0,3.0,1.0,0.0,1.0,2.0,3.0,-10.0,20:17,-4.7,0
6,2501,Reggie Evans,4.0,1.0,5.0,3.0,2.0,4.0,4.0,0.0,0.0,1.0,3.0,1.0,0.0,15:49,3.0,0
7,101187,Alan Anderson,9.0,4.0,11.0,0.0,0.0,0.0,3.0,1.0,0.0,0.0,3.0,1.0,-12.0,23:26,2.6,0
8,2733,Shaun Livingston,1.0,0.0,1.0,2.0,1.0,1.0,0.0,2.0,3.0,0.0,3.0,0.0,3.0,15:33,3.5,0
9,1891,Jason Terry,14.0,5.0,10.0,0.0,0.0,0.0,0.0,1.0,1.0,0.0,3.0,1.0,3.0,19:03,8.5,0
10,203486,Mason Plumlee,,,,,,,,,,,,,,,0.0,0
11,203116,Tyshawn Taylor,,,,,,,,,,,,,,,0.0,0
12,203141,Mirza Teletovic,,,,,,,,,,,,,,,0.0,0
13,201947,Earl Clark,9.0,4.0,10.0,2.0,1.0,3.0,5.0,0.0,1.0,0.0,2.0,1.0,2.0,27:06,5.7,1
14,202684,Tristan Thompson,18.0,8.0,13.0,4.0,2.0,3.0,6.0,0.0,0.0,0.0,2.0,1.0,-3.0,34:51,13.4,1
15,2760,Anderson Varejao,11.0,5.0,9.0,4.0,1.0,3.0,5.0,0.0,3.0,1.0,3.0,0.0,-5.0,34:36,10.7,1
16,203079,Dion Waiters,11.0,5.0,12.0,0.0,0.0,1.0,0.0,3.0,2.0,0.0,2.0,2.0,3.0,29:21,6.9,1
17,202681,Kyrie Irving,15.0,4.0,16.0,9.0,7.0,0.0,7.0,2.0,9.0,0.0,4.0,2.0,-1.0,30:55,11.4,1
18,101127,Jarrett Jack,12.0,3.0,6.0,6.0,5.0,0.0,3.0,1.0,3.0,0.0,1.0,1.0,1.0,22:30,11.2,1
19,202087,Alonzo Gee,7.0,1.0,2.0,4.0,4.0,3.0,1.0,1.0,1.0,0.0,2.0,0.0,5.0,18:48,9.3,1
20,203461,Anthony Bennett,2.0,0.0,5.0,4.0,2.0,1.0,4.0,0.0,0.0,0.0,1.0,0.0,10.0,14:59,-0.8,1
21,101115,Andrew Bynum,3.0,1.0,5.0,1.0,1.0,2.0,1.0,0.0,2.0,2.0,1.0,1.0,8.0,7:34,3.0,1
22,101139,CJ Miles,10.0,4.0,6.0,0.0,0.0,0.0,0.0,0.0,0.0,0.0,1.0,2.0,2.0,15:20,5.0,1
23,203092,Tyler Zeller,0.0,0.0,0.0,0.0,0.0,0.0,0.0,0.0,0.0,0.0,1.0,1.0,-2.0,4:00,-1.4,1
24,203521,Matthew Dellavedova,,,,,,,,,,,,,,,0.0,1
25,203156,Henry Sims,,,,,,,,,,,,,,,0.0,1
