,id,name,PTS,FG,FGA,FTA,FT,OREB,DREB,STL,AST,BLK,PF,TO,PLUS_MINUS,MIN,GS,WIN
0,1890,Shawn Marion,5.0,2.0,4.0,0.0,0.0,0.0,4.0,0.0,1.0,0.0,1.0,1.0,-7.0,32:25,3.5,1
1,1717,Dirk Nowitzki,30.0,13.0,23.0,1.0,1.0,1.0,5.0,0.0,7.0,1.0,3.0,0.0,16.0,35:52,25.7,1
2,201971,DeJuan Blair,15.0,6.0,9.0,4.0,3.0,1.0,7.0,1.0,0.0,0.0,4.0,1.0,12.0,23:48,11.9,1
3,101145,Monta Ellis,20.0,8.0,17.0,2.0,2.0,0.0,1.0,1.0,4.0,0.0,4.0,3.0,0.0,39:11,10.8,1
4,101181,Jose Calderon,15.0,7.0,10.0,2.0,1.0,0.0,2.0,2.0,7.0,0.0,4.0,1.0,-1.0,32:19,15.3,1
5,1713,Vince Carter,8.0,4.0,13.0,0.0,0.0,1.0,3.0,0.0,4.0,0.0,3.0,4.0,-11.0,25:10,-0.3,1
6,2223,Samuel Dalembert,0.0,0.0,1.0,0.0,0.0,1.0,1.0,0.0,1.0,1.0,0.0,1.0,-7.0,11:43,0.7,1
7,203109,Jae Crowder,3.0,1.0,2.0,0.0,0.0,0.0,2.0,3.0,0.0,0.0,0.0,0.0,0.0,15:46,5.6,1
8,203539,Gal Mekel,7.0,3.0,4.0,0.0,0.0,0.0,1.0,0.0,2.0,0.0,2.0,1.0,5.0,12:01,5.3,1
9,201961,Wayne Ellington,0.0,0.0,0.0,0.0,0.0,0.0,0.0,0.0,0.0,0.0,0.0,0.0,0.0,0:17,0.0,1
10,203108,Bernard James,5.0,2.0,4.0,2.0,1.0,3.0,3.0,0.0,0.0,1.0,0.0,0.0,3.0,11:28,6.3,1
11,203499,Shane Larkin,,,,,,,,,,,,,,,0.0,1
12,201587,Nicolas Batum,22.0,8.0,17.0,4.0,2.0,2.0,3.0,1.0,6.0,1.0,0.0,5.0,0.0,37:03,15.7,0
13,200746,LaMarcus Aldridge,19.0,7.0,16.0,6.0,5.0,4.0,9.0,1.0,2.0,0.0,2.0,3.0,-2.0,38:15,14.3,0
14,201577,Robin Lopez,14.0,6.0,9.0,2.0,2.0,8.0,6.0,0.0,1.0,2.0,2.0,1.0,-1.0,33:56,17.8,0
15,202083,Wesley Matthews,4.0,2.0,10.0,0.0,0.0,1.0,6.0,1.0,4.0,0.0,1.0,1.0,0.0,34:48,2.7,0
16,203081,Damian Lillard,32.0,9.0,18.0,9.0,9.0,0.0,1.0,0.0,5.0,0.0,2.0,1.0,2.0,37:21,25.0,0
17,2590,Mo Williams,6.0,3.0,9.0,0.0,0.0,1.0,2.0,1.0,3.0,0.0,3.0,2.0,-4.0,22:29,2.1,0
18,200777,Joel Freeland,0.0,0.0,0.0,0.0,0.0,1.0,3.0,0.0,1.0,0.0,1.0,2.0,-2.0,13:04,-0.1,0
19,2748,Dorell Wright,3.0,1.0,4.0,3.0,1.0,0.0,0.0,0.0,0.0,0.0,0.0,0.0,-3.0,13:19,-0.2,0
20,203080,Thomas Robinson,6.0,3.0,4.0,0.0,0.0,0.0,3.0,0.0,0.0,0.0,2.0,1.0,0.0,9:45,3.5,0
21,203115,Will Barton,,,,,,,,,,,,,,,0.0,0
22,203459,Allen Crabbe,,,,,,,,,,,,,,,0.0,0
23,203086,Meyers Leonard,,,,,,,,,,,,,,,0.0,0
24,2248,Earl Watson,,,,,,,,,,,,,,,0.0,0
