,id,name,PTS,FG,FGA,FTA,FT,OREB,DREB,STL,AST,BLK,PF,TO,PLUS_MINUS,MIN,GS,WIN
0,202718,Chandler Parsons,14.0,6.0,8.0,6.0,2.0,2.0,1.0,2.0,2.0,1.0,3.0,1.0,-23.0,33:29,12.8,0
1,203093,Terrence Jones,10.0,4.0,8.0,3.0,1.0,2.0,3.0,0.0,0.0,0.0,2.0,2.0,-30.0,24:55,4.7,0
2,2730,Dwight Howard,19.0,9.0,16.0,3.0,1.0,3.0,9.0,1.0,2.0,5.0,2.0,3.0,-17.0,31:26,17.5,0
3,201935,James Harden,12.0,3.0,14.0,6.0,5.0,0.0,3.0,3.0,2.0,0.0,3.0,5.0,-16.0,32:32,2.1,0
4,201976,Patrick Beverley,8.0,3.0,5.0,2.0,2.0,2.0,1.0,0.0,1.0,0.0,1.0,0.0,-17.0,30:01,7.7,0
5,201956,Omri Casspi,3.0,1.0,10.0,0.0,0.0,1.0,1.0,2.0,1.0,0.0,1.0,1.0,-16.0,20:39,-1.3,0
6,201166,Aaron Brooks,1.0,0.0,7.0,2.0,1.0,1.0,1.0,1.0,1.0,0.0,2.0,2.0,-16.0,17:59,-4.4,0
7,101128,Francisco Garcia,5.0,2.0,6.0,0.0,0.0,0.0,3.0,1.0,1.0,0.0,1.0,0.0,-17.0,24:09,3.8,0
8,202962,Greg Smith,6.0,3.0,6.0,0.0,0.0,1.0,1.0,1.0,0.0,0.0,3.0,0.0,-7.0,12:05,3.8,0
9,202700,Donatas Motiejunas,3.0,1.0,3.0,2.0,1.0,0.0,1.0,0.0,0.0,0.0,0.0,0.0,-3.0,7:59,1.2,0
10,200758,Ronnie Brewer,0.0,0.0,1.0,0.0,0.0,0.0,0.0,0.0,0.0,0.0,0.0,0.0,-3.0,4:46,-0.7,0
11,201600,Omer Asik,,,,,,,,,,,,,,,0.0,0
12,202391,Jeremy Lin,,,,,,,,,,,,,,,0.0,0
13,202331,Paul George,24.0,7.0,16.0,8.0,7.0,1.0,8.0,3.0,4.0,1.0,2.0,1.0,20.0,30:20,23.0,1
14,2561,David West,12.0,6.0,8.0,0.0,0.0,1.0,6.0,3.0,4.0,1.0,3.0,2.0,18.0,26:09,14.6,1
15,201579,Roy Hibbert,9.0,3.0,8.0,6.0,3.0,2.0,4.0,1.0,2.0,1.0,2.0,0.0,25.0,28:20,8.3,1
16,202362,Lance Stephenson,16.0,7.0,16.0,0.0,0.0,3.0,3.0,0.0,6.0,0.0,3.0,4.0,30.0,35:28,9.6,1
17,201588,George Hill,12.0,5.0,8.0,0.0,0.0,0.0,2.0,0.0,5.0,0.0,2.0,1.0,24.0,25:43,10.7,1
18,101122,Danny Granger,5.0,1.0,7.0,2.0,2.0,0.0,2.0,1.0,2.0,1.0,1.0,5.0,12.0,22:05,-1.2,1
19,2449,Luis Scola,13.0,5.0,7.0,2.0,2.0,0.0,6.0,1.0,1.0,1.0,1.0,1.0,12.0,16:12,12.9,1
20,201228,C.J. Watson,8.0,3.0,3.0,2.0,0.0,1.0,4.0,2.0,3.0,0.0,1.0,1.0,8.0,18:21,10.9,1
21,101133,Ian Mahinmi,10.0,4.0,4.0,2.0,2.0,1.0,3.0,0.0,0.0,2.0,4.0,0.0,8.0,19:40,10.2,1
22,2446,Rasual Butler,0.0,0.0,1.0,0.0,0.0,0.0,0.0,0.0,0.0,0.0,1.0,0.0,3.0,5:39,-1.1,1
23,203142,Chris Copeland,3.0,1.0,1.0,0.0,0.0,0.0,1.0,0.0,1.0,0.0,0.0,2.0,3.0,5:39,1.7,1
24,202388,Donald Sloan,2.0,1.0,1.0,0.0,0.0,0.0,2.0,0.0,1.0,0.0,1.0,0.0,1.0,3:56,2.6,1
25,203111,Orlando Johnson,0.0,0.0,1.0,0.0,0.0,0.0,0.0,0.0,0.0,0.0,0.0,0.0,1.0,2:28,-0.7,1
