,id,name,PTS,FG,FGA,FTA,FT,OREB,DREB,STL,AST,BLK,PF,TO,PLUS_MINUS,MIN,GS,WIN
0,203114,Khris Middleton,15.0,4.0,8.0,7.0,5.0,0.0,3.0,2.0,4.0,0.0,4.0,3.0,-11.0,35:49,11.3,0
1,202399,Jeff Adrien,19.0,9.0,16.0,3.0,1.0,1.0,8.0,1.0,0.0,0.0,3.0,0.0,-4.0,39:56,13.5,0
2,2585,Zaza Pachulia,6.0,3.0,5.0,0.0,0.0,1.0,3.0,0.0,3.0,1.0,2.0,1.0,-9.0,16:42,6.3,0
3,201196,Ramon Sessions,21.0,7.0,13.0,6.0,5.0,1.0,1.0,1.0,5.0,0.0,1.0,4.0,-8.0,39:37,15.4,0
4,202688,Brandon Knight,18.0,7.0,17.0,4.0,3.0,0.0,2.0,2.0,4.0,1.0,3.0,2.0,-9.0,42:37,11.4,0
5,203089,John Henson,12.0,5.0,8.0,2.0,2.0,2.0,5.0,0.0,2.0,1.0,3.0,3.0,-6.0,26:55,9.2,0
6,203507,Giannis Antetokounmpo,5.0,1.0,3.0,2.0,2.0,0.0,4.0,1.0,3.0,0.0,1.0,1.0,3.0,23:32,6.2,0
7,202874,Chris Wright,4.0,2.0,3.0,2.0,0.0,0.0,0.0,0.0,0.0,0.0,2.0,1.0,-11.0,10:29,0.1,0
8,203545,Miroslav Raduljica,0.0,0.0,0.0,0.0,0.0,1.0,0.0,0.0,0.0,0.0,2.0,1.0,5.0,4:23,-1.1,0
9,201564,O.J. Mayo,,,,,,,,,,,,,,,0.0,0
10,202336,Larry Sanders,,,,,,,,,,,,,,,0.0,0
11,202327,Ekpe Udoh,,,,,,,,,,,,,,,0.0,0
12,203082,Terrence Ross,8.0,3.0,9.0,2.0,1.0,1.0,1.0,3.0,3.0,0.0,2.0,2.0,14.0,34:12,5.8,1
13,101161,Amir Johnson,10.0,4.0,7.0,1.0,0.0,1.0,4.0,1.0,3.0,0.0,3.0,2.0,21.0,27:51,8.1,1
14,202685,Jonas Valanciunas,14.0,4.0,7.0,6.0,6.0,3.0,10.0,0.0,1.0,0.0,3.0,2.0,4.0,27:42,13.3,1
15,202349,Greivis Vasquez,25.0,8.0,12.0,5.0,4.0,0.0,2.0,0.0,7.0,0.0,2.0,2.0,17.0,39:40,22.1,1
16,200768,Kyle Lowry,24.0,10.0,24.0,1.0,1.0,3.0,2.0,1.0,4.0,0.0,3.0,1.0,16.0,36:42,15.5,1
17,201946,Tyler Hansbrough,12.0,4.0,6.0,5.0,4.0,5.0,6.0,3.0,0.0,0.0,3.0,1.0,6.0,20:18,15.1,1
18,202335,Patrick Patterson,3.0,1.0,7.0,0.0,0.0,1.0,4.0,2.0,1.0,0.0,2.0,1.0,-11.0,20:10,1.3,1
19,201986,Nando De Colo,7.0,2.0,6.0,2.0,2.0,1.0,1.0,1.0,5.0,0.0,2.0,1.0,-13.0,17:48,7.3,1
20,2422,John Salmons,7.0,2.0,3.0,4.0,2.0,0.0,1.0,0.0,1.0,0.0,2.0,1.0,-4.0,15:39,4.1,1
21,201942,DeMar DeRozan,,,,,,,,,,,,,,,0.0,1
22,101236,Chuck Hayes,,,,,,,,,,,,,,,0.0,1
23,200779,Steve Novak,,,,,,,,,,,,,,,0.0,1
24,202933,Julyan Stone,,,,,,,,,,,,,,,0.0,1
