,id,name,PTS,FG,FGA,FTA,FT,OREB,DREB,STL,AST,BLK,PF,TO,PLUS_MINUS,MIN,GS,WIN
0,2738,Andre Iguodala,4.0,1.0,6.0,3.0,2.0,1.0,5.0,2.0,2.0,0.0,0.0,1.0,2.0,36:52,4.4,1
1,203084,Harrison Barnes,8.0,2.0,10.0,4.0,4.0,4.0,2.0,0.0,1.0,0.0,3.0,2.0,2.0,31:32,2.7,1
2,101106,Andrew Bogut,16.0,8.0,11.0,0.0,0.0,4.0,13.0,2.0,5.0,3.0,3.0,1.0,19.0,36:16,23.6,1
3,202691,Klay Thompson,11.0,3.0,20.0,4.0,3.0,0.0,5.0,0.0,2.0,1.0,3.0,1.0,3.0,41:42,-0.8,1
4,201939,Stephen Curry,44.0,14.0,26.0,9.0,8.0,0.0,2.0,0.0,4.0,0.0,0.0,2.0,15.0,38:06,32.4,1
5,203110,Draymond Green,7.0,3.0,6.0,2.0,1.0,2.0,1.0,4.0,1.0,1.0,5.0,1.0,3.0,29:09,7.7,1
6,201578,Marreese Speights,2.0,1.0,4.0,0.0,0.0,2.0,1.0,0.0,0.0,0.0,4.0,0.0,-15.0,9:59,-0.3,1
7,202348,Jordan Crawford,3.0,1.0,5.0,2.0,1.0,1.0,0.0,1.0,2.0,0.0,4.0,0.0,0.0,15:43,1.0,1
8,203145,Kent Bazemore,0.0,0.0,0.0,0.0,0.0,0.0,0.0,0.0,0.0,0.0,0.0,0.0,-4.0,0:41,0.0,1
9,202705,MarShon Brooks,,,,,,,,,,,,,,,0.0,1
10,101135,David Lee,,,,,,,,,,,,,,,0.0,1
11,203517,Nemanja Nedovic,,,,,,,,,,,,,,,0.0,1
12,2210,Richard Jefferson,5.0,2.0,8.0,0.0,0.0,0.0,5.0,0.0,0.0,0.0,3.0,1.0,-5.0,27:45,-0.5,0
13,202379,Jeremy Evans,10.0,5.0,8.0,0.0,0.0,1.0,3.0,0.0,1.0,0.0,0.0,0.0,1.0,16:56,8.7,0
14,202683,Enes Kanter,15.0,6.0,10.0,6.0,3.0,2.0,5.0,0.0,1.0,0.0,2.0,2.0,0.0,29:31,10.0,0
15,202330,Gordon Hayward,8.0,3.0,10.0,2.0,2.0,2.0,7.0,0.0,5.0,0.0,0.0,8.0,-7.0,40:03,1.2,0
16,203504,Trey Burke,4.0,2.0,10.0,0.0,0.0,0.0,3.0,0.0,6.0,0.0,6.0,1.0,-29.0,22:12,-0.5,0
17,203497,Rudy Gobert,7.0,1.0,2.0,5.0,5.0,1.0,4.0,0.0,0.0,2.0,3.0,1.0,-5.0,18:29,7.1,0
18,202692,Alec Burks,26.0,9.0,14.0,8.0,7.0,0.0,5.0,0.0,3.0,0.0,2.0,2.0,6.0,33:34,20.2,0
19,203197,Diante Garrett,13.0,6.0,8.0,0.0,0.0,0.0,2.0,3.0,1.0,0.0,4.0,2.0,24.0,25:48,10.5,0
20,202952,Malcolm Thomas,0.0,0.0,1.0,0.0,0.0,0.0,1.0,0.0,0.0,0.0,0.0,1.0,-5.0,10:30,-1.4,0
21,201575,Brandon Rush,2.0,1.0,2.0,0.0,0.0,0.0,1.0,0.0,1.0,1.0,2.0,0.0,-5.0,15:12,1.9,0
22,2740,Andris Biedrins,,,,,,,,,,,,,,,0.0,0
23,203546,Ian Clark,,,,,,,,,,,,,,,0.0,0
24,101249,John Lucas III,,,,,,,,,,,,,,,0.0,0
