,id,name,PTS,FG,FGA,FTA,FT,OREB,DREB,STL,AST,BLK,PF,TO,PLUS_MINUS,MIN,GS,WIN
0,202331,Paul George,31.0,12.0,18.0,3.0,3.0,1.0,9.0,4.0,4.0,0.0,1.0,4.0,18.0,40:40,29.0,1
1,2561,David West,12.0,5.0,10.0,2.0,2.0,0.0,8.0,1.0,3.0,0.0,2.0,0.0,14.0,33:37,11.7,1
2,201579,Roy Hibbert,8.0,3.0,8.0,4.0,2.0,2.0,8.0,0.0,2.0,7.0,3.0,2.0,20.0,33:56,9.7,1
3,202362,Lance Stephenson,10.0,4.0,12.0,2.0,0.0,1.0,5.0,1.0,7.0,0.0,3.0,5.0,-2.0,38:40,4.3,1
4,201228,C.J. Watson,15.0,5.0,11.0,6.0,4.0,0.0,1.0,0.0,5.0,1.0,5.0,3.0,22.0,30:21,8.0,1
5,203524,Solomon Hill,5.0,2.0,2.0,0.0,0.0,0.0,0.0,0.0,0.0,0.0,0.0,0.0,8.0,5:24,4.4,1
6,202388,Donald Sloan,5.0,1.0,3.0,4.0,3.0,0.0,3.0,0.0,3.0,0.0,2.0,1.0,-12.0,18:04,4.1,1
7,2449,Luis Scola,6.0,3.0,5.0,2.0,0.0,0.0,3.0,0.0,0.0,1.0,1.0,2.0,-6.0,14:18,2.1,1
8,101133,Ian Mahinmi,2.0,1.0,1.0,0.0,0.0,0.0,2.0,0.0,1.0,0.0,4.0,0.0,-14.0,13:48,1.4,1
9,203111,Orlando Johnson,5.0,2.0,3.0,0.0,0.0,0.0,2.0,0.0,1.0,0.0,0.0,1.0,-8.0,11:12,4.0,1
10,2446,Rasual Butler,,,,,,,,,,,,,,,0.0,1
11,203142,Chris Copeland,,,,,,,,,,,,,,,0.0,1
12,201588,George Hill,,,,,,,,,,,,,,,0.0,1
13,2746,Josh Smith,16.0,5.0,16.0,8.0,5.0,2.0,5.0,1.0,0.0,3.0,3.0,4.0,-28.0,36:58,6.4,0
14,202328,Greg Monroe,14.0,5.0,10.0,4.0,4.0,4.0,6.0,1.0,1.0,2.0,3.0,2.0,-22.0,34:48,13.5,0
15,203083,Andre Drummond,6.0,3.0,5.0,0.0,0.0,2.0,7.0,1.0,0.0,1.0,5.0,1.0,-18.0,34:07,5.9,0
16,1497,Chauncey Billups,4.0,2.0,5.0,0.0,0.0,0.0,3.0,0.0,1.0,0.0,0.0,1.0,-15.0,23:55,1.9,0
17,201943,Brandon Jennings,17.0,6.0,20.0,5.0,4.0,2.0,1.0,2.0,6.0,0.0,2.0,4.0,-6.0,36:00,8.1,0
18,201155,Rodney Stuckey,9.0,4.0,9.0,0.0,0.0,1.0,1.0,1.0,1.0,0.0,5.0,2.0,-9.0,16:06,3.0,0
19,202713,Kyle Singler,13.0,3.0,7.0,8.0,7.0,1.0,2.0,2.0,0.0,0.0,1.0,0.0,26.0,26:30,11.8,0
20,101198,Will Bynum,5.0,2.0,6.0,0.0,0.0,1.0,1.0,1.0,3.0,0.0,3.0,0.0,5.0,16:20,4.5,0
21,203540,Gigi Datome,2.0,1.0,7.0,0.0,0.0,0.0,3.0,1.0,1.0,0.0,1.0,0.0,18.0,11:37,-0.3,0
22,203484,Kentavious Caldwell-Pope,5.0,2.0,2.0,0.0,0.0,0.0,0.0,0.0,0.0,0.0,1.0,0.0,9.0,3:39,4.0,0
23,202725,Josh Harrellson,,,,,,,,,,,,,,,0.0,0
24,201973,Jonas Jerebko,,,,,,,,,,,,,,,0.0,0
25,203502,Tony Mitchell,,,,,,,,,,,,,,,0.0,0
