,id,name,PTS,FG,FGA,FTA,FT,OREB,DREB,STL,AST,BLK,PF,TO,PLUS_MINUS,MIN,GS,WIN
0,202718,Chandler Parsons,7.0,3.0,13.0,0.0,0.0,1.0,4.0,1.0,3.0,0.0,1.0,2.0,-21.0,31:30,1.7,0
1,203093,Terrence Jones,4.0,2.0,4.0,0.0,0.0,2.0,2.0,1.0,1.0,0.0,3.0,1.0,-18.0,19:12,3.5,0
2,2730,Dwight Howard,23.0,9.0,12.0,9.0,5.0,3.0,8.0,0.0,2.0,1.0,2.0,3.0,-13.0,34:57,19.4,0
3,201935,James Harden,18.0,6.0,16.0,7.0,5.0,2.0,4.0,0.0,3.0,0.0,2.0,6.0,-13.0,42:43,6.3,0
4,201976,Patrick Beverley,5.0,1.0,2.0,2.0,2.0,1.0,4.0,0.0,2.0,1.0,6.0,4.0,-10.0,29:24,1.6,0
5,202706,Jordan Hamilton,16.0,6.0,12.0,0.0,0.0,0.0,3.0,2.0,2.0,0.0,2.0,1.0,16.0,24:14,12.5,0
6,202700,Donatas Motiejunas,8.0,2.0,6.0,4.0,4.0,0.0,4.0,0.0,2.0,0.0,1.0,0.0,11.0,22:19,6.8,0
7,201600,Omer Asik,6.0,3.0,4.0,0.0,0.0,2.0,3.0,0.0,1.0,2.0,1.0,1.0,6.0,17:05,7.4,0
8,202391,Jeremy Lin,6.0,2.0,8.0,2.0,1.0,1.0,2.0,2.0,3.0,0.0,2.0,2.0,2.0,18:37,3.4,0
9,203477,Isaiah Canaan,,,,,,,,,,,,,,,0.0,0
10,201956,Omri Casspi,,,,,,,,,,,,,,,0.0,0
11,101128,Francisco Garcia,,,,,,,,,,,,,,,0.0,0
12,202962,Greg Smith,,,,,,,,,,,,,,,0.0,0
13,2440,Matt Barnes,11.0,5.0,9.0,0.0,0.0,2.0,0.0,1.0,2.0,1.0,4.0,1.0,13.0,32:38,8.6,1
14,201933,Blake Griffin,23.0,11.0,25.0,1.0,1.0,6.0,10.0,2.0,3.0,1.0,2.0,2.0,20.0,40:20,19.1,1
15,201599,DeAndre Jordan,13.0,6.0,7.0,2.0,1.0,1.0,9.0,3.0,2.0,4.0,3.0,1.0,5.0,38:37,18.5,1
16,2037,Jamal Crawford,8.0,2.0,10.0,3.0,3.0,1.0,0.0,0.0,1.0,0.0,1.0,2.0,6.0,15:38,0.8,1
17,101108,Chris Paul,14.0,5.0,13.0,5.0,4.0,0.0,3.0,2.0,9.0,0.0,4.0,1.0,12.0,39:00,13.1,1
18,201954,Darren Collison,19.0,8.0,14.0,0.0,0.0,0.0,1.0,2.0,5.0,0.0,2.0,1.0,-3.0,30:28,16.4,1
19,201162,Jared Dudley,9.0,3.0,6.0,0.0,0.0,1.0,3.0,1.0,2.0,0.0,0.0,1.0,-1.0,17:51,9.0,1
20,2045,Hedo Turkoglu,0.0,0.0,1.0,0.0,0.0,1.0,0.0,1.0,0.0,0.0,1.0,1.0,-6.0,4:43,-0.4,1
21,203493,Reggie Bullock,0.0,0.0,2.0,0.0,0.0,0.0,0.0,0.0,0.0,0.0,0.0,0.0,-10.0,5:06,-1.4,1
22,200797,Ryan Hollins,2.0,1.0,2.0,0.0,0.0,1.0,0.0,0.0,0.0,0.0,0.0,0.0,-5.0,2:38,1.7,1
23,2584,Willie Green,0.0,0.0,3.0,0.0,0.0,0.0,1.0,0.0,1.0,0.0,3.0,0.0,6.0,7:47,-2.3,1
24,201175,Glen Davis,2.0,0.0,1.0,2.0,2.0,1.0,1.0,0.0,0.0,2.0,3.0,1.0,3.0,5:14,1.5,1
25,200755,JJ Redick,,,,,,,,,,,,,,,0.0,1
