,id,name,PTS,FG,FGA,FTA,FT,OREB,DREB,STL,AST,BLK,PF,TO,PLUS_MINUS,MIN,GS,WIN
0,101139,CJ Miles,18.0,7.0,11.0,2.0,2.0,0.0,4.0,2.0,1.0,0.0,2.0,1.0,7.0,24:32,15.2,1
1,202684,Tristan Thompson,10.0,5.0,10.0,0.0,0.0,1.0,7.0,2.0,1.0,0.0,3.0,4.0,-16.0,35:42,5.3,1
2,2760,Anderson Varejao,6.0,2.0,5.0,2.0,2.0,3.0,2.0,0.0,1.0,0.0,1.0,1.0,4.0,22:25,5.3,1
3,101127,Jarrett Jack,0.0,0.0,3.0,2.0,0.0,0.0,0.0,0.0,0.0,0.0,0.0,0.0,3.0,12:15,-2.9,1
4,202681,Kyrie Irving,23.0,5.0,11.0,13.0,13.0,1.0,2.0,0.0,12.0,0.0,3.0,4.0,-2.0,32:43,21.8,1
5,203079,Dion Waiters,24.0,11.0,18.0,2.0,1.0,1.0,3.0,1.0,1.0,0.0,3.0,4.0,5.0,32:31,13.5,1
6,203461,Anthony Bennett,8.0,3.0,4.0,2.0,1.0,1.0,5.0,0.0,0.0,0.0,5.0,2.0,13.0,21:06,4.2,1
7,203521,Matthew Dellavedova,7.0,2.0,7.0,2.0,2.0,1.0,2.0,0.0,3.0,0.0,3.0,1.0,1.0,15:22,4.1,1
8,202087,Alonzo Gee,11.0,4.0,6.0,2.0,2.0,3.0,4.0,1.0,1.0,1.0,1.0,1.0,-7.0,26:53,12.7,1
9,203092,Tyler Zeller,8.0,1.0,2.0,6.0,6.0,3.0,2.0,1.0,0.0,1.0,2.0,0.0,2.0,16:33,10.6,1
10,201947,Earl Clark,,,,,,,,,,,,,,,0.0,1
11,2736,Luol Deng,,,,,,,,,,,,,,,0.0,1
12,203156,Henry Sims,,,,,,,,,,,,,,,0.0,1
13,2772,Trevor Ariza,14.0,5.0,9.0,2.0,2.0,1.0,5.0,3.0,3.0,0.0,4.0,2.0,14.0,37:54,13.4,0
14,2403,Nene,13.0,6.0,10.0,4.0,1.0,2.0,6.0,4.0,5.0,0.0,3.0,2.0,9.0,34:17,14.7,0
15,101162,Marcin Gortat,19.0,9.0,12.0,2.0,1.0,4.0,4.0,1.0,1.0,2.0,1.0,3.0,9.0,33:32,17.5,0
16,203078,Bradley Beal,9.0,4.0,15.0,0.0,0.0,1.0,0.0,1.0,5.0,0.0,2.0,2.0,-9.0,34:23,2.5,0
17,202322,John Wall,32.0,10.0,19.0,12.0,10.0,0.0,5.0,2.0,10.0,1.0,5.0,3.0,10.0,39:18,28.1,0
18,101110,Martell Webster,18.0,6.0,10.0,0.0,0.0,1.0,1.0,0.0,0.0,0.0,3.0,0.0,-9.0,23:45,13.2,0
19,202344,Trevor Booker,0.0,0.0,1.0,0.0,0.0,0.0,0.0,0.0,1.0,0.0,1.0,0.0,-4.0,7:39,-0.4,0
20,202066,Garrett Temple,0.0,0.0,2.0,0.0,0.0,0.0,0.0,0.0,2.0,1.0,2.0,0.0,-13.0,8:53,-0.1,0
21,202338,Kevin Seraphin,7.0,3.0,5.0,1.0,1.0,2.0,2.0,0.0,2.0,0.0,1.0,1.0,-10.0,14:15,6.7,0
22,202686,Jan Vesely,1.0,0.0,2.0,2.0,1.0,0.0,0.0,0.0,0.0,1.0,1.0,0.0,-7.0,6:04,-0.5,0
23,201953,Eric Maynor,,,,,,,,,,,,,,,0.0,0
24,203490,Otto Porter Jr.,,,,,,,,,,,,,,,0.0,0
25,202698,Chris Singleton,,,,,,,,,,,,,,,0.0,0
