,id,name,PTS,FG,FGA,FTA,FT,OREB,DREB,STL,AST,BLK,PF,TO,PLUS_MINUS,MIN,GS,WIN
0,2738,Andre Iguodala,9.0,3.0,5.0,4.0,3.0,0.0,4.0,1.0,3.0,1.0,0.0,1.0,26.0,28:03,10.3,1
1,101135,David Lee,21.0,10.0,16.0,2.0,1.0,2.0,9.0,1.0,6.0,0.0,1.0,1.0,29.0,38:55,21.3,1
2,101106,Andrew Bogut,15.0,7.0,9.0,2.0,1.0,2.0,9.0,2.0,2.0,4.0,2.0,1.0,30.0,25:53,19.6,1
3,202691,Klay Thompson,26.0,9.0,14.0,2.0,2.0,0.0,3.0,2.0,0.0,1.0,0.0,2.0,33.0,35:44,21.4,1
4,201939,Stephen Curry,14.0,5.0,17.0,3.0,3.0,1.0,2.0,1.0,10.0,1.0,5.0,2.0,35.0,37:38,10.1,1
5,201578,Marreese Speights,7.0,2.0,6.0,3.0,3.0,2.0,2.0,0.0,0.0,0.0,3.0,1.0,-23.0,16:55,3.4,1
6,203084,Harrison Barnes,13.0,4.0,6.0,4.0,4.0,0.0,6.0,0.0,3.0,0.0,2.0,2.0,-2.0,26:37,11.5,1
7,203110,Draymond Green,3.0,1.0,4.0,0.0,0.0,1.0,0.0,1.0,0.0,0.0,0.0,0.0,-8.0,8:11,2.3,1
8,201962,Toney Douglas,2.0,1.0,4.0,0.0,0.0,0.0,1.0,0.0,0.0,0.0,2.0,0.0,-19.0,10:22,-0.9,1
9,203145,Kent Bazemore,2.0,1.0,4.0,0.0,0.0,0.0,0.0,0.0,0.0,0.0,0.0,1.0,-16.0,8:38,-1.4,1
10,203136,Ognjen Kuzmic,0.0,0.0,0.0,0.0,0.0,0.0,1.0,0.0,0.0,0.0,0.0,1.0,-5.0,3:04,-0.7,1
11,979,Jermaine O'Neal,,,,,,,,,,,,,,,0.0,1
12,2772,Trevor Ariza,4.0,1.0,7.0,2.0,2.0,0.0,5.0,0.0,0.0,0.0,2.0,2.0,-23.0,27:21,-1.8,0
13,202344,Trevor Booker,8.0,4.0,6.0,0.0,0.0,1.0,5.0,0.0,0.0,0.0,4.0,0.0,-18.0,24:04,6.0,0
14,101162,Marcin Gortat,10.0,5.0,9.0,0.0,0.0,3.0,3.0,1.0,1.0,0.0,0.0,1.0,-17.0,19:46,9.4,0
15,203078,Bradley Beal,9.0,4.0,15.0,0.0,0.0,0.0,2.0,0.0,3.0,0.0,3.0,2.0,-24.0,25:05,-0.4,0
16,202322,John Wall,14.0,4.0,11.0,4.0,4.0,2.0,1.0,3.0,10.0,1.0,3.0,2.0,-31.0,37:47,17.1,0
17,101110,Martell Webster,11.0,4.0,10.0,2.0,2.0,0.0,5.0,2.0,0.0,0.0,1.0,0.0,-2.0,30:38,8.7,0
18,2403,Nene,14.0,6.0,9.0,2.0,2.0,0.0,4.0,0.0,4.0,0.0,3.0,4.0,1.0,25:26,8.9,0
19,202066,Garrett Temple,7.0,2.0,5.0,2.0,2.0,0.0,1.0,0.0,2.0,0.0,1.0,0.0,15.0,10:13,5.6,0
20,202698,Chris Singleton,7.0,2.0,3.0,2.0,2.0,0.0,1.0,0.0,0.0,1.0,0.0,0.0,6.0,8:17,6.7,0
21,203490,Otto Porter Jr.,4.0,1.0,4.0,2.0,2.0,1.0,2.0,1.0,1.0,0.0,0.0,0.0,16.0,15:50,4.6,0
22,202686,Jan Vesely,8.0,4.0,7.0,0.0,0.0,2.0,4.0,1.0,2.0,3.0,0.0,2.0,-3.0,15:33,9.8,0
23,201953,Eric Maynor,,,,,,,,,,,,,,,0.0,0
24,202338,Kevin Seraphin,,,,,,,,,,,,,,,0.0,0
