,id,name,PTS,FG,FGA,FTA,FT,OREB,DREB,STL,AST,BLK,PF,TO,PLUS_MINUS,MIN,GS,WIN
0,2544,LeBron James,17.0,6.0,16.0,6.0,4.0,1.0,13.0,2.0,6.0,0.0,3.0,5.0,-2.0,38:32,12.0,0
1,2203,Shane Battier,5.0,2.0,7.0,0.0,0.0,1.0,0.0,0.0,0.0,1.0,2.0,0.0,-6.0,14:49,1.5,0
2,2547,Chris Bosh,12.0,6.0,12.0,0.0,0.0,1.0,2.0,2.0,1.0,1.0,3.0,2.0,-1.0,32:24,7.5,0
3,2548,Dwyane Wade,17.0,6.0,14.0,6.0,5.0,1.0,5.0,3.0,6.0,0.0,1.0,1.0,-18.0,34:54,17.2,0
4,201596,Mario Chalmers,9.0,3.0,7.0,2.0,2.0,0.0,3.0,2.0,2.0,1.0,2.0,2.0,2.0,27:52,7.5,0
5,951,Ray Allen,3.0,1.0,5.0,0.0,0.0,0.0,1.0,1.0,2.0,1.0,1.0,1.0,0.0,26:16,1.9,0
6,1740,Rashard Lewis,2.0,1.0,3.0,0.0,0.0,0.0,1.0,1.0,0.0,1.0,4.0,0.0,5.0,21:04,0.7,0
7,202708,Norris Cole,9.0,4.0,5.0,2.0,1.0,0.0,1.0,1.0,3.0,0.0,2.0,0.0,-4.0,23:23,9.3,0
8,2365,Chris Andersen,10.0,4.0,8.0,4.0,2.0,2.0,1.0,1.0,0.0,1.0,3.0,1.0,-6.0,20:46,6.4,0
9,201202,Joel Anthony,,,,,,,,,,,,,,,0.0,0
10,2617,Udonis Haslem,,,,,,,,,,,,,,,0.0,0
11,2592,James Jones,,,,,,,,,,,,,,,0.0,0
12,2427,Roger Mason Jr.,,,,,,,,,,,,,,,0.0,0
13,202331,Paul George,17.0,4.0,11.0,6.0,6.0,0.0,3.0,2.0,4.0,0.0,2.0,6.0,3.0,41:50,9.8,1
14,2561,David West,17.0,6.0,8.0,6.0,5.0,2.0,7.0,0.0,4.0,0.0,3.0,7.0,9.0,32:13,11.5,1
15,201579,Roy Hibbert,24.0,10.0,15.0,6.0,4.0,2.0,3.0,0.0,0.0,1.0,2.0,1.0,5.0,37:20,17.9,1
16,202362,Lance Stephenson,12.0,5.0,10.0,1.0,1.0,0.0,6.0,1.0,5.0,0.0,4.0,2.0,13.0,33:55,9.7,1
17,201588,George Hill,5.0,2.0,4.0,2.0,0.0,2.0,6.0,2.0,6.0,0.0,1.0,1.0,-1.0,30:27,10.2,1
18,203111,Orlando Johnson,2.0,1.0,5.0,0.0,0.0,1.0,1.0,0.0,1.0,0.0,1.0,0.0,-4.0,20:15,0.2,1
19,2449,Luis Scola,7.0,3.0,5.0,2.0,1.0,1.0,5.0,0.0,1.0,0.0,4.0,4.0,-3.0,15:47,1.6,1
20,201228,C.J. Watson,6.0,3.0,7.0,0.0,0.0,0.0,2.0,2.0,1.0,0.0,0.0,0.0,7.0,17:33,5.6,1
21,101133,Ian Mahinmi,0.0,0.0,2.0,2.0,0.0,1.0,1.0,0.0,0.0,1.0,4.0,0.0,1.0,10:40,-2.1,1
22,2446,Rasual Butler,,,,,,,,,,,,,,,0.0,1
23,203142,Chris Copeland,,,,,,,,,,,,,,,0.0,1
24,203524,Solomon Hill,,,,,,,,,,,,,,,0.0,1
25,202388,Donald Sloan,,,,,,,,,,,,,,,0.0,1
