,id,name,PTS,FG,FGA,FTA,FT,OREB,DREB,STL,AST,BLK,PF,TO,PLUS_MINUS,MIN,GS,WIN
0,203077,Michael Kidd-Gilchrist,6.0,3.0,6.0,0.0,0.0,0.0,3.0,1.0,1.0,0.0,6.0,2.0,10.0,27:39,1.2,1
1,201229,Anthony Tolliver,11.0,3.0,7.0,2.0,2.0,0.0,1.0,1.0,1.0,1.0,3.0,1.0,2.0,25:38,7.8,1
2,2744,Al Jefferson,22.0,8.0,17.0,6.0,6.0,2.0,9.0,0.0,3.0,2.0,3.0,1.0,12.0,32:59,18.7,1
3,201945,Gerald Henderson,13.0,5.0,14.0,5.0,3.0,3.0,6.0,1.0,5.0,0.0,2.0,2.0,2.0,34:36,10.0,1
4,202689,Kemba Walker,3.0,1.0,13.0,2.0,1.0,2.0,7.0,3.0,2.0,0.0,1.0,2.0,3.0,34:07,-0.6,1
5,203106,Jeffery Taylor,12.0,4.0,8.0,4.0,4.0,0.0,1.0,0.0,1.0,0.0,2.0,0.0,-4.0,29:23,8.2,1
6,203469,Cody Zeller,8.0,2.0,7.0,4.0,4.0,4.0,5.0,2.0,2.0,1.0,1.0,3.0,4.0,22:22,8.9,1
7,202687,Bismack Biyombo,4.0,2.0,3.0,0.0,0.0,1.0,3.0,0.0,0.0,1.0,2.0,0.0,-6.0,15:01,4.2,1
8,201196,Ramon Sessions,10.0,2.0,7.0,7.0,6.0,0.0,3.0,0.0,1.0,0.0,0.0,0.0,7.0,18:15,7.1,1
9,202399,Jeff Adrien,,,,,,,,,,,,,,,0.0,1
10,2732,Ben Gordon,,,,,,,,,,,,,,,0.0,1
11,2457,Jannero Pargo,,,,,,,,,,,,,,,0.0,1
12,203480,James Southerland,,,,,,,,,,,,,,,0.0,1
13,201145,Jeff Green,19.0,7.0,13.0,7.0,4.0,0.0,1.0,0.0,0.0,0.0,3.0,1.0,-7.0,31:58,9.6,0
14,101138,Brandon Bass,7.0,2.0,9.0,3.0,3.0,1.0,7.0,0.0,2.0,1.0,4.0,0.0,-9.0,27:05,4.8,0
15,203482,Kelly Olynyk,6.0,1.0,4.0,4.0,4.0,3.0,8.0,0.0,4.0,0.0,4.0,4.0,-11.0,33:17,5.3,0
16,202340,Avery Bradley,7.0,3.0,8.0,0.0,0.0,0.0,3.0,1.0,0.0,0.0,5.0,1.0,-3.0,22:55,1.5,0
17,202348,Jordan Crawford,16.0,6.0,15.0,5.0,4.0,1.0,4.0,2.0,6.0,0.0,3.0,2.0,-2.0,35:22,12.4,0
18,2222,Gerald Wallace,10.0,4.0,7.0,0.0,0.0,2.0,6.0,2.0,2.0,0.0,1.0,2.0,-4.0,32:13,10.9,0
19,203543,Vitor Faverani,7.0,2.0,8.0,4.0,2.0,3.0,6.0,0.0,1.0,1.0,3.0,3.0,10.0,22:02,2.5,0
20,201584,Courtney Lee,10.0,4.0,8.0,0.0,0.0,0.0,0.0,0.0,0.0,0.0,2.0,1.0,2.0,14:17,4.2,0
21,203515,Phil Pressey,0.0,0.0,4.0,0.0,0.0,0.0,0.0,0.0,0.0,0.0,1.0,1.0,-4.0,11:04,-4.2,0
22,2743,Kris Humphries,1.0,0.0,1.0,2.0,1.0,0.0,0.0,0.0,0.0,0.0,0.0,0.0,-2.0,9:47,-0.1,0
23,2586,Keith Bogans,,,,,,,,,,,,,,,0.0,0
24,202705,MarShon Brooks,,,,,,,,,,,,,,,0.0,0
25,203096,Jared Sullinger,,,,,,,,,,,,,,,0.0,0
