,id,name,PTS,FG,FGA,FTA,FT,OREB,DREB,STL,AST,BLK,PF,TO,PLUS_MINUS,MIN,GS,WIN
0,202695,Kawhi Leonard,9.0,4.0,9.0,1.0,1.0,0.0,1.0,2.0,1.0,0.0,2.0,1.0,-11.0,26:26,5.5,0
1,1495,Tim Duncan,24.0,12.0,23.0,0.0,0.0,3.0,4.0,0.0,1.0,1.0,3.0,0.0,-8.0,31:03,16.2,0
2,201168,Tiago Splitter,0.0,0.0,2.0,0.0,0.0,2.0,2.0,0.0,0.0,0.0,2.0,1.0,-4.0,18:15,-1.2,0
3,201980,Danny Green,0.0,0.0,3.0,0.0,0.0,0.0,0.0,0.0,0.0,1.0,1.0,0.0,0.0,17:02,-1.8,0
4,2225,Tony Parker,17.0,7.0,20.0,5.0,3.0,1.0,4.0,1.0,9.0,0.0,4.0,3.0,-5.0,33:12,9.6,0
5,1938,Manu Ginobili,11.0,5.0,12.0,0.0,0.0,1.0,2.0,1.0,3.0,0.0,2.0,2.0,-7.0,26:02,6.2,0
6,2564,Boris Diaw,14.0,6.0,7.0,1.0,1.0,1.0,4.0,0.0,4.0,0.0,3.0,2.0,-5.0,30:49,13.0,0
7,201158,Marco Belinelli,19.0,8.0,12.0,0.0,0.0,0.0,3.0,2.0,4.0,0.0,4.0,2.0,-2.0,26:30,15.9,0
8,203382,Aron Baynes,2.0,1.0,1.0,0.0,0.0,2.0,0.0,0.0,1.0,0.0,1.0,0.0,-1.0,7:25,3.4,0
9,201988,Patty Mills,5.0,2.0,3.0,0.0,0.0,0.0,2.0,0.0,1.0,0.0,1.0,1.0,-5.0,14:48,3.6,0
10,201965,Jeff Ayres,4.0,2.0,2.0,1.0,0.0,2.0,1.0,0.0,0.0,0.0,2.0,0.0,-2.0,8:28,3.9,0
11,2588,Matt Bonner,,,,,,,,,,,,,,,0.0,0
12,202709,Cory Joseph,,,,,,,,,,,,,,,0.0,0
13,201587,Nicolas Batum,11.0,4.0,11.0,3.0,2.0,4.0,8.0,0.0,11.0,1.0,2.0,4.0,5.0,35:54,13.3,1
14,200746,LaMarcus Aldridge,24.0,11.0,17.0,2.0,2.0,0.0,7.0,1.0,4.0,2.0,1.0,3.0,11.0,38:15,20.4,1
15,201577,Robin Lopez,12.0,6.0,10.0,0.0,0.0,3.0,3.0,0.0,1.0,2.0,1.0,0.0,13.0,39:45,12.1,1
16,202083,Wesley Matthews,20.0,8.0,13.0,2.0,1.0,0.0,3.0,1.0,2.0,1.0,1.0,1.0,4.0,33:29,16.3,1
17,203081,Damian Lillard,25.0,7.0,16.0,8.0,8.0,0.0,7.0,0.0,7.0,0.0,2.0,3.0,16.0,36:06,19.8,1
18,2590,Mo Williams,13.0,6.0,9.0,0.0,0.0,0.0,0.0,0.0,2.0,1.0,3.0,2.0,8.0,23:15,8.0,1
19,200777,Joel Freeland,4.0,1.0,2.0,2.0,2.0,0.0,1.0,0.0,0.0,0.0,2.0,2.0,-3.0,8:15,0.5,1
20,2748,Dorell Wright,2.0,0.0,0.0,2.0,2.0,0.0,2.0,1.0,1.0,0.0,0.0,1.0,0.0,15:28,3.3,1
21,203080,Thomas Robinson,4.0,2.0,3.0,0.0,0.0,0.0,1.0,0.0,1.0,0.0,3.0,0.0,-4.0,9:33,2.5,1
22,203115,Will Barton,,,,,,,,,,,,,,,0.0,1
23,203459,Allen Crabbe,,,,,,,,,,,,,,,0.0,1
24,203086,Meyers Leonard,,,,,,,,,,,,,,,0.0,1
25,2248,Earl Watson,,,,,,,,,,,,,,,0.0,1
