,id,name,PTS,FG,FGA,FTA,FT,OREB,DREB,STL,AST,BLK,PF,TO,PLUS_MINUS,MIN,GS,WIN
0,202329,Al-Farouq Aminu,12.0,5.0,10.0,0.0,0.0,0.0,1.0,2.0,2.0,1.0,2.0,1.0,-8.0,29:57,9.6,0
1,201583,Ryan Anderson,22.0,8.0,15.0,4.0,3.0,4.0,8.0,1.0,1.0,0.0,4.0,1.0,-3.0,38:20,18.6,0
2,203076,Anthony Davis,18.0,8.0,14.0,2.0,2.0,5.0,11.0,1.0,0.0,1.0,4.0,0.0,-12.0,37:47,18.3,0
3,203148,Brian Roberts,5.0,2.0,3.0,0.0,0.0,0.0,0.0,1.0,2.0,1.0,4.0,1.0,0.0,19:33,4.2,0
4,201950,Jrue Holiday,3.0,1.0,9.0,2.0,1.0,0.0,3.0,0.0,9.0,1.0,1.0,4.0,-12.0,31:45,0.2,0
5,201936,Tyreke Evans,16.0,7.0,21.0,0.0,0.0,2.0,2.0,0.0,9.0,0.0,4.0,2.0,-17.0,32:21,8.8,0
6,201582,Alexis Ajinca,2.0,1.0,2.0,0.0,0.0,0.0,0.0,0.0,1.0,0.0,1.0,0.0,-3.0,5:01,1.3,0
7,203121,Darius Miller,2.0,1.0,3.0,0.0,0.0,0.0,1.0,0.0,2.0,0.0,1.0,0.0,-1.0,11:40,1.6,0
8,201160,Jason Smith,10.0,5.0,9.0,0.0,0.0,1.0,3.0,0.0,2.0,1.0,2.0,0.0,0.0,14:48,8.6,0
9,201627,Anthony Morrow,0.0,0.0,2.0,0.0,0.0,0.0,1.0,0.0,0.0,0.0,0.0,0.0,0.0,6:23,-1.1,0
10,203085,Austin Rivers,8.0,3.0,5.0,0.0,0.0,0.0,0.0,0.0,0.0,0.0,2.0,1.0,11.0,12:25,3.9,0
11,200811,Lou Amundson,,,,,,,,,,,,,,,0.0,0
12,203481,Jeff Withey,,,,,,,,,,,,,,,0.0,0
13,202718,Chandler Parsons,19.0,6.0,10.0,6.0,6.0,1.0,6.0,2.0,4.0,0.0,0.0,0.0,15.0,40:07,21.7,1
14,203093,Terrence Jones,17.0,6.0,8.0,6.0,5.0,1.0,7.0,0.0,2.0,3.0,0.0,0.0,9.0,34:17,19.7,1
15,2730,Dwight Howard,24.0,10.0,11.0,6.0,4.0,6.0,12.0,1.0,3.0,1.0,4.0,8.0,12.0,42:14,21.5,1
16,201935,James Harden,21.0,7.0,17.0,7.0,6.0,1.0,4.0,0.0,2.0,0.0,2.0,3.0,2.0,40:20,11.0,1
17,202391,Jeremy Lin,10.0,3.0,12.0,2.0,2.0,0.0,3.0,1.0,5.0,0.0,2.0,2.0,7.0,34:07,5.4,1
18,201956,Omri Casspi,7.0,3.0,6.0,3.0,0.0,2.0,2.0,1.0,0.0,1.0,0.0,0.0,7.0,12:39,6.5,1
19,201166,Aaron Brooks,9.0,3.0,8.0,2.0,2.0,1.0,0.0,0.0,1.0,0.0,2.0,1.0,-1.0,20:09,4.2,1
20,101128,Francisco Garcia,0.0,0.0,4.0,0.0,0.0,0.0,0.0,1.0,1.0,0.0,0.0,0.0,-1.0,12:17,-1.1,1
21,202700,Donatas Motiejunas,0.0,0.0,1.0,0.0,0.0,0.0,1.0,0.0,1.0,0.0,1.0,0.0,-5.0,3:50,-0.1,1
22,201600,Omer Asik,,,,,,,,,,,,,,,0.0,1
23,200758,Ronnie Brewer,,,,,,,,,,,,,,,0.0,1
24,203477,Isaiah Canaan,,,,,,,,,,,,,,,0.0,1
25,202962,Greg Smith,,,,,,,,,,,,,,,0.0,1
