,id,name,PTS,FG,FGA,FTA,FT,OREB,DREB,STL,AST,BLK,PF,TO,PLUS_MINUS,MIN,GS,WIN
0,2210,Richard Jefferson,2.0,1.0,2.0,0.0,0.0,0.0,1.0,0.0,0.0,0.0,5.0,3.0,9.0,20:17,-3.7,0
1,101107,Marvin Williams,5.0,2.0,3.0,0.0,0.0,0.0,1.0,0.0,1.0,1.0,4.0,1.0,8.0,15:12,2.8,0
2,202324,Derrick Favors,17.0,6.0,10.0,9.0,5.0,1.0,9.0,1.0,2.0,3.0,4.0,4.0,-6.0,31:01,13.1,0
3,202330,Gordon Hayward,21.0,8.0,15.0,3.0,3.0,0.0,3.0,2.0,3.0,0.0,4.0,2.0,-8.0,37:31,15.1,0
4,203504,Trey Burke,16.0,5.0,9.0,4.0,4.0,0.0,4.0,1.0,5.0,0.0,1.0,2.0,-6.0,34:05,15.0,0
5,202692,Alec Burks,11.0,5.0,16.0,2.0,1.0,2.0,7.0,0.0,7.0,0.0,4.0,2.0,-7.0,38:12,6.2,0
6,202683,Enes Kanter,12.0,6.0,13.0,0.0,0.0,2.0,5.0,0.0,1.0,0.0,4.0,3.0,-7.0,29:51,4.3,0
7,202379,Jeremy Evans,4.0,2.0,6.0,0.0,0.0,5.0,3.0,0.0,0.0,2.0,2.0,1.0,0.0,19:52,4.6,0
8,203197,Diante Garrett,3.0,1.0,4.0,0.0,0.0,0.0,1.0,0.0,1.0,0.0,0.0,0.0,3.0,13:55,1.6,0
9,203497,Rudy Gobert,0.0,0.0,0.0,0.0,0.0,0.0,0.0,0.0,0.0,0.0,0.0,0.0,-1.0,0:04,0.0,0
10,2740,Andris Biedrins,,,,,,,,,,,,,,,0.0,0
11,101249,John Lucas III,,,,,,,,,,,,,,,0.0,0
12,201575,Brandon Rush,,,,,,,,,,,,,,,0.0,0
13,202331,Paul George,22.0,6.0,16.0,10.0,9.0,0.0,6.0,2.0,4.0,0.0,1.0,1.0,13.0,40:20,18.0,1
14,2561,David West,25.0,11.0,17.0,4.0,3.0,2.0,4.0,1.0,1.0,1.0,1.0,2.0,12.0,33:19,19.7,1
15,201579,Roy Hibbert,2.0,1.0,9.0,0.0,0.0,2.0,2.0,0.0,1.0,2.0,5.0,1.0,-13.0,19:13,-2.8,1
16,202362,Lance Stephenson,11.0,4.0,12.0,2.0,2.0,2.0,6.0,1.0,5.0,0.0,2.0,1.0,-6.0,41:40,10.1,1
17,201228,C.J. Watson,13.0,5.0,8.0,2.0,1.0,1.0,3.0,3.0,5.0,0.0,3.0,2.0,15.0,33:19,13.9,1
18,101133,Ian Mahinmi,9.0,3.0,4.0,5.0,3.0,4.0,3.0,1.0,0.0,3.0,4.0,1.0,15.0,24:43,10.8,1
19,202323,Evan Turner,8.0,2.0,9.0,5.0,3.0,1.0,3.0,0.0,0.0,0.0,1.0,0.0,-1.0,20:02,2.9,1
20,202388,Donald Sloan,0.0,0.0,1.0,0.0,0.0,0.0,0.0,1.0,1.0,0.0,0.0,0.0,-13.0,8:49,1.0,1
21,2449,Luis Scola,4.0,2.0,6.0,0.0,0.0,2.0,1.0,1.0,1.0,2.0,3.0,2.0,-7.0,18:36,2.2,1
22,202730,Lavoy Allen,,,,,,,,,,,,,,,0.0,1
23,2446,Rasual Butler,,,,,,,,,,,,,,,0.0,1
24,203142,Chris Copeland,,,,,,,,,,,,,,,0.0,1
25,203524,Solomon Hill,,,,,,,,,,,,,,,0.0,1
