,id,name,PTS,FG,FGA,FTA,FT,OREB,DREB,STL,AST,BLK,PF,TO,PLUS_MINUS,MIN,GS,WIN
0,202325,Wesley Johnson,14.0,5.0,11.0,3.0,3.0,0.0,1.0,0.0,0.0,0.0,2.0,2.0,-26.0,34:14,5.8,0
1,2200,Pau Gasol,10.0,5.0,15.0,0.0,0.0,1.0,7.0,0.0,5.0,0.0,3.0,2.0,-25.0,25:01,4.6,0
2,203135,Robert Sacre,14.0,5.0,8.0,6.0,4.0,3.0,4.0,1.0,0.0,0.0,2.0,2.0,-9.0,18:21,11.1,0
3,201975,Jodie Meeks,11.0,2.0,10.0,8.0,7.0,0.0,3.0,1.0,0.0,0.0,4.0,5.0,-43.0,32:13,-0.3,0
4,203088,Kendall Marshall,16.0,6.0,11.0,1.0,1.0,2.0,2.0,0.0,10.0,0.0,1.0,2.0,-17.0,40:20,17.3,0
5,2549,Chris Kaman,6.0,2.0,6.0,2.0,2.0,1.0,5.0,0.0,0.0,0.0,3.0,4.0,-18.0,19:24,-0.4,0
6,201156,Nick Young,11.0,3.0,14.0,5.0,5.0,1.0,6.0,0.0,0.0,1.0,3.0,3.0,-13.0,32:03,1.4,0
7,201941,Jordan Hill,0.0,0.0,3.0,0.0,0.0,2.0,4.0,0.0,1.0,0.0,3.0,1.0,-25.0,19:46,-1.0,0
8,203527,Ryan Kelly,5.0,1.0,6.0,3.0,3.0,1.0,4.0,0.0,2.0,0.0,5.0,0.0,-4.0,18:38,2.5,0
9,2581,Steve Blake,,,,,,,,,,,,,,,0.0,0
10,200770,Jordan Farmar,,,,,,,,,,,,,,,0.0,0
11,202333,Xavier Henry,,,,,,,,,,,,,,,0.0,0
12,201162,Jared Dudley,5.0,2.0,4.0,0.0,0.0,0.0,2.0,2.0,2.0,0.0,3.0,1.0,19.0,23:51,4.8,1
13,201933,Blake Griffin,33.0,12.0,15.0,11.0,9.0,2.0,10.0,4.0,4.0,2.0,2.0,4.0,45.0,29:48,34.3,1
14,201599,DeAndre Jordan,13.0,5.0,9.0,4.0,3.0,2.0,8.0,2.0,1.0,7.0,2.0,0.0,41.0,30:58,18.9,1
15,200755,JJ Redick,19.0,8.0,15.0,2.0,2.0,0.0,3.0,0.0,2.0,0.0,0.0,0.0,24.0,22:55,14.0,1
16,201954,Darren Collison,20.0,9.0,12.0,0.0,0.0,1.0,4.0,1.0,7.0,1.0,0.0,1.0,42.0,31:10,22.7,1
17,2440,Matt Barnes,7.0,2.0,8.0,4.0,3.0,2.0,4.0,1.0,1.0,0.0,2.0,0.0,18.0,19:57,5.3,1
18,2037,Jamal Crawford,11.0,3.0,13.0,4.0,3.0,4.0,2.0,1.0,3.0,0.0,3.0,0.0,17.0,24:33,8.0,1
19,202721,Darius Morris,2.0,1.0,3.0,0.0,0.0,0.0,1.0,1.0,0.0,0.0,1.0,0.0,-13.0,12:23,1.2,1
20,200797,Ryan Hollins,5.0,1.0,1.0,6.0,3.0,2.0,3.0,1.0,0.0,2.0,5.0,0.0,-5.0,16:34,6.2,1
21,1712,Antawn Jamison,2.0,0.0,5.0,2.0,2.0,0.0,1.0,1.0,0.0,1.0,1.0,1.0,2.0,6:46,-0.9,1
22,2584,Willie Green,3.0,1.0,3.0,0.0,0.0,0.0,1.0,0.0,3.0,0.0,0.0,0.0,2.0,8:58,3.7,1
23,201957,Byron Mullens,1.0,0.0,3.0,2.0,1.0,0.0,2.0,0.0,0.0,0.0,1.0,1.0,-6.0,6:04,-2.3,1
24,203146,Maalik Wayns,2.0,1.0,1.0,0.0,0.0,0.0,2.0,2.0,1.0,0.0,3.0,0.0,-6.0,6:04,3.8,1
