,id,name,PTS,FG,FGA,FTA,FT,OREB,DREB,STL,AST,BLK,PF,TO,PLUS_MINUS,MIN,GS,WIN
0,201147,Corey Brewer,9.0,4.0,8.0,2.0,0.0,2.0,10.0,3.0,2.0,0.0,1.0,1.0,7.0,37:02,11.6,1
1,201567,Kevin Love,30.0,11.0,21.0,4.0,4.0,2.0,7.0,0.0,4.0,3.0,1.0,3.0,7.0,37:44,24.7,1
2,201593,Nikola Pekovic,19.0,6.0,12.0,8.0,7.0,2.0,3.0,0.0,1.0,1.0,5.0,0.0,11.0,27:41,14.3,1
3,2755,Kevin Martin,0.0,0.0,3.0,0.0,0.0,0.0,1.0,0.0,2.0,0.0,0.0,0.0,0.0,19:20,-0.4,1
4,201937,Ricky Rubio,12.0,3.0,9.0,5.0,4.0,0.0,2.0,2.0,4.0,0.0,3.0,3.0,3.0,33:58,7.7,1
5,201967,Dante Cunningham,4.0,2.0,7.0,2.0,0.0,3.0,5.0,0.0,2.0,1.0,2.0,0.0,-2.0,24:50,4.0,1
6,203144,Alexey Shved,6.0,2.0,4.0,1.0,1.0,0.0,1.0,0.0,0.0,0.0,1.0,0.0,8.0,12:47,3.9,1
7,200826,J.J. Barea,15.0,5.0,10.0,2.0,2.0,0.0,0.0,2.0,5.0,0.0,4.0,2.0,8.0,22:58,11.9,1
8,201601,Luc Mbah a Moute,3.0,1.0,2.0,1.0,1.0,0.0,0.0,0.0,0.0,0.0,0.0,0.0,0.0,5:45,2.0,1
9,203133,Robbie Hummel,3.0,1.0,3.0,0.0,0.0,1.0,5.0,0.0,2.0,0.0,0.0,0.0,-2.0,17:55,4.9,1
10,203476,Gorgui Dieng,,,,,,,,,,,,,,,0.0,1
11,203498,Shabazz Muhammad,,,,,,,,,,,,,,,0.0,1
12,201985,AJ Price,,,,,,,,,,,,,,,0.0,1
13,2419,Tayshaun Prince,2.0,1.0,5.0,0.0,0.0,0.0,4.0,3.0,1.0,0.0,1.0,1.0,0.0,26:03,2.4,0
14,2216,Zach Randolph,20.0,7.0,19.0,8.0,6.0,5.0,7.0,1.0,5.0,0.0,5.0,3.0,-7.0,38:59,13.8,0
15,201585,Kosta Koufos,2.0,1.0,4.0,0.0,0.0,0.0,2.0,0.0,0.0,0.0,2.0,0.0,-18.0,15:46,-0.6,0
16,2754,Tony Allen,7.0,3.0,4.0,2.0,1.0,3.0,4.0,1.0,3.0,1.0,1.0,1.0,6.0,26:03,10.7,0
17,201144,Mike Conley,28.0,12.0,20.0,1.0,0.0,0.0,5.0,0.0,3.0,1.0,2.0,4.0,-2.0,36:43,17.9,0
18,2034,Mike Miller,5.0,2.0,5.0,1.0,1.0,0.0,1.0,0.0,0.0,0.0,1.0,0.0,-11.0,25:22,2.2,0
19,202720,Jon Leuer,15.0,7.0,13.0,0.0,0.0,5.0,4.0,0.0,0.0,0.0,4.0,0.0,3.0,29:37,11.8,0
20,201573,Jerryd Bayless,14.0,4.0,9.0,8.0,6.0,0.0,4.0,0.0,3.0,0.0,2.0,0.0,-3.0,26:48,11.0,0
21,201979,Nick Calathes,0.0,0.0,2.0,0.0,0.0,0.0,2.0,0.0,2.0,0.0,0.0,0.0,-3.0,7:45,0.6,0
22,202334,Ed Davis,0.0,0.0,2.0,0.0,0.0,0.0,1.0,0.0,0.0,0.0,2.0,0.0,-5.0,6:54,-1.9,0
23,203479,Jamaal Franklin,,,,,,,,,,,,,,,0.0,0
24,202347,Quincy Pondexter,,,,,,,,,,,,,,,0.0,0
