,id,name,PTS,FG,FGA,FTA,FT,OREB,DREB,STL,AST,BLK,PF,TO,PLUS_MINUS,MIN,GS,WIN
0,1890,Shawn Marion,8.0,3.0,9.0,2.0,2.0,1.0,2.0,0.0,0.0,0.0,2.0,1.0,-30.0,25:14,2.4,0
1,1717,Dirk Nowitzki,18.0,7.0,15.0,3.0,3.0,0.0,6.0,2.0,7.0,2.0,0.0,3.0,-9.0,31:14,17.4,0
2,201971,DeJuan Blair,4.0,2.0,2.0,0.0,0.0,1.0,1.0,0.0,1.0,0.0,4.0,2.0,-18.0,13:41,1.5,0
3,101145,Monta Ellis,21.0,9.0,18.0,4.0,3.0,1.0,2.0,2.0,5.0,0.0,2.0,3.0,-15.0,33:29,14.6,0
4,101181,Jose Calderon,11.0,4.0,10.0,0.0,0.0,0.0,2.0,0.0,2.0,0.0,2.0,2.0,-30.0,21:43,4.8,0
5,2223,Samuel Dalembert,3.0,0.0,2.0,4.0,3.0,2.0,4.0,2.0,0.0,0.0,4.0,0.0,-1.0,12:19,4.2,0
6,1713,Vince Carter,7.0,3.0,11.0,1.0,1.0,0.0,1.0,3.0,1.0,1.0,3.0,2.0,-14.0,24:05,2.0,0
7,203109,Jae Crowder,0.0,0.0,3.0,0.0,0.0,1.0,6.0,0.0,2.0,0.0,1.0,0.0,19.0,22:48,1.4,0
8,203539,Gal Mekel,0.0,0.0,5.0,0.0,0.0,0.0,2.0,0.0,2.0,0.0,3.0,2.0,-2.0,10:35,-4.7,0
9,203108,Bernard James,7.0,2.0,6.0,3.0,3.0,2.0,4.0,1.0,0.0,1.0,3.0,0.0,4.0,22:00,6.7,0
10,203499,Shane Larkin,10.0,4.0,8.0,1.0,1.0,0.0,0.0,3.0,2.0,0.0,1.0,1.0,14.0,11:19,9.0,0
11,201961,Wayne Ellington,8.0,3.0,6.0,2.0,2.0,1.0,0.0,1.0,0.0,0.0,0.0,0.0,7.0,11:33,6.7,0
12,202682,Derrick Williams,31.0,12.0,16.0,6.0,4.0,1.0,4.0,5.0,0.0,0.0,2.0,2.0,22.0,35:13,27.9,1
13,201574,Jason Thompson,10.0,3.0,7.0,6.0,4.0,3.0,4.0,0.0,3.0,1.0,5.0,2.0,30.0,29:41,7.6,1
14,202326,DeMarcus Cousins,32.0,10.0,17.0,14.0,12.0,4.0,15.0,3.0,3.0,1.0,2.0,9.0,31.0,36:23,26.6,1
15,203463,Ben McLemore,3.0,1.0,7.0,0.0,0.0,1.0,3.0,0.0,3.0,0.0,5.0,0.0,19.0,33:58,0.2,1
16,202738,Isaiah Thomas,24.0,7.0,16.0,6.0,6.0,1.0,1.0,1.0,12.0,0.0,1.0,2.0,33.0,38:24,23.6,1
17,2566,Travis Outlaw,5.0,2.0,5.0,0.0,0.0,0.0,4.0,1.0,1.0,0.0,5.0,1.0,-2.0,18:32,2.2,1
18,201977,Marcus Thornton,1.0,0.0,4.0,2.0,1.0,0.0,7.0,0.0,0.0,1.0,0.0,2.0,-13.0,24:07,-1.4,1
19,202690,Jimmer Fredette,2.0,1.0,3.0,0.0,0.0,0.0,2.0,0.0,0.0,0.0,2.0,2.0,-18.0,9:36,-1.9,1
20,202380,Hamady Ndiaye,2.0,1.0,2.0,0.0,0.0,1.0,0.0,0.0,1.0,1.0,0.0,0.0,-21.0,8:50,3.1,1
21,203492,Ray McCallum,2.0,1.0,4.0,0.0,0.0,0.0,0.0,0.0,0.0,0.0,1.0,1.0,-6.0,5:16,-1.8,1
22,203112,Quincy Acy,,,,,,,,,,,,,,,0.0,1
23,200752,Rudy Gay,,,,,,,,,,,,,,,0.0,1
24,201189,Aaron Gray,,,,,,,,,,,,,,,0.0,1
