,id,name,PTS,FG,FGA,FTA,FT,OREB,DREB,STL,AST,BLK,PF,TO,PLUS_MINUS,MIN,GS,WIN
0,2399,Mike Dunleavy,6.0,1.0,6.0,4.0,3.0,0.0,3.0,1.0,4.0,2.0,1.0,2.0,-7.0,31:35,5.5,0
1,2430,Carlos Boozer,4.0,2.0,8.0,0.0,0.0,1.0,3.0,0.0,2.0,0.0,4.0,4.0,-3.0,21:34,-3.4,0
2,201149,Joakim Noah,14.0,5.0,9.0,8.0,4.0,7.0,9.0,1.0,5.0,1.0,5.0,4.0,-3.0,37:15,14.9,0
3,202710,Jimmy Butler,10.0,2.0,9.0,8.0,5.0,2.0,2.0,0.0,2.0,0.0,2.0,2.0,-16.0,43:09,3.9,0
4,201571,D.J. Augustin,23.0,8.0,17.0,6.0,6.0,0.0,2.0,0.0,7.0,0.0,2.0,2.0,0.0,39:46,17.0,0
5,201959,Taj Gibson,17.0,7.0,14.0,5.0,3.0,5.0,5.0,1.0,0.0,3.0,1.0,2.0,-8.0,30:21,14.9,0
6,2550,Kirk Hinrich,4.0,2.0,5.0,0.0,0.0,0.0,0.0,0.0,0.0,0.0,0.0,0.0,-10.0,18:28,1.3,0
7,1737,Nazr Mohammed,0.0,0.0,1.0,0.0,0.0,0.0,0.0,1.0,0.0,0.0,1.0,1.0,-4.0,6:50,-1.1,0
8,203503,Tony Snell,1.0,0.0,1.0,2.0,1.0,1.0,1.0,0.0,0.0,1.0,1.0,0.0,1.0,8:58,1.2,0
9,203129,Tornike Shengelia,0.0,0.0,0.0,0.0,0.0,0.0,1.0,0.0,0.0,0.0,0.0,0.0,5.0,2:04,0.3,0
10,203513,Erik Murphy,,,,,,,,,,,,,,,0.0,0
11,202329,Al-Farouq Aminu,7.0,3.0,4.0,0.0,0.0,1.0,3.0,1.0,2.0,0.0,2.0,1.0,4.0,28:13,7.6,1
12,203076,Anthony Davis,24.0,10.0,14.0,4.0,4.0,2.0,6.0,3.0,3.0,6.0,3.0,2.0,1.0,40:13,27.5,1
13,201582,Alexis Ajinca,8.0,4.0,4.0,0.0,0.0,3.0,0.0,0.0,0.0,3.0,5.0,3.0,14.0,18:06,6.0,1
14,201569,Eric Gordon,9.0,4.0,15.0,0.0,0.0,0.0,2.0,1.0,4.0,0.0,1.0,1.0,-1.0,31:28,3.1,1
15,203148,Brian Roberts,6.0,3.0,10.0,0.0,0.0,1.0,1.0,1.0,5.0,0.0,1.0,1.0,0.0,29:42,4.3,1
16,201880,Greg Stiemsma,5.0,2.0,3.0,2.0,1.0,1.0,2.0,1.0,0.0,2.0,5.0,0.0,-3.0,25:58,5.0,1
17,203085,Austin Rivers,7.0,3.0,6.0,0.0,0.0,0.0,1.0,0.0,1.0,1.0,2.0,1.0,9.0,18:18,3.9,1
18,201936,Tyreke Evans,11.0,4.0,15.0,3.0,3.0,0.0,3.0,1.0,6.0,0.0,3.0,2.0,8.0,23:00,5.0,1
19,201627,Anthony Morrow,7.0,3.0,6.0,1.0,0.0,1.0,1.0,0.0,1.0,1.0,1.0,0.0,7.0,13:19,5.6,1
20,203481,Jeff Withey,4.0,2.0,3.0,0.0,0.0,1.0,3.0,0.0,0.0,1.0,2.0,1.0,6.0,11:43,3.2,1
21,201950,Jrue Holiday,,,,,,,,,,,,,,,0.0,1
22,203121,Darius Miller,,,,,,,,,,,,,,,0.0,1
23,201160,Jason Smith,,,,,,,,,,,,,,,0.0,1
