,id,name,PTS,FG,FGA,FTA,FT,OREB,DREB,STL,AST,BLK,PF,TO,PLUS_MINUS,MIN,GS,WIN
0,2746,Josh Smith,17.0,6.0,19.0,5.0,4.0,2.0,4.0,1.0,3.0,3.0,1.0,2.0,8.0,41:33,11.1,1
1,202328,Greg Monroe,18.0,6.0,15.0,6.0,6.0,7.0,10.0,0.0,3.0,2.0,2.0,1.0,9.0,31:20,19.5,1
2,203083,Andre Drummond,24.0,8.0,13.0,14.0,8.0,7.0,12.0,2.0,0.0,3.0,3.0,2.0,17.0,37:37,25.1,1
3,203484,Kentavious Caldwell-Pope,8.0,3.0,6.0,2.0,0.0,2.0,1.0,0.0,1.0,1.0,1.0,1.0,7.0,27:54,5.9,1
4,201943,Brandon Jennings,17.0,4.0,16.0,8.0,7.0,0.0,2.0,3.0,11.0,1.0,1.0,6.0,15.0,41:38,12.6,1
5,202713,Kyle Singler,15.0,5.0,6.0,3.0,3.0,1.0,2.0,0.0,0.0,0.0,6.0,0.0,-9.0,20:37,11.7,1
6,201155,Rodney Stuckey,4.0,1.0,8.0,2.0,2.0,0.0,2.0,1.0,1.0,0.0,3.0,2.0,-1.0,25:06,-2.1,1
7,201973,Jonas Jerebko,2.0,0.0,1.0,2.0,2.0,1.0,1.0,0.0,2.0,1.0,1.0,0.0,-3.0,7:21,4.0,1
8,203491,Peyton Siva,0.0,0.0,0.0,0.0,0.0,0.0,0.0,0.0,0.0,0.0,3.0,1.0,-4.0,3:38,-2.2,1
9,202725,Josh Harrellson,0.0,0.0,2.0,0.0,0.0,1.0,0.0,0.0,0.0,0.0,0.0,0.0,-4.0,3:16,-0.7,1
10,203540,Gigi Datome,,,,,,,,,,,,,,,0.0,1
11,203502,Tony Mitchell,,,,,,,,,,,,,,,0.0,1
12,101111,Charlie Villanueva,,,,,,,,,,,,,,,0.0,1
13,203114,Khris Middleton,14.0,5.0,6.0,0.0,0.0,0.0,4.0,0.0,2.0,0.0,4.0,2.0,-15.0,20:21,10.8,0
14,202327,Ekpe Udoh,3.0,1.0,4.0,2.0,1.0,1.0,3.0,1.0,0.0,6.0,4.0,1.0,-4.0,21:44,4.4,0
15,203089,John Henson,12.0,5.0,14.0,2.0,2.0,4.0,5.0,2.0,2.0,3.0,4.0,3.0,-15.0,29:33,9.4,0
16,201564,O.J. Mayo,7.0,2.0,8.0,2.0,2.0,0.0,1.0,0.0,4.0,1.0,2.0,1.0,-17.0,23:22,4.2,0
17,202688,Brandon Knight,12.0,4.0,11.0,5.0,3.0,0.0,1.0,0.0,3.0,0.0,2.0,1.0,-19.0,19:36,5.7,0
18,2585,Zaza Pachulia,2.0,0.0,2.0,2.0,2.0,1.0,1.0,2.0,0.0,0.0,1.0,1.0,-1.0,6:12,2.2,0
19,101141,Ersan Ilyasova,22.0,8.0,19.0,5.0,4.0,7.0,3.0,1.0,1.0,0.0,5.0,4.0,9.0,36:33,13.0,0
20,2557,Luke Ridnour,10.0,4.0,10.0,2.0,2.0,1.0,2.0,3.0,8.0,0.0,2.0,2.0,12.0,28:24,11.7,0
21,203507,Giannis Antetokounmpo,6.0,3.0,5.0,1.0,0.0,0.0,6.0,1.0,4.0,3.0,3.0,0.0,8.0,27:39,9.8,0
22,202390,Gary Neal,8.0,3.0,11.0,1.0,1.0,1.0,1.0,0.0,0.0,0.0,0.0,1.0,10.0,24:38,1.5,0
23,203545,Miroslav Raduljica,2.0,1.0,1.0,0.0,0.0,0.0,1.0,0.0,1.0,0.0,2.0,1.0,-3.0,1:58,0.9,0
24,2406,Caron Butler,,,,,,,,,,,,,,,0.0,0
25,203489,Nate Wolters,,,,,,,,,,,,,,,0.0,0
