,id,name,PTS,FG,FGA,FTA,FT,OREB,DREB,STL,AST,BLK,PF,TO,PLUS_MINUS,MIN,GS,WIN
0,201960,DeMarre Carroll,8.0,3.0,4.0,0.0,0.0,1.0,3.0,1.0,2.0,1.0,4.0,2.0,-4.0,25:25,7.5,0
1,200794,Paul Millsap,25.0,9.0,20.0,0.0,0.0,3.0,7.0,0.0,2.0,1.0,6.0,3.0,-2.0,41:53,15.5,0
2,201143,Al Horford,21.0,8.0,13.0,4.0,4.0,3.0,8.0,1.0,3.0,1.0,3.0,2.0,-8.0,40:16,20.2,0
3,2594,Kyle Korver,15.0,5.0,9.0,0.0,0.0,0.0,4.0,2.0,1.0,0.0,4.0,2.0,4.0,39:58,11.0,0
4,201952,Jeff Teague,26.0,10.0,20.0,10.0,6.0,2.0,4.0,2.0,8.0,0.0,4.0,5.0,-7.0,38:07,18.0,0
5,101150,Lou Williams,9.0,3.0,9.0,2.0,2.0,0.0,0.0,0.0,5.0,0.0,0.0,1.0,4.0,33:45,6.4,0
6,202714,Shelvin Mack,3.0,1.0,5.0,2.0,1.0,0.0,0.0,1.0,7.0,0.0,1.0,2.0,-4.0,21:42,3.0,0
7,1882,Elton Brand,4.0,2.0,4.0,0.0,0.0,4.0,2.0,0.0,1.0,1.0,2.0,0.0,-5.0,8:30,6.0,0
8,203118,Mike Scott,8.0,3.0,6.0,1.0,1.0,0.0,2.0,0.0,0.0,0.0,0.0,0.0,1.0,10:58,5.6,0
9,203544,Pero Antic,0.0,0.0,1.0,0.0,0.0,0.0,3.0,0.0,0.0,0.0,2.0,1.0,11.0,4:26,-1.6,0
10,202970,Gustavo Ayon,,,,,,,,,,,,,,,0.0,0
11,203098,John Jenkins,,,,,,,,,,,,,,,0.0,0
12,203471,Dennis Schroder,,,,,,,,,,,,,,,0.0,0
13,2544,LeBron James,38.0,16.0,28.0,6.0,2.0,4.0,4.0,2.0,6.0,0.0,2.0,0.0,-4.0,45:38,32.6,1
14,2203,Shane Battier,0.0,0.0,1.0,0.0,0.0,1.0,1.0,1.0,1.0,0.0,0.0,1.0,-14.0,16:17,1.0,1
15,2547,Chris Bosh,11.0,5.0,10.0,1.0,1.0,2.0,2.0,2.0,0.0,4.0,2.0,2.0,-11.0,30:00,10.0,1
16,951,Ray Allen,19.0,7.0,10.0,5.0,4.0,1.0,5.0,0.0,1.0,0.0,1.0,2.0,-3.0,34:28,14.9,1
17,201596,Mario Chalmers,12.0,4.0,11.0,4.0,3.0,1.0,1.0,1.0,4.0,0.0,4.0,5.0,-4.0,35:28,3.7,1
18,1740,Rashard Lewis,6.0,3.0,5.0,0.0,0.0,0.0,0.0,0.0,1.0,0.0,1.0,1.0,9.0,18:36,3.0,1
19,202708,Norris Cole,5.0,2.0,8.0,0.0,0.0,0.0,2.0,2.0,3.0,0.0,2.0,1.0,8.0,20:35,3.1,1
20,2427,Roger Mason Jr.,8.0,3.0,7.0,0.0,0.0,0.0,4.0,0.0,1.0,0.0,2.0,0.0,9.0,18:32,5.4,1
21,2365,Chris Andersen,12.0,3.0,3.0,9.0,6.0,3.0,6.0,0.0,2.0,2.0,1.0,1.0,12.0,25:24,15.2,1
22,201563,Michael Beasley,10.0,3.0,8.0,4.0,3.0,1.0,6.0,0.0,1.0,0.0,4.0,0.0,8.0,20:02,6.8,1
23,201202,Joel Anthony,,,,,,,,,,,,,,,0.0,1
24,2617,Udonis Haslem,,,,,,,,,,,,,,,0.0,1
25,2592,James Jones,,,,,,,,,,,,,,,0.0,1
