,id,name,PTS,FG,FGA,FTA,FT,OREB,DREB,STL,AST,BLK,PF,TO,PLUS_MINUS,MIN,GS,WIN
0,2210,Richard Jefferson,15.0,4.0,6.0,5.0,4.0,0.0,2.0,1.0,3.0,0.0,1.0,2.0,-9.0,33:01,13.3,0
1,101107,Marvin Williams,15.0,5.0,11.0,3.0,3.0,0.0,8.0,1.0,0.0,1.0,3.0,2.0,-10.0,26:28,10.2,0
2,202324,Derrick Favors,4.0,1.0,5.0,2.0,2.0,4.0,5.0,0.0,1.0,2.0,6.0,3.0,-12.0,22:10,1.9,0
3,202330,Gordon Hayward,9.0,3.0,11.0,2.0,2.0,0.0,3.0,2.0,7.0,0.0,3.0,0.0,-8.0,31:44,9.1,0
4,203504,Trey Burke,12.0,4.0,14.0,3.0,3.0,0.0,2.0,1.0,6.0,0.0,2.0,6.0,-12.0,37:35,2.8,0
5,101249,John Lucas III,2.0,1.0,4.0,0.0,0.0,0.0,1.0,0.0,0.0,0.0,2.0,1.0,4.0,10:39,-1.9,0
6,202692,Alec Burks,8.0,3.0,6.0,3.0,2.0,0.0,3.0,0.0,5.0,0.0,2.0,2.0,1.0,22:32,6.2,0
7,202683,Enes Kanter,17.0,7.0,13.0,3.0,3.0,4.0,8.0,3.0,2.0,1.0,5.0,1.0,2.0,31:05,18.0,0
8,203197,Diante Garrett,2.0,1.0,2.0,0.0,0.0,0.0,1.0,0.0,0.0,0.0,0.0,1.0,0.0,8:43,0.3,0
9,202379,Jeremy Evans,6.0,3.0,4.0,0.0,0.0,0.0,4.0,1.0,0.0,0.0,3.0,1.0,4.0,16:03,4.4,0
10,2740,Andris Biedrins,,,,,,,,,,,,,,,0.0,0
11,203497,Rudy Gobert,,,,,,,,,,,,,,,0.0,0
12,201575,Brandon Rush,,,,,,,,,,,,,,,0.0,0
13,201162,Jared Dudley,4.0,1.0,4.0,2.0,2.0,1.0,2.0,0.0,1.0,0.0,1.0,0.0,14.0,27:22,3.2,1
14,201933,Blake Griffin,40.0,13.0,20.0,17.0,14.0,1.0,9.0,1.0,3.0,1.0,2.0,8.0,10.0,38:09,28.4,1
15,201599,DeAndre Jordan,4.0,2.0,3.0,1.0,0.0,2.0,10.0,2.0,2.0,2.0,2.0,1.0,10.0,36:42,9.7,1
16,2037,Jamal Crawford,13.0,4.0,16.0,4.0,3.0,0.0,0.0,2.0,1.0,0.0,0.0,0.0,12.0,32:53,5.7,1
17,101108,Chris Paul,21.0,8.0,16.0,6.0,5.0,2.0,8.0,5.0,9.0,0.0,3.0,2.0,5.0,37:08,24.5,1
18,1536,Stephen Jackson,0.0,0.0,1.0,0.0,0.0,1.0,1.0,0.0,1.0,0.0,1.0,0.0,5.0,13:50,0.6,1
19,2440,Matt Barnes,7.0,3.0,4.0,1.0,0.0,0.0,1.0,1.0,1.0,1.0,3.0,2.0,-6.0,20:52,4.5,1
20,201954,Darren Collison,7.0,3.0,7.0,1.0,1.0,0.0,1.0,2.0,2.0,0.0,1.0,0.0,-4.0,15:21,6.6,1
21,2584,Willie Green,2.0,1.0,5.0,0.0,0.0,0.0,1.0,1.0,0.0,0.0,1.0,0.0,3.0,10:52,-0.2,1
22,201957,Byron Mullens,0.0,0.0,1.0,0.0,0.0,0.0,1.0,0.0,0.0,0.0,2.0,0.0,-9.0,6:51,-1.2,1
23,203493,Reggie Bullock,,,,,,,,,,,,,,,0.0,1
24,200797,Ryan Hollins,,,,,,,,,,,,,,,0.0,1
25,1712,Antawn Jamison,,,,,,,,,,,,,,,0.0,1
