,id,name,PTS,FG,FGA,FTA,FT,OREB,DREB,STL,AST,BLK,PF,TO,PLUS_MINUS,MIN,GS,WIN
0,202695,Kawhi Leonard,13.0,4.0,6.0,4.0,4.0,0.0,6.0,2.0,3.0,1.0,2.0,1.0,10.0,32:59,15.2,1
1,1495,Tim Duncan,18.0,7.0,14.0,7.0,4.0,2.0,7.0,0.0,2.0,0.0,6.0,3.0,6.0,26:06,9.3,1
2,201965,Jeff Ayres,3.0,1.0,1.0,2.0,1.0,1.0,4.0,0.0,0.0,1.0,2.0,0.0,5.0,16:31,4.1,1
3,1938,Manu Ginobili,14.0,4.0,9.0,6.0,6.0,0.0,2.0,2.0,2.0,1.0,1.0,3.0,-2.0,24:37,10.6,1
4,2225,Tony Parker,27.0,9.0,15.0,10.0,9.0,0.0,3.0,1.0,6.0,0.0,3.0,2.0,17.0,36:16,22.6,1
5,201158,Marco Belinelli,12.0,5.0,11.0,0.0,0.0,0.0,2.0,1.0,2.0,0.0,1.0,1.0,14.0,30:11,7.9,1
6,2564,Boris Diaw,0.0,0.0,0.0,0.0,0.0,0.0,2.0,0.0,1.0,2.0,0.0,2.0,-5.0,22:20,0.7,1
7,202709,Cory Joseph,7.0,3.0,6.0,0.0,0.0,0.0,1.0,0.0,0.0,1.0,1.0,1.0,-4.0,15:01,3.6,1
8,203382,Aron Baynes,2.0,0.0,1.0,2.0,2.0,0.0,5.0,0.0,1.0,0.0,1.0,0.0,-11.0,8:44,3.1,1
9,201988,Patty Mills,0.0,0.0,1.0,0.0,0.0,0.0,1.0,0.0,1.0,0.0,1.0,0.0,-11.0,11:44,-0.1,1
10,2588,Matt Bonner,5.0,2.0,3.0,0.0,0.0,0.0,5.0,0.0,1.0,1.0,1.0,0.0,11.0,15:31,6.2,1
11,201986,Nando De Colo,,,,,,,,,,,,,,,0.0,1
12,201980,Danny Green,,,,,,,,,,,,,,,0.0,1
13,202329,Al-Farouq Aminu,8.0,3.0,10.0,2.0,2.0,2.0,11.0,0.0,1.0,0.0,2.0,2.0,-1.0,37:01,4.8,0
14,203076,Anthony Davis,22.0,9.0,18.0,5.0,4.0,6.0,5.0,3.0,2.0,2.0,3.0,3.0,-10.0,35:19,19.9,0
15,201160,Jason Smith,6.0,3.0,9.0,0.0,0.0,1.0,2.0,1.0,1.0,0.0,4.0,1.0,1.0,19:09,1.3,0
16,201569,Eric Gordon,12.0,4.0,14.0,5.0,3.0,0.0,0.0,2.0,3.0,0.0,3.0,1.0,-6.0,32:10,4.9,0
17,203148,Brian Roberts,19.0,7.0,12.0,3.0,2.0,0.0,4.0,0.0,4.0,0.0,4.0,2.0,-15.0,34:50,13.4,0
18,201582,Alexis Ajinca,7.0,3.0,6.0,2.0,1.0,0.0,4.0,0.0,0.0,2.0,0.0,0.0,-12.0,19:58,6.2,0
19,203121,Darius Miller,3.0,1.0,3.0,0.0,0.0,0.0,2.0,1.0,2.0,0.0,4.0,0.0,5.0,20:48,2.7,0
20,203085,Austin Rivers,11.0,5.0,11.0,0.0,0.0,0.0,2.0,0.0,5.0,0.0,1.0,0.0,-3.0,23:14,9.0,0
21,201627,Anthony Morrow,5.0,2.0,3.0,0.0,0.0,0.0,1.0,0.0,1.0,0.0,0.0,0.0,6.0,12:34,4.7,0
22,203481,Jeff Withey,2.0,1.0,1.0,0.0,0.0,0.0,1.0,0.0,0.0,0.0,2.0,0.0,5.0,4:57,1.2,0
23,201936,Tyreke Evans,,,,,,,,,,,,,,,0.0,0
24,201950,Jrue Holiday,,,,,,,,,,,,,,,0.0,0
25,201880,Greg Stiemsma,,,,,,,,,,,,,,,0.0,0
