,id,name,PTS,FG,FGA,FTA,FT,OREB,DREB,STL,AST,BLK,PF,TO,PLUS_MINUS,MIN,GS,WIN
0,201142,Kevin Durant,27.0,8.0,26.0,11.0,10.0,1.0,2.0,2.0,4.0,0.0,3.0,2.0,5.0,41:07,14.5,1
1,201586,Serge Ibaka,15.0,5.0,12.0,4.0,4.0,1.0,6.0,0.0,1.0,4.0,4.0,1.0,10.0,29:41,12.0,1
2,2570,Kendrick Perkins,6.0,3.0,3.0,0.0,0.0,1.0,3.0,0.0,0.0,1.0,2.0,0.0,7.0,21:47,6.6,1
3,200757,Thabo Sefolosha,3.0,1.0,3.0,0.0,0.0,0.0,1.0,2.0,2.0,0.0,4.0,0.0,13.0,23:38,3.4,1
4,201566,Russell Westbrook,30.0,12.0,24.0,8.0,6.0,3.0,8.0,2.0,6.0,0.0,2.0,1.0,15.0,33:08,26.1,1
5,2555,Nick Collison,2.0,1.0,1.0,0.0,0.0,2.0,2.0,0.0,1.0,0.0,2.0,1.0,7.0,12:15,2.6,1
6,203500,Steven Adams,7.0,2.0,2.0,5.0,3.0,2.0,5.0,1.0,0.0,1.0,3.0,0.0,5.0,19:34,9.0,1
7,202704,Reggie Jackson,9.0,3.0,8.0,2.0,1.0,0.0,3.0,0.0,2.0,1.0,0.0,1.0,-5.0,23:47,6.2,1
8,2406,Caron Butler,4.0,2.0,5.0,0.0,0.0,1.0,2.0,0.0,1.0,1.0,3.0,1.0,-19.0,19:53,1.8,1
9,965,Derek Fisher,4.0,1.0,6.0,2.0,2.0,0.0,1.0,1.0,1.0,0.0,1.0,1.0,-8.0,15:10,0.8,1
10,203103,Perry Jones III,,,,,,,,,,,,,,,0.0,1
11,203087,Jeremy Lamb,,,,,,,,,,,,,,,0.0,1
12,201934,Hasheem Thabeet,,,,,,,,,,,,,,,0.0,1
13,2440,Matt Barnes,7.0,3.0,9.0,0.0,0.0,2.0,5.0,0.0,3.0,2.0,3.0,2.0,-5.0,29:09,5.1,0
14,201933,Blake Griffin,30.0,11.0,23.0,11.0,8.0,5.0,7.0,0.0,1.0,0.0,4.0,3.0,-6.0,39:11,18.8,0
15,201599,DeAndre Jordan,10.0,4.0,6.0,8.0,2.0,5.0,7.0,1.0,0.0,3.0,2.0,1.0,-10.0,32:43,11.9,0
16,200755,JJ Redick,4.0,1.0,7.0,1.0,1.0,0.0,3.0,1.0,8.0,0.0,1.0,3.0,-9.0,27:20,3.6,0
17,101108,Chris Paul,25.0,8.0,17.0,9.0,6.0,1.0,4.0,2.0,8.0,0.0,4.0,4.0,-7.0,39:57,19.0,0
18,203493,Reggie Bullock,0.0,0.0,0.0,0.0,0.0,0.0,1.0,0.0,0.0,0.0,2.0,0.0,2.0,11:48,-0.5,0
19,201954,Darren Collison,12.0,4.0,11.0,3.0,3.0,0.0,3.0,0.0,3.0,0.0,1.0,2.0,3.0,29:07,6.5,0
20,201162,Jared Dudley,0.0,0.0,2.0,0.0,0.0,0.0,0.0,1.0,0.0,0.0,0.0,0.0,-3.0,7:03,-0.4,0
21,201175,Glen Davis,4.0,2.0,4.0,0.0,0.0,2.0,4.0,1.0,0.0,0.0,2.0,1.0,0.0,11:52,3.8,0
22,2045,Hedo Turkoglu,9.0,3.0,7.0,2.0,1.0,0.0,3.0,1.0,0.0,0.0,3.0,0.0,5.0,11:51,5.6,0
23,2037,Jamal Crawford,,,,,,,,,,,,,,,0.0,0
24,2584,Willie Green,,,,,,,,,,,,,,,0.0,0
25,200797,Ryan Hollins,,,,,,,,,,,,,,,0.0,0
