,id,name,PTS,FG,FGA,FTA,FT,OREB,DREB,STL,AST,BLK,PF,TO,PLUS_MINUS,MIN,GS,WIN
0,201587,Nicolas Batum,16.0,4.0,6.0,6.0,5.0,0.0,6.0,0.0,3.0,2.0,1.0,1.0,15.0,38:48,16.9,1
1,2748,Dorell Wright,12.0,3.0,5.0,6.0,4.0,0.0,4.0,1.0,2.0,1.0,3.0,1.0,16.0,27:01,11.0,1
2,201577,Robin Lopez,12.0,4.0,10.0,5.0,4.0,4.0,6.0,1.0,1.0,7.0,6.0,1.0,7.0,38:26,14.0,1
3,202083,Wesley Matthews,11.0,2.0,13.0,6.0,6.0,0.0,1.0,2.0,2.0,0.0,3.0,0.0,3.0,33:07,5.2,1
4,203081,Damian Lillard,31.0,8.0,21.0,13.0,11.0,0.0,7.0,1.0,9.0,1.0,1.0,3.0,18.0,37:12,25.4,1
5,203080,Thomas Robinson,2.0,1.0,5.0,0.0,0.0,2.0,3.0,0.0,0.0,1.0,2.0,1.0,-3.0,14:14,0.1,1
6,2590,Mo Williams,14.0,6.0,11.0,0.0,0.0,0.0,2.0,1.0,0.0,0.0,2.0,2.0,-9.0,25:50,7.5,1
7,201964,Victor Claver,2.0,0.0,3.0,2.0,2.0,0.0,5.0,1.0,0.0,0.0,2.0,1.0,-6.0,12:10,0.6,1
8,203468,CJ McCollum,0.0,0.0,0.0,0.0,0.0,1.0,0.0,1.0,0.0,0.0,1.0,1.0,-8.0,6:03,0.3,1
9,203115,Will Barton,0.0,0.0,2.0,0.0,0.0,0.0,0.0,0.0,0.0,0.0,0.0,2.0,-8.0,7:12,-3.4,1
10,200746,LaMarcus Aldridge,,,,,,,,,,,,,,,0.0,1
11,203459,Allen Crabbe,,,,,,,,,,,,,,,0.0,1
12,2248,Earl Watson,,,,,,,,,,,,,,,0.0,1
13,201163,Wilson Chandler,7.0,3.0,12.0,0.0,0.0,2.0,6.0,0.0,1.0,0.0,3.0,1.0,-23.0,25:57,1.5,0
14,202702,Kenneth Faried,11.0,4.0,10.0,4.0,3.0,2.0,4.0,0.0,3.0,0.0,2.0,1.0,-11.0,21:49,8.1,0
15,202389,Timofey Mozgov,14.0,5.0,8.0,4.0,4.0,3.0,3.0,0.0,1.0,2.0,3.0,1.0,-12.0,25:18,13.3,0
16,200751,Randy Foye,17.0,7.0,15.0,2.0,0.0,1.0,4.0,1.0,3.0,0.0,4.0,4.0,-3.0,41:03,7.9,0
17,201166,Aaron Brooks,14.0,7.0,15.0,0.0,0.0,2.0,3.0,0.0,6.0,0.0,2.0,2.0,-16.0,29:54,10.0,0
18,201581,JJ Hickson,16.0,6.0,16.0,6.0,4.0,15.0,10.0,1.0,1.0,1.0,4.0,4.0,6.0,29:52,16.7,0
19,203095,Evan Fournier,9.0,2.0,13.0,6.0,5.0,0.0,2.0,2.0,3.0,0.0,3.0,1.0,10.0,30:49,2.8,0
20,203113,Quincy Miller,2.0,1.0,8.0,0.0,0.0,2.0,2.0,1.0,1.0,1.0,1.0,0.0,15.0,23:20,0.8,0
21,202686,Jan Vesely,5.0,2.0,6.0,4.0,1.0,0.0,3.0,2.0,0.0,1.0,3.0,1.0,9.0,11:59,1.8,0
22,201589,Darrell Arthur,,,,,,,,,,,,,,,0.0,0
23,201951,Ty Lawson,,,,,,,,,,,,,,,0.0,0
24,201576,Anthony Randolph,,,,,,,,,,,,,,,0.0,0
25,101126,Nate Robinson,,,,,,,,,,,,,,,0.0,0
