,id,name,PTS,FG,FGA,FTA,FT,OREB,DREB,STL,AST,BLK,PF,TO,PLUS_MINUS,MIN,GS,WIN
0,200752,Rudy Gay,32.0,11.0,22.0,9.0,9.0,3.0,4.0,2.0,5.0,1.0,3.0,2.0,-3.0,40:38,27.3,0
1,202682,Derrick Williams,26.0,10.0,20.0,10.0,6.0,4.0,8.0,2.0,2.0,0.0,0.0,0.0,-3.0,39:31,23.0,0
2,201574,Jason Thompson,17.0,8.0,12.0,2.0,1.0,4.0,7.0,1.0,2.0,0.0,4.0,1.0,-14.0,29:04,16.1,0
3,203463,Ben McLemore,0.0,0.0,4.0,0.0,0.0,0.0,2.0,2.0,2.0,0.0,3.0,1.0,-5.0,29:39,-1.0,0
4,202738,Isaiah Thomas,26.0,10.0,16.0,5.0,4.0,0.0,1.0,1.0,8.0,2.0,2.0,5.0,-6.0,32:15,20.9,0
5,2501,Reggie Evans,8.0,3.0,7.0,4.0,2.0,4.0,5.0,3.0,2.0,0.0,1.0,1.0,10.0,18:56,10.8,0
6,203492,Ray McCallum,7.0,3.0,7.0,0.0,0.0,0.0,1.0,0.0,5.0,0.0,2.0,0.0,1.0,22:38,6.3,0
7,203112,Quincy Acy,2.0,1.0,3.0,0.0,0.0,0.0,0.0,0.0,1.0,0.0,1.0,1.0,3.0,13:37,-0.4,0
8,203111,Orlando Johnson,4.0,1.0,2.0,2.0,1.0,0.0,1.0,0.0,2.0,0.0,0.0,0.0,-3.0,13:42,4.3,0
9,202326,DeMarcus Cousins,,,,,,,,,,,,,,,0.0,0
10,201189,Aaron Gray,,,,,,,,,,,,,,,0.0,0
11,2566,Travis Outlaw,,,,,,,,,,,,,,,0.0,0
12,203145,Kent Bazemore,12.0,5.0,11.0,0.0,0.0,1.0,5.0,2.0,0.0,2.0,2.0,2.0,-6.0,26:52,9.1,1
13,202325,Wesley Johnson,12.0,5.0,10.0,0.0,0.0,1.0,11.0,1.0,3.0,3.0,4.0,0.0,11.0,36:29,14.6,1
14,2200,Pau Gasol,22.0,10.0,17.0,4.0,2.0,0.0,5.0,0.0,6.0,2.0,2.0,5.0,6.0,38:57,14.6,1
15,201975,Jodie Meeks,22.0,8.0,8.0,4.0,3.0,0.0,0.0,0.0,4.0,0.0,0.0,1.0,-1.0,33:04,21.0,1
16,203088,Kendall Marshall,0.0,0.0,2.0,0.0,0.0,0.0,1.0,0.0,10.0,0.0,4.0,4.0,-1.0,19:12,0.3,1
17,202705,MarShon Brooks,23.0,9.0,13.0,3.0,2.0,0.0,2.0,1.0,4.0,0.0,3.0,3.0,5.0,25:45,17.3,1
18,200770,Jordan Farmar,30.0,9.0,14.0,5.0,4.0,0.0,0.0,1.0,7.0,0.0,2.0,1.0,5.0,28:48,27.5,1
19,201941,Jordan Hill,0.0,0.0,1.0,0.0,0.0,0.0,1.0,0.0,0.0,0.0,2.0,0.0,-13.0,5:58,-1.2,1
20,2549,Chris Kaman,0.0,0.0,2.0,0.0,0.0,0.0,0.0,0.0,0.0,1.0,2.0,1.0,-10.0,3:52,-2.5,1
21,203527,Ryan Kelly,5.0,2.0,2.0,0.0,0.0,0.0,4.0,0.0,1.0,2.0,1.0,0.0,16.0,15:52,7.3,1
22,203135,Robert Sacre,0.0,0.0,0.0,0.0,0.0,0.0,0.0,0.0,0.0,1.0,3.0,0.0,8.0,5:11,-0.5,1
23,959,Steve Nash,,,,,,,,,,,,,,,0.0,1
24,201156,Nick Young,,,,,,,,,,,,,,,0.0,1
