,id,name,PTS,FG,FGA,FTA,FT,OREB,DREB,STL,AST,BLK,PF,TO,PLUS_MINUS,MIN,GS,WIN
0,203077,Michael Kidd-Gilchrist,8.0,2.0,4.0,10.0,4.0,3.0,3.0,0.0,1.0,2.0,4.0,1.0,10.0,26:40,6.1,1
1,201177,Josh McRoberts,4.0,2.0,3.0,0.0,0.0,1.0,5.0,0.0,2.0,0.0,2.0,1.0,6.0,31:54,4.5,1
2,2744,Al Jefferson,35.0,13.0,24.0,12.0,9.0,0.0,11.0,0.0,2.0,2.0,4.0,4.0,0.0,32:15,22.7,1
3,201945,Gerald Henderson,16.0,6.0,17.0,4.0,3.0,0.0,8.0,0.0,5.0,2.0,0.0,1.0,1.0,35:17,12.4,1
4,201196,Ramon Sessions,16.0,4.0,10.0,10.0,8.0,0.0,4.0,2.0,7.0,0.0,0.0,3.0,9.0,35:58,14.9,1
5,203469,Cody Zeller,4.0,0.0,4.0,4.0,4.0,2.0,4.0,1.0,0.0,0.0,2.0,1.0,-3.0,16:06,3.0,1
6,201604,Chris Douglas-Roberts,6.0,2.0,3.0,0.0,0.0,0.0,1.0,0.0,0.0,0.0,1.0,3.0,2.0,12:43,1.6,1
7,201229,Anthony Tolliver,3.0,1.0,4.0,0.0,0.0,0.0,1.0,1.0,0.0,0.0,0.0,0.0,-7.0,21:20,1.9,1
8,202687,Bismack Biyombo,4.0,1.0,4.0,2.0,2.0,1.0,8.0,0.0,0.0,1.0,2.0,1.0,3.0,15:45,3.6,1
9,2457,Jannero Pargo,5.0,2.0,5.0,0.0,0.0,0.0,1.0,1.0,1.0,0.0,1.0,1.0,-6.0,12:02,2.9,1
10,202399,Jeff Adrien,,,,,,,,,,,,,,,0.0,1
11,2732,Ben Gordon,,,,,,,,,,,,,,,0.0,1
12,202689,Kemba Walker,,,,,,,,,,,,,,,0.0,1
13,201163,Wilson Chandler,9.0,3.0,10.0,1.0,1.0,1.0,4.0,0.0,3.0,0.0,5.0,1.0,-1.0,31:39,4.2,0
14,202702,Kenneth Faried,6.0,3.0,11.0,0.0,0.0,2.0,4.0,0.0,0.0,1.0,2.0,1.0,-11.0,28:27,1.0,0
15,201581,JJ Hickson,7.0,3.0,8.0,2.0,1.0,1.0,4.0,0.0,2.0,1.0,4.0,1.0,-18.0,23:52,3.6,0
16,200751,Randy Foye,33.0,12.0,21.0,7.0,6.0,1.0,2.0,2.0,7.0,0.0,5.0,1.0,-4.0,40:17,27.9,0
17,101126,Nate Robinson,0.0,0.0,2.0,0.0,0.0,0.0,0.0,0.0,0.0,0.0,1.0,0.0,-11.0,6:16,-1.8,0
18,203113,Quincy Miller,2.0,1.0,5.0,0.0,0.0,1.0,2.0,0.0,1.0,0.0,0.0,2.0,-11.0,13:24,-1.1,0
19,202389,Timofey Mozgov,15.0,6.0,10.0,3.0,3.0,2.0,12.0,1.0,1.0,0.0,3.0,2.0,17.0,26:36,13.9,0
20,203095,Evan Fournier,19.0,8.0,21.0,0.0,0.0,1.0,4.0,3.0,6.0,0.0,4.0,2.0,10.0,38:23,13.0,0
21,201589,Darrell Arthur,7.0,3.0,9.0,0.0,0.0,0.0,1.0,0.0,0.0,0.0,1.0,0.0,6.0,17:05,1.8,0
22,202706,Jordan Hamilton,0.0,0.0,3.0,0.0,0.0,0.0,1.0,0.0,0.0,0.0,3.0,1.0,8.0,14:01,-4.0,0
23,201951,Ty Lawson,,,,,,,,,,,,,,,0.0,0
24,1889,Andre Miller,,,,,,,,,,,,,,,0.0,0
25,201576,Anthony Randolph,,,,,,,,,,,,,,,0.0,0
