,id,name,PTS,FG,FGA,FTA,FT,OREB,DREB,STL,AST,BLK,PF,TO,PLUS_MINUS,MIN,GS,WIN
0,1890,Shawn Marion,18.0,7.0,8.0,2.0,2.0,0.0,3.0,1.0,1.0,0.0,2.0,1.0,-14.0,34:46,16.0,1
1,1717,Dirk Nowitzki,17.0,8.0,20.0,2.0,1.0,1.0,9.0,0.0,1.0,0.0,2.0,0.0,19.0,35:00,9.1,1
2,2223,Samuel Dalembert,1.0,0.0,0.0,2.0,1.0,1.0,2.0,0.0,1.0,2.0,1.0,2.0,1.0,14:04,1.6,1
3,101145,Monta Ellis,22.0,8.0,16.0,10.0,6.0,0.0,3.0,2.0,8.0,0.0,4.0,3.0,-3.0,36:17,16.3,1
4,101181,Jose Calderon,11.0,4.0,8.0,2.0,2.0,1.0,0.0,0.0,6.0,0.0,2.0,1.0,-5.0,27:56,10.1,1
5,1713,Vince Carter,5.0,1.0,9.0,3.0,3.0,0.0,4.0,1.0,2.0,0.0,3.0,0.0,5.0,20:34,1.5,1
6,201971,DeJuan Blair,13.0,5.0,7.0,3.0,3.0,3.0,2.0,0.0,0.0,0.0,6.0,0.0,-8.0,20:45,10.4,1
7,203499,Shane Larkin,3.0,1.0,3.0,0.0,0.0,0.0,2.0,2.0,1.0,1.0,2.0,0.0,14.0,18:06,4.5,1
8,2734,Devin Harris,2.0,1.0,7.0,0.0,0.0,0.0,3.0,0.0,0.0,0.0,1.0,0.0,6.0,13:59,-2.0,1
9,203109,Jae Crowder,0.0,0.0,0.0,0.0,0.0,0.0,1.0,1.0,1.0,0.0,1.0,0.0,2.0,5:35,1.6,1
10,201148,Brandan Wright,10.0,3.0,5.0,4.0,4.0,2.0,2.0,0.0,1.0,0.0,1.0,1.0,8.0,13:00,9.0,1
11,201961,Wayne Ellington,,,,,,,,,,,,,,,0.0,1
12,203108,Bernard James,,,,,,,,,,,,,,,0.0,1
13,2736,Luol Deng,20.0,5.0,8.0,9.0,8.0,0.0,2.0,1.0,3.0,0.0,3.0,2.0,1.0,35:14,16.5,0
14,202684,Tristan Thompson,19.0,6.0,11.0,10.0,7.0,8.0,2.0,0.0,0.0,1.0,4.0,2.0,10.0,39:23,15.8,0
15,2760,Anderson Varejao,18.0,7.0,12.0,6.0,4.0,4.0,17.0,2.0,4.0,0.0,5.0,1.0,12.0,37:55,21.3,0
16,101139,CJ Miles,6.0,2.0,7.0,2.0,2.0,0.0,0.0,0.0,3.0,0.0,3.0,1.0,-3.0,26:39,1.8,0
17,202681,Kyrie Irving,26.0,10.0,27.0,4.0,4.0,0.0,2.0,2.0,9.0,0.0,4.0,4.0,10.0,40:11,14.4,0
18,203079,Dion Waiters,0.0,0.0,4.0,0.0,0.0,0.0,2.0,0.0,0.0,0.0,1.0,1.0,-10.0,16:44,-3.6,0
19,203092,Tyler Zeller,0.0,0.0,0.0,0.0,0.0,1.0,3.0,0.0,0.0,0.0,1.0,0.0,-11.0,9:26,1.2,0
20,201947,Earl Clark,2.0,1.0,6.0,0.0,0.0,1.0,2.0,0.0,0.0,0.0,2.0,0.0,-17.0,8:57,-1.3,0
21,101127,Jarrett Jack,6.0,2.0,4.0,2.0,1.0,0.0,2.0,0.0,2.0,0.0,1.0,2.0,-7.0,21:31,3.2,0
22,203521,Matthew Dellavedova,0.0,0.0,2.0,0.0,0.0,0.0,0.0,0.0,0.0,0.0,0.0,0.0,-10.0,4:00,-1.4,0
23,203461,Anthony Bennett,,,,,,,,,,,,,,,0.0,0
24,202087,Alonzo Gee,,,,,,,,,,,,,,,0.0,0
25,203156,Henry Sims,,,,,,,,,,,,,,,0.0,0
