,id,name,PTS,FG,FGA,FTA,FT,OREB,DREB,STL,AST,BLK,PF,TO,PLUS_MINUS,MIN,GS,WIN
0,1890,Shawn Marion,4.0,2.0,6.0,0.0,0.0,1.0,5.0,0.0,2.0,0.0,3.0,1.0,-2.0,34:07,2.0,1
1,1717,Dirk Nowitzki,31.0,12.0,14.0,3.0,3.0,0.0,8.0,0.0,0.0,0.0,1.0,2.0,22.0,33:19,26.0,1
2,2223,Samuel Dalembert,4.0,2.0,3.0,0.0,0.0,0.0,4.0,0.0,1.0,1.0,5.0,3.0,-1.0,15:29,0.3,1
3,101145,Monta Ellis,16.0,6.0,15.0,4.0,3.0,1.0,6.0,1.0,11.0,0.0,1.0,4.0,1.0,35:48,14.3,1
4,101181,Jose Calderon,10.0,3.0,8.0,2.0,2.0,0.0,1.0,0.0,5.0,0.0,1.0,0.0,1.0,31:50,9.0,1
5,1713,Vince Carter,8.0,3.0,9.0,0.0,0.0,1.0,2.0,0.0,3.0,0.0,3.0,0.0,-11.0,24:13,5.1,1
6,201971,DeJuan Blair,4.0,1.0,2.0,2.0,2.0,1.0,3.0,0.0,0.0,0.0,1.0,0.0,-1.0,10:08,4.2,1
7,2734,Devin Harris,12.0,5.0,9.0,1.0,1.0,0.0,3.0,0.0,3.0,0.0,2.0,3.0,10.0,19:39,6.9,1
8,201961,Wayne Ellington,11.0,4.0,5.0,0.0,0.0,1.0,1.0,0.0,1.0,0.0,2.0,0.0,9.0,12:53,10.0,1
9,201148,Brandan Wright,8.0,4.0,7.0,0.0,0.0,0.0,1.0,1.0,0.0,1.0,2.0,0.0,6.0,15:07,5.9,1
10,203108,Bernard James,0.0,0.0,1.0,0.0,0.0,0.0,0.0,0.0,0.0,0.0,2.0,0.0,1.0,7:27,-1.5,1
11,203499,Shane Larkin,,,,,,,,,,,,,,,0.0,1
12,203539,Gal Mekel,,,,,,,,,,,,,,,0.0,1
13,2210,Richard Jefferson,12.0,4.0,12.0,4.0,3.0,0.0,3.0,0.0,1.0,0.0,0.0,2.0,-9.0,29:26,4.4,0
14,101107,Marvin Williams,2.0,1.0,4.0,0.0,0.0,0.0,1.0,1.0,0.0,0.0,1.0,1.0,-7.0,21:55,-0.5,0
15,202324,Derrick Favors,15.0,6.0,8.0,4.0,3.0,4.0,1.0,1.0,1.0,1.0,4.0,1.0,0.0,27:57,14.3,0
16,202330,Gordon Hayward,8.0,3.0,7.0,2.0,1.0,0.0,6.0,0.0,6.0,0.0,3.0,3.0,-2.0,34:48,5.7,0
17,203504,Trey Burke,20.0,8.0,18.0,1.0,1.0,0.0,1.0,0.0,6.0,0.0,0.0,0.0,-4.0,35:23,15.1,0
18,202379,Jeremy Evans,9.0,4.0,7.0,1.0,1.0,2.0,4.0,0.0,1.0,0.0,3.0,1.0,1.0,18:04,6.8,0
19,202692,Alec Burks,13.0,4.0,12.0,6.0,5.0,0.0,4.0,3.0,8.0,0.0,2.0,2.0,-3.0,31:46,12.8,0
20,202683,Enes Kanter,18.0,8.0,13.0,3.0,2.0,5.0,6.0,0.0,0.0,1.0,2.0,0.0,-8.0,28:04,16.9,0
21,203197,Diante Garrett,4.0,2.0,4.0,0.0,0.0,0.0,3.0,1.0,0.0,0.0,3.0,1.0,-3.0,12:37,1.7,0
22,203546,Ian Clark,,,,,,,,,,,,,,,0.0,0
23,203497,Rudy Gobert,,,,,,,,,,,,,,,0.0,0
24,201575,Brandon Rush,,,,,,,,,,,,,,,0.0,0
25,202952,Malcolm Thomas,,,,,,,,,,,,,,,0.0,0
