,id,name,PTS,FG,FGA,FTA,FT,OREB,DREB,STL,AST,BLK,PF,TO,PLUS_MINUS,MIN,GS,WIN
0,200782,P.J. Tucker,6.0,1.0,6.0,4.0,4.0,1.0,3.0,0.0,2.0,0.0,2.0,1.0,6.0,36:41,3.4,1
1,101112,Channing Frye,13.0,5.0,7.0,0.0,0.0,1.0,1.0,0.0,1.0,1.0,4.0,0.0,-9.0,22:25,10.9,1
2,203101,Miles Plumlee,15.0,6.0,9.0,4.0,3.0,2.0,8.0,0.0,2.0,1.0,3.0,0.0,24.0,32:45,15.4,1
3,101123,Gerald Green,13.0,5.0,11.0,0.0,0.0,0.0,1.0,0.0,1.0,0.0,0.0,1.0,-5.0,29:01,7.3,1
4,201609,Goran Dragic,19.0,7.0,12.0,5.0,5.0,0.0,3.0,0.0,9.0,2.0,1.0,2.0,19.0,38:57,19.6,1
5,202693,Markieff Morris,23.0,8.0,13.0,6.0,6.0,1.0,2.0,1.0,0.0,1.0,3.0,2.0,11.0,28:28,16.9,1
6,202339,Eric Bledsoe,19.0,7.0,11.0,6.0,4.0,1.0,5.0,3.0,2.0,0.0,2.0,2.0,10.0,28:15,17.1,1
7,202694,Marcus Morris Sr.,4.0,2.0,5.0,0.0,0.0,0.0,0.0,0.0,1.0,0.0,1.0,0.0,8.0,17:18,1.6,1
8,203462,Archie Goodwin,0.0,0.0,1.0,0.0,0.0,0.0,1.0,0.0,0.0,0.0,1.0,0.0,-3.0,4:11,-0.8,1
9,202091,Dionte Christmas,0.0,0.0,0.0,0.0,0.0,0.0,0.0,0.0,0.0,0.0,0.0,0.0,-6.0,1:59,0.0,1
10,203139,Viacheslav Kravtsov,,,,,,,,,,,,,,,0.0,1
11,203458,Alex Len,,,,,,,,,,,,,,,0.0,1
12,202397,Ish Smith,,,,,,,,,,,,,,,0.0,1
13,2210,Richard Jefferson,6.0,2.0,5.0,2.0,2.0,1.0,1.0,0.0,3.0,0.0,1.0,2.0,-13.0,23:29,4.0,0
14,101107,Marvin Williams,18.0,7.0,11.0,2.0,2.0,2.0,5.0,0.0,2.0,0.0,0.0,0.0,-8.0,27:40,17.4,0
15,202324,Derrick Favors,15.0,6.0,8.0,4.0,3.0,1.0,3.0,0.0,2.0,0.0,0.0,2.0,-20.0,25:10,12.4,0
16,202330,Gordon Hayward,11.0,4.0,10.0,3.0,3.0,2.0,5.0,1.0,6.0,0.0,2.0,2.0,-4.0,34:24,10.9,0
17,203504,Trey Burke,13.0,6.0,14.0,0.0,0.0,0.0,1.0,1.0,3.0,0.0,2.0,0.0,-7.0,25:25,8.2,0
18,101249,John Lucas III,6.0,2.0,6.0,0.0,0.0,0.0,0.0,1.0,1.0,0.0,1.0,0.0,-9.0,16:39,3.9,0
19,201575,Brandon Rush,0.0,0.0,2.0,0.0,0.0,0.0,1.0,0.0,2.0,0.0,0.0,1.0,-4.0,12:31,-0.7,0
20,202683,Enes Kanter,6.0,3.0,7.0,0.0,0.0,2.0,2.0,0.0,0.0,0.0,5.0,2.0,3.0,18:41,0.3,0
21,202379,Jeremy Evans,10.0,5.0,8.0,2.0,0.0,3.0,4.0,2.0,1.0,1.0,4.0,1.0,2.0,26:16,9.7,0
22,202692,Alec Burks,16.0,5.0,12.0,7.0,6.0,2.0,3.0,0.0,0.0,0.0,2.0,1.0,-3.0,24:06,9.7,0
23,2740,Andris Biedrins,0.0,0.0,0.0,0.0,0.0,0.0,0.0,0.0,0.0,0.0,1.0,0.0,6.0,4:09,-0.4,0
24,203197,Diante Garrett,0.0,0.0,0.0,0.0,0.0,0.0,1.0,0.0,1.0,0.0,0.0,0.0,2.0,1:30,1.0,0
25,203497,Rudy Gobert,,,,,,,,,,,,,,,0.0,0
