,id,name,PTS,FG,FGA,FTA,FT,OREB,DREB,STL,AST,BLK,PF,TO,PLUS_MINUS,MIN,GS,WIN
0,2772,Trevor Ariza,27.0,9.0,18.0,4.0,4.0,2.0,6.0,1.0,2.0,0.0,3.0,2.0,10.0,35:19,20.4,1
1,202344,Trevor Booker,0.0,0.0,2.0,0.0,0.0,1.0,2.0,0.0,1.0,0.0,2.0,0.0,-6.0,13:59,-0.2,1
2,101162,Marcin Gortat,13.0,6.0,9.0,2.0,1.0,3.0,8.0,0.0,2.0,4.0,1.0,2.0,19.0,34:40,15.0,1
3,203078,Bradley Beal,9.0,3.0,12.0,2.0,2.0,0.0,3.0,1.0,3.0,0.0,0.0,1.0,11.0,28:00,4.8,1
4,202322,John Wall,20.0,8.0,18.0,4.0,3.0,0.0,3.0,6.0,9.0,1.0,4.0,1.0,16.0,36:29,21.5,1
5,101110,Martell Webster,5.0,2.0,4.0,2.0,0.0,0.0,1.0,0.0,0.0,0.0,2.0,1.0,-8.0,21:11,0.7,1
6,2403,Nene,13.0,4.0,6.0,6.0,5.0,1.0,7.0,2.0,5.0,1.0,3.0,0.0,-3.0,22:32,17.8,1
7,202338,Kevin Seraphin,13.0,6.0,9.0,2.0,1.0,3.0,3.0,0.0,1.0,1.0,3.0,3.0,6.0,24:30,8.9,1
8,203490,Otto Porter Jr.,4.0,2.0,4.0,0.0,0.0,0.0,1.0,0.0,0.0,0.0,0.0,0.0,-1.0,11:49,2.3,1
9,202066,Garrett Temple,2.0,1.0,5.0,0.0,0.0,2.0,1.0,0.0,1.0,0.0,1.0,1.0,-9.0,11:31,-0.1,1
10,201953,Eric Maynor,,,,,,,,,,,,,,,0.0,1
11,202698,Chris Singleton,,,,,,,,,,,,,,,0.0,1
12,202686,Jan Vesely,,,,,,,,,,,,,,,0.0,1
13,201145,Jeff Green,13.0,4.0,13.0,7.0,5.0,0.0,2.0,1.0,1.0,1.0,2.0,2.0,-10.0,34:01,4.9,0
14,101138,Brandon Bass,11.0,4.0,9.0,4.0,3.0,1.0,10.0,1.0,4.0,1.0,2.0,1.0,-10.0,35:16,12.3,0
15,203096,Jared Sullinger,22.0,9.0,18.0,4.0,3.0,5.0,6.0,1.0,1.0,0.0,3.0,1.0,-7.0,30:32,17.4,0
16,202340,Avery Bradley,26.0,12.0,18.0,2.0,0.0,2.0,3.0,1.0,0.0,0.0,1.0,2.0,-7.0,37:48,18.3,0
17,202348,Jordan Crawford,11.0,5.0,11.0,0.0,0.0,1.0,2.0,0.0,8.0,0.0,1.0,5.0,-4.0,33:15,6.8,0
18,2743,Kris Humphries,8.0,4.0,6.0,1.0,0.0,1.0,4.0,0.0,3.0,0.0,2.0,1.0,0.0,16:14,7.2,0
19,2222,Gerald Wallace,6.0,3.0,5.0,0.0,0.0,0.0,2.0,0.0,2.0,0.0,1.0,0.0,-1.0,17:36,5.3,0
20,201584,Courtney Lee,0.0,0.0,3.0,0.0,0.0,0.0,0.0,0.0,0.0,0.0,0.0,0.0,0.0,7:40,-2.1,0
21,203482,Kelly Olynyk,0.0,0.0,3.0,0.0,0.0,1.0,0.0,0.0,1.0,0.0,1.0,0.0,1.0,6:27,-1.1,0
22,203515,Phil Pressey,0.0,0.0,0.0,0.0,0.0,0.0,0.0,1.0,5.0,0.0,0.0,0.0,-1.0,13:46,4.5,0
23,203543,Vitor Faverani,2.0,1.0,1.0,0.0,0.0,0.0,0.0,0.0,0.0,0.0,1.0,0.0,4.0,7:25,1.3,0
24,2586,Keith Bogans,,,,,,,,,,,,,,,0.0,0
25,202705,MarShon Brooks,,,,,,,,,,,,,,,0.0,0
