,id,name,PTS,FG,FGA,FTA,FT,OREB,DREB,STL,AST,BLK,PF,TO,PLUS_MINUS,MIN,GS,WIN
0,201163,Wilson Chandler,5.0,2.0,6.0,0.0,0.0,0.0,2.0,2.0,3.0,0.0,3.0,0.0,-1.0,30:22,5.1,1
1,202702,Kenneth Faried,12.0,5.0,10.0,2.0,2.0,6.0,6.0,0.0,3.0,0.0,2.0,2.0,-11.0,20:04,12.3,1
2,201581,JJ Hickson,3.0,1.0,2.0,2.0,1.0,0.0,2.0,0.0,0.0,2.0,2.0,2.0,-10.0,17:29,0.8,1
3,200751,Randy Foye,4.0,1.0,7.0,2.0,2.0,0.0,1.0,1.0,1.0,0.0,3.0,2.0,-15.0,18:58,-1.7,1
4,201951,Ty Lawson,16.0,6.0,13.0,4.0,3.0,0.0,4.0,1.0,6.0,0.0,2.0,5.0,1.0,29:03,9.5,1
5,202389,Timofey Mozgov,16.0,6.0,12.0,6.0,4.0,7.0,8.0,2.0,1.0,2.0,1.0,2.0,26.0,31:15,18.2,1
6,201589,Darrell Arthur,14.0,7.0,7.0,0.0,0.0,0.0,3.0,3.0,2.0,1.0,1.0,0.0,15.0,22:38,17.5,1
7,101126,Nate Robinson,23.0,9.0,14.0,1.0,0.0,1.0,0.0,0.0,5.0,0.0,4.0,1.0,21.0,23:31,18.0,1
8,1889,Andre Miller,9.0,4.0,7.0,0.0,0.0,0.0,4.0,1.0,7.0,0.0,2.0,0.0,23.0,23:06,12.0,1
9,202706,Jordan Hamilton,10.0,3.0,8.0,2.0,2.0,0.0,3.0,0.0,1.0,1.0,2.0,1.0,15.0,17:38,6.1,1
10,203095,Evan Fournier,0.0,0.0,1.0,0.0,0.0,0.0,0.0,0.0,0.0,0.0,0.0,0.0,6.0,5:56,-0.7,1
11,203113,Quincy Miller,,,,,,,,,,,,,,,0.0,1
12,201576,Anthony Randolph,,,,,,,,,,,,,,,0.0,1
13,200752,Rudy Gay,23.0,10.0,23.0,4.0,3.0,2.0,7.0,3.0,3.0,2.0,1.0,2.0,0.0,38:18,18.1,0
14,201946,Tyler Hansbrough,7.0,2.0,4.0,4.0,3.0,2.0,3.0,0.0,1.0,0.0,4.0,1.0,-5.0,34:02,5.0,0
15,202685,Jonas Valanciunas,18.0,8.0,16.0,4.0,2.0,8.0,3.0,0.0,0.0,3.0,4.0,1.0,5.0,36:42,15.2,0
16,201942,DeMar DeRozan,17.0,5.0,14.0,8.0,6.0,1.0,6.0,1.0,4.0,1.0,3.0,3.0,-9.0,35:27,11.2,0
17,200768,Kyle Lowry,17.0,5.0,15.0,4.0,4.0,0.0,3.0,2.0,7.0,0.0,3.0,5.0,-13.0,38:40,10.1,0
18,101161,Amir Johnson,0.0,0.0,1.0,0.0,0.0,0.0,3.0,0.0,0.0,0.0,3.0,1.0,-16.0,14:26,-2.0,0
19,203082,Terrence Ross,10.0,3.0,8.0,2.0,2.0,1.0,0.0,0.0,0.0,0.0,2.0,0.0,-19.0,21:26,5.5,0
20,200779,Steve Novak,6.0,2.0,4.0,0.0,0.0,0.0,1.0,1.0,1.0,0.0,0.0,0.0,-12.0,11:39,6.0,0
21,202933,Julyan Stone,0.0,0.0,2.0,0.0,0.0,0.0,2.0,1.0,2.0,0.0,0.0,0.0,-1.0,9:20,1.6,0
22,203112,Quincy Acy,,,,,,,,,,,,,,,0.0,0
23,201571,D.J. Augustin,,,,,,,,,,,,,,,0.0,0
24,202779,Dwight Buycks,,,,,,,,,,,,,,,0.0,0
25,202361,Landry Fields,,,,,,,,,,,,,,,0.0,0
