,id,name,PTS,FG,FGA,FTA,FT,OREB,DREB,STL,AST,BLK,PF,TO,PLUS_MINUS,MIN,GS,WIN
0,201142,Kevin Durant,38.0,13.0,27.0,10.0,10.0,0.0,4.0,1.0,1.0,0.0,1.0,1.0,3.0,42:02,25.8,0
1,201586,Serge Ibaka,11.0,4.0,11.0,2.0,2.0,3.0,3.0,3.0,1.0,3.0,5.0,1.0,2.0,31:57,10.7,0
2,2570,Kendrick Perkins,2.0,1.0,3.0,0.0,0.0,1.0,7.0,1.0,1.0,0.0,2.0,1.0,-15.0,22:38,3.0,0
3,200757,Thabo Sefolosha,0.0,0.0,1.0,0.0,0.0,0.0,1.0,0.0,4.0,0.0,5.0,0.0,2.0,20:45,0.4,0
4,201566,Russell Westbrook,21.0,7.0,23.0,5.0,4.0,4.0,5.0,1.0,7.0,0.0,2.0,4.0,4.0,33:03,12.7,0
5,2406,Caron Butler,13.0,6.0,10.0,0.0,0.0,0.0,1.0,3.0,0.0,0.0,3.0,0.0,4.0,30:08,10.5,0
6,203500,Steven Adams,4.0,2.0,3.0,0.0,0.0,0.0,1.0,2.0,0.0,0.0,3.0,0.0,-5.0,13:06,3.8,0
7,202704,Reggie Jackson,8.0,3.0,4.0,2.0,2.0,0.0,0.0,0.0,3.0,0.0,2.0,2.0,-9.0,14:57,5.7,0
8,2555,Nick Collison,0.0,0.0,1.0,0.0,0.0,0.0,2.0,0.0,3.0,1.0,1.0,0.0,-7.0,16:03,2.3,0
9,965,Derek Fisher,0.0,0.0,1.0,0.0,0.0,0.0,0.0,1.0,1.0,0.0,0.0,0.0,-4.0,15:21,1.0,0
10,203103,Perry Jones III,,,,,,,,,,,,,,,0.0,0
11,203087,Jeremy Lamb,,,,,,,,,,,,,,,0.0,0
12,201934,Hasheem Thabeet,,,,,,,,,,,,,,,0.0,0
13,202331,Paul George,20.0,6.0,17.0,5.0,5.0,2.0,10.0,0.0,2.0,0.0,3.0,1.0,-2.0,35:42,14.1,1
14,2561,David West,21.0,9.0,11.0,4.0,3.0,2.0,4.0,0.0,1.0,1.0,4.0,3.0,4.0,33:01,15.9,1
15,201579,Roy Hibbert,0.0,0.0,9.0,0.0,0.0,2.0,4.0,1.0,0.0,1.0,2.0,2.0,7.0,27:11,-4.8,1
16,202362,Lance Stephenson,17.0,7.0,10.0,2.0,1.0,1.0,9.0,0.0,11.0,1.0,3.0,4.0,6.0,41:20,19.0,1
17,201588,George Hill,3.0,1.0,3.0,2.0,1.0,0.0,0.0,0.0,2.0,0.0,4.0,0.0,-4.0,23:11,0.7,1
18,201228,C.J. Watson,20.0,6.0,10.0,6.0,4.0,0.0,3.0,1.0,1.0,0.0,0.0,3.0,9.0,25:04,14.2,1
19,101133,Ian Mahinmi,11.0,4.0,4.0,4.0,3.0,3.0,2.0,0.0,1.0,1.0,2.0,1.0,-2.0,20:34,11.7,1
20,202323,Evan Turner,0.0,0.0,1.0,0.0,0.0,0.0,2.0,1.0,4.0,0.0,2.0,4.0,6.0,18:58,-1.1,1
21,2449,Luis Scola,10.0,5.0,7.0,0.0,0.0,0.0,2.0,0.0,1.0,0.0,1.0,3.0,1.0,14:59,5.0,1
22,202730,Lavoy Allen,,,,,,,,,,,,,,,0.0,1
23,2446,Rasual Butler,,,,,,,,,,,,,,,0.0,1
24,203142,Chris Copeland,,,,,,,,,,,,,,,0.0,1
25,202388,Donald Sloan,,,,,,,,,,,,,,,0.0,1
