,id,name,PTS,FG,FGA,FTA,FT,OREB,DREB,STL,AST,BLK,PF,TO,PLUS_MINUS,MIN,GS,WIN
0,203138,Hollis Thompson,5.0,2.0,6.0,0.0,0.0,0.0,2.0,0.0,1.0,0.0,2.0,0.0,3.0,23:17,2.1,0
1,201152,Thaddeus Young,18.0,8.0,22.0,2.0,1.0,4.0,5.0,2.0,5.0,0.0,5.0,2.0,-11.0,40:00,11.2,0
2,203156,Henry Sims,10.0,4.0,4.0,2.0,2.0,2.0,1.0,1.0,3.0,1.0,4.0,2.0,-1.0,20:13,10.7,0
3,202341,James Anderson,17.0,7.0,12.0,0.0,0.0,0.0,2.0,1.0,3.0,0.0,3.0,1.0,-8.0,34:52,12.9,0
4,203487,Michael Carter-Williams,23.0,8.0,12.0,9.0,6.0,2.0,11.0,2.0,10.0,0.0,4.0,4.0,0.0,36:42,24.7,0
5,203100,Tony Wroten,23.0,8.0,18.0,8.0,7.0,2.0,3.0,0.0,3.0,0.0,1.0,5.0,-15.0,28:36,12.2,0
6,202363,Jarvis Varnado,4.0,1.0,2.0,4.0,2.0,2.0,0.0,0.0,0.0,0.0,1.0,1.0,-16.0,14:44,2.2,0
7,202343,Elliot Williams,2.0,1.0,3.0,0.0,0.0,0.0,1.0,1.0,0.0,0.0,1.0,0.0,-13.0,15:22,1.2,0
8,201953,Eric Maynor,0.0,0.0,0.0,0.0,0.0,0.0,1.0,1.0,1.0,0.0,1.0,1.0,-5.0,9:04,0.6,0
9,201957,Byron Mullens,0.0,0.0,0.0,0.0,0.0,0.0,0.0,0.0,0.0,0.0,1.0,2.0,3.0,3:23,-2.4,0
10,203102,Arnett Moultrie,8.0,4.0,5.0,0.0,0.0,2.0,2.0,1.0,0.0,0.0,2.0,0.0,-2.0,13:47,8.3,0
11,203561,Brandon Davies,,,,,,,,,,,,,,,0.0,0
12,2546,Carmelo Anthony,22.0,9.0,24.0,4.0,4.0,2.0,7.0,1.0,5.0,0.0,3.0,3.0,13.0,32:04,12.6,1
13,2747,JR Smith,22.0,8.0,18.0,4.0,2.0,0.0,3.0,2.0,5.0,0.0,4.0,0.0,21.0,38:57,16.6,1
14,2405,Amar'e Stoudemire,23.0,9.0,10.0,8.0,5.0,3.0,3.0,0.0,0.0,1.0,2.0,2.0,21.0,29:43,19.3,1
15,101109,Raymond Felton,13.0,4.0,5.0,2.0,2.0,0.0,1.0,2.0,2.0,1.0,1.0,0.0,1.0,27:14,15.1,1
16,202697,Iman Shumpert,2.0,1.0,3.0,0.0,0.0,2.0,2.0,2.0,3.0,0.0,2.0,0.0,13.0,31:20,5.6,1
17,203501,Tim Hardaway Jr.,28.0,9.0,13.0,6.0,5.0,0.0,2.0,0.0,0.0,0.0,2.0,2.0,8.0,28:52,19.9,1
18,203143,Pablo Prigioni,3.0,1.0,2.0,0.0,0.0,1.0,1.0,2.0,4.0,0.0,4.0,2.0,18.0,15:04,4.2,1
19,202719,Jeremy Tyler,6.0,2.0,4.0,4.0,2.0,1.0,4.0,1.0,0.0,2.0,3.0,2.0,-6.0,18:04,4.3,1
20,201947,Earl Clark,2.0,0.0,1.0,2.0,2.0,0.0,1.0,0.0,0.0,2.0,1.0,0.0,-8.0,6:56,2.6,1
21,200769,Shannon Brown,0.0,0.0,0.0,4.0,0.0,0.0,0.0,0.0,1.0,0.0,1.0,1.0,-10.0,6:09,-2.3,1
22,203315,Toure' Murry,2.0,1.0,1.0,0.0,0.0,1.0,1.0,0.0,0.0,0.0,1.0,1.0,-6.0,5:36,1.3,1
23,202332,Cole Aldrich,,,,,,,,,,,,,,,0.0,1
24,2199,Tyson Chandler,,,,,,,,,,,,,,,0.0,1
