,id,name,PTS,FG,FGA,FTA,FT,OREB,DREB,STL,AST,BLK,PF,TO,PLUS_MINUS,MIN,GS,WIN
0,203114,Khris Middleton,25.0,10.0,17.0,2.0,2.0,2.0,1.0,0.0,4.0,1.0,4.0,2.0,-6.0,37:52,18.7,0
1,203089,John Henson,12.0,6.0,9.0,0.0,0.0,1.0,5.0,0.0,2.0,2.0,4.0,3.0,-3.0,22:40,8.5,0
2,2585,Zaza Pachulia,6.0,3.0,8.0,1.0,0.0,3.0,4.0,0.0,4.0,0.0,2.0,1.0,-11.0,30:14,5.5,0
3,203489,Nate Wolters,8.0,4.0,9.0,0.0,0.0,1.0,3.0,0.0,2.0,0.0,2.0,0.0,2.0,19:06,5.5,0
4,202688,Brandon Knight,15.0,5.0,17.0,4.0,3.0,1.0,2.0,1.0,5.0,0.0,1.0,1.0,-6.0,41:19,9.1,0
5,202399,Jeff Adrien,20.0,5.0,8.0,11.0,10.0,4.0,6.0,1.0,2.0,3.0,3.0,0.0,1.0,29:48,23.9,0
6,203507,Giannis Antetokounmpo,2.0,1.0,5.0,0.0,0.0,0.0,4.0,0.0,3.0,0.0,1.0,1.0,-13.0,20:25,0.8,0
7,201564,O.J. Mayo,0.0,0.0,1.0,0.0,0.0,0.0,1.0,0.0,0.0,0.0,2.0,0.0,-3.0,2:55,-1.2,0
8,203545,Miroslav Raduljica,0.0,0.0,5.0,0.0,0.0,3.0,0.0,0.0,0.0,0.0,0.0,0.0,5.0,7:53,-1.4,0
9,201196,Ramon Sessions,16.0,6.0,10.0,7.0,4.0,1.0,3.0,1.0,2.0,0.0,3.0,1.0,-6.0,27:48,12.0,0
10,101141,Ersan Ilyasova,,,,,,,,,,,,,,,0.0,0
11,203183,Tony Mitchell,,,,,,,,,,,,,,,0.0,0
12,202327,Ekpe Udoh,,,,,,,,,,,,,,,0.0,0
13,201936,Tyreke Evans,25.0,7.0,13.0,10.0,10.0,1.0,3.0,1.0,7.0,1.0,3.0,2.0,1.0,30:11,23.7,1
14,203076,Anthony Davis,29.0,12.0,22.0,6.0,5.0,4.0,10.0,1.0,5.0,2.0,2.0,1.0,11.0,39:44,27.9,1
15,201582,Alexis Ajinca,0.0,0.0,1.0,0.0,0.0,0.0,2.0,0.0,0.0,1.0,4.0,1.0,1.0,12:33,-2.0,1
16,201569,Eric Gordon,12.0,5.0,10.0,0.0,0.0,0.0,0.0,0.0,5.0,0.0,3.0,1.0,-6.0,29:16,8.3,1
17,203148,Brian Roberts,14.0,4.0,9.0,4.0,4.0,0.0,1.0,0.0,1.0,1.0,1.0,0.0,-7.0,27:03,10.6,1
18,201880,Greg Stiemsma,3.0,1.0,1.0,2.0,1.0,2.0,3.0,0.0,3.0,3.0,4.0,0.0,-1.0,29:05,7.2,1
19,203085,Austin Rivers,4.0,2.0,6.0,0.0,0.0,0.0,1.0,0.0,3.0,0.0,2.0,2.0,16.0,21:48,0.2,1
20,201627,Anthony Morrow,16.0,7.0,12.0,1.0,0.0,1.0,1.0,1.0,4.0,0.0,3.0,0.0,13.0,15:59,13.6,1
21,202329,Al-Farouq Aminu,7.0,3.0,7.0,0.0,0.0,1.0,4.0,1.0,2.0,1.0,2.0,2.0,8.0,17:09,5.5,1
22,203481,Jeff Withey,2.0,1.0,3.0,0.0,0.0,2.0,6.0,0.0,1.0,0.0,1.0,0.0,3.0,14:29,3.8,1
23,203121,Darius Miller,0.0,0.0,0.0,0.0,0.0,0.0,0.0,0.0,0.0,0.0,1.0,0.0,1.0,2:42,-0.4,1
24,202337,Luke Babbitt,,,,,,,,,,,,,,,0.0,1
25,201160,Jason Smith,,,,,,,,,,,,,,,0.0,1
