,id,name,PTS,FG,FGA,FTA,FT,OREB,DREB,STL,AST,BLK,PF,TO,PLUS_MINUS,MIN,GS,WIN
0,203082,Terrence Ross,14.0,5.0,14.0,0.0,0.0,1.0,2.0,2.0,2.0,1.0,2.0,1.0,26.0,31:48,9.8,1
1,101161,Amir Johnson,17.0,8.0,12.0,0.0,0.0,1.0,6.0,0.0,2.0,2.0,3.0,3.0,4.0,34:12,12.9,1
2,202685,Jonas Valanciunas,7.0,3.0,5.0,2.0,1.0,4.0,3.0,0.0,0.0,0.0,5.0,2.0,9.0,29:08,4.0,1
3,200768,Kyle Lowry,19.0,7.0,13.0,2.0,1.0,1.0,4.0,3.0,11.0,0.0,2.0,2.0,19.0,35:15,22.1,1
4,201942,DeMar DeRozan,20.0,7.0,14.0,7.0,6.0,1.0,2.0,1.0,5.0,1.0,1.0,0.0,8.0,36:01,18.7,1
5,2422,John Salmons,4.0,1.0,5.0,2.0,2.0,0.0,1.0,2.0,3.0,0.0,2.0,1.0,-8.0,28:11,3.5,1
6,202335,Patrick Patterson,18.0,8.0,10.0,0.0,0.0,2.0,2.0,0.0,2.0,0.0,0.0,1.0,8.0,22:04,16.6,1
7,101236,Chuck Hayes,2.0,1.0,2.0,0.0,0.0,0.0,2.0,0.0,1.0,0.0,3.0,0.0,5.0,10:36,1.1,1
8,202349,Greivis Vasquez,0.0,0.0,4.0,0.0,0.0,0.0,1.0,0.0,3.0,0.0,2.0,2.0,-6.0,12:45,-3.2,1
9,201948,Austin Daye,,,,,,,,,,,,,,,0.0,1
10,202361,Landry Fields,,,,,,,,,,,,,,,0.0,1
11,200779,Steve Novak,,,,,,,,,,,,,,,0.0,1
12,202933,Julyan Stone,,,,,,,,,,,,,,,0.0,1
13,2772,Trevor Ariza,6.0,2.0,3.0,0.0,0.0,1.0,0.0,0.0,1.0,0.0,4.0,2.0,-15.0,21:08,2.5,0
14,202344,Trevor Booker,8.0,4.0,7.0,0.0,0.0,5.0,8.0,2.0,2.0,0.0,4.0,2.0,-10.0,31:44,10.4,0
15,101162,Marcin Gortat,10.0,4.0,9.0,2.0,2.0,2.0,3.0,0.0,0.0,0.0,0.0,4.0,-22.0,22:07,3.6,0
16,203078,Bradley Beal,12.0,6.0,16.0,0.0,0.0,2.0,3.0,0.0,5.0,1.0,1.0,1.0,-15.0,28:19,8.3,0
17,202322,John Wall,11.0,4.0,15.0,3.0,3.0,0.0,2.0,2.0,6.0,0.0,1.0,2.0,-24.0,30:31,6.5,0
18,2403,Nene,15.0,4.0,9.0,8.0,7.0,1.0,3.0,0.0,0.0,1.0,0.0,4.0,-1.0,20:14,8.2,0
19,101110,Martell Webster,12.0,3.0,7.0,4.0,4.0,0.0,3.0,0.0,1.0,0.0,2.0,0.0,0.0,30:50,9.1,0
20,202338,Kevin Seraphin,4.0,2.0,6.0,0.0,0.0,4.0,1.0,0.0,0.0,0.0,0.0,2.0,-4.0,12:57,1.7,0
21,202066,Garrett Temple,2.0,1.0,4.0,0.0,0.0,0.0,2.0,1.0,3.0,0.0,1.0,0.0,11.0,17:29,2.9,0
22,203490,Otto Porter Jr.,2.0,1.0,2.0,0.0,0.0,1.0,1.0,1.0,1.0,0.0,1.0,0.0,2.0,14:15,3.3,0
23,202686,Jan Vesely,4.0,2.0,3.0,0.0,0.0,0.0,0.0,1.0,0.0,0.0,0.0,0.0,11.0,8:58,3.7,0
24,202698,Chris Singleton,2.0,1.0,1.0,0.0,0.0,0.0,0.0,0.0,0.0,0.0,0.0,0.0,2.0,1:28,1.7,0
25,201953,Eric Maynor,,,,,,,,,,,,,,,0.0,0
