,id,name,PTS,FG,FGA,FTA,FT,OREB,DREB,STL,AST,BLK,PF,TO,PLUS_MINUS,MIN,GS,WIN
0,203077,Michael Kidd-Gilchrist,0.0,0.0,2.0,0.0,0.0,3.0,5.0,2.0,2.0,1.0,1.0,1.0,-8.0,22:26,4.9,0
1,201177,Josh McRoberts,4.0,2.0,6.0,0.0,0.0,1.0,3.0,3.0,10.0,2.0,1.0,1.0,-6.0,30:25,12.2,0
2,2744,Al Jefferson,20.0,10.0,21.0,0.0,0.0,3.0,4.0,2.0,1.0,0.0,3.0,3.0,-10.0,34:56,11.1,0
3,201945,Gerald Henderson,12.0,6.0,15.0,1.0,0.0,0.0,3.0,1.0,2.0,0.0,4.0,0.0,-14.0,30:51,5.2,0
4,202689,Kemba Walker,11.0,3.0,15.0,4.0,4.0,0.0,2.0,1.0,4.0,0.0,2.0,2.0,-12.0,34:49,3.3,0
5,203469,Cody Zeller,10.0,3.0,8.0,4.0,4.0,2.0,6.0,2.0,2.0,0.0,1.0,0.0,-4.0,17:35,11.8,0
6,202390,Gary Neal,15.0,6.0,13.0,2.0,2.0,1.0,1.0,0.0,1.0,0.0,3.0,3.0,-2.0,23:15,5.8,0
7,202687,Bismack Biyombo,0.0,0.0,3.0,0.0,0.0,2.0,3.0,1.0,0.0,0.0,1.0,0.0,0.0,13:04,0.8,0
8,201229,Anthony Tolliver,8.0,2.0,5.0,3.0,3.0,0.0,2.0,0.0,0.0,0.0,2.0,0.0,4.0,19:28,5.1,0
9,2557,Luke Ridnour,2.0,1.0,2.0,1.0,0.0,0.0,0.0,0.0,1.0,0.0,0.0,1.0,2.0,13:11,0.3,0
10,201604,Chris Douglas-Roberts,,,,,,,,,,,,,,,0.0,0
11,2732,Ben Gordon,,,,,,,,,,,,,,,0.0,0
12,2457,Jannero Pargo,,,,,,,,,,,,,,,0.0,0
13,202695,Kawhi Leonard,12.0,4.0,9.0,2.0,2.0,0.0,8.0,3.0,1.0,2.0,2.0,3.0,2.0,30:14,11.0,1
14,1495,Tim Duncan,17.0,6.0,12.0,5.0,5.0,2.0,14.0,1.0,6.0,1.0,2.0,4.0,19.0,33:04,17.7,1
15,201168,Tiago Splitter,2.0,1.0,4.0,0.0,0.0,0.0,1.0,0.0,0.0,1.0,2.0,1.0,-8.0,14:02,-1.2,1
16,201980,Danny Green,10.0,2.0,7.0,4.0,4.0,0.0,2.0,0.0,0.0,0.0,1.0,3.0,2.0,27:28,3.1,1
17,202709,Cory Joseph,2.0,0.0,1.0,2.0,2.0,1.0,0.0,0.0,1.0,0.0,0.0,0.0,-5.0,6:54,2.7,1
18,201158,Marco Belinelli,14.0,6.0,10.0,0.0,0.0,0.0,2.0,0.0,4.0,0.0,1.0,2.0,2.0,30:55,10.4,1
19,201988,Patty Mills,14.0,6.0,10.0,1.0,1.0,0.0,6.0,0.0,2.0,0.0,0.0,2.0,21.0,29:27,10.6,1
20,1938,Manu Ginobili,15.0,6.0,13.0,1.0,1.0,0.0,0.0,0.0,5.0,2.0,4.0,3.0,17.0,25:49,8.6,1
21,2564,Boris Diaw,4.0,2.0,5.0,0.0,0.0,1.0,5.0,0.0,7.0,2.0,2.0,1.0,6.0,29:54,8.0,1
22,201965,Jeff Ayres,0.0,0.0,1.0,0.0,0.0,0.0,0.0,0.0,0.0,0.0,0.0,0.0,-4.0,2:06,-0.7,1
23,203382,Aron Baynes,2.0,1.0,1.0,0.0,0.0,0.0,0.0,0.0,0.0,0.0,1.0,0.0,-2.0,5:14,1.3,1
24,2588,Matt Bonner,0.0,0.0,0.0,0.0,0.0,0.0,2.0,0.0,0.0,0.0,0.0,0.0,0.0,4:54,0.6,1
25,201948,Austin Daye,,,,,,,,,,,,,,,0.0,1
