,id,name,PTS,FG,FGA,FTA,FT,OREB,DREB,STL,AST,BLK,PF,TO,PLUS_MINUS,MIN,GS,WIN
0,203090,Maurice Harkless,2.0,1.0,3.0,0.0,0.0,0.0,1.0,0.0,1.0,0.0,2.0,1.0,-4.0,19:15,-0.5,0
1,101131,Jason Maxiell,4.0,2.0,3.0,0.0,0.0,0.0,2.0,0.0,0.0,0.0,1.0,0.0,-9.0,16:44,2.9,0
2,202696,Nikola Vucevic,22.0,9.0,15.0,6.0,4.0,7.0,9.0,3.0,3.0,3.0,4.0,2.0,8.0,45:40,25.5,0
3,201167,Arron Afflalo,28.0,11.0,22.0,4.0,3.0,0.0,9.0,1.0,5.0,0.0,1.0,3.0,4.0,41:04,20.4,0
4,2749,Jameer Nelson,18.0,7.0,17.0,2.0,1.0,0.0,4.0,2.0,8.0,0.0,6.0,4.0,-3.0,40:60,10.9,0
5,203506,Victor Oladipo,14.0,5.0,14.0,4.0,3.0,0.0,6.0,0.0,4.0,1.0,5.0,4.0,-5.0,36:33,5.1,0
6,202734,E'Twaun Moore,10.0,4.0,11.0,0.0,0.0,0.0,1.0,1.0,0.0,1.0,2.0,1.0,-7.0,21:08,4.1,0
7,203094,Andrew Nicholson,13.0,6.0,12.0,0.0,0.0,1.0,6.0,0.0,0.0,0.0,5.0,1.0,4.0,19:05,6.5,0
8,203124,Kyle O'Quinn,0.0,0.0,0.0,0.0,0.0,0.0,0.0,0.0,0.0,0.0,1.0,1.0,-8.0,2:27,-1.4,0
9,200780,Solomon Jones,4.0,2.0,3.0,2.0,0.0,6.0,2.0,0.0,0.0,1.0,2.0,1.0,-5.0,22:04,5.6,0
10,202699,Tobias Harris,,,,,,,,,,,,,,,0.0,0
11,203117,Doron Lamb,,,,,,,,,,,,,,,0.0,0
12,101179,Ronnie Price,,,,,,,,,,,,,,,0.0,0
13,201147,Corey Brewer,16.0,7.0,11.0,3.0,1.0,1.0,2.0,3.0,2.0,0.0,2.0,3.0,6.0,39:40,12.2,1
14,201567,Kevin Love,31.0,8.0,19.0,16.0,12.0,4.0,13.0,0.0,4.0,0.0,3.0,1.0,9.0,40:37,26.6,1
15,201593,Nikola Pekovic,11.0,5.0,11.0,1.0,1.0,1.0,6.0,0.0,0.0,0.0,3.0,2.0,5.0,29:41,4.6,1
16,2755,Kevin Martin,23.0,6.0,19.0,9.0,9.0,0.0,2.0,0.0,3.0,0.0,1.0,1.0,3.0,43:22,13.4,1
17,201937,Ricky Rubio,13.0,5.0,15.0,2.0,2.0,2.0,4.0,3.0,11.0,1.0,3.0,4.0,-1.0,40:07,13.3,1
18,101142,Ronny Turiaf,3.0,1.0,4.0,1.0,1.0,1.0,2.0,1.0,1.0,1.0,3.0,0.0,5.0,15:30,3.1,1
19,200826,J.J. Barea,11.0,4.0,9.0,2.0,2.0,1.0,1.0,0.0,4.0,0.0,2.0,1.0,4.0,20:01,8.3,1
20,203144,Alexey Shved,2.0,1.0,5.0,0.0,0.0,1.0,2.0,0.0,2.0,0.0,0.0,2.0,3.0,15:50,-0.4,1
21,201967,Dante Cunningham,10.0,5.0,7.0,0.0,0.0,3.0,3.0,0.0,0.0,1.0,2.0,0.0,-9.0,20:12,10.0,1
22,203476,Gorgui Dieng,,,,,,,,,,,,,,,0.0,1
23,203133,Robbie Hummel,,,,,,,,,,,,,,,0.0,1
24,203498,Shabazz Muhammad,,,,,,,,,,,,,,,0.0,1
25,202682,Derrick Williams,,,,,,,,,,,,,,,0.0,1
