,id,name,PTS,FG,FGA,FTA,FT,OREB,DREB,STL,AST,BLK,PF,TO,PLUS_MINUS,MIN,GS,WIN
0,202706,Jordan Hamilton,19.0,8.0,12.0,0.0,0.0,2.0,7.0,2.0,0.0,0.0,0.0,5.0,2.0,32:13,14.3,0
1,202702,Kenneth Faried,3.0,1.0,4.0,1.0,1.0,1.0,4.0,0.0,1.0,0.0,2.0,0.0,-19.0,20:08,2.4,0
2,201580,JaVale McGee,2.0,1.0,4.0,0.0,0.0,2.0,1.0,0.0,1.0,0.0,3.0,2.0,-9.0,12:25,-1.2,0
3,200751,Randy Foye,11.0,3.0,10.0,6.0,4.0,0.0,2.0,1.0,4.0,0.0,4.0,1.0,-3.0,29:49,6.2,0
4,201951,Ty Lawson,29.0,10.0,21.0,8.0,7.0,1.0,1.0,3.0,4.0,0.0,2.0,4.0,-8.0,41:00,19.9,0
5,201581,JJ Hickson,4.0,1.0,2.0,4.0,2.0,0.0,4.0,1.0,0.0,0.0,2.0,2.0,-5.0,14:08,1.6,0
6,202389,Timofey Mozgov,0.0,0.0,2.0,0.0,0.0,1.0,1.0,0.0,0.0,0.0,2.0,0.0,-10.0,4:57,-1.2,0
7,201576,Anthony Randolph,14.0,4.0,9.0,5.0,5.0,0.0,7.0,2.0,2.0,1.0,3.0,3.0,4.0,31:42,11.3,0
8,201589,Darrell Arthur,6.0,3.0,6.0,0.0,0.0,0.0,1.0,1.0,0.0,1.0,4.0,2.0,11.0,26:08,1.4,0
9,203095,Evan Fournier,5.0,2.0,2.0,0.0,0.0,0.0,1.0,0.0,0.0,0.0,2.0,0.0,2.0,6:55,3.9,0
10,101126,Nate Robinson,4.0,2.0,3.0,0.0,0.0,0.0,0.0,1.0,1.0,0.0,1.0,1.0,-3.0,7:00,3.0,0
11,1889,Andre Miller,6.0,1.0,5.0,4.0,4.0,0.0,1.0,0.0,4.0,0.0,1.0,0.0,-17.0,13:35,5.6,0
12,203113,Quincy Miller,,,,,,,,,,,,,,,0.0,0
13,200782,P.J. Tucker,9.0,2.0,7.0,5.0,4.0,1.0,1.0,0.0,2.0,0.0,1.0,1.0,3.0,23:20,5.5,1
14,101112,Channing Frye,7.0,2.0,10.0,2.0,2.0,2.0,7.0,1.0,0.0,0.0,2.0,1.0,8.0,30:28,3.5,1
15,203101,Miles Plumlee,18.0,7.0,13.0,8.0,4.0,3.0,8.0,0.0,0.0,2.0,4.0,2.0,9.0,31:13,12.4,1
16,101123,Gerald Green,12.0,5.0,12.0,2.0,1.0,2.0,3.0,2.0,0.0,1.0,3.0,1.0,15.0,30:03,8.0,1
17,202339,Eric Bledsoe,17.0,6.0,11.0,4.0,4.0,0.0,2.0,3.0,9.0,0.0,3.0,3.0,4.0,35:34,17.4,1
18,202693,Markieff Morris,28.0,10.0,13.0,8.0,7.0,1.0,9.0,3.0,2.0,0.0,2.0,4.0,5.0,34:19,25.5,1
19,203462,Archie Goodwin,2.0,1.0,2.0,0.0,0.0,0.0,1.0,0.0,0.0,0.0,0.0,0.0,-10.0,6:02,1.3,1
20,202694,Marcus Morris Sr.,11.0,3.0,8.0,2.0,2.0,2.0,6.0,2.0,3.0,0.0,3.0,5.0,10.0,25:40,7.7,1
21,202397,Ish Smith,8.0,3.0,3.0,1.0,1.0,0.0,0.0,0.0,4.0,0.0,2.0,3.0,7.0,12:27,6.1,1
22,202091,Dionte Christmas,2.0,1.0,4.0,0.0,0.0,0.0,0.0,0.0,1.0,0.0,2.0,0.0,4.0,10:55,-0.5,1
23,201609,Goran Dragic,,,,,,,,,,,,,,,0.0,1
24,203139,Viacheslav Kravtsov,,,,,,,,,,,,,,,0.0,1
25,203458,Alex Len,,,,,,,,,,,,,,,0.0,1
