,id,name,PTS,FG,FGA,FTA,FT,OREB,DREB,STL,AST,BLK,PF,TO,PLUS_MINUS,MIN,GS,WIN
0,202331,Paul George,25.0,8.0,16.0,8.0,7.0,0.0,8.0,2.0,6.0,0.0,4.0,3.0,-7.0,43:04,20.6,0
1,2561,David West,23.0,8.0,15.0,8.0,7.0,1.0,2.0,0.0,2.0,0.0,2.0,2.0,-3.0,35:57,15.2,0
2,201579,Roy Hibbert,6.0,2.0,3.0,2.0,2.0,0.0,2.0,0.0,1.0,1.0,5.0,1.0,-2.0,22:55,3.7,0
3,202362,Lance Stephenson,13.0,5.0,9.0,2.0,2.0,0.0,9.0,1.0,2.0,0.0,4.0,2.0,-1.0,41:05,10.2,0
4,201588,George Hill,7.0,2.0,8.0,2.0,2.0,2.0,1.0,0.0,1.0,0.0,1.0,1.0,1.0,30:54,3.2,0
5,101133,Ian Mahinmi,5.0,1.0,5.0,4.0,3.0,2.0,2.0,2.0,1.0,1.0,3.0,0.0,2.0,22:46,5.7,0
6,201228,C.J. Watson,2.0,1.0,6.0,0.0,0.0,0.0,2.0,3.0,0.0,0.0,0.0,1.0,-4.0,17:06,0.8,0
7,2446,Rasual Butler,5.0,2.0,3.0,0.0,0.0,1.0,2.0,0.0,0.0,0.0,0.0,1.0,2.0,11:51,4.0,0
8,2449,Luis Scola,8.0,3.0,8.0,2.0,2.0,0.0,2.0,1.0,0.0,0.0,2.0,3.0,-3.0,14:22,1.4,0
9,203142,Chris Copeland,,,,,,,,,,,,,,,0.0,0
10,203524,Solomon Hill,,,,,,,,,,,,,,,0.0,0
11,203111,Orlando Johnson,,,,,,,,,,,,,,,0.0,0
12,202388,Donald Sloan,,,,,,,,,,,,,,,0.0,0
13,2544,LeBron James,24.0,8.0,14.0,7.0,7.0,0.0,9.0,3.0,7.0,0.0,3.0,3.0,16.0,36:14,23.8,1
14,2203,Shane Battier,0.0,0.0,1.0,0.0,0.0,0.0,0.0,0.0,0.0,0.0,2.0,0.0,-4.0,14:46,-1.5,1
15,2547,Chris Bosh,15.0,5.0,10.0,6.0,4.0,0.0,8.0,0.0,2.0,0.0,3.0,2.0,8.0,30:35,9.8,1
16,2548,Dwyane Wade,32.0,15.0,25.0,3.0,2.0,1.0,2.0,3.0,1.0,0.0,1.0,2.0,-3.0,37:10,22.7,1
17,201596,Mario Chalmers,4.0,1.0,5.0,2.0,2.0,1.0,0.0,2.0,5.0,0.0,4.0,2.0,-4.0,18:39,3.5,1
18,2365,Chris Andersen,8.0,4.0,5.0,0.0,0.0,1.0,3.0,0.0,0.0,0.0,4.0,0.0,7.0,27:50,6.1,1
19,951,Ray Allen,7.0,2.0,6.0,2.0,2.0,1.0,6.0,1.0,3.0,0.0,0.0,0.0,-1.0,27:01,9.2,1
20,1740,Rashard Lewis,3.0,1.0,5.0,0.0,0.0,1.0,1.0,2.0,1.0,0.0,1.0,1.0,-2.0,15:29,2.2,1
21,202708,Norris Cole,3.0,1.0,6.0,0.0,0.0,0.0,1.0,0.0,2.0,0.0,0.0,2.0,1.0,24:56,-1.1,1
22,2617,Udonis Haslem,1.0,0.0,0.0,2.0,1.0,0.0,2.0,0.0,0.0,0.0,2.0,0.0,-3.0,7:20,0.4,1
23,201202,Joel Anthony,,,,,,,,,,,,,,,0.0,1
24,2592,James Jones,,,,,,,,,,,,,,,0.0,1
25,2427,Roger Mason Jr.,,,,,,,,,,,,,,,0.0,1
