,id,name,PTS,FG,FGA,FTA,FT,OREB,DREB,STL,AST,BLK,PF,TO,PLUS_MINUS,MIN,GS,WIN
0,2544,LeBron James,32.0,12.0,17.0,11.0,7.0,0.0,5.0,1.0,6.0,1.0,2.0,6.0,1.0,41:25,23.9,0
1,1740,Rashard Lewis,6.0,2.0,3.0,0.0,0.0,1.0,4.0,0.0,2.0,1.0,3.0,1.0,-3.0,25:41,6.5,0
2,2547,Chris Bosh,6.0,3.0,10.0,0.0,0.0,1.0,8.0,0.0,4.0,0.0,0.0,2.0,7.0,37:28,4.1,0
3,202708,Norris Cole,12.0,5.0,9.0,0.0,0.0,0.0,3.0,1.0,2.0,0.0,2.0,2.0,-4.0,35:10,8.2,0
4,2548,Dwyane Wade,23.0,11.0,15.0,6.0,0.0,1.0,3.0,1.0,2.0,1.0,3.0,3.0,-14.0,39:06,15.0,0
5,951,Ray Allen,6.0,1.0,4.0,3.0,3.0,0.0,3.0,1.0,1.0,0.0,0.0,0.0,-8.0,25:49,6.2,0
6,201563,Michael Beasley,5.0,2.0,6.0,1.0,1.0,0.0,0.0,0.0,0.0,0.0,1.0,0.0,-14.0,9:00,1.2,0
7,2365,Chris Andersen,2.0,1.0,2.0,0.0,0.0,1.0,2.0,3.0,1.0,1.0,2.0,1.0,-9.0,21:12,4.9,0
8,2427,Roger Mason Jr.,0.0,0.0,2.0,0.0,0.0,0.0,0.0,0.0,2.0,0.0,0.0,0.0,-6.0,5:09,0.0,0
9,201202,Joel Anthony,,,,,,,,,,,,,,,0.0,0
10,201596,Mario Chalmers,,,,,,,,,,,,,,,0.0,0
11,2617,Udonis Haslem,,,,,,,,,,,,,,,0.0,0
12,2592,James Jones,,,,,,,,,,,,,,,0.0,0
13,2546,Carmelo Anthony,29.0,12.0,24.0,3.0,2.0,1.0,7.0,2.0,5.0,0.0,4.0,2.0,6.0,42:21,21.3,1
14,2030,Kenyon Martin,7.0,3.0,6.0,2.0,1.0,1.0,3.0,1.0,1.0,0.0,2.0,1.0,0.0,24:18,5.1,1
15,200745,Andrea Bargnani,19.0,9.0,13.0,1.0,1.0,1.0,4.0,0.0,0.0,1.0,3.0,0.0,4.0,42:04,14.9,1
16,101109,Raymond Felton,13.0,6.0,14.0,0.0,0.0,2.0,3.0,1.0,14.0,0.0,0.0,2.0,3.0,38:30,16.7,1
17,202697,Iman Shumpert,12.0,4.0,8.0,0.0,0.0,1.0,8.0,0.0,3.0,0.0,2.0,0.0,14.0,42:52,12.4,1
18,2405,Amar'e Stoudemire,14.0,7.0,12.0,2.0,0.0,3.0,8.0,1.0,0.0,0.0,4.0,4.0,19.0,26:35,7.5,1
19,203501,Tim Hardaway Jr.,5.0,2.0,4.0,0.0,0.0,1.0,0.0,1.0,1.0,0.0,2.0,1.0,-1.0,13:49,3.6,1
20,203315,Toure' Murry,3.0,1.0,1.0,2.0,1.0,0.0,0.0,2.0,1.0,0.0,2.0,0.0,5.0,9:31,4.2,1
21,202332,Cole Aldrich,,,,,,,,,,,,,,,0.0,1
22,2199,Tyson Chandler,,,,,,,,,,,,,,,0.0,1
23,2747,JR Smith,,,,,,,,,,,,,,,0.0,1
24,202719,Jeremy Tyler,,,,,,,,,,,,,,,0.0,1
25,2757,Beno Udrih,,,,,,,,,,,,,,,0.0,1
