,id,name,PTS,FG,FGA,FTA,FT,OREB,DREB,STL,AST,BLK,PF,TO,PLUS_MINUS,MIN,GS,WIN
0,201142,Kevin Durant,13.0,4.0,11.0,5.0,4.0,0.0,4.0,0.0,1.0,2.0,3.0,4.0,-20.0,27:07,4.6,0
1,201586,Serge Ibaka,9.0,3.0,13.0,2.0,2.0,2.0,7.0,0.0,1.0,0.0,3.0,1.0,-13.0,30:42,3.1,0
2,2570,Kendrick Perkins,6.0,3.0,3.0,0.0,0.0,0.0,1.0,1.0,1.0,1.0,3.0,2.0,-3.0,16:41,4.6,0
3,200757,Thabo Sefolosha,4.0,1.0,8.0,2.0,2.0,3.0,1.0,2.0,1.0,0.0,3.0,0.0,-19.0,22:31,2.7,0
4,202704,Reggie Jackson,8.0,3.0,9.0,2.0,2.0,0.0,3.0,1.0,4.0,0.0,2.0,7.0,-20.0,23:49,-0.2,0
5,203500,Steven Adams,8.0,2.0,5.0,6.0,4.0,5.0,3.0,0.0,1.0,1.0,5.0,0.0,-14.0,22:53,8.3,0
6,203087,Jeremy Lamb,16.0,7.0,15.0,0.0,0.0,0.0,4.0,0.0,2.0,1.0,1.0,1.0,-2.0,21:15,10.2,0
7,2555,Nick Collison,7.0,2.0,3.0,2.0,2.0,0.0,0.0,0.0,0.0,0.0,3.0,2.0,-21.0,16:28,2.5,0
8,965,Derek Fisher,7.0,3.0,6.0,0.0,0.0,0.0,2.0,0.0,4.0,0.0,3.0,2.0,-11.0,17:55,4.2,0
9,203103,Perry Jones III,3.0,1.0,7.0,0.0,0.0,0.0,1.0,1.0,0.0,1.0,2.0,1.0,3.0,25:07,-1.3,0
10,203460,Andre Roberson,0.0,0.0,2.0,0.0,0.0,4.0,1.0,0.0,0.0,0.0,0.0,1.0,13.0,9:16,0.7,0
11,101155,Ryan Gomes,0.0,0.0,1.0,0.0,0.0,0.0,1.0,0.0,1.0,0.0,0.0,0.0,12.0,6:16,0.3,0
12,201934,Hasheem Thabeet,,,,,,,,,,,,,,,0.0,0
13,201147,Corey Brewer,9.0,3.0,8.0,2.0,2.0,1.0,0.0,0.0,1.0,0.0,2.0,0.0,13.0,20:57,5.2,1
14,201567,Kevin Love,24.0,7.0,12.0,8.0,7.0,1.0,11.0,2.0,2.0,0.0,1.0,1.0,26.0,28:47,24.0,1
15,201593,Nikola Pekovic,15.0,5.0,10.0,6.0,5.0,3.0,7.0,0.0,1.0,0.0,3.0,4.0,20.0,27:41,9.3,1
16,2755,Kevin Martin,9.0,4.0,11.0,1.0,1.0,1.0,2.0,2.0,3.0,0.0,0.0,2.0,16.0,24:08,6.3,1
17,201937,Ricky Rubio,14.0,4.0,8.0,4.0,4.0,1.0,1.0,5.0,10.0,0.0,2.0,1.0,29.0,28:39,21.2,1
18,202682,Derrick Williams,10.0,4.0,6.0,2.0,2.0,0.0,7.0,1.0,0.0,2.0,2.0,2.0,6.0,27:03,9.1,1
19,101142,Ronny Turiaf,0.0,0.0,0.0,0.0,0.0,0.0,0.0,0.0,1.0,0.0,1.0,0.0,1.0,3:07,0.3,1
20,200826,J.J. Barea,10.0,4.0,8.0,0.0,0.0,1.0,1.0,1.0,2.0,0.0,1.0,0.0,10.0,19:27,9.0,1
21,203144,Alexey Shved,7.0,1.0,3.0,6.0,5.0,0.0,2.0,0.0,0.0,0.0,1.0,1.0,-5.0,17:30,4.1,1
22,201967,Dante Cunningham,2.0,1.0,6.0,0.0,0.0,1.0,2.0,2.0,0.0,0.0,2.0,1.0,15.0,15:05,-0.3,1
23,203476,Gorgui Dieng,0.0,0.0,1.0,4.0,0.0,0.0,0.0,0.0,1.0,0.0,4.0,2.0,-10.0,14:25,-5.2,1
24,203133,Robbie Hummel,0.0,0.0,3.0,0.0,0.0,0.0,2.0,1.0,0.0,0.0,2.0,0.0,-14.0,6:55,-1.3,1
25,203498,Shabazz Muhammad,0.0,0.0,1.0,0.0,0.0,0.0,0.0,0.0,0.0,0.0,0.0,1.0,-12.0,6:16,-1.7,1
