,id,name,PTS,FG,FGA,FTA,FT,OREB,DREB,STL,AST,BLK,PF,TO,PLUS_MINUS,MIN,GS,WIN
0,201587,Nicolas Batum,13.0,4.0,11.0,5.0,4.0,4.0,10.0,1.0,2.0,0.0,3.0,1.0,-1.0,37:54,12.5,0
1,200746,LaMarcus Aldridge,14.0,6.0,11.0,2.0,2.0,1.0,3.0,0.0,1.0,0.0,2.0,2.0,-4.0,20:56,8.2,0
2,201577,Robin Lopez,4.0,1.0,6.0,2.0,2.0,3.0,3.0,0.0,0.0,2.0,3.0,0.0,-7.0,33:37,3.4,0
3,202083,Wesley Matthews,13.0,5.0,11.0,6.0,2.0,1.0,3.0,0.0,4.0,0.0,2.0,2.0,-7.0,35:56,7.3,0
4,203081,Damian Lillard,23.0,9.0,22.0,4.0,3.0,2.0,3.0,1.0,3.0,0.0,2.0,2.0,-9.0,39:38,13.4,0
5,203080,Thomas Robinson,1.0,0.0,3.0,3.0,1.0,2.0,3.0,0.0,0.0,0.0,0.0,0.0,-4.0,11:14,0.4,0
6,2248,Earl Watson,0.0,0.0,0.0,0.0,0.0,0.0,0.0,0.0,3.0,0.0,0.0,2.0,-9.0,10:42,0.1,0
7,203468,CJ McCollum,4.0,1.0,5.0,2.0,2.0,0.0,1.0,0.0,0.0,0.0,1.0,1.0,-11.0,12:36,-0.2,0
8,203086,Meyers Leonard,2.0,0.0,3.0,2.0,2.0,0.0,2.0,0.0,0.0,0.0,3.0,0.0,-8.0,7:50,-0.7,0
9,2748,Dorell Wright,10.0,3.0,7.0,4.0,4.0,1.0,5.0,1.0,0.0,0.0,0.0,1.0,-5.0,21:44,8.5,0
10,203115,Will Barton,6.0,3.0,4.0,0.0,0.0,0.0,1.0,0.0,0.0,0.0,1.0,1.0,-2.0,5:47,3.3,0
11,201964,Victor Claver,0.0,0.0,0.0,0.0,0.0,0.0,0.0,0.0,0.0,0.0,0.0,0.0,2.0,2:06,0.0,0
12,2590,Mo Williams,,,,,,,,,,,,,,,0.0,0
13,202695,Kawhi Leonard,12.0,6.0,8.0,0.0,0.0,2.0,7.0,2.0,1.0,1.0,2.0,1.0,-3.0,34:58,13.9,1
14,1495,Tim Duncan,10.0,5.0,9.0,0.0,0.0,2.0,9.0,0.0,2.0,0.0,1.0,0.0,-7.0,25:35,10.8,1
15,201168,Tiago Splitter,12.0,2.0,6.0,12.0,8.0,4.0,6.0,2.0,1.0,0.0,4.0,3.0,18.0,25:16,9.7,1
16,201980,Danny Green,14.0,5.0,11.0,0.0,0.0,0.0,6.0,1.0,1.0,1.0,1.0,1.0,10.0,24:22,11.1,1
17,2225,Tony Parker,9.0,4.0,13.0,2.0,1.0,1.0,3.0,0.0,5.0,0.0,1.0,4.0,-4.0,29:35,1.8,1
18,1938,Manu Ginobili,13.0,4.0,11.0,5.0,4.0,1.0,0.0,4.0,4.0,0.0,3.0,1.0,8.0,17:47,11.8,1
19,2564,Boris Diaw,3.0,1.0,5.0,0.0,0.0,2.0,2.0,0.0,2.0,0.0,3.0,0.0,12.0,24:26,2.1,1
20,201158,Marco Belinelli,9.0,3.0,7.0,1.0,1.0,0.0,3.0,1.0,1.0,0.0,1.0,1.0,16.0,20:55,6.5,1
21,201988,Patty Mills,15.0,5.0,12.0,2.0,2.0,1.0,1.0,1.0,2.0,0.0,1.0,0.0,16.0,17:29,11.6,1
22,203382,Aron Baynes,2.0,1.0,4.0,0.0,0.0,2.0,2.0,0.0,2.0,0.0,4.0,1.0,5.0,13:20,0.4,1
23,2588,Matt Bonner,0.0,0.0,0.0,0.0,0.0,0.0,1.0,0.0,0.0,0.0,0.0,0.0,-2.0,2:06,0.3,1
24,202709,Cory Joseph,4.0,2.0,2.0,0.0,0.0,0.0,0.0,0.0,0.0,0.0,0.0,0.0,-2.0,2:06,3.4,1
25,201965,Jeff Ayres,0.0,0.0,0.0,0.0,0.0,0.0,0.0,0.0,0.0,0.0,0.0,0.0,-2.0,2:06,0.0,1
