,id,name,PTS,FG,FGA,FTA,FT,OREB,DREB,STL,AST,BLK,PF,TO,PLUS_MINUS,MIN,GS,WIN
0,202718,Chandler Parsons,16.0,5.0,13.0,4.0,4.0,1.0,2.0,1.0,4.0,0.0,4.0,2.0,-11.0,22:35,10.4,0
1,203093,Terrence Jones,11.0,5.0,8.0,1.0,0.0,2.0,2.0,2.0,1.0,1.0,3.0,0.0,-5.0,17:24,11.2,0
2,201600,Omer Asik,12.0,5.0,8.0,2.0,2.0,2.0,10.0,0.0,1.0,0.0,1.0,2.0,-1.0,24:15,11.1,0
3,201935,James Harden,10.0,1.0,9.0,8.0,8.0,0.0,4.0,1.0,6.0,0.0,0.0,1.0,-19.0,25:46,9.5,0
4,202391,Jeremy Lin,18.0,6.0,11.0,2.0,2.0,1.0,0.0,0.0,6.0,0.0,4.0,2.0,-8.0,23:31,14.0,0
5,101128,Francisco Garcia,2.0,1.0,2.0,0.0,0.0,0.0,1.0,0.0,1.0,0.0,2.0,0.0,-8.0,8:49,1.2,0
6,202700,Donatas Motiejunas,11.0,4.0,9.0,4.0,3.0,0.0,4.0,0.0,1.0,1.0,1.0,1.0,-6.0,29:50,7.1,0
7,203477,Isaiah Canaan,6.0,2.0,10.0,2.0,1.0,2.0,1.0,2.0,6.0,2.0,3.0,4.0,3.0,24:09,3.5,0
8,201956,Omri Casspi,2.0,1.0,4.0,0.0,0.0,0.0,3.0,0.0,1.0,0.0,0.0,0.0,-17.0,11:34,1.2,0
9,202706,Jordan Hamilton,11.0,4.0,9.0,2.0,1.0,3.0,5.0,2.0,1.0,1.0,1.0,1.0,7.0,29:57,11.5,0
10,203584,Troy Daniels,12.0,4.0,6.0,0.0,0.0,0.0,2.0,0.0,0.0,0.0,1.0,1.0,15.0,11:05,8.6,0
11,203496,Robert Covington,5.0,2.0,3.0,0.0,0.0,1.0,1.0,1.0,0.0,0.0,0.0,1.0,15.0,11:05,4.7,0
12,203113,Quincy Miller,9.0,4.0,15.0,0.0,0.0,3.0,5.0,1.0,2.0,4.0,4.0,1.0,13.0,40:29,6.3,1
13,202702,Kenneth Faried,23.0,11.0,17.0,2.0,1.0,1.0,8.0,0.0,1.0,0.0,4.0,3.0,0.0,26:22,14.3,1
14,202389,Timofey Mozgov,22.0,9.0,13.0,4.0,4.0,0.0,6.0,0.0,1.0,2.0,1.0,0.0,15.0,25:09,20.0,1
15,200751,Randy Foye,30.0,10.0,17.0,4.0,4.0,2.0,3.0,2.0,15.0,0.0,1.0,1.0,26.0,38:18,35.5,1
16,201166,Aaron Brooks,13.0,5.0,15.0,2.0,2.0,0.0,5.0,2.0,7.0,1.0,4.0,3.0,-2.0,36:50,9.0,1
17,203095,Evan Fournier,14.0,5.0,9.0,2.0,1.0,0.0,1.0,0.0,1.0,0.0,3.0,2.0,-11.0,26:56,7.1,1
18,202686,Jan Vesely,6.0,3.0,5.0,0.0,0.0,4.0,2.0,3.0,3.0,0.0,3.0,0.0,-8.0,22:51,11.0,1
19,201576,Anthony Randolph,2.0,1.0,3.0,0.0,0.0,0.0,1.0,1.0,0.0,0.0,1.0,1.0,-5.0,5:16,0.2,1
20,201589,Darrell Arthur,4.0,2.0,7.0,0.0,0.0,0.0,3.0,1.0,1.0,1.0,0.0,0.0,7.0,17:49,3.2,1
21,201163,Wilson Chandler,,,,,,,,,,,,,,,0.0,1
22,201581,JJ Hickson,,,,,,,,,,,,,,,0.0,1
23,201951,Ty Lawson,,,,,,,,,,,,,,,0.0,1
24,101126,Nate Robinson,,,,,,,,,,,,,,,0.0,1
