,id,name,PTS,FG,FGA,FTA,FT,OREB,DREB,STL,AST,BLK,PF,TO,PLUS_MINUS,MIN,GS,WIN
0,202331,Paul George,36.0,12.0,22.0,8.0,8.0,1.0,4.0,4.0,2.0,2.0,4.0,4.0,8.0,41:18,28.5,1
1,2561,David West,22.0,9.0,14.0,6.0,3.0,1.0,5.0,0.0,3.0,0.0,4.0,1.0,18.0,36:57,16.3,1
2,201579,Roy Hibbert,10.0,3.0,11.0,4.0,4.0,3.0,8.0,1.0,3.0,5.0,4.0,1.0,12.0,38:55,12.0,1
3,202362,Lance Stephenson,24.0,9.0,19.0,8.0,5.0,5.0,5.0,0.0,6.0,0.0,3.0,2.0,11.0,45:34,19.1,1
4,201588,George Hill,10.0,3.0,9.0,3.0,3.0,1.0,7.0,3.0,8.0,0.0,3.0,3.0,10.0,39:52,12.1,1
5,2449,Luis Scola,6.0,3.0,10.0,0.0,0.0,0.0,3.0,0.0,1.0,0.0,0.0,0.0,-18.0,17:06,1.8,1
6,101122,Danny Granger,7.0,2.0,5.0,2.0,2.0,2.0,1.0,0.0,0.0,0.0,3.0,1.0,-9.0,19:08,3.8,1
7,201228,C.J. Watson,0.0,0.0,5.0,0.0,0.0,0.0,2.0,1.0,1.0,0.0,1.0,0.0,-7.0,13:10,-1.6,1
8,101133,Ian Mahinmi,1.0,0.0,0.0,2.0,1.0,1.0,0.0,1.0,1.0,2.0,2.0,0.0,0.0,13:01,3.6,1
9,2446,Rasual Butler,,,,,,,,,,,,,,,0.0,1
10,203142,Chris Copeland,,,,,,,,,,,,,,,0.0,1
11,203111,Orlando Johnson,,,,,,,,,,,,,,,0.0,1
12,202388,Donald Sloan,,,,,,,,,,,,,,,0.0,1
13,202682,Derrick Williams,7.0,2.0,9.0,7.0,3.0,6.0,5.0,1.0,1.0,0.0,5.0,2.0,-22.0,34:15,3.3,0
14,201574,Jason Thompson,1.0,0.0,8.0,2.0,1.0,1.0,9.0,0.0,1.0,1.0,6.0,1.0,-2.0,32:15,-3.6,0
15,201189,Aaron Gray,3.0,1.0,3.0,2.0,1.0,3.0,4.0,0.0,1.0,0.0,5.0,4.0,-9.0,36:18,-1.1,0
16,201977,Marcus Thornton,42.0,16.0,27.0,4.0,3.0,3.0,2.0,1.0,0.0,0.0,1.0,2.0,-11.0,42:06,30.4,0
17,202738,Isaiah Thomas,38.0,13.0,31.0,10.0,10.0,0.0,3.0,1.0,6.0,0.0,4.0,5.0,-6.0,43:09,21.0,0
18,2566,Travis Outlaw,5.0,2.0,4.0,0.0,0.0,0.0,3.0,0.0,2.0,1.0,0.0,0.0,19.0,18:47,6.0,0
19,203112,Quincy Acy,2.0,0.0,1.0,2.0,2.0,1.0,3.0,0.0,1.0,0.0,5.0,1.0,3.0,11:32,0.6,0
20,202690,Jimmer Fredette,5.0,2.0,5.0,0.0,0.0,0.0,0.0,0.0,2.0,0.0,1.0,3.0,3.0,9:53,0.3,0
21,203463,Ben McLemore,3.0,1.0,5.0,0.0,0.0,0.0,1.0,0.0,0.0,0.0,3.0,0.0,6.0,10:54,-1.0,0
22,201171,Carl Landry,5.0,2.0,8.0,2.0,1.0,5.0,4.0,0.0,0.0,0.0,2.0,0.0,-6.0,25:52,3.7,0
23,203492,Ray McCallum,,,,,,,,,,,,,,,0.0,0
