,id,name,PTS,FG,FGA,FTA,FT,OREB,DREB,STL,AST,BLK,PF,TO,PLUS_MINUS,MIN,GS,WIN
0,1718,Paul Pierce,12.0,3.0,11.0,7.0,5.0,0.0,2.0,2.0,2.0,1.0,4.0,3.0,5.0,34:34,4.8,0
1,708,Kevin Garnett,4.0,2.0,2.0,0.0,0.0,0.0,8.0,0.0,3.0,3.0,5.0,2.0,7.0,21:05,6.0,0
2,2501,Reggie Evans,0.0,0.0,1.0,0.0,0.0,0.0,3.0,0.0,0.0,0.0,2.0,0.0,-14.0,16:50,-0.6,0
3,2207,Joe Johnson,19.0,6.0,13.0,4.0,3.0,0.0,2.0,0.0,2.0,0.0,1.0,1.0,-3.0,35:37,12.5,0
4,101114,Deron Williams,4.0,1.0,5.0,2.0,2.0,0.0,1.0,0.0,2.0,0.0,1.0,2.0,6.0,13:20,0.2,0
5,101154,Andray Blatche,25.0,11.0,14.0,4.0,3.0,4.0,3.0,1.0,1.0,0.0,2.0,2.0,-7.0,28:52,21.8,0
6,203486,Mason Plumlee,9.0,3.0,3.0,6.0,3.0,1.0,2.0,0.0,0.0,0.0,3.0,2.0,1.0,21:49,5.0,0
7,101187,Alan Anderson,16.0,5.0,10.0,2.0,2.0,0.0,1.0,1.0,2.0,0.0,2.0,0.0,-1.0,28:47,12.9,0
8,2733,Shaun Livingston,2.0,1.0,5.0,0.0,0.0,0.0,7.0,1.0,5.0,1.0,3.0,5.0,-5.0,26:00,0.0,0
9,1891,Jason Terry,0.0,0.0,1.0,0.0,0.0,0.0,0.0,1.0,1.0,0.0,2.0,0.0,-2.0,4:25,0.2,0
10,203116,Tyshawn Taylor,0.0,0.0,2.0,0.0,0.0,1.0,1.0,0.0,3.0,0.0,2.0,0.0,-7.0,8:41,0.9,0
11,203129,Tornike Shengelia,,,,,,,,,,,,,,,0.0,0
12,203141,Mirza Teletovic,,,,,,,,,,,,,,,0.0,0
13,203077,Michael Kidd-Gilchrist,8.0,4.0,10.0,2.0,0.0,1.0,3.0,0.0,1.0,0.0,3.0,5.0,-2.0,26:16,-2.1,1
14,201177,Josh McRoberts,6.0,2.0,6.0,4.0,2.0,3.0,4.0,1.0,5.0,2.0,0.0,1.0,-3.0,29:01,10.0,1
15,202687,Bismack Biyombo,9.0,4.0,6.0,3.0,1.0,1.0,5.0,0.0,0.0,0.0,4.0,0.0,0.0,22:33,6.2,1
16,201945,Gerald Henderson,13.0,4.0,12.0,5.0,4.0,2.0,0.0,2.0,5.0,0.0,2.0,1.0,-2.0,30:45,10.9,1
17,202689,Kemba Walker,31.0,12.0,20.0,4.0,3.0,2.0,3.0,1.0,2.0,1.0,1.0,2.0,10.0,35:10,24.4,1
18,203106,Jeffery Taylor,0.0,0.0,4.0,0.0,0.0,0.0,1.0,1.0,2.0,0.0,2.0,1.0,4.0,17:09,-1.9,1
19,203469,Cody Zeller,6.0,2.0,6.0,3.0,2.0,3.0,1.0,2.0,1.0,0.0,4.0,2.0,9.0,19:00,3.7,1
20,201196,Ramon Sessions,13.0,5.0,11.0,5.0,3.0,0.0,0.0,0.0,1.0,0.0,1.0,3.0,-3.0,26:44,3.8,1
21,202399,Jeff Adrien,7.0,2.0,5.0,4.0,3.0,5.0,5.0,0.0,0.0,1.0,3.0,0.0,2.0,25:26,8.4,1
22,201229,Anthony Tolliver,2.0,1.0,1.0,0.0,0.0,0.0,2.0,0.0,0.0,0.0,0.0,0.0,5.0,7:56,2.3,1
23,2732,Ben Gordon,,,,,,,,,,,,,,,0.0,1
24,2457,Jannero Pargo,,,,,,,,,,,,,,,0.0,1
25,203480,James Southerland,,,,,,,,,,,,,,,0.0,1
