,id,name,PTS,FG,FGA,FTA,FT,OREB,DREB,STL,AST,BLK,PF,TO,PLUS_MINUS,MIN,GS,WIN
0,2747,JR Smith,13.0,6.0,11.0,1.0,1.0,0.0,3.0,2.0,4.0,1.0,3.0,0.0,5.0,28:33,12.9,1
1,2546,Carmelo Anthony,34.0,11.0,25.0,8.0,8.0,0.0,9.0,1.0,2.0,0.0,2.0,0.0,13.0,39:11,25.2,1
2,202332,Cole Aldrich,12.0,4.0,5.0,5.0,4.0,5.0,5.0,0.0,1.0,3.0,3.0,1.0,19.0,25:22,15.3,1
3,202697,Iman Shumpert,7.0,3.0,4.0,0.0,0.0,0.0,3.0,0.0,4.0,0.0,5.0,0.0,20.0,21:04,7.1,1
4,101109,Raymond Felton,6.0,3.0,7.0,0.0,0.0,0.0,2.0,1.0,4.0,0.0,0.0,3.0,7.0,26:40,3.7,1
5,202719,Jeremy Tyler,4.0,1.0,3.0,2.0,2.0,3.0,4.0,1.0,0.0,1.0,4.0,1.0,1.0,14:39,4.7,1
6,203501,Tim Hardaway Jr.,22.0,7.0,11.0,6.0,5.0,0.0,3.0,1.0,0.0,0.0,0.0,1.0,11.0,38:21,17.6,1
7,203143,Pablo Prigioni,6.0,2.0,3.0,0.0,0.0,1.0,1.0,3.0,4.0,0.0,1.0,0.0,12.0,19:26,11.1,1
8,201947,Earl Clark,6.0,2.0,5.0,2.0,1.0,1.0,5.0,1.0,1.0,2.0,3.0,1.0,22.0,20:18,6.0,1
9,200769,Shannon Brown,4.0,2.0,5.0,0.0,0.0,2.0,0.0,1.0,0.0,0.0,0.0,1.0,5.0,4:32,2.7,1
10,203315,Toure' Murry,2.0,1.0,1.0,0.0,0.0,0.0,0.0,0.0,0.0,0.0,0.0,0.0,5.0,1:54,1.7,1
11,2199,Tyson Chandler,,,,,,,,,,,,,,,0.0,1
12,2405,Amar'e Stoudemire,,,,,,,,,,,,,,,0.0,1
13,201145,Jeff Green,27.0,10.0,21.0,7.0,5.0,0.0,2.0,0.0,0.0,0.0,4.0,1.0,-15.0,41:09,13.5,0
14,101138,Brandon Bass,7.0,3.0,9.0,1.0,1.0,3.0,2.0,1.0,1.0,1.0,2.0,1.0,-6.0,32:05,5.2,0
15,2743,Kris Humphries,15.0,6.0,9.0,5.0,3.0,5.0,0.0,0.0,2.0,1.0,1.0,0.0,-9.0,20:45,15.5,0
16,201573,Jerryd Bayless,15.0,5.0,14.0,1.0,1.0,0.0,3.0,1.0,3.0,0.0,4.0,1.0,-25.0,31:39,8.6,0
17,203515,Phil Pressey,9.0,3.0,9.0,4.0,2.0,1.0,4.0,1.0,5.0,0.0,0.0,3.0,-11.0,35:13,6.5,0
18,203096,Jared Sullinger,10.0,3.0,8.0,5.0,4.0,2.0,6.0,1.0,1.0,0.0,2.0,3.0,-16.0,25:19,6.3,0
19,203187,Chris Johnson,5.0,2.0,5.0,0.0,0.0,1.0,3.0,0.0,2.0,0.0,3.0,0.0,-12.0,29:08,4.1,0
20,203482,Kelly Olynyk,4.0,2.0,5.0,0.0,0.0,4.0,2.0,0.0,1.0,0.0,2.0,1.0,-17.0,17:51,3.6,0
21,203569,Chris Babb,0.0,0.0,1.0,0.0,0.0,0.0,0.0,0.0,0.0,0.0,0.0,1.0,-9.0,6:51,-1.7,0
22,201202,Joel Anthony,,,,,,,,,,,,,,,0.0,0
23,202340,Avery Bradley,,,,,,,,,,,,,,,0.0,0
24,200765,Rajon Rondo,,,,,,,,,,,,,,,0.0,0
