,id,name,PTS,FG,FGA,FTA,FT,OREB,DREB,STL,AST,BLK,PF,TO,PLUS_MINUS,MIN,GS,WIN
0,202325,Wesley Johnson,11.0,3.0,7.0,4.0,2.0,1.0,10.0,1.0,3.0,2.0,3.0,3.0,-3.0,37:51,10.5,1
1,201941,Jordan Hill,2.0,1.0,4.0,0.0,0.0,0.0,1.0,0.0,0.0,1.0,0.0,1.0,-4.0,11:13,-0.4,1
2,2200,Pau Gasol,24.0,9.0,15.0,8.0,6.0,1.0,12.0,0.0,6.0,0.0,0.0,0.0,4.0,35:31,24.8,1
3,201975,Jodie Meeks,17.0,6.0,13.0,5.0,3.0,1.0,6.0,1.0,3.0,0.0,2.0,3.0,17.0,42:15,11.3,1
4,203088,Kendall Marshall,19.0,7.0,11.0,1.0,1.0,0.0,4.0,1.0,14.0,0.0,1.0,7.0,6.0,44:08,18.7,1
5,202412,Manny Harris,7.0,2.0,7.0,2.0,2.0,1.0,2.0,0.0,1.0,0.0,1.0,1.0,-14.0,22:27,3.5,1
6,203527,Ryan Kelly,20.0,6.0,12.0,6.0,6.0,1.0,3.0,0.0,0.0,1.0,5.0,1.0,10.0,34:06,13.3,1
7,2549,Chris Kaman,4.0,2.0,3.0,0.0,0.0,1.0,0.0,0.0,0.0,0.0,1.0,3.0,-6.0,6:29,0.0,1
8,203135,Robert Sacre,3.0,1.0,2.0,2.0,1.0,2.0,0.0,0.0,0.0,0.0,0.0,0.0,5.0,6:00,3.0,1
9,2581,Steve Blake,,,,,,,,,,,,,,,0.0,1
10,200770,Jordan Farmar,,,,,,,,,,,,,,,0.0,1
11,202333,Xavier Henry,,,,,,,,,,,,,,,0.0,1
12,201156,Nick Young,,,,,,,,,,,,,,,0.0,1
13,201145,Jeff Green,12.0,4.0,12.0,4.0,3.0,0.0,9.0,1.0,2.0,2.0,2.0,0.0,-5.0,35:03,10.5,0
14,203096,Jared Sullinger,11.0,5.0,9.0,0.0,0.0,2.0,5.0,1.0,2.0,0.0,2.0,2.0,-3.0,28:36,9.2,0
15,2743,Kris Humphries,2.0,1.0,4.0,0.0,0.0,3.0,3.0,0.0,1.0,0.0,2.0,1.0,-12.0,11:13,1.5,0
16,202340,Avery Bradley,12.0,5.0,20.0,0.0,0.0,2.0,2.0,0.0,3.0,0.0,1.0,1.0,-11.0,28:56,2.7,0
17,200765,Rajon Rondo,8.0,4.0,9.0,0.0,0.0,1.0,1.0,2.0,4.0,0.0,0.0,1.0,-8.0,19:25,8.1,0
18,201573,Jerryd Bayless,4.0,2.0,5.0,0.0,0.0,0.0,0.0,0.0,0.0,0.0,1.0,0.0,6.0,17:46,0.9,0
19,101138,Brandon Bass,10.0,4.0,10.0,2.0,2.0,3.0,2.0,1.0,1.0,1.0,1.0,0.0,10.0,19:13,9.3,0
20,203482,Kelly Olynyk,25.0,11.0,17.0,2.0,2.0,2.0,3.0,2.0,7.0,1.0,5.0,1.0,5.0,32:49,24.4,0
21,2222,Gerald Wallace,14.0,6.0,8.0,3.0,2.0,0.0,4.0,3.0,5.0,2.0,2.0,1.0,3.0,24:45,17.7,0
22,203515,Phil Pressey,6.0,2.0,5.0,0.0,0.0,0.0,0.0,2.0,9.0,0.0,3.0,0.0,0.0,22:12,10.4,0
23,201202,Joel Anthony,,,,,,,,,,,,,,,0.0,0
24,203543,Vitor Faverani,,,,,,,,,,,,,,,0.0,0
25,203187,Chris Johnson,,,,,,,,,,,,,,,0.0,0
