,id,name,PTS,FG,FGA,FTA,FT,OREB,DREB,STL,AST,BLK,PF,TO,PLUS_MINUS,MIN,GS,WIN
0,201229,Anthony Tolliver,11.0,4.0,11.0,0.0,0.0,0.0,3.0,0.0,1.0,0.0,1.0,0.0,-26.0,37:01,6.1,0
1,201177,Josh McRoberts,10.0,4.0,8.0,0.0,0.0,0.0,3.0,1.0,4.0,0.0,2.0,0.0,-12.0,28:10,9.9,0
2,2744,Al Jefferson,14.0,7.0,15.0,0.0,0.0,1.0,11.0,1.0,4.0,0.0,0.0,3.0,-18.0,30:00,11.1,0
3,201945,Gerald Henderson,12.0,3.0,11.0,6.0,6.0,0.0,0.0,0.0,1.0,0.0,3.0,0.0,-17.0,32:19,5.0,0
4,202689,Kemba Walker,14.0,4.0,10.0,5.0,5.0,0.0,7.0,2.0,3.0,0.0,1.0,5.0,-17.0,33:13,9.4,0
5,203469,Cody Zeller,6.0,0.0,6.0,6.0,6.0,3.0,1.0,2.0,1.0,0.0,3.0,1.0,-15.0,19:50,4.7,0
6,201604,Chris Douglas-Roberts,2.0,1.0,1.0,0.0,0.0,1.0,1.0,0.0,0.0,0.0,0.0,2.0,-6.0,17:26,0.7,0
7,201196,Ramon Sessions,8.0,3.0,9.0,2.0,2.0,1.0,1.0,1.0,4.0,0.0,3.0,2.0,-4.0,21:42,4.5,0
8,202687,Bismack Biyombo,8.0,3.0,5.0,3.0,2.0,1.0,4.0,0.0,1.0,1.0,0.0,2.0,-9.0,17:36,6.6,0
9,2457,Jannero Pargo,0.0,0.0,0.0,0.0,0.0,0.0,0.0,0.0,0.0,0.0,0.0,1.0,-11.0,2:43,-1.0,0
10,202399,Jeff Adrien,,,,,,,,,,,,,,,0.0,0
11,2732,Ben Gordon,,,,,,,,,,,,,,,0.0,0
12,203106,Jeffery Taylor,,,,,,,,,,,,,,,0.0,0
13,201162,Jared Dudley,20.0,7.0,10.0,0.0,0.0,0.0,1.0,0.0,5.0,0.0,2.0,1.0,29.0,32:40,17.8,1
14,201933,Blake Griffin,31.0,14.0,20.0,4.0,2.0,2.0,10.0,0.0,2.0,0.0,4.0,4.0,22.0,38:07,22.0,1
15,201599,DeAndre Jordan,6.0,3.0,4.0,0.0,0.0,3.0,9.0,1.0,2.0,1.0,3.0,3.0,26.0,36:31,8.1,1
16,2037,Jamal Crawford,11.0,5.0,14.0,0.0,0.0,0.0,2.0,2.0,4.0,2.0,2.0,0.0,22.0,35:20,9.2,1
17,101108,Chris Paul,17.0,7.0,14.0,2.0,2.0,0.0,4.0,1.0,14.0,0.0,1.0,3.0,17.0,32:23,18.6,1
18,201954,Darren Collison,8.0,3.0,3.0,2.0,2.0,1.0,2.0,5.0,5.0,0.0,2.0,0.0,10.0,16:08,16.1,1
19,2440,Matt Barnes,4.0,2.0,10.0,0.0,0.0,1.0,4.0,0.0,2.0,0.0,2.0,0.0,-3.0,19:32,0.3,1
20,1712,Antawn Jamison,0.0,0.0,2.0,0.0,0.0,0.0,0.0,0.0,0.0,0.0,0.0,0.0,0.0,4:22,-1.4,1
21,2584,Willie Green,4.0,2.0,3.0,0.0,0.0,0.0,2.0,0.0,2.0,0.0,1.0,1.0,5.0,12:40,3.3,1
22,200797,Ryan Hollins,5.0,2.0,3.0,2.0,1.0,1.0,2.0,0.0,0.0,0.0,3.0,1.0,1.0,10:55,2.4,1
23,201957,Byron Mullens,6.0,2.0,2.0,0.0,0.0,0.0,0.0,0.0,0.0,0.0,0.0,0.0,6.0,1:22,5.4,1
24,1536,Stephen Jackson,,,,,,,,,,,,,,,0.0,1
25,203146,Maalik Wayns,,,,,,,,,,,,,,,0.0,1
