,id,name,PTS,FG,FGA,FTA,FT,OREB,DREB,STL,AST,BLK,PF,TO,PLUS_MINUS,MIN,GS,WIN
0,201858,Cartier Martin,13.0,5.0,8.0,2.0,1.0,0.0,4.0,2.0,2.0,1.0,3.0,1.0,-5.0,28:45,12.1,0
1,200794,Paul Millsap,17.0,5.0,13.0,8.0,5.0,1.0,3.0,2.0,5.0,0.0,3.0,3.0,9.0,39:37,11.6,0
2,203544,Pero Antic,13.0,5.0,10.0,2.0,2.0,2.0,10.0,0.0,1.0,0.0,4.0,0.0,24.0,25:56,11.5,0
3,202714,Shelvin Mack,5.0,2.0,6.0,0.0,0.0,3.0,3.0,0.0,6.0,0.0,2.0,1.0,9.0,29:36,7.0,0
4,201952,Jeff Teague,19.0,8.0,17.0,1.0,1.0,0.0,1.0,0.0,3.0,0.0,3.0,2.0,18.0,32:32,9.5,0
5,203488,Mike Muscala,2.0,1.0,6.0,0.0,0.0,4.0,4.0,0.0,1.0,1.0,3.0,2.0,-28.0,22:04,0.4,0
6,101150,Lou Williams,12.0,4.0,10.0,5.0,4.0,0.0,2.0,1.0,1.0,0.0,1.0,0.0,-17.0,32:07,8.1,0
7,203118,Mike Scott,8.0,2.0,5.0,4.0,4.0,0.0,2.0,0.0,0.0,0.0,1.0,1.0,-12.0,14:41,4.5,0
8,203471,Dennis Schroder,8.0,2.0,5.0,6.0,3.0,0.0,1.0,1.0,1.0,0.0,2.0,2.0,-18.0,14:42,3.3,0
9,1882,Elton Brand,,,,,,,,,,,,,,,0.0,0
10,201960,DeMarre Carroll,,,,,,,,,,,,,,,0.0,0
11,2594,Kyle Korver,,,,,,,,,,,,,,,0.0,0
12,2772,Trevor Ariza,13.0,4.0,6.0,4.0,4.0,0.0,5.0,1.0,0.0,0.0,2.0,1.0,3.0,34:03,11.1,1
13,202344,Trevor Booker,0.0,0.0,4.0,0.0,0.0,3.0,2.0,1.0,0.0,1.0,2.0,2.0,-11.0,16:26,-1.2,1
14,101162,Marcin Gortat,12.0,6.0,11.0,2.0,0.0,3.0,8.0,1.0,2.0,4.0,2.0,3.0,2.0,32:59,11.8,1
15,203078,Bradley Beal,14.0,5.0,15.0,4.0,4.0,1.0,5.0,1.0,5.0,0.0,2.0,1.0,-20.0,37:13,10.4,1
16,202322,John Wall,25.0,10.0,20.0,6.0,2.0,2.0,5.0,3.0,6.0,0.0,3.0,2.0,1.0,36:28,20.3,1
17,2400,Drew Gooden,16.0,5.0,5.0,7.0,5.0,2.0,6.0,2.0,1.0,0.0,3.0,2.0,21.0,28:55,16.4,1
18,101110,Martell Webster,6.0,3.0,7.0,0.0,0.0,0.0,0.0,1.0,0.0,0.0,2.0,1.0,17.0,20:03,1.5,1
19,1733,Al Harrington,5.0,2.0,7.0,0.0,0.0,0.0,1.0,0.0,0.0,0.0,3.0,0.0,7.0,14:60,0.0,1
20,1889,Andre Miller,10.0,4.0,4.0,2.0,2.0,0.0,1.0,1.0,3.0,0.0,3.0,1.0,0.0,18:45,10.0,1
21,202066,Garrett Temple,0.0,0.0,0.0,0.0,0.0,0.0,0.0,0.0,0.0,0.0,0.0,0.0,0.0,0:08,0.0,1
22,203490,Otto Porter Jr.,,,,,,,,,,,,,,,0.0,1
23,202338,Kevin Seraphin,,,,,,,,,,,,,,,0.0,1
24,202698,Chris Singleton,,,,,,,,,,,,,,,0.0,1
