,id,name,PTS,FG,FGA,FTA,FT,OREB,DREB,STL,AST,BLK,PF,TO,PLUS_MINUS,MIN,GS,WIN
0,202325,Wesley Johnson,17.0,6.0,13.0,3.0,3.0,0.0,3.0,5.0,1.0,3.0,1.0,1.0,11.0,42:56,17.6,1
1,203527,Ryan Kelly,15.0,7.0,12.0,0.0,0.0,1.0,7.0,2.0,2.0,0.0,0.0,2.0,7.0,31:17,13.6,1
2,203135,Robert Sacre,5.0,2.0,9.0,2.0,1.0,1.0,3.0,1.0,3.0,1.0,2.0,4.0,2.0,22:47,-0.3,1
3,2581,Steve Blake,14.0,5.0,10.0,0.0,0.0,1.0,3.0,2.0,8.0,1.0,2.0,0.0,8.0,36:23,18.1,1
4,959,Steve Nash,19.0,8.0,15.0,4.0,3.0,0.0,4.0,0.0,5.0,0.0,2.0,2.0,3.0,28:07,13.2,1
5,200761,Shawne Williams,4.0,1.0,3.0,2.0,2.0,0.0,3.0,2.0,1.0,0.0,1.0,1.0,2.0,13:06,4.5,1
6,2549,Chris Kaman,17.0,7.0,14.0,4.0,3.0,3.0,5.0,1.0,3.0,3.0,3.0,2.0,12.0,25:13,15.2,1
7,203088,Kendall Marshall,7.0,3.0,6.0,0.0,0.0,0.0,0.0,1.0,10.0,0.0,2.0,1.0,11.0,19:53,10.2,1
8,201941,Jordan Hill,14.0,6.0,7.0,5.0,2.0,1.0,5.0,0.0,1.0,1.0,2.0,1.0,14.0,20:18,12.1,1
9,200770,Jordan Farmar,,,,,,,,,,,,,,,0.0,1
10,2200,Pau Gasol,,,,,,,,,,,,,,,0.0,1
11,201975,Jodie Meeks,,,,,,,,,,,,,,,0.0,1
12,201156,Nick Young,,,,,,,,,,,,,,,0.0,1
13,202323,Evan Turner,15.0,6.0,14.0,0.0,0.0,0.0,7.0,2.0,3.0,0.0,1.0,4.0,-10.0,31:45,9.4,0
14,201152,Thaddeus Young,5.0,2.0,9.0,0.0,0.0,1.0,3.0,1.0,3.0,0.0,4.0,3.0,-11.0,34:03,-0.4,0
15,201150,Spencer Hawes,15.0,5.0,11.0,3.0,2.0,1.0,10.0,0.0,3.0,0.0,3.0,2.0,-3.0,33:30,11.5,0
16,202341,James Anderson,12.0,4.0,6.0,2.0,1.0,1.0,5.0,0.0,2.0,0.0,3.0,0.0,-5.0,26:34,11.4,0
17,203487,Michael Carter-Williams,10.0,4.0,12.0,4.0,1.0,1.0,5.0,1.0,7.0,1.0,3.0,4.0,-11.0,30:04,5.6,0
18,202730,Lavoy Allen,10.0,4.0,12.0,2.0,2.0,6.0,3.0,2.0,3.0,1.0,3.0,1.0,-14.0,28:16,10.9,0
19,203138,Hollis Thompson,4.0,2.0,4.0,0.0,0.0,0.0,2.0,1.0,1.0,0.0,0.0,2.0,-9.0,21:26,2.3,0
20,202343,Elliot Williams,11.0,4.0,10.0,2.0,0.0,0.0,1.0,1.0,1.0,0.0,1.0,2.0,-4.0,16:15,4.4,0
21,203100,Tony Wroten,16.0,6.0,9.0,4.0,3.0,2.0,2.0,0.0,0.0,0.0,0.0,4.0,-3.0,17:56,9.7,0
22,203485,Lorenzo Brown,0.0,0.0,0.0,0.0,0.0,0.0,0.0,0.0,0.0,0.0,0.0,0.0,0.0,0:11,0.0,0
23,203561,Brandon Davies,,,,,,,,,,,,,,,0.0,0
