,id,name,PTS,FG,FGA,FTA,FT,OREB,DREB,STL,AST,BLK,PF,TO,PLUS_MINUS,MIN,GS,WIN
0,2406,Caron Butler,14.0,5.0,9.0,2.0,2.0,1.0,3.0,1.0,1.0,0.0,4.0,7.0,-8.0,33:26,4.4,0
1,203114,Khris Middleton,2.0,1.0,4.0,0.0,0.0,0.0,0.0,0.0,1.0,0.0,3.0,3.0,-2.0,19:15,-3.9,0
2,202336,Larry Sanders,0.0,0.0,3.0,0.0,0.0,1.0,3.0,0.0,0.0,1.0,5.0,2.0,-8.0,12:21,-3.8,0
3,202688,Brandon Knight,0.0,0.0,0.0,0.0,0.0,0.0,1.0,0.0,0.0,0.0,0.0,1.0,-2.0,1:45,-0.7,0
4,201564,O.J. Mayo,13.0,6.0,12.0,1.0,1.0,0.0,5.0,1.0,3.0,0.0,1.0,2.0,-10.0,35:57,9.2,0
5,203489,Nate Wolters,9.0,3.0,12.0,2.0,2.0,1.0,0.0,1.0,4.0,1.0,2.0,2.0,-3.0,29:41,4.2,0
6,101141,Ersan Ilyasova,10.0,5.0,6.0,0.0,0.0,0.0,2.0,3.0,1.0,0.0,1.0,2.0,2.0,19:43,9.7,0
7,202390,Gary Neal,16.0,6.0,16.0,2.0,2.0,0.0,2.0,0.0,5.0,0.0,0.0,0.0,0.0,31:49,11.3,0
8,2585,Zaza Pachulia,13.0,6.0,10.0,1.0,1.0,2.0,9.0,2.0,3.0,0.0,4.0,2.0,-3.0,33:53,13.0,0
9,203507,Giannis Antetokounmpo,1.0,0.0,0.0,2.0,1.0,0.0,0.0,0.0,0.0,0.0,2.0,1.0,-3.0,4:43,-1.2,0
10,203089,John Henson,5.0,2.0,2.0,2.0,1.0,0.0,1.0,2.0,1.0,2.0,0.0,1.0,2.0,17:27,7.4,0
11,203545,Miroslav Raduljica,,,,,,,,,,,,,,,0.0,0
12,2557,Luke Ridnour,,,,,,,,,,,,,,,0.0,0
13,2546,Carmelo Anthony,19.0,7.0,16.0,6.0,5.0,2.0,8.0,1.0,1.0,0.0,2.0,3.0,4.0,37:39,11.9,1
14,202697,Iman Shumpert,16.0,5.0,13.0,5.0,5.0,0.0,4.0,0.0,1.0,1.0,2.0,1.0,4.0,33:07,9.7,1
15,2199,Tyson Chandler,10.0,5.0,7.0,0.0,0.0,2.0,4.0,3.0,1.0,5.0,3.0,5.0,18.0,31:47,10.7,1
16,101109,Raymond Felton,18.0,7.0,12.0,4.0,4.0,1.0,0.0,3.0,3.0,0.0,2.0,3.0,11.0,34:18,14.4,1
17,203143,Pablo Prigioni,7.0,3.0,3.0,0.0,0.0,0.0,3.0,3.0,5.0,0.0,1.0,4.0,19.0,37:27,9.1,1
18,1897,Metta World Peace,4.0,2.0,4.0,0.0,0.0,0.0,4.0,1.0,0.0,0.0,0.0,1.0,-4.0,17:57,3.2,1
19,200745,Andrea Bargnani,6.0,3.0,9.0,0.0,0.0,0.0,2.0,1.0,1.0,0.0,2.0,3.0,-11.0,17:09,-0.6,1
20,2757,Beno Udrih,2.0,1.0,4.0,0.0,0.0,0.0,1.0,0.0,2.0,0.0,2.0,2.0,-12.0,10:33,-1.5,1
21,203501,Tim Hardaway Jr.,5.0,2.0,2.0,0.0,0.0,0.0,0.0,0.0,2.0,0.0,2.0,0.0,0.0,15:05,5.0,1
22,2030,Kenyon Martin,3.0,1.0,1.0,2.0,1.0,1.0,2.0,0.0,1.0,0.0,0.0,0.0,6.0,4:58,4.3,1
23,202332,Cole Aldrich,,,,,,,,,,,,,,,0.0,1
24,2747,JR Smith,,,,,,,,,,,,,,,0.0,1
25,2405,Amar'e Stoudemire,,,,,,,,,,,,,,,0.0,1
