,id,name,PTS,FG,FGA,FTA,FT,OREB,DREB,STL,AST,BLK,PF,TO,PLUS_MINUS,MIN,GS,WIN
0,2746,Josh Smith,12.0,5.0,20.0,1.0,1.0,2.0,4.0,3.0,6.0,0.0,2.0,6.0,-6.0,37:36,3.0,0
1,202328,Greg Monroe,17.0,6.0,13.0,7.0,5.0,2.0,9.0,0.0,1.0,0.0,2.0,2.0,-8.0,34:36,11.5,0
2,203083,Andre Drummond,12.0,5.0,6.0,4.0,2.0,6.0,6.0,2.0,1.0,2.0,3.0,2.0,-6.0,24:07,15.9,0
3,203484,Kentavious Caldwell-Pope,0.0,0.0,1.0,0.0,0.0,1.0,0.0,0.0,0.0,0.0,3.0,0.0,-3.0,7:57,-1.2,0
4,201943,Brandon Jennings,26.0,7.0,15.0,12.0,10.0,3.0,1.0,3.0,7.0,2.0,1.0,3.0,-6.0,40:44,25.8,0
5,202713,Kyle Singler,2.0,1.0,5.0,0.0,0.0,3.0,0.0,2.0,1.0,0.0,3.0,1.0,-2.0,33:17,1.5,0
6,201155,Rodney Stuckey,20.0,8.0,17.0,3.0,2.0,1.0,6.0,1.0,1.0,0.0,5.0,4.0,7.0,36:08,9.1,0
7,201973,Jonas Jerebko,2.0,1.0,4.0,0.0,0.0,1.0,4.0,0.0,0.0,0.0,0.0,1.0,3.0,10:51,0.5,0
8,101198,Will Bynum,5.0,1.0,2.0,2.0,2.0,0.0,2.0,0.0,2.0,0.0,1.0,2.0,-9.0,14:45,3.6,0
9,1497,Chauncey Billups,,,,,,,,,,,,,,,0.0,0
10,203540,Gigi Datome,,,,,,,,,,,,,,,0.0,0
11,202725,Josh Harrellson,,,,,,,,,,,,,,,0.0,0
12,101111,Charlie Villanueva,,,,,,,,,,,,,,,0.0,0
13,2544,LeBron James,24.0,9.0,19.0,8.0,6.0,1.0,7.0,2.0,11.0,2.0,1.0,1.0,6.0,38:19,26.0,1
14,2203,Shane Battier,3.0,1.0,5.0,0.0,0.0,1.0,2.0,1.0,0.0,0.0,2.0,0.0,2.0,21:18,1.4,1
15,2547,Chris Bosh,17.0,5.0,8.0,7.0,6.0,3.0,4.0,1.0,1.0,0.0,3.0,3.0,5.0,34:38,13.8,1
16,2548,Dwyane Wade,30.0,13.0,19.0,4.0,3.0,2.0,8.0,0.0,5.0,0.0,2.0,6.0,11.0,37:09,22.0,1
17,201596,Mario Chalmers,8.0,3.0,11.0,2.0,2.0,0.0,2.0,3.0,4.0,1.0,5.0,2.0,19.0,23:14,4.6,1
18,2365,Chris Andersen,2.0,1.0,2.0,0.0,0.0,2.0,1.0,2.0,0.0,2.0,1.0,1.0,-2.0,21:39,4.7,1
19,951,Ray Allen,9.0,3.0,8.0,0.0,0.0,0.0,4.0,1.0,1.0,0.0,0.0,2.0,-11.0,24:50,5.5,1
20,202708,Norris Cole,3.0,1.0,8.0,0.0,0.0,0.0,2.0,1.0,2.0,0.0,5.0,3.0,-4.0,24:25,-4.2,1
21,201563,Michael Beasley,2.0,1.0,2.0,0.0,0.0,1.0,1.0,0.0,0.0,1.0,1.0,0.0,-3.0,3:28,2.3,1
22,201141,Greg Oden,4.0,2.0,3.0,0.0,0.0,3.0,0.0,2.0,0.0,0.0,2.0,2.0,7.0,10:60,4.0,1
23,201962,Toney Douglas,,,,,,,,,,,,,,,0.0,1
24,2617,Udonis Haslem,,,,,,,,,,,,,,,0.0,1
25,1740,Rashard Lewis,,,,,,,,,,,,,,,0.0,1
