,id,name,PTS,FG,FGA,FTA,FT,OREB,DREB,STL,AST,BLK,PF,TO,PLUS_MINUS,MIN,GS,WIN
0,2738,Andre Iguodala,7.0,2.0,8.0,5.0,3.0,0.0,5.0,3.0,3.0,0.0,1.0,0.0,16.0,26:06,7.6,1
1,101135,David Lee,10.0,4.0,6.0,2.0,2.0,4.0,2.0,2.0,0.0,1.0,2.0,2.0,23.0,23:48,10.7,1
2,101106,Andrew Bogut,6.0,3.0,3.0,1.0,0.0,1.0,6.0,0.0,1.0,0.0,5.0,1.0,6.0,12:27,4.9,1
3,201939,Stephen Curry,27.0,9.0,19.0,4.0,4.0,2.0,9.0,0.0,11.0,1.0,2.0,4.0,19.0,30:18,25.0,1
4,202691,Klay Thompson,25.0,9.0,17.0,3.0,2.0,0.0,3.0,1.0,1.0,0.0,1.0,0.0,15.0,29:03,18.5,1
5,979,Jermaine O'Neal,15.0,6.0,8.0,5.0,3.0,2.0,4.0,0.0,0.0,1.0,4.0,2.0,8.0,20:17,10.7,1
6,203084,Harrison Barnes,9.0,3.0,7.0,2.0,2.0,0.0,4.0,0.0,2.0,0.0,2.0,2.0,3.0,26:59,5.1,1
7,2581,Steve Blake,9.0,3.0,6.0,1.0,1.0,1.0,2.0,1.0,4.0,0.0,1.0,0.0,7.0,19:50,10.7,1
8,202348,Jordan Crawford,1.0,0.0,5.0,1.0,1.0,0.0,1.0,1.0,2.0,0.0,1.0,4.0,5.0,18:14,-4.2,1
9,203110,Draymond Green,5.0,2.0,6.0,0.0,0.0,1.0,1.0,3.0,1.0,1.0,1.0,0.0,13.0,22:39,6.6,1
10,201578,Marreese Speights,12.0,3.0,7.0,7.0,6.0,1.0,0.0,0.0,0.0,1.0,1.0,0.0,0.0,10:19,8.9,1
11,200756,Hilton Armstrong,,,,,,,,,,,,,,,0.0,1
12,203517,Nemanja Nedovic,,,,,,,,,,,,,,,0.0,1
13,2546,Carmelo Anthony,23.0,7.0,26.0,8.0,8.0,7.0,9.0,1.0,2.0,0.0,3.0,2.0,-17.0,37:29,14.4,0
14,2747,JR Smith,17.0,7.0,19.0,0.0,0.0,1.0,3.0,0.0,1.0,0.0,2.0,2.0,-25.0,31:15,6.0,0
15,2199,Tyson Chandler,6.0,2.0,10.0,3.0,2.0,3.0,9.0,2.0,3.0,0.0,5.0,2.0,-11.0,29:38,4.3,0
16,101109,Raymond Felton,8.0,3.0,6.0,2.0,1.0,0.0,2.0,1.0,3.0,0.0,2.0,6.0,-17.0,21:34,1.5,0
17,203143,Pablo Prigioni,5.0,2.0,3.0,0.0,0.0,0.0,0.0,0.0,0.0,0.0,3.0,0.0,-18.0,10:21,2.5,0
18,203501,Tim Hardaway Jr.,22.0,6.0,11.0,6.0,6.0,0.0,2.0,2.0,0.0,0.0,3.0,1.0,-10.0,40:29,17.1,0
19,202719,Jeremy Tyler,6.0,3.0,6.0,0.0,0.0,2.0,3.0,0.0,1.0,1.0,5.0,1.0,-15.0,19:27,3.7,0
20,200769,Shannon Brown,0.0,0.0,2.0,0.0,0.0,0.0,3.0,2.0,1.0,0.0,1.0,0.0,3.0,15:12,1.8,0
21,201947,Earl Clark,8.0,2.0,5.0,4.0,4.0,0.0,4.0,0.0,1.0,2.0,0.0,0.0,-4.0,10:59,8.6,0
22,203315,Toure' Murry,8.0,4.0,7.0,0.0,0.0,0.0,2.0,0.0,2.0,1.0,0.0,3.0,-1.0,23:36,4.4,0
23,202332,Cole Aldrich,,,,,,,,,,,,,,,0.0,0
24,2405,Amar'e Stoudemire,,,,,,,,,,,,,,,0.0,0
