,id,name,PTS,FG,FGA,FTA,FT,OREB,DREB,STL,AST,BLK,PF,TO,PLUS_MINUS,MIN,GS,WIN
0,201980,Danny Green,22.0,7.0,16.0,4.0,3.0,0.0,7.0,1.0,2.0,2.0,4.0,4.0,13.0,46:19,13.5,1
1,1495,Tim Duncan,31.0,13.0,20.0,7.0,5.0,2.0,9.0,2.0,5.0,3.0,6.0,3.0,13.0,40:08,27.7,1
2,201168,Tiago Splitter,7.0,3.0,7.0,1.0,1.0,3.0,9.0,0.0,3.0,1.0,4.0,1.0,10.0,33:41,8.3,1
3,202709,Cory Joseph,8.0,4.0,7.0,0.0,0.0,1.0,2.0,3.0,4.0,0.0,1.0,1.0,4.0,27:40,10.4,1
4,2225,Tony Parker,4.0,2.0,5.0,0.0,0.0,0.0,0.0,0.0,5.0,0.0,0.0,4.0,-13.0,18:54,0.8,1
5,201158,Marco Belinelli,14.0,6.0,11.0,2.0,2.0,0.0,4.0,1.0,1.0,0.0,2.0,0.0,5.0,38:06,10.8,1
6,2564,Boris Diaw,4.0,2.0,5.0,0.0,0.0,1.0,2.0,0.0,1.0,0.0,2.0,2.0,1.0,21:13,0.5,1
7,200769,Shannon Brown,2.0,1.0,2.0,0.0,0.0,0.0,0.0,0.0,0.0,0.0,1.0,2.0,-7.0,6:14,-1.4,1
8,201965,Jeff Ayres,1.0,0.0,0.0,2.0,1.0,0.0,1.0,0.0,2.0,0.0,1.0,1.0,-7.0,6:14,0.9,1
9,201988,Patty Mills,23.0,7.0,14.0,5.0,5.0,1.0,5.0,0.0,4.0,0.0,2.0,1.0,11.0,20:23,19.2,1
10,2588,Matt Bonner,1.0,0.0,4.0,2.0,1.0,1.0,1.0,0.0,0.0,2.0,0.0,0.0,-4.0,14:17,0.2,1
11,201986,Nando De Colo,8.0,3.0,7.0,2.0,2.0,2.0,2.0,1.0,3.0,1.0,4.0,1.0,9.0,16:51,7.5,1
12,203382,Aron Baynes,,,,,,,,,,,,,,,0.0,1
13,2772,Trevor Ariza,15.0,5.0,12.0,4.0,4.0,2.0,8.0,0.0,2.0,0.0,5.0,2.0,-20.0,45:22,9.8,0
14,2403,Nene,12.0,4.0,14.0,6.0,4.0,0.0,7.0,2.0,3.0,1.0,3.0,3.0,-14.0,37:50,5.7,0
15,101162,Marcin Gortat,11.0,3.0,8.0,8.0,5.0,5.0,1.0,0.0,0.0,2.0,3.0,1.0,-19.0,38:48,8.4,0
16,203078,Bradley Beal,19.0,7.0,16.0,6.0,5.0,0.0,5.0,1.0,3.0,0.0,0.0,2.0,-3.0,34:21,12.8,0
17,202322,John Wall,29.0,12.0,29.0,4.0,3.0,0.0,5.0,4.0,9.0,1.0,1.0,4.0,-17.0,44:18,21.2,0
18,101110,Martell Webster,10.0,3.0,5.0,2.0,2.0,2.0,2.0,0.0,1.0,0.0,2.0,1.0,9.0,36:17,8.6,0
19,202344,Trevor Booker,10.0,5.0,7.0,0.0,0.0,1.0,5.0,0.0,0.0,2.0,1.0,0.0,10.0,25:23,10.3,0
20,202338,Kevin Seraphin,6.0,3.0,7.0,0.0,0.0,2.0,3.0,0.0,0.0,0.0,2.0,1.0,7.0,13:42,2.8,0
21,202066,Garrett Temple,6.0,2.0,3.0,2.0,2.0,1.0,0.0,3.0,1.0,0.0,1.0,1.0,12.0,13:60,7.7,0
22,201953,Eric Maynor,,,,,,,,,,,,,,,0.0,0
23,203490,Otto Porter Jr.,,,,,,,,,,,,,,,0.0,0
24,202698,Chris Singleton,,,,,,,,,,,,,,,0.0,0
25,202686,Jan Vesely,,,,,,,,,,,,,,,0.0,0
