,id,name,PTS,FG,FGA,FTA,FT,OREB,DREB,STL,AST,BLK,PF,TO,PLUS_MINUS,MIN,GS,WIN
0,201587,Nicolas Batum,5.0,1.0,4.0,4.0,3.0,1.0,2.0,1.0,3.0,0.0,1.0,0.0,-26.0,30:40,6.2,0
1,200746,LaMarcus Aldridge,10.0,2.0,14.0,6.0,6.0,1.0,10.0,1.0,1.0,1.0,4.0,3.0,-18.0,34:11,2.5,0
2,201577,Robin Lopez,10.0,4.0,7.0,2.0,2.0,2.0,7.0,0.0,0.0,2.0,0.0,1.0,-13.0,23:34,10.6,0
3,202083,Wesley Matthews,21.0,5.0,14.0,11.0,9.0,0.0,5.0,0.0,2.0,0.0,4.0,2.0,-9.0,36:16,11.7,0
4,203081,Damian Lillard,16.0,5.0,16.0,6.0,4.0,1.0,2.0,0.0,4.0,1.0,2.0,2.0,-15.0,34:10,8.0,0
5,200777,Joel Freeland,8.0,4.0,4.0,0.0,0.0,2.0,5.0,0.0,1.0,1.0,0.0,0.0,6.0,11:27,11.1,0
6,2590,Mo Williams,7.0,3.0,9.0,0.0,0.0,0.0,1.0,0.0,2.0,0.0,3.0,3.0,-4.0,30:46,-0.6,0
7,203468,CJ McCollum,6.0,2.0,7.0,2.0,1.0,0.0,2.0,0.0,1.0,0.0,3.0,1.0,1.0,20:54,0.6,0
8,203080,Thomas Robinson,5.0,2.0,6.0,2.0,1.0,4.0,7.0,1.0,1.0,1.0,2.0,2.0,3.0,14:54,5.7,0
9,2248,Earl Watson,0.0,0.0,0.0,0.0,0.0,1.0,0.0,0.0,1.0,0.0,0.0,0.0,0.0,1:35,1.4,0
10,203115,Will Barton,0.0,0.0,2.0,0.0,0.0,0.0,1.0,0.0,0.0,0.0,0.0,0.0,0.0,1:35,-1.1,0
11,203086,Meyers Leonard,,,,,,,,,,,,,,,0.0,0
12,2748,Dorell Wright,,,,,,,,,,,,,,,0.0,0
13,2738,Andre Iguodala,12.0,5.0,11.0,0.0,0.0,2.0,8.0,1.0,5.0,0.0,2.0,0.0,23.0,37:04,13.8,1
14,101135,David Lee,17.0,6.0,16.0,6.0,5.0,2.0,10.0,1.0,3.0,0.0,4.0,3.0,16.0,36:22,10.7,1
15,101106,Andrew Bogut,4.0,2.0,3.0,0.0,0.0,3.0,3.0,1.0,0.0,2.0,3.0,1.0,3.0,25:09,5.9,1
16,202691,Klay Thompson,17.0,6.0,21.0,3.0,3.0,0.0,1.0,1.0,4.0,0.0,3.0,1.0,18.0,38:29,6.6,1
17,201939,Stephen Curry,38.0,13.0,23.0,10.0,7.0,1.0,6.0,2.0,8.0,0.0,1.0,2.0,12.0,34:38,33.6,1
18,203084,Harrison Barnes,6.0,2.0,5.0,2.0,2.0,2.0,5.0,1.0,0.0,1.0,1.0,1.0,-3.0,27:24,6.5,1
19,202348,Jordan Crawford,5.0,2.0,6.0,0.0,0.0,0.0,1.0,0.0,2.0,0.0,0.0,1.0,-1.0,15:16,2.3,1
20,203110,Draymond Green,2.0,1.0,4.0,0.0,0.0,0.0,6.0,1.0,0.0,1.0,6.0,0.0,12.0,18:06,0.7,1
21,201578,Marreese Speights,0.0,0.0,0.0,0.0,0.0,0.0,0.0,0.0,0.0,0.0,1.0,0.0,-5.0,4:50,-0.4,1
22,203145,Kent Bazemore,0.0,0.0,0.0,0.0,0.0,0.0,0.0,0.0,0.0,0.0,0.0,0.0,0.0,1:21,0.0,1
23,202705,MarShon Brooks,2.0,1.0,2.0,0.0,0.0,0.0,1.0,0.0,0.0,0.0,0.0,0.0,0.0,1:21,1.3,1
24,203517,Nemanja Nedovic,,,,,,,,,,,,,,,0.0,1
