,id,name,PTS,FG,FGA,FTA,FT,OREB,DREB,STL,AST,BLK,PF,TO,PLUS_MINUS,MIN,GS,WIN
0,201960,DeMarre Carroll,13.0,5.0,9.0,0.0,0.0,1.0,8.0,2.0,4.0,1.0,3.0,3.0,28.0,26:45,13.1,1
1,200794,Paul Millsap,12.0,4.0,11.0,7.0,4.0,0.0,4.0,6.0,4.0,2.0,2.0,3.0,27.0,26:55,12.3,1
2,202970,Gustavo Ayon,7.0,3.0,4.0,2.0,1.0,1.0,6.0,2.0,3.0,1.0,3.0,4.0,10.0,22:48,7.1,1
3,2594,Kyle Korver,11.0,3.0,4.0,2.0,2.0,0.0,3.0,1.0,1.0,0.0,1.0,3.0,22.0,26:48,8.6,1
4,201952,Jeff Teague,12.0,3.0,10.0,6.0,6.0,1.0,0.0,2.0,8.0,0.0,3.0,1.0,15.0,23:48,12.3,1
5,1882,Elton Brand,18.0,8.0,12.0,3.0,2.0,3.0,5.0,0.0,1.0,0.0,3.0,0.0,15.0,22:38,15.5,1
6,101150,Lou Williams,12.0,3.0,10.0,5.0,5.0,0.0,1.0,1.0,5.0,0.0,1.0,2.0,8.0,20:45,8.6,1
7,202714,Shelvin Mack,8.0,4.0,6.0,0.0,0.0,0.0,1.0,1.0,4.0,0.0,0.0,0.0,6.0,12:02,9.5,1
8,203471,Dennis Schroder,9.0,3.0,5.0,3.0,3.0,0.0,0.0,0.0,1.0,0.0,1.0,1.0,-4.0,16:54,6.0,1
9,203118,Mike Scott,18.0,8.0,14.0,2.0,2.0,3.0,6.0,0.0,4.0,0.0,2.0,1.0,0.0,23:39,16.3,1
10,203263,James Nunnally,5.0,1.0,4.0,2.0,2.0,0.0,3.0,0.0,0.0,0.0,2.0,0.0,-1.0,12:00,2.7,1
11,203099,Jared Cunningham,0.0,0.0,0.0,2.0,0.0,0.0,0.0,0.0,1.0,0.0,1.0,0.0,4.0,4:58,-0.5,1
12,202323,Evan Turner,6.0,2.0,10.0,2.0,2.0,1.0,4.0,0.0,4.0,1.0,3.0,4.0,-19.0,26:00,0.0,0
13,201152,Thaddeus Young,29.0,11.0,19.0,7.0,4.0,2.0,6.0,5.0,1.0,0.0,2.0,6.0,-20.0,30:23,21.0,0
14,201150,Spencer Hawes,6.0,3.0,5.0,0.0,0.0,1.0,3.0,0.0,2.0,0.0,3.0,1.0,-19.0,17:43,4.5,0
15,202341,James Anderson,0.0,0.0,6.0,0.0,0.0,2.0,2.0,1.0,1.0,0.0,1.0,3.0,-21.0,28:36,-3.9,0
16,203487,Michael Carter-Williams,17.0,4.0,9.0,10.0,8.0,0.0,4.0,1.0,5.0,0.0,4.0,3.0,-16.0,32:42,12.6,0
17,202730,Lavoy Allen,11.0,5.0,10.0,2.0,1.0,5.0,5.0,1.0,2.0,1.0,1.0,0.0,-7.0,21:18,13.3,0
18,203138,Hollis Thompson,7.0,2.0,7.0,2.0,2.0,0.0,2.0,1.0,1.0,0.0,3.0,0.0,-2.0,24:31,4.0,0
19,203100,Tony Wroten,6.0,1.0,13.0,4.0,4.0,0.0,1.0,1.0,3.0,0.0,1.0,2.0,-11.0,18:42,-1.7,0
20,203473,Dewayne Dedmon,2.0,1.0,2.0,0.0,0.0,2.0,2.0,0.0,0.0,2.0,6.0,0.0,-4.0,15:48,2.0,0
21,202343,Elliot Williams,15.0,3.0,6.0,10.0,8.0,0.0,4.0,0.0,0.0,0.0,1.0,0.0,-11.0,24:17,12.0,0
22,203561,Brandon Davies,,,,,,,,,,,,,,,0.0,0
23,203102,Arnett Moultrie,,,,,,,,,,,,,,,0.0,0
