,id,name,PTS,FG,FGA,FTA,FT,OREB,DREB,STL,AST,BLK,PF,TO,PLUS_MINUS,MIN,GS,WIN
0,203113,Quincy Miller,11.0,4.0,12.0,4.0,3.0,0.0,4.0,2.0,2.0,0.0,1.0,2.0,-18.0,22:08,6.0,0
1,202702,Kenneth Faried,24.0,8.0,15.0,10.0,8.0,3.0,7.0,4.0,1.0,1.0,5.0,3.0,-11.0,33:50,20.5,0
2,202389,Timofey Mozgov,14.0,6.0,9.0,2.0,1.0,3.0,8.0,1.0,0.0,2.0,1.0,3.0,-8.0,30:24,13.2,0
3,200751,Randy Foye,8.0,4.0,9.0,0.0,0.0,0.0,4.0,0.0,2.0,0.0,3.0,0.0,-6.0,34:16,4.7,0
4,201951,Ty Lawson,7.0,2.0,8.0,4.0,3.0,1.0,3.0,1.0,7.0,0.0,2.0,5.0,-11.0,34:36,3.5,0
5,201589,Darrell Arthur,9.0,3.0,10.0,2.0,2.0,0.0,4.0,4.0,1.0,3.0,4.0,2.0,11.0,30:07,7.6,0
6,203095,Evan Fournier,5.0,2.0,2.0,0.0,0.0,0.0,1.0,1.0,1.0,0.0,2.0,3.0,8.0,22:01,2.6,0
7,201166,Aaron Brooks,25.0,9.0,18.0,3.0,3.0,2.0,3.0,0.0,8.0,0.0,4.0,0.0,12.0,30:59,22.3,0
8,201576,Anthony Randolph,0.0,0.0,0.0,0.0,0.0,0.0,0.0,0.0,0.0,0.0,0.0,0.0,-2.0,1:39,0.0,0
9,201163,Wilson Chandler,,,,,,,,,,,,,,,0.0,0
10,201581,JJ Hickson,,,,,,,,,,,,,,,0.0,0
11,101126,Nate Robinson,,,,,,,,,,,,,,,0.0,0
12,202686,Jan Vesely,,,,,,,,,,,,,,,0.0,0
13,202695,Kawhi Leonard,8.0,3.0,8.0,1.0,1.0,2.0,4.0,3.0,1.0,3.0,2.0,1.0,3.0,35:05,10.2,1
14,1495,Tim Duncan,29.0,12.0,20.0,6.0,5.0,2.0,11.0,2.0,5.0,2.0,2.0,5.0,4.0,36:27,25.2,1
15,201168,Tiago Splitter,10.0,4.0,5.0,2.0,2.0,2.0,2.0,1.0,5.0,0.0,3.0,3.0,-7.0,28:39,10.4,1
16,201980,Danny Green,16.0,5.0,9.0,2.0,1.0,1.0,1.0,1.0,1.0,0.0,1.0,0.0,14.0,17:16,13.6,1
17,2225,Tony Parker,10.0,4.0,10.0,2.0,2.0,0.0,4.0,1.0,6.0,0.0,2.0,5.0,2.0,36:40,5.2,1
18,1938,Manu Ginobili,10.0,4.0,10.0,4.0,2.0,1.0,0.0,1.0,7.0,1.0,2.0,3.0,-8.0,24:36,7.3,1
19,2564,Boris Diaw,7.0,3.0,7.0,3.0,1.0,3.0,3.0,1.0,3.0,0.0,1.0,1.0,5.0,20:43,7.2,1
20,201158,Marco Belinelli,7.0,3.0,8.0,0.0,0.0,0.0,0.0,0.0,1.0,0.0,2.0,2.0,-1.0,16:18,0.5,1
21,203382,Aron Baynes,4.0,2.0,3.0,0.0,0.0,1.0,4.0,0.0,0.0,0.0,1.0,0.0,11.0,7:47,4.2,1
22,201988,Patty Mills,7.0,3.0,6.0,0.0,0.0,1.0,0.0,1.0,1.0,0.0,1.0,0.0,3.0,14:21,6.0,1
23,201948,Austin Daye,0.0,0.0,2.0,0.0,0.0,0.0,1.0,0.0,0.0,0.0,1.0,1.0,-1.0,2:09,-2.5,1
24,201965,Jeff Ayres,,,,,,,,,,,,,,,0.0,1
25,202709,Cory Joseph,,,,,,,,,,,,,,,0.0,1
