,id,name,PTS,FG,FGA,FTA,FT,OREB,DREB,STL,AST,BLK,PF,TO,PLUS_MINUS,MIN,GS,WIN
0,202087,Alonzo Gee,7.0,3.0,4.0,0.0,0.0,0.0,1.0,1.0,0.0,1.0,0.0,0.0,-2.0,18:30,7.4,0
1,202684,Tristan Thompson,14.0,6.0,11.0,4.0,2.0,4.0,9.0,1.0,0.0,1.0,4.0,1.0,-21.0,38:30,12.5,0
2,101115,Andrew Bynum,11.0,3.0,5.0,5.0,5.0,2.0,4.0,0.0,2.0,2.0,1.0,3.0,-1.0,20:57,10.7,0
3,203079,Dion Waiters,13.0,6.0,13.0,0.0,0.0,0.0,2.0,1.0,2.0,2.0,2.0,6.0,-19.0,33:37,3.9,0
4,202681,Kyrie Irving,16.0,5.0,19.0,5.0,4.0,0.0,2.0,0.0,4.0,0.0,3.0,3.0,-13.0,41:05,3.5,0
5,101139,CJ Miles,9.0,4.0,10.0,0.0,0.0,0.0,2.0,1.0,0.0,3.0,3.0,1.0,-6.0,18:57,5.1,0
6,101127,Jarrett Jack,2.0,0.0,6.0,2.0,2.0,0.0,0.0,1.0,1.0,0.0,1.0,1.0,-3.0,25:12,-1.9,0
7,2760,Anderson Varejao,5.0,2.0,5.0,2.0,1.0,3.0,3.0,2.0,3.0,2.0,3.0,2.0,-11.0,29:16,7.2,0
8,203521,Matthew Dellavedova,2.0,1.0,1.0,0.0,0.0,0.0,0.0,0.0,1.0,0.0,1.0,1.0,-1.0,5:02,1.0,0
9,203156,Henry Sims,0.0,0.0,0.0,2.0,0.0,1.0,2.0,0.0,0.0,0.0,3.0,0.0,-5.0,4:42,-0.7,0
10,203092,Tyler Zeller,2.0,1.0,1.0,0.0,0.0,1.0,2.0,0.0,0.0,0.0,1.0,0.0,7.0,4:12,2.6,0
11,203461,Anthony Bennett,,,,,,,,,,,,,,,0.0,0
12,201947,Earl Clark,,,,,,,,,,,,,,,0.0,0
13,2736,Luol Deng,12.0,3.0,12.0,6.0,6.0,2.0,3.0,1.0,3.0,0.0,0.0,1.0,8.0,36:36,9.2,1
14,2430,Carlos Boozer,17.0,7.0,11.0,3.0,3.0,2.0,5.0,1.0,4.0,2.0,5.0,2.0,15.0,33:50,16.2,1
15,201149,Joakim Noah,10.0,4.0,5.0,2.0,2.0,1.0,5.0,3.0,1.0,1.0,5.0,2.0,0.0,27:10,10.7,1
16,202710,Jimmy Butler,11.0,4.0,13.0,2.0,2.0,1.0,1.0,1.0,0.0,0.0,0.0,1.0,3.0,24:07,4.5,1
17,201565,Derrick Rose,16.0,8.0,21.0,0.0,0.0,1.0,2.0,0.0,7.0,0.0,1.0,0.0,9.0,34:00,10.3,1
18,2399,Mike Dunleavy,15.0,4.0,6.0,5.0,5.0,0.0,4.0,1.0,2.0,0.0,1.0,1.0,12.0,23:53,14.6,1
19,201959,Taj Gibson,9.0,3.0,7.0,4.0,3.0,3.0,5.0,1.0,0.0,3.0,3.0,2.0,13.0,26:45,8.4,1
20,2550,Kirk Hinrich,6.0,1.0,6.0,4.0,3.0,1.0,2.0,1.0,7.0,0.0,5.0,1.0,11.0,24:54,6.0,1
21,1737,Nazr Mohammed,0.0,0.0,2.0,0.0,0.0,3.0,0.0,0.0,0.0,1.0,1.0,1.0,2.0,8:15,-0.0,1
22,203503,Tony Snell,0.0,0.0,0.0,0.0,0.0,0.0,0.0,0.0,0.0,0.0,0.0,0.0,2.0,0:30,0.0,1
23,2229,Mike James,,,,,,,,,,,,,,,0.0,1
24,203513,Erik Murphy,,,,,,,,,,,,,,,0.0,1
25,203104,Marquis Teague,,,,,,,,,,,,,,,0.0,1
