,id,name,PTS,FG,FGA,FTA,FT,OREB,DREB,STL,AST,BLK,PF,TO,PLUS_MINUS,MIN,GS,WIN
0,200746,LaMarcus Aldridge,15.0,5.0,17.0,7.0,5.0,1.0,11.0,0.0,5.0,1.0,1.0,0.0,17.0,38:38,12.1,1
1,201587,Nicolas Batum,20.0,9.0,14.0,0.0,0.0,3.0,7.0,1.0,3.0,0.0,3.0,4.0,3.0,37:31,15.9,1
2,201577,Robin Lopez,9.0,1.0,5.0,8.0,7.0,5.0,2.0,1.0,0.0,3.0,4.0,3.0,1.0,33:49,8.1,1
3,203081,Damian Lillard,12.0,4.0,12.0,5.0,3.0,1.0,4.0,1.0,4.0,0.0,0.0,4.0,4.0,38:05,6.1,1
4,202083,Wesley Matthews,18.0,6.0,15.0,4.0,3.0,0.0,7.0,0.0,1.0,0.0,1.0,0.0,14.0,35:51,11.9,1
5,2748,Dorell Wright,6.0,1.0,4.0,3.0,3.0,0.0,1.0,1.0,2.0,0.0,2.0,0.0,-4.0,13:17,5.5,1
6,200777,Joel Freeland,2.0,1.0,3.0,0.0,0.0,1.0,2.0,0.0,0.0,1.0,2.0,0.0,3.0,13:36,1.5,1
7,2590,Mo Williams,10.0,2.0,7.0,6.0,5.0,1.0,2.0,1.0,2.0,0.0,0.0,2.0,-7.0,20:19,7.2,1
8,203086,Meyers Leonard,2.0,1.0,2.0,0.0,0.0,0.0,1.0,0.0,0.0,0.0,3.0,1.0,-11.0,8:54,-0.9,1
9,203115,Will Barton,,,,,,,,,,,,,,,0.0,1
10,203468,CJ McCollum,,,,,,,,,,,,,,,0.0,1
11,203080,Thomas Robinson,,,,,,,,,,,,,,,0.0,1
12,2248,Earl Watson,,,,,,,,,,,,,,,0.0,1
13,2546,Carmelo Anthony,26.0,11.0,28.0,3.0,3.0,2.0,6.0,1.0,0.0,2.0,3.0,1.0,-13.0,40:09,14.2,0
14,202697,Iman Shumpert,0.0,0.0,5.0,0.0,0.0,1.0,2.0,2.0,1.0,0.0,3.0,0.0,-8.0,23:51,-0.7,0
15,2199,Tyson Chandler,2.0,1.0,3.0,0.0,0.0,2.0,7.0,2.0,1.0,0.0,5.0,0.0,-6.0,30:45,4.5,0
16,101109,Raymond Felton,7.0,2.0,6.0,6.0,3.0,1.0,3.0,0.0,3.0,0.0,1.0,1.0,-10.0,23:25,4.7,0
17,203143,Pablo Prigioni,5.0,2.0,6.0,0.0,0.0,4.0,3.0,2.0,7.0,0.0,3.0,0.0,4.0,31:04,11.0,0
18,2747,JR Smith,18.0,7.0,14.0,3.0,3.0,1.0,2.0,1.0,6.0,0.0,5.0,5.0,-8.0,30:30,10.5,0
19,2405,Amar'e Stoudemire,15.0,6.0,10.0,4.0,3.0,2.0,5.0,0.0,0.0,1.0,0.0,1.0,2.0,21:42,12.6,0
20,203501,Tim Hardaway Jr.,12.0,5.0,13.0,2.0,1.0,0.0,5.0,0.0,0.0,0.0,1.0,1.0,9.0,27:14,4.6,0
21,202719,Jeremy Tyler,5.0,2.0,5.0,2.0,1.0,2.0,0.0,0.0,0.0,2.0,3.0,0.0,10.0,11:19,3.5,0
22,202332,Cole Aldrich,,,,,,,,,,,,,,,0.0,0
23,203315,Toure' Murry,,,,,,,,,,,,,,,0.0,0
24,2757,Beno Udrih,,,,,,,,,,,,,,,0.0,0
25,1897,Metta World Peace,,,,,,,,,,,,,,,0.0,0
