,id,name,PTS,FG,FGA,FTA,FT,OREB,DREB,STL,AST,BLK,PF,TO,PLUS_MINUS,MIN,GS,WIN
0,201147,Corey Brewer,11.0,5.0,8.0,0.0,0.0,1.0,1.0,2.0,1.0,2.0,4.0,2.0,6.0,24:15,8.9,0
1,201567,Kevin Love,15.0,4.0,12.0,6.0,6.0,1.0,12.0,1.0,4.0,1.0,2.0,4.0,5.0,36:23,12.2,0
2,201593,Nikola Pekovic,23.0,9.0,18.0,5.0,5.0,3.0,8.0,0.0,2.0,0.0,2.0,0.0,7.0,34:45,19.1,0
3,2755,Kevin Martin,30.0,11.0,22.0,4.0,2.0,1.0,3.0,0.0,2.0,1.0,4.0,0.0,3.0,41:12,20.3,0
4,201937,Ricky Rubio,10.0,4.0,8.0,2.0,2.0,1.0,2.0,2.0,11.0,0.0,4.0,1.0,3.0,37:09,14.4,0
5,201978,Chase Budinger,6.0,2.0,7.0,2.0,1.0,0.0,4.0,0.0,0.0,0.0,1.0,0.0,-17.0,23:45,2.3,0
6,101142,Ronny Turiaf,2.0,1.0,2.0,0.0,0.0,1.0,0.0,0.0,1.0,1.0,1.0,1.0,-19.0,12:03,1.7,0
7,200826,J.J. Barea,0.0,0.0,4.0,0.0,0.0,0.0,1.0,0.0,2.0,0.0,2.0,1.0,-17.0,10:54,-2.9,0
8,203144,Alexey Shved,5.0,1.0,3.0,3.0,3.0,0.0,0.0,0.0,1.0,0.0,0.0,1.0,-12.0,5:33,3.0,0
9,201967,Dante Cunningham,0.0,0.0,4.0,0.0,0.0,0.0,1.0,0.0,0.0,0.0,2.0,0.0,-17.0,10:25,-3.3,0
10,201985,AJ Price,0.0,0.0,0.0,0.0,0.0,0.0,0.0,0.0,0.0,0.0,0.0,0.0,1.0,1:12,0.0,0
11,201601,Luc Mbah a Moute,0.0,0.0,0.0,0.0,0.0,0.0,0.0,0.0,0.0,0.0,0.0,0.0,1.0,1:12,0.0,0
12,203476,Gorgui Dieng,2.0,1.0,1.0,0.0,0.0,0.0,0.0,0.0,0.0,0.0,0.0,0.0,1.0,1:12,1.7,0
13,201587,Nicolas Batum,13.0,5.0,10.0,4.0,3.0,1.0,7.0,1.0,5.0,0.0,3.0,1.0,-5.0,34:53,12.7,1
14,200746,LaMarcus Aldridge,21.0,9.0,21.0,3.0,3.0,3.0,3.0,1.0,1.0,1.0,4.0,2.0,-8.0,33:59,11.7,1
15,201577,Robin Lopez,15.0,6.0,10.0,3.0,3.0,3.0,7.0,0.0,3.0,1.0,1.0,1.0,-5.0,34:05,16.0,1
16,202083,Wesley Matthews,18.0,6.0,10.0,8.0,5.0,1.0,5.0,1.0,2.0,1.0,3.0,2.0,5.0,34:01,14.3,1
17,203081,Damian Lillard,14.0,5.0,17.0,3.0,3.0,0.0,1.0,1.0,5.0,0.0,2.0,3.0,-8.0,32:41,5.1,1
18,2590,Mo Williams,16.0,6.0,12.0,3.0,2.0,1.0,4.0,0.0,6.0,0.0,3.0,2.0,20.0,25:14,12.5,1
19,203468,CJ McCollum,6.0,3.0,6.0,0.0,0.0,0.0,2.0,2.0,2.0,1.0,2.0,0.0,19.0,15:34,6.9,1
20,200777,Joel Freeland,4.0,2.0,2.0,0.0,0.0,1.0,5.0,0.0,1.0,0.0,3.0,1.0,16.0,13:40,4.1,1
21,203080,Thomas Robinson,6.0,3.0,6.0,0.0,0.0,3.0,3.0,1.0,1.0,1.0,2.0,0.0,19.0,14:01,7.6,1
22,2248,Earl Watson,0.0,0.0,0.0,0.0,0.0,0.0,0.0,0.0,0.0,0.0,0.0,0.0,1.0,0:56,0.0,1
23,203115,Will Barton,2.0,1.0,1.0,0.0,0.0,0.0,0.0,0.0,0.0,0.0,0.0,0.0,1.0,0:56,1.7,1
24,203086,Meyers Leonard,,,,,,,,,,,,,,,0.0,1
25,2748,Dorell Wright,,,,,,,,,,,,,,,0.0,1
