,id,name,PTS,FG,FGA,FTA,FT,OREB,DREB,STL,AST,BLK,PF,TO,PLUS_MINUS,MIN,GS,WIN
0,2746,Josh Smith,25.0,11.0,19.0,9.0,3.0,1.0,11.0,1.0,3.0,1.0,5.0,2.0,-13.0,41:12,17.5,0
1,202328,Greg Monroe,12.0,6.0,11.0,0.0,0.0,0.0,4.0,1.0,3.0,0.0,2.0,2.0,-11.0,30:53,8.2,0
2,203083,Andre Drummond,15.0,6.0,10.0,5.0,3.0,8.0,6.0,0.0,1.0,2.0,5.0,3.0,-12.0,39:08,14.1,0
3,202713,Kyle Singler,11.0,3.0,5.0,2.0,2.0,0.0,0.0,1.0,0.0,1.0,1.0,2.0,-22.0,32:08,8.0,0
4,201943,Brandon Jennings,15.0,5.0,23.0,4.0,3.0,2.0,0.0,2.0,10.0,0.0,4.0,3.0,-16.0,43:09,6.3,0
5,201155,Rodney Stuckey,14.0,6.0,13.0,1.0,1.0,0.0,1.0,1.0,2.0,0.0,0.0,1.0,-8.0,27:09,9.0,0
6,201973,Jonas Jerebko,4.0,1.0,1.0,2.0,2.0,0.0,2.0,0.0,0.0,0.0,2.0,1.0,3.0,8:39,2.5,0
7,203484,Kentavious Caldwell-Pope,0.0,0.0,0.0,0.0,0.0,0.0,1.0,0.0,0.0,0.0,1.0,0.0,7.0,12:51,-0.1,0
8,101198,Will Bynum,0.0,0.0,2.0,0.0,0.0,0.0,0.0,2.0,0.0,0.0,0.0,1.0,-4.0,3:08,-0.4,0
9,203540,Gigi Datome,2.0,1.0,1.0,0.0,0.0,0.0,0.0,0.0,0.0,0.0,0.0,0.0,6.0,1:43,1.7,0
10,1497,Chauncey Billups,,,,,,,,,,,,,,,0.0,0
11,202725,Josh Harrellson,,,,,,,,,,,,,,,0.0,0
12,101111,Charlie Villanueva,,,,,,,,,,,,,,,0.0,0
13,202699,Tobias Harris,9.0,3.0,6.0,4.0,3.0,2.0,2.0,0.0,1.0,0.0,3.0,0.0,-2.0,18:50,7.1,1
14,201175,Glen Davis,18.0,8.0,12.0,2.0,2.0,1.0,3.0,1.0,4.0,1.0,2.0,0.0,13.0,26:15,18.1,1
15,202696,Nikola Vucevic,14.0,6.0,13.0,2.0,2.0,3.0,3.0,1.0,0.0,0.0,5.0,2.0,17.0,27:50,7.3,1
16,201167,Arron Afflalo,15.0,5.0,14.0,2.0,2.0,1.0,4.0,1.0,7.0,0.0,2.0,0.0,18.0,32:35,14.2,1
17,2749,Jameer Nelson,7.0,2.0,6.0,2.0,2.0,0.0,4.0,0.0,11.0,0.0,1.0,1.0,11.0,29:21,11.1,1
18,203090,Maurice Harkless,15.0,5.0,11.0,3.0,3.0,4.0,5.0,2.0,0.0,1.0,2.0,4.0,5.0,24:27,11.5,1
19,203124,Kyle O'Quinn,8.0,4.0,8.0,0.0,0.0,0.0,5.0,2.0,1.0,6.0,1.0,2.0,-3.0,20:10,10.0,1
20,203506,Victor Oladipo,20.0,8.0,10.0,4.0,4.0,1.0,3.0,2.0,3.0,0.0,3.0,1.0,7.0,27:36,19.7,1
21,202734,E'Twaun Moore,4.0,2.0,5.0,1.0,0.0,0.0,1.0,0.0,2.0,0.0,0.0,1.0,-2.0,16:13,1.6,1
22,203117,Doron Lamb,2.0,1.0,4.0,0.0,0.0,0.0,2.0,1.0,0.0,0.0,1.0,0.0,6.0,16:43,0.8,1
23,101131,Jason Maxiell,,,,,,,,,,,,,,,0.0,1
24,203094,Andrew Nicholson,,,,,,,,,,,,,,,0.0,1
25,101179,Ronnie Price,,,,,,,,,,,,,,,0.0,1
