,id,name,PTS,FG,FGA,FTA,FT,OREB,DREB,STL,AST,BLK,PF,TO,PLUS_MINUS,MIN,GS,WIN
0,201947,Earl Clark,11.0,4.0,6.0,0.0,0.0,0.0,3.0,2.0,0.0,2.0,4.0,2.0,-5.0,32:32,9.1,1
1,202684,Tristan Thompson,15.0,6.0,11.0,3.0,3.0,3.0,9.0,2.0,0.0,2.0,3.0,1.0,10.0,32:26,15.7,1
2,101115,Andrew Bynum,6.0,2.0,8.0,2.0,2.0,1.0,2.0,1.0,0.0,1.0,0.0,2.0,-7.0,21:11,2.2,1
3,101139,CJ Miles,8.0,2.0,3.0,2.0,2.0,0.0,3.0,0.0,0.0,0.0,4.0,2.0,3.0,15:38,4.0,1
4,202681,Kyrie Irving,41.0,14.0,28.0,9.0,9.0,0.0,4.0,2.0,5.0,0.0,2.0,6.0,16.0,41:43,26.9,1
5,2760,Anderson Varejao,2.0,0.0,3.0,2.0,2.0,2.0,6.0,1.0,6.0,0.0,2.0,0.0,15.0,34:41,7.5,1
6,202087,Alonzo Gee,3.0,1.0,2.0,2.0,1.0,0.0,2.0,1.0,1.0,1.0,2.0,2.0,-11.0,16:45,1.8,1
7,101127,Jarrett Jack,13.0,5.0,13.0,2.0,2.0,1.0,4.0,1.0,4.0,0.0,1.0,5.0,8.0,33:39,6.2,1
8,203508,Sergey Karasev,2.0,1.0,2.0,0.0,0.0,0.0,0.0,0.0,0.0,0.0,0.0,0.0,-10.0,5:53,1.0,1
9,203521,Matthew Dellavedova,2.0,1.0,5.0,0.0,0.0,0.0,6.0,2.0,2.0,0.0,1.0,0.0,16.0,30:32,3.7,1
10,203461,Anthony Bennett,,,,,,,,,,,,,,,0.0,1
11,203156,Henry Sims,,,,,,,,,,,,,,,0.0,1
12,203092,Tyler Zeller,,,,,,,,,,,,,,,0.0,1
13,101110,Martell Webster,14.0,4.0,12.0,4.0,4.0,3.0,4.0,1.0,1.0,0.0,5.0,1.0,-13.0,42:40,9.2,0
14,2403,Nene,24.0,9.0,16.0,9.0,6.0,1.0,6.0,1.0,2.0,2.0,4.0,3.0,-14.0,36:41,16.9,0
15,101162,Marcin Gortat,12.0,6.0,13.0,0.0,0.0,2.0,9.0,2.0,1.0,0.0,1.0,2.0,-10.0,38:00,9.7,0
16,203078,Bradley Beal,28.0,11.0,25.0,2.0,2.0,1.0,3.0,2.0,1.0,0.0,1.0,3.0,-4.0,47:26,15.8,0
17,202322,John Wall,9.0,3.0,13.0,3.0,3.0,0.0,2.0,1.0,12.0,0.0,0.0,1.0,-8.0,37:47,10.1,0
18,202338,Kevin Seraphin,2.0,1.0,5.0,0.0,0.0,2.0,0.0,0.0,0.0,0.0,1.0,3.0,13.0,8:28,-3.1,0
19,203318,Glen Rice,1.0,0.0,5.0,2.0,1.0,1.0,3.0,1.0,3.0,0.0,0.0,2.0,3.0,15:31,-0.2,0
20,202066,Garrett Temple,2.0,1.0,1.0,0.0,0.0,1.0,2.0,0.0,1.0,1.0,2.0,3.0,1.0,15:36,0.6,0
21,202686,Jan Vesely,4.0,2.0,3.0,2.0,0.0,2.0,5.0,3.0,1.0,0.0,3.0,0.0,-3.0,22:51,7.3,0
22,2772,Trevor Ariza,,,,,,,,,,,,,,,0.0,0
23,202344,Trevor Booker,,,,,,,,,,,,,,,0.0,0
24,1733,Al Harrington,,,,,,,,,,,,,,,0.0,0
25,201953,Eric Maynor,,,,,,,,,,,,,,,0.0,0
