,id,name,PTS,FG,FGA,FTA,FT,OREB,DREB,STL,AST,BLK,PF,TO,PLUS_MINUS,MIN,GS,WIN
0,203077,Michael Kidd-Gilchrist,10.0,5.0,11.0,1.0,0.0,3.0,4.0,0.0,1.0,0.0,1.0,0.0,18.0,28:03,7.5,0
1,201177,Josh McRoberts,24.0,8.0,16.0,2.0,2.0,3.0,4.0,1.0,6.0,2.0,3.0,2.0,-3.0,35:22,22.7,0
2,2744,Al Jefferson,20.0,10.0,16.0,0.0,0.0,2.0,6.0,4.0,2.0,0.0,4.0,1.0,7.0,41:36,18.8,0
3,201945,Gerald Henderson,14.0,7.0,13.0,0.0,0.0,1.0,3.0,0.0,3.0,1.0,4.0,2.0,1.0,39:50,8.5,0
4,202689,Kemba Walker,24.0,8.0,25.0,7.0,6.0,0.0,5.0,1.0,8.0,0.0,4.0,1.0,6.0,42:29,14.8,0
5,203469,Cody Zeller,9.0,3.0,5.0,4.0,3.0,0.0,2.0,0.0,0.0,1.0,0.0,2.0,-2.0,17:38,5.6,0
6,201604,Chris Douglas-Roberts,2.0,1.0,5.0,0.0,0.0,0.0,1.0,0.0,0.0,1.0,2.0,0.0,-16.0,28:05,-0.9,0
7,2557,Luke Ridnour,2.0,1.0,5.0,0.0,0.0,0.0,0.0,1.0,4.0,0.0,2.0,1.0,-17.0,14:42,0.9,0
8,202687,Bismack Biyombo,0.0,0.0,0.0,0.0,0.0,0.0,2.0,0.0,0.0,2.0,2.0,1.0,-12.0,11:24,0.2,0
9,201229,Anthony Tolliver,0.0,0.0,1.0,0.0,0.0,0.0,0.0,0.0,0.0,0.0,0.0,0.0,-7.0,5:51,-0.7,0
10,202390,Gary Neal,,,,,,,,,,,,,,,0.0,0
11,2457,Jannero Pargo,,,,,,,,,,,,,,,0.0,0
12,201591,DJ White,,,,,,,,,,,,,,,0.0,0
13,203090,Maurice Harkless,9.0,4.0,6.0,2.0,0.0,0.0,5.0,1.0,1.0,3.0,1.0,1.0,-8.0,31:00,9.5,1
14,203124,Kyle O'Quinn,13.0,5.0,10.0,5.0,3.0,5.0,2.0,0.0,3.0,2.0,2.0,0.0,10.0,23:50,14.0,1
15,202696,Nikola Vucevic,24.0,11.0,22.0,2.0,2.0,10.0,13.0,0.0,1.0,0.0,3.0,1.0,-5.0,40:17,22.4,1
16,201167,Arron Afflalo,17.0,3.0,9.0,10.0,9.0,0.0,2.0,0.0,1.0,0.0,1.0,3.0,-6.0,38:54,9.4,1
17,2749,Jameer Nelson,11.0,4.0,9.0,0.0,0.0,0.0,4.0,0.0,8.0,0.0,1.0,4.0,0.0,32:18,8.7,1
18,203094,Andrew Nicholson,0.0,0.0,2.0,0.0,0.0,0.0,2.0,0.0,0.0,0.0,0.0,0.0,-8.0,5:25,-0.8,1
19,203506,Victor Oladipo,14.0,5.0,12.0,6.0,4.0,1.0,2.0,4.0,1.0,1.0,2.0,5.0,9.0,30:28,7.7,1
20,202699,Tobias Harris,15.0,5.0,11.0,6.0,5.0,2.0,5.0,0.0,1.0,0.0,4.0,2.0,13.0,36:29,8.9,1
21,202734,E'Twaun Moore,3.0,1.0,5.0,2.0,1.0,1.0,3.0,1.0,0.0,0.0,0.0,1.0,11.0,13:26,1.1,1
22,203117,Doron Lamb,4.0,1.0,1.0,2.0,2.0,0.0,0.0,0.0,1.0,0.0,0.0,0.0,9.0,12:54,4.4,1
23,203473,Dewayne Dedmon,,,,,,,,,,,,,,,0.0,1
24,101131,Jason Maxiell,,,,,,,,,,,,,,,0.0,1
25,101179,Ronnie Price,,,,,,,,,,,,,,,0.0,1
