,id,name,PTS,FG,FGA,FTA,FT,OREB,DREB,STL,AST,BLK,PF,TO,PLUS_MINUS,MIN,GS,WIN
0,2747,JR Smith,11.0,4.0,13.0,4.0,2.0,0.0,5.0,1.0,3.0,0.0,4.0,2.0,-20.0,38:54,3.7,0
1,2546,Carmelo Anthony,35.0,13.0,25.0,6.0,5.0,0.0,4.0,0.0,3.0,1.0,4.0,3.0,2.0,37:28,21.7,0
2,2199,Tyson Chandler,10.0,5.0,13.0,0.0,0.0,4.0,19.0,1.0,1.0,2.0,2.0,1.0,6.0,36:12,12.7,0
3,203143,Pablo Prigioni,8.0,3.0,6.0,0.0,0.0,0.0,2.0,2.0,4.0,0.0,3.0,0.0,-12.0,25:56,9.2,0
4,101109,Raymond Felton,16.0,6.0,15.0,2.0,2.0,3.0,2.0,1.0,10.0,0.0,5.0,2.0,-1.0,35:56,14.6,0
5,203501,Tim Hardaway Jr.,7.0,3.0,10.0,0.0,0.0,0.0,0.0,0.0,1.0,0.0,6.0,1.0,-5.0,30:19,-1.5,0
6,2405,Amar'e Stoudemire,8.0,4.0,6.0,0.0,0.0,0.0,1.0,1.0,0.0,1.0,0.0,1.0,-11.0,27:59,6.4,0
7,202719,Jeremy Tyler,3.0,1.0,1.0,4.0,1.0,1.0,0.0,0.0,0.0,0.0,0.0,0.0,-6.0,5:47,2.2,0
8,202332,Cole Aldrich,0.0,0.0,0.0,0.0,0.0,0.0,0.0,0.0,0.0,0.0,0.0,0.0,1.0,0:45,0.0,0
9,203315,Toure' Murry,0.0,0.0,0.0,0.0,0.0,0.0,0.0,0.0,0.0,0.0,0.0,0.0,1.0,0:45,0.0,0
10,2757,Beno Udrih,,,,,,,,,,,,,,,0.0,0
11,1897,Metta World Peace,,,,,,,,,,,,,,,0.0,0
12,2594,Kyle Korver,7.0,2.0,8.0,1.0,1.0,0.0,5.0,0.0,1.0,1.0,3.0,1.0,-10.0,27:38,2.9,1
13,201960,DeMarre Carroll,24.0,8.0,14.0,5.0,4.0,3.0,3.0,2.0,0.0,0.0,4.0,1.0,17.0,33:38,19.4,1
14,1882,Elton Brand,1.0,0.0,3.0,2.0,1.0,1.0,5.0,0.0,1.0,3.0,2.0,3.0,11.0,42:39,-0.3,1
15,202714,Shelvin Mack,3.0,1.0,9.0,2.0,1.0,0.0,3.0,0.0,4.0,0.0,2.0,1.0,-8.0,27:56,-1.4,1
16,201952,Jeff Teague,28.0,7.0,12.0,15.0,13.0,1.0,2.0,0.0,6.0,0.0,2.0,1.0,18.0,36:47,25.3,1
17,101150,Lou Williams,14.0,3.0,12.0,6.0,5.0,1.0,8.0,0.0,7.0,0.0,0.0,1.0,18.0,30:24,13.4,1
18,201858,Cartier Martin,0.0,0.0,2.0,0.0,0.0,0.0,0.0,0.0,0.0,0.0,2.0,0.0,-4.0,4:48,-2.2,1
19,203118,Mike Scott,30.0,11.0,14.0,2.0,2.0,1.0,7.0,0.0,0.0,0.0,2.0,2.0,4.0,29:41,24.6,1
20,203471,Dennis Schroder,0.0,0.0,0.0,0.0,0.0,0.0,0.0,0.0,0.0,0.0,1.0,0.0,-1.0,6:29,-0.4,1
21,202970,Gustavo Ayon,,,,,,,,,,,,,,,0.0,1
22,200794,Paul Millsap,,,,,,,,,,,,,,,0.0,1
