,id,name,PTS,FG,FGA,FTA,FT,OREB,DREB,STL,AST,BLK,PF,TO,PLUS_MINUS,MIN,GS,WIN
0,2738,Andre Iguodala,16.0,7.0,9.0,1.0,0.0,2.0,6.0,1.0,7.0,0.0,0.0,0.0,5.0,40:37,21.2,1
1,203110,Draymond Green,9.0,4.0,9.0,0.0,0.0,1.0,6.0,2.0,6.0,1.0,3.0,2.0,12.0,42:05,10.5,1
2,979,Jermaine O'Neal,20.0,9.0,12.0,4.0,2.0,4.0,4.0,0.0,0.0,1.0,1.0,1.0,-2.0,33:14,17.7,1
3,202691,Klay Thompson,27.0,11.0,24.0,1.0,1.0,0.0,5.0,1.0,5.0,0.0,3.0,2.0,6.0,47:10,17.4,1
4,201939,Stephen Curry,23.0,10.0,17.0,0.0,0.0,1.0,2.0,2.0,10.0,0.0,2.0,1.0,8.0,43:07,23.6,1
5,201578,Marreese Speights,8.0,4.0,7.0,0.0,0.0,2.0,7.0,0.0,1.0,0.0,3.0,4.0,6.0,17:06,3.7,1
6,203084,Harrison Barnes,0.0,0.0,0.0,0.0,0.0,0.0,0.0,0.0,1.0,1.0,1.0,1.0,-5.0,13:05,-0.0,1
7,2581,Steve Blake,0.0,0.0,3.0,0.0,0.0,0.0,0.0,0.0,3.0,0.0,1.0,1.0,-9.0,13:03,-1.4,1
8,202348,Jordan Crawford,19.0,7.0,10.0,0.0,0.0,0.0,4.0,0.0,0.0,0.0,2.0,0.0,-11.0,15:33,15.2,1
9,200756,Hilton Armstrong,0.0,0.0,0.0,0.0,0.0,0.0,0.0,0.0,0.0,0.0,0.0,0.0,0.0,0:00,0.0,1
10,101106,Andrew Bogut,,,,,,,,,,,,,,,0.0,1
11,101135,David Lee,,,,,,,,,,,,,,,0.0,1
12,1890,Shawn Marion,8.0,4.0,8.0,0.0,0.0,4.0,6.0,0.0,2.0,1.0,1.0,1.0,-8.0,35:55,9.3,0
13,1717,Dirk Nowitzki,33.0,13.0,21.0,3.0,1.0,1.0,10.0,2.0,3.0,1.0,0.0,0.0,-1.0,39:40,31.2,0
14,2223,Samuel Dalembert,2.0,1.0,2.0,0.0,0.0,2.0,1.0,0.0,0.0,0.0,1.0,0.0,-15.0,7:04,2.3,0
15,101145,Monta Ellis,27.0,11.0,23.0,4.0,3.0,1.0,1.0,2.0,6.0,1.0,0.0,2.0,-9.0,42:41,20.8,0
16,101181,Jose Calderon,8.0,3.0,9.0,1.0,1.0,0.0,2.0,0.0,6.0,0.0,2.0,3.0,-8.0,36:38,3.9,0
17,1713,Vince Carter,12.0,4.0,13.0,2.0,1.0,2.0,2.0,2.0,4.0,1.0,2.0,0.0,9.0,30:58,10.8,0
18,201148,Brandan Wright,14.0,5.0,6.0,4.0,4.0,4.0,1.0,0.0,0.0,1.0,0.0,1.0,-3.0,25:23,14.6,0
19,2734,Devin Harris,10.0,3.0,7.0,2.0,2.0,0.0,1.0,0.0,4.0,0.0,3.0,0.0,6.0,16:22,8.2,0
20,203109,Jae Crowder,0.0,0.0,3.0,0.0,0.0,0.0,2.0,0.0,2.0,0.0,0.0,0.0,15.0,19:01,-0.1,0
21,201971,DeJuan Blair,6.0,3.0,4.0,0.0,0.0,1.0,2.0,1.0,0.0,0.0,3.0,1.0,4.0,11:19,4.5,0
22,201961,Wayne Ellington,,,,,,,,,,,,,,,0.0,0
23,203108,Bernard James,,,,,,,,,,,,,,,0.0,0
24,203499,Shane Larkin,,,,,,,,,,,,,,,0.0,0
