,id,name,PTS,FG,FGA,FTA,FT,OREB,DREB,STL,AST,BLK,PF,TO,PLUS_MINUS,MIN,GS,WIN
0,202697,Iman Shumpert,11.0,4.0,9.0,4.0,3.0,1.0,3.0,3.0,2.0,0.0,4.0,2.0,9.0,31:11,8.3,1
1,2405,Amar'e Stoudemire,14.0,3.0,4.0,9.0,8.0,1.0,2.0,0.0,0.0,1.0,2.0,1.0,14.0,20:35,12.2,1
2,2199,Tyson Chandler,2.0,1.0,1.0,0.0,0.0,0.0,1.0,0.0,1.0,0.0,0.0,0.0,6.0,5:11,2.7,1
3,2747,JR Smith,14.0,3.0,8.0,6.0,5.0,1.0,6.0,1.0,3.0,1.0,2.0,3.0,17.0,22:57,11.7,1
4,101109,Raymond Felton,8.0,3.0,8.0,0.0,0.0,1.0,3.0,2.0,2.0,1.0,2.0,3.0,9.0,21:12,5.5,1
5,203501,Tim Hardaway Jr.,16.0,5.0,10.0,2.0,2.0,0.0,0.0,0.0,0.0,0.0,4.0,0.0,0.0,35:55,9.4,1
6,202332,Cole Aldrich,13.0,4.0,6.0,5.0,5.0,3.0,10.0,1.0,0.0,1.0,5.0,2.0,0.0,25:37,13.2,1
7,203143,Pablo Prigioni,0.0,0.0,1.0,0.0,0.0,0.0,0.0,0.0,0.0,0.0,0.0,2.0,4.0,4:53,-2.7,1
8,202719,Jeremy Tyler,8.0,3.0,5.0,4.0,2.0,0.0,2.0,0.0,1.0,1.0,5.0,3.0,-2.0,20:12,1.9,1
9,200769,Shannon Brown,14.0,4.0,7.0,6.0,6.0,1.0,0.0,1.0,1.0,0.0,2.0,0.0,0.0,30:22,12.3,1
10,203315,Toure' Murry,9.0,2.0,8.0,4.0,3.0,0.0,1.0,3.0,5.0,0.0,2.0,0.0,-2.0,21:55,9.8,1
11,2546,Carmelo Anthony,,,,,,,,,,,,,,,0.0,1
12,1905,Andrei Kirilenko,4.0,2.0,6.0,0.0,0.0,3.0,3.0,2.0,4.0,0.0,4.0,2.0,-13.0,25:55,4.8,0
13,1718,Paul Pierce,13.0,4.0,8.0,6.0,4.0,1.0,0.0,1.0,1.0,0.0,5.0,2.0,-12.0,20:32,6.6,0
14,708,Kevin Garnett,0.0,0.0,4.0,0.0,0.0,0.0,2.0,0.0,0.0,0.0,3.0,0.0,-6.0,14:47,-3.4,0
15,2207,Joe Johnson,12.0,3.0,9.0,7.0,4.0,1.0,5.0,1.0,4.0,0.0,1.0,0.0,-19.0,30:36,11.3,0
16,101114,Deron Williams,10.0,4.0,9.0,1.0,1.0,1.0,1.0,1.0,1.0,0.0,1.0,3.0,-11.0,29:32,4.6,0
17,203486,Mason Plumlee,16.0,7.0,9.0,4.0,2.0,3.0,6.0,1.0,4.0,0.0,2.0,1.0,-12.0,30:22,17.6,0
18,201977,Marcus Thornton,24.0,7.0,15.0,8.0,6.0,1.0,2.0,1.0,2.0,0.0,2.0,2.0,-3.0,30:06,16.4,0
19,101154,Andray Blatche,8.0,2.0,4.0,3.0,3.0,1.0,3.0,1.0,1.0,0.0,2.0,6.0,5.0,19:26,2.5,0
20,203268,Jorge Gutierrez,5.0,2.0,7.0,0.0,0.0,0.0,2.0,1.0,4.0,0.0,4.0,1.0,3.0,26:58,2.7,0
21,203104,Marquis Teague,4.0,1.0,2.0,2.0,2.0,0.0,1.0,1.0,4.0,1.0,1.0,2.0,6.0,8:55,5.4,0
22,2215,Jason Collins,2.0,1.0,2.0,0.0,0.0,1.0,1.0,0.0,0.0,0.0,1.0,0.0,7.0,2:51,1.6,0
23,101187,Alan Anderson,,,,,,,,,,,,,,,0.0,0
24,203141,Mirza Teletovic,,,,,,,,,,,,,,,0.0,0
