,id,name,PTS,FG,FGA,FTA,FT,OREB,DREB,STL,AST,BLK,PF,TO,PLUS_MINUS,MIN,GS,WIN
0,203082,Terrence Ross,8.0,3.0,8.0,0.0,0.0,0.0,1.0,0.0,1.0,1.0,6.0,0.0,-1.0,33:34,2.9,0
1,101161,Amir Johnson,17.0,7.0,13.0,5.0,3.0,2.0,6.0,0.0,2.0,3.0,2.0,3.0,-8.0,36:57,12.8,0
2,202685,Jonas Valanciunas,17.0,7.0,8.0,4.0,3.0,1.0,4.0,0.0,0.0,1.0,2.0,2.0,2.0,34:56,13.6,0
3,200768,Kyle Lowry,14.0,5.0,14.0,4.0,2.0,0.0,4.0,3.0,9.0,0.0,4.0,1.0,4.0,37:13,13.3,0
4,201942,DeMar DeRozan,26.0,11.0,19.0,4.0,3.0,1.0,3.0,2.0,7.0,0.0,3.0,1.0,-7.0,37:59,23.0,0
5,2422,John Salmons,4.0,1.0,2.0,2.0,1.0,2.0,1.0,0.0,1.0,0.0,2.0,1.0,-6.0,21:04,3.2,0
6,202335,Patrick Patterson,11.0,5.0,13.0,2.0,0.0,1.0,6.0,0.0,1.0,2.0,4.0,4.0,-2.0,23:55,2.1,0
7,202361,Landry Fields,0.0,0.0,0.0,0.0,0.0,0.0,0.0,0.0,1.0,0.0,0.0,0.0,2.0,3:36,0.7,0
8,202349,Greivis Vasquez,0.0,0.0,0.0,0.0,0.0,0.0,2.0,0.0,2.0,0.0,0.0,1.0,-9.0,10:47,1.0,0
9,201948,Austin Daye,,,,,,,,,,,,,,,0.0,0
10,101236,Chuck Hayes,,,,,,,,,,,,,,,0.0,0
11,200779,Steve Novak,,,,,,,,,,,,,,,0.0,0
12,202933,Julyan Stone,,,,,,,,,,,,,,,0.0,0
13,2544,LeBron James,30.0,12.0,18.0,7.0,6.0,1.0,3.0,1.0,5.0,0.0,1.0,1.0,1.0,37:47,26.5,1
14,1740,Rashard Lewis,2.0,1.0,2.0,0.0,0.0,0.0,0.0,0.0,1.0,0.0,4.0,0.0,0.0,11:36,0.1,1
15,2547,Chris Bosh,8.0,2.0,9.0,4.0,4.0,3.0,8.0,0.0,1.0,0.0,3.0,1.0,8.0,33:08,5.5,1
16,2548,Dwyane Wade,14.0,5.0,13.0,4.0,4.0,2.0,7.0,2.0,3.0,1.0,1.0,1.0,13.0,34:40,13.8,1
17,201596,Mario Chalmers,5.0,2.0,4.0,0.0,0.0,0.0,1.0,2.0,1.0,0.0,3.0,2.0,2.0,15:09,2.8,1
18,2365,Chris Andersen,4.0,2.0,2.0,0.0,0.0,1.0,3.0,0.0,0.0,0.0,6.0,1.0,11.0,15:53,1.6,1
19,951,Ray Allen,6.0,1.0,7.0,4.0,4.0,1.0,1.0,1.0,3.0,0.0,1.0,1.0,1.0,25:13,4.2,1
20,2617,Udonis Haslem,6.0,3.0,7.0,1.0,0.0,3.0,1.0,0.0,0.0,1.0,0.0,0.0,-4.0,9:57,5.0,1
21,201563,Michael Beasley,17.0,7.0,12.0,5.0,3.0,3.0,1.0,1.0,2.0,0.0,2.0,2.0,-9.0,20:20,12.6,1
22,202708,Norris Cole,7.0,2.0,5.0,2.0,2.0,0.0,3.0,1.0,1.0,0.0,3.0,1.0,-7.0,30:24,4.7,1
23,2427,Roger Mason Jr.,3.0,1.0,2.0,0.0,0.0,0.0,0.0,0.0,0.0,0.0,0.0,0.0,9.0,5:53,2.0,1
24,201202,Joel Anthony,,,,,,,,,,,,,,,0.0,1
25,2592,James Jones,,,,,,,,,,,,,,,0.0,1
