,id,name,PTS,FG,FGA,FTA,FT,OREB,DREB,STL,AST,BLK,PF,TO,PLUS_MINUS,MIN,GS,WIN
0,2210,Richard Jefferson,15.0,5.0,10.0,5.0,3.0,0.0,4.0,2.0,5.0,0.0,1.0,0.0,-8.0,31:54,15.5,0
1,101107,Marvin Williams,0.0,0.0,2.0,0.0,0.0,1.0,2.0,0.0,1.0,0.0,0.0,0.0,-22.0,21:02,0.6,0
2,202324,Derrick Favors,19.0,8.0,16.0,5.0,3.0,2.0,10.0,0.0,0.0,0.0,2.0,1.0,0.0,31:42,12.8,0
3,202692,Alec Burks,20.0,8.0,17.0,6.0,4.0,2.0,3.0,0.0,4.0,0.0,6.0,0.0,-1.0,38:05,13.2,0
4,203504,Trey Burke,17.0,7.0,19.0,1.0,1.0,1.0,2.0,0.0,11.0,0.0,5.0,2.0,8.0,31:33,11.5,0
5,203197,Diante Garrett,0.0,0.0,4.0,0.0,0.0,0.0,1.0,0.0,1.0,0.0,0.0,0.0,-10.0,16:26,-1.8,0
6,202683,Enes Kanter,25.0,12.0,15.0,1.0,1.0,5.0,6.0,2.0,0.0,0.0,2.0,4.0,18.0,26:58,21.8,0
7,202379,Jeremy Evans,6.0,3.0,5.0,0.0,0.0,0.0,2.0,0.0,0.0,0.0,1.0,1.0,-4.0,16:18,2.9,0
8,201575,Brandon Rush,3.0,1.0,1.0,1.0,1.0,0.0,2.0,1.0,1.0,1.0,1.0,0.0,1.0,21:41,5.3,0
9,101249,John Lucas III,0.0,0.0,0.0,0.0,0.0,0.0,0.0,1.0,0.0,0.0,2.0,2.0,-2.0,4:21,-1.8,0
10,2740,Andris Biedrins,,,,,,,,,,,,,,,0.0,0
11,203546,Ian Clark,,,,,,,,,,,,,,,0.0,0
12,203497,Rudy Gobert,,,,,,,,,,,,,,,0.0,0
13,202695,Kawhi Leonard,15.0,6.0,12.0,1.0,1.0,0.0,7.0,3.0,6.0,2.0,3.0,0.0,4.0,33:27,18.5,1
14,1495,Tim Duncan,15.0,7.0,10.0,1.0,1.0,0.0,8.0,0.0,4.0,3.0,1.0,1.0,18.0,23:45,16.7,1
15,201965,Jeff Ayres,10.0,5.0,6.0,0.0,0.0,1.0,3.0,0.0,2.0,0.0,4.0,2.0,-9.0,28:38,7.2,1
16,1938,Manu Ginobili,13.0,4.0,11.0,4.0,3.0,1.0,2.0,1.0,3.0,1.0,0.0,1.0,8.0,20:43,10.6,1
17,2225,Tony Parker,25.0,9.0,16.0,8.0,7.0,0.0,1.0,1.0,9.0,0.0,1.0,3.0,11.0,33:46,21.2,1
18,2564,Boris Diaw,3.0,1.0,3.0,0.0,0.0,0.0,2.0,0.0,1.0,0.0,1.0,2.0,-4.0,24:13,0.2,1
19,201158,Marco Belinelli,15.0,5.0,12.0,4.0,4.0,1.0,6.0,0.0,1.0,0.0,2.0,1.0,-12.0,31:31,10.0,1
20,201988,Patty Mills,6.0,3.0,6.0,0.0,0.0,0.0,0.0,0.0,3.0,0.0,2.0,0.0,-6.0,14:07,4.3,1
21,202709,Cory Joseph,4.0,2.0,2.0,0.0,0.0,0.0,1.0,1.0,0.0,0.0,1.0,1.0,7.0,10:27,3.3,1
22,203382,Aron Baynes,0.0,0.0,1.0,0.0,0.0,0.0,0.0,0.0,0.0,0.0,2.0,0.0,-3.0,4:45,-1.5,1
23,2588,Matt Bonner,3.0,1.0,1.0,0.0,0.0,0.0,1.0,0.0,0.0,0.0,1.0,0.0,6.0,14:39,2.6,1
24,201986,Nando De Colo,,,,,,,,,,,,,,,0.0,1
