,id,name,PTS,FG,FGA,FTA,FT,OREB,DREB,STL,AST,BLK,PF,TO,PLUS_MINUS,MIN,GS,WIN
0,2736,Luol Deng,13.0,4.0,13.0,6.0,5.0,1.0,1.0,0.0,0.0,0.0,0.0,0.0,-12.0,35:02,6.1,0
1,202684,Tristan Thompson,8.0,2.0,3.0,4.0,4.0,1.0,2.0,0.0,0.0,0.0,5.0,1.0,-5.0,24:02,5.0,0
2,201150,Spencer Hawes,16.0,6.0,14.0,4.0,3.0,5.0,5.0,6.0,4.0,2.0,1.0,1.0,-12.0,37:58,22.0,0
3,203079,Dion Waiters,23.0,8.0,19.0,4.0,4.0,0.0,2.0,0.0,3.0,0.0,4.0,2.0,-12.0,36:16,12.0,0
4,202681,Kyrie Irving,13.0,6.0,15.0,2.0,1.0,0.0,7.0,6.0,4.0,0.0,1.0,2.0,-14.0,37:42,13.0,0
5,2760,Anderson Varejao,9.0,3.0,8.0,4.0,3.0,1.0,4.0,0.0,2.0,0.0,1.0,0.0,-10.0,24:24,7.1,0
6,203521,Matthew Dellavedova,2.0,1.0,3.0,0.0,0.0,0.0,0.0,1.0,1.0,0.0,4.0,0.0,-14.0,14:18,0.4,0
7,101127,Jarrett Jack,9.0,4.0,13.0,0.0,0.0,0.0,3.0,0.0,2.0,1.0,1.0,0.0,-5.0,22:28,4.1,0
8,202087,Alonzo Gee,5.0,2.0,3.0,1.0,1.0,2.0,0.0,0.0,0.0,0.0,1.0,0.0,-11.0,7:50,4.7,0
9,203816,Scotty Hopson,,,,,,,,,,,,,,,0.0,0
10,203508,Sergey Karasev,,,,,,,,,,,,,,,0.0,0
11,203092,Tyler Zeller,,,,,,,,,,,,,,,0.0,0
12,201960,DeMarre Carroll,13.0,5.0,10.0,0.0,0.0,0.0,4.0,1.0,2.0,1.0,2.0,1.0,11.0,36:24,10.5,1
13,200794,Paul Millsap,16.0,7.0,10.0,2.0,1.0,0.0,11.0,0.0,6.0,0.0,3.0,2.0,13.0,27:44,15.7,1
14,203544,Pero Antic,6.0,2.0,5.0,2.0,2.0,2.0,3.0,0.0,1.0,1.0,2.0,0.0,8.0,17:51,6.2,1
15,2594,Kyle Korver,8.0,3.0,9.0,0.0,0.0,0.0,4.0,0.0,6.0,1.0,2.0,2.0,22.0,39:05,6.2,1
16,201952,Jeff Teague,20.0,7.0,12.0,4.0,3.0,0.0,2.0,0.0,12.0,0.0,2.0,3.0,11.0,35:48,19.2,1
17,1882,Elton Brand,8.0,4.0,7.0,0.0,0.0,0.0,5.0,0.0,2.0,0.0,4.0,1.0,13.0,27:26,5.0,1
18,101150,Lou Williams,16.0,6.0,9.0,1.0,1.0,0.0,3.0,0.0,6.0,0.0,0.0,3.0,5.0,21:07,14.2,1
19,203118,Mike Scott,26.0,12.0,13.0,1.0,1.0,0.0,2.0,0.0,0.0,0.0,1.0,1.0,6.0,20:16,20.9,1
20,203471,Dennis Schroder,2.0,1.0,5.0,0.0,0.0,0.0,1.0,0.0,0.0,0.0,1.0,2.0,8.0,11:36,-3.2,1
21,203488,Mike Muscala,2.0,1.0,2.0,0.0,0.0,0.0,1.0,0.0,0.0,0.0,0.0,1.0,-2.0,2:43,0.3,1
22,202714,Shelvin Mack,,,,,,,,,,,,,,,0.0,1
23,201858,Cartier Martin,,,,,,,,,,,,,,,0.0,1
