,id,name,PTS,FG,FGA,FTA,FT,OREB,DREB,STL,AST,BLK,PF,TO,PLUS_MINUS,MIN,GS,WIN
0,202718,Chandler Parsons,11.0,5.0,16.0,0.0,0.0,1.0,4.0,1.0,2.0,0.0,1.0,1.0,-17.0,36:14,4.7,0
1,203093,Terrence Jones,8.0,3.0,7.0,3.0,2.0,1.0,5.0,0.0,3.0,1.0,2.0,1.0,-5.0,29:26,7.1,0
2,2730,Dwight Howard,10.0,4.0,11.0,6.0,2.0,2.0,10.0,2.0,1.0,1.0,3.0,4.0,-16.0,33:15,4.9,0
3,201935,James Harden,16.0,6.0,13.0,4.0,4.0,2.0,2.0,0.0,3.0,1.0,0.0,3.0,-22.0,34:06,11.1,0
4,201976,Patrick Beverley,9.0,3.0,11.0,0.0,0.0,3.0,2.0,0.0,0.0,0.0,4.0,0.0,-13.0,32:42,3.6,0
5,202700,Donatas Motiejunas,0.0,0.0,1.0,0.0,0.0,0.0,2.0,0.0,0.0,1.0,2.0,2.0,-9.0,11:35,-2.2,0
6,201956,Omri Casspi,9.0,3.0,6.0,2.0,2.0,0.0,2.0,0.0,0.0,0.0,1.0,1.0,-8.0,17:51,5.2,0
7,202391,Jeremy Lin,6.0,2.0,8.0,2.0,2.0,0.0,1.0,0.0,3.0,1.0,1.0,2.0,-13.0,28:16,1.9,0
8,201166,Aaron Brooks,6.0,2.0,4.0,0.0,0.0,0.0,0.0,0.0,2.0,0.0,0.0,1.0,5.0,9:51,4.4,0
9,203496,Robert Covington,6.0,2.0,4.0,0.0,0.0,1.0,0.0,0.0,0.0,0.0,1.0,0.0,8.0,6:44,4.3,0
10,200758,Ronnie Brewer,,,,,,,,,,,,,,,0.0,0
11,101128,Francisco Garcia,,,,,,,,,,,,,,,0.0,0
12,202962,Greg Smith,,,,,,,,,,,,,,,0.0,0
13,2419,Tayshaun Prince,2.0,1.0,5.0,0.0,0.0,0.0,4.0,0.0,0.0,0.0,0.0,0.0,6.0,23:48,0.1,1
14,2216,Zach Randolph,15.0,7.0,16.0,3.0,1.0,7.0,10.0,0.0,3.0,0.0,3.0,4.0,17.0,30:52,10.6,1
15,201188,Marc Gasol,6.0,2.0,6.0,2.0,2.0,1.0,4.0,0.0,2.0,1.0,4.0,0.0,11.0,23:31,5.0,1
16,201584,Courtney Lee,15.0,5.0,9.0,4.0,4.0,0.0,2.0,0.0,3.0,1.0,1.0,0.0,20.0,31:18,13.7,1
17,201144,Mike Conley,17.0,6.0,13.0,3.0,2.0,1.0,2.0,1.0,4.0,0.0,1.0,1.0,16.0,30:26,13.6,1
18,201979,Nick Calathes,11.0,5.0,10.0,0.0,0.0,0.0,2.0,3.0,1.0,0.0,3.0,1.0,2.0,19:45,8.1,1
19,201585,Kosta Koufos,14.0,7.0,8.0,0.0,0.0,2.0,5.0,0.0,1.0,3.0,4.0,2.0,5.0,23:54,13.3,1
20,201949,James Johnson,12.0,5.0,12.0,2.0,1.0,2.0,2.0,4.0,8.0,0.0,4.0,2.0,12.0,24:50,13.2,1
21,2034,Mike Miller,5.0,2.0,4.0,0.0,0.0,1.0,0.0,0.0,1.0,0.0,0.0,0.0,5.0,9:51,4.4,1
22,202334,Ed Davis,2.0,1.0,5.0,0.0,0.0,2.0,4.0,0.0,0.0,0.0,2.0,1.0,1.0,17:08,-0.3,1
23,203479,Jamaal Franklin,0.0,0.0,0.0,0.0,0.0,0.0,1.0,0.0,0.0,0.0,1.0,0.0,-5.0,4:38,-0.1,1
24,2754,Tony Allen,,,,,,,,,,,,,,,0.0,1
25,202720,Jon Leuer,,,,,,,,,,,,,,,0.0,1
