,id,name,PTS,FG,FGA,FTA,FT,OREB,DREB,STL,AST,BLK,PF,TO,PLUS_MINUS,MIN,GS,WIN
0,1890,Shawn Marion,17.0,7.0,13.0,1.0,1.0,0.0,4.0,2.0,3.0,2.0,1.0,2.0,-9.0,32:30,15.0,0
1,1717,Dirk Nowitzki,16.0,5.0,12.0,4.0,4.0,0.0,6.0,3.0,3.0,0.0,2.0,4.0,3.0,34:24,11.7,0
2,2223,Samuel Dalembert,6.0,3.0,10.0,0.0,0.0,5.0,4.0,0.0,0.0,0.0,2.0,3.0,-1.0,24:17,1.1,0
3,101145,Monta Ellis,20.0,8.0,17.0,4.0,3.0,0.0,5.0,0.0,3.0,0.0,5.0,7.0,-9.0,38:50,5.5,0
4,101181,Jose Calderon,9.0,3.0,6.0,2.0,2.0,1.0,1.0,3.0,3.0,0.0,1.0,3.0,-11.0,31:49,8.7,0
5,1713,Vince Carter,0.0,0.0,4.0,0.0,0.0,0.0,1.0,0.0,2.0,0.0,1.0,0.0,-13.0,13:46,-1.5,0
6,201971,DeJuan Blair,8.0,4.0,8.0,0.0,0.0,2.0,1.0,1.0,1.0,0.0,3.0,1.0,-18.0,19:05,5.2,0
7,203109,Jae Crowder,17.0,6.0,8.0,3.0,2.0,2.0,1.0,2.0,0.0,0.0,1.0,1.0,-4.0,24:49,15.7,0
8,203539,Gal Mekel,0.0,0.0,4.0,0.0,0.0,1.0,1.0,1.0,2.0,0.0,0.0,0.0,-6.0,10:49,0.6,0
9,201961,Wayne Ellington,0.0,0.0,1.0,0.0,0.0,0.0,1.0,0.0,0.0,0.0,0.0,0.0,0.0,8:10,-0.4,0
10,203495,Ricky Ledo,0.0,0.0,2.0,0.0,0.0,0.0,0.0,0.0,0.0,0.0,0.0,0.0,-2.0,1:32,-1.4,0
11,203108,Bernard James,,,,,,,,,,,,,,,0.0,0
12,201142,Kevin Durant,23.0,7.0,16.0,9.0,8.0,1.0,2.0,2.0,10.0,0.0,2.0,5.0,6.0,36:53,18.7,1
13,201586,Serge Ibaka,17.0,8.0,10.0,0.0,0.0,3.0,10.0,1.0,1.0,3.0,2.0,2.0,8.0,36:17,19.3,1
14,2570,Kendrick Perkins,4.0,2.0,4.0,0.0,0.0,2.0,4.0,0.0,0.0,0.0,1.0,3.0,4.0,14:09,1.2,1
15,200757,Thabo Sefolosha,5.0,2.0,5.0,2.0,1.0,0.0,2.0,2.0,4.0,0.0,0.0,1.0,1.0,23:31,6.3,1
16,201566,Russell Westbrook,22.0,10.0,20.0,5.0,2.0,0.0,1.0,2.0,4.0,0.0,2.0,5.0,11.0,32:45,10.1,1
17,2555,Nick Collison,4.0,2.0,3.0,2.0,0.0,0.0,1.0,1.0,0.0,0.0,5.0,1.0,7.0,17:27,0.2,1
18,202704,Reggie Jackson,2.0,1.0,4.0,0.0,0.0,0.0,1.0,0.0,5.0,0.0,0.0,1.0,11.0,11:47,2.4,1
19,203087,Jeremy Lamb,13.0,4.0,7.0,2.0,2.0,0.0,3.0,0.0,3.0,1.0,2.0,2.0,4.0,20:15,10.6,1
20,203103,Perry Jones III,4.0,2.0,2.0,0.0,0.0,1.0,1.0,0.0,0.0,0.0,0.0,1.0,5.0,9:41,3.4,1
21,203500,Steven Adams,6.0,2.0,3.0,2.0,2.0,2.0,7.0,2.0,0.0,1.0,1.0,0.0,8.0,20:10,10.5,1
22,965,Derek Fisher,5.0,2.0,4.0,1.0,1.0,0.0,1.0,0.0,1.0,0.0,2.0,0.0,3.0,15:33,3.2,1
23,203460,Andre Roberson,2.0,1.0,1.0,0.0,0.0,1.0,1.0,0.0,0.0,0.0,0.0,2.0,2.0,1:32,0.7,1
24,201934,Hasheem Thabeet,,,,,,,,,,,,,,,0.0,1
