,id,name,PTS,FG,FGA,FTA,FT,OREB,DREB,STL,AST,BLK,PF,TO,PLUS_MINUS,MIN,GS,WIN
0,201587,Nicolas Batum,14.0,5.0,9.0,2.0,2.0,0.0,3.0,2.0,4.0,0.0,4.0,4.0,16.0,40:22,9.8,1
1,200746,LaMarcus Aldridge,30.0,7.0,21.0,19.0,16.0,6.0,15.0,2.0,3.0,3.0,2.0,5.0,20.0,40:13,26.0,1
2,201577,Robin Lopez,8.0,4.0,7.0,0.0,0.0,4.0,6.0,1.0,0.0,5.0,2.0,1.0,9.0,34:34,12.0,1
3,202083,Wesley Matthews,23.0,8.0,9.0,4.0,2.0,0.0,3.0,1.0,2.0,0.0,2.0,2.0,-5.0,25:39,19.6,1
4,203081,Damian Lillard,20.0,6.0,20.0,6.0,6.0,0.0,1.0,1.0,9.0,0.0,4.0,1.0,12.0,36:09,13.4,1
5,2590,Mo Williams,4.0,1.0,7.0,2.0,2.0,0.0,1.0,1.0,4.0,0.0,2.0,0.0,-8.0,13:52,2.8,1
6,200777,Joel Freeland,6.0,3.0,4.0,0.0,0.0,2.0,2.0,0.0,1.0,1.0,0.0,1.0,3.0,13:26,6.8,1
7,203080,Thomas Robinson,0.0,0.0,0.0,0.0,0.0,0.0,1.0,0.0,0.0,0.0,2.0,0.0,-8.0,7:47,-0.5,1
8,2748,Dorell Wright,6.0,2.0,8.0,2.0,1.0,0.0,2.0,0.0,2.0,0.0,0.0,0.0,18.0,21:22,2.8,1
9,2248,Earl Watson,0.0,0.0,0.0,0.0,0.0,1.0,0.0,0.0,2.0,0.0,2.0,1.0,5.0,4:38,0.3,1
10,203459,Allen Crabbe,0.0,0.0,0.0,0.0,0.0,0.0,0.0,0.0,0.0,0.0,1.0,0.0,-1.0,0:59,-0.4,1
11,203115,Will Barton,2.0,1.0,1.0,0.0,0.0,0.0,0.0,0.0,0.0,0.0,1.0,0.0,-1.0,0:59,1.3,1
12,203086,Meyers Leonard,,,,,,,,,,,,,,,0.0,1
13,203084,Harrison Barnes,13.0,4.0,12.0,5.0,3.0,1.0,3.0,1.0,5.0,0.0,1.0,2.0,-12.0,44:57,9.1,0
14,101135,David Lee,15.0,7.0,13.0,2.0,1.0,0.0,12.0,1.0,1.0,0.0,4.0,3.0,-16.0,40:48,9.0,0
15,101106,Andrew Bogut,4.0,2.0,4.0,0.0,0.0,3.0,9.0,0.0,1.0,2.0,5.0,2.0,-7.0,34:54,4.9,0
16,202691,Klay Thompson,30.0,10.0,13.0,8.0,8.0,0.0,1.0,1.0,1.0,0.0,6.0,4.0,-2.0,27:07,20.5,0
17,201939,Stephen Curry,22.0,8.0,21.0,5.0,4.0,0.0,3.0,1.0,11.0,0.0,1.0,5.0,-6.0,37:10,14.3,0
18,203110,Draymond Green,4.0,1.0,4.0,2.0,2.0,0.0,3.0,0.0,0.0,0.0,4.0,0.0,5.0,15:28,0.9,0
19,201578,Marreese Speights,2.0,1.0,4.0,0.0,0.0,0.0,1.0,0.0,0.0,1.0,2.0,0.0,-6.0,12:26,-0.2,0
20,203517,Nemanja Nedovic,5.0,2.0,4.0,0.0,0.0,1.0,1.0,0.0,1.0,0.0,3.0,2.0,-5.0,13:03,1.5,0
21,203473,Dewayne Dedmon,1.0,0.0,0.0,2.0,1.0,0.0,0.0,0.0,0.0,0.0,1.0,0.0,4.0,2:39,0.2,0
22,203145,Kent Bazemore,5.0,1.0,2.0,6.0,3.0,0.0,3.0,0.0,0.0,1.0,4.0,1.0,-15.0,11:28,1.8,0
23,201962,Toney Douglas,,,,,,,,,,,,,,,0.0,0
24,979,Jermaine O'Neal,,,,,,,,,,,,,,,0.0,0
