,id,name,PTS,FG,FGA,FTA,FT,OREB,DREB,STL,AST,BLK,PF,TO,PLUS_MINUS,MIN,GS,WIN
0,202331,Paul George,18.0,6.0,18.0,10.0,6.0,0.0,11.0,1.0,6.0,0.0,3.0,4.0,-7.0,34:13,9.5,0
1,2561,David West,16.0,6.0,20.0,4.0,4.0,2.0,4.0,0.0,1.0,0.0,3.0,0.0,-2.0,32:00,6.5,0
2,201579,Roy Hibbert,5.0,2.0,3.0,3.0,1.0,0.0,3.0,0.0,0.0,1.0,6.0,1.0,3.0,19:47,1.1,0
3,202362,Lance Stephenson,23.0,10.0,16.0,2.0,2.0,2.0,8.0,1.0,7.0,0.0,4.0,6.0,-12.0,40:18,17.9,0
4,201588,George Hill,10.0,4.0,6.0,0.0,0.0,0.0,5.0,1.0,4.0,0.0,2.0,1.0,-5.0,32:40,10.9,0
5,2449,Luis Scola,6.0,3.0,9.0,0.0,0.0,3.0,4.0,0.0,0.0,0.0,1.0,0.0,-10.0,21:21,3.8,0
6,101122,Danny Granger,7.0,3.0,8.0,0.0,0.0,2.0,1.0,0.0,0.0,0.0,1.0,2.0,-5.0,17:51,1.9,0
7,201228,C.J. Watson,4.0,1.0,3.0,2.0,1.0,0.0,1.0,1.0,0.0,0.0,0.0,1.0,-10.0,15:31,2.2,0
8,101133,Ian Mahinmi,5.0,1.0,4.0,4.0,3.0,1.0,4.0,1.0,1.0,1.0,6.0,1.0,-17.0,19:24,3.1,0
9,2446,Rasual Butler,0.0,0.0,0.0,0.0,0.0,0.0,0.0,0.0,1.0,0.0,0.0,0.0,0.0,1:44,0.7,0
10,203111,Orlando Johnson,0.0,0.0,0.0,2.0,0.0,0.0,0.0,0.0,0.0,0.0,1.0,0.0,0.0,1:44,-1.2,0
11,203142,Chris Copeland,2.0,1.0,1.0,0.0,0.0,0.0,0.0,0.0,0.0,0.0,0.0,0.0,0.0,1:44,1.7,0
12,202388,Donald Sloan,0.0,0.0,0.0,0.0,0.0,0.0,0.0,0.0,0.0,0.0,0.0,0.0,0.0,1:44,0.0,0
13,201163,Wilson Chandler,25.0,8.0,15.0,9.0,5.0,0.0,6.0,0.0,3.0,0.0,5.0,1.0,4.0,33:48,17.0,1
14,202702,Kenneth Faried,13.0,6.0,9.0,2.0,1.0,1.0,8.0,2.0,2.0,2.0,4.0,1.0,15.0,37:38,14.0,1
15,201581,JJ Hickson,14.0,5.0,10.0,11.0,4.0,4.0,9.0,2.0,1.0,0.0,3.0,2.0,-1.0,34:06,11.2,1
16,200751,Randy Foye,12.0,4.0,12.0,2.0,2.0,0.0,5.0,2.0,3.0,1.0,3.0,2.0,10.0,32:10,8.3,1
17,201951,Ty Lawson,12.0,6.0,11.0,0.0,0.0,0.0,3.0,1.0,10.0,0.0,0.0,1.0,9.0,32:05,14.6,1
18,202389,Timofey Mozgov,15.0,4.0,8.0,10.0,7.0,0.0,7.0,0.0,3.0,2.0,2.0,2.0,10.0,24:06,12.6,1
19,203095,Evan Fournier,1.0,0.0,2.0,2.0,1.0,0.0,1.0,0.0,0.0,0.0,2.0,1.0,3.0,12:56,-2.3,1
20,101126,Nate Robinson,15.0,6.0,11.0,1.0,1.0,0.0,0.0,1.0,3.0,1.0,2.0,4.0,6.0,18:60,8.7,1
21,203113,Quincy Miller,2.0,1.0,5.0,0.0,0.0,0.0,2.0,0.0,1.0,0.0,0.0,0.0,9.0,14:12,0.2,1
22,201589,Darrell Arthur,,,,,,,,,,,,,,,0.0,1
23,202706,Jordan Hamilton,,,,,,,,,,,,,,,0.0,1
24,1889,Andre Miller,,,,,,,,,,,,,,,0.0,1
25,201576,Anthony Randolph,,,,,,,,,,,,,,,0.0,1
