,id,name,PTS,FG,FGA,FTA,FT,OREB,DREB,STL,AST,BLK,PF,TO,PLUS_MINUS,MIN,GS,WIN
0,2546,Carmelo Anthony,29.0,11.0,20.0,6.0,4.0,3.0,4.0,0.0,2.0,1.0,4.0,4.0,-22.0,35:52,18.4,0
1,2747,JR Smith,11.0,4.0,9.0,4.0,2.0,0.0,1.0,0.0,5.0,0.0,2.0,2.0,-7.0,28:22,6.5,0
2,2199,Tyson Chandler,19.0,6.0,9.0,8.0,7.0,6.0,10.0,0.0,0.0,0.0,2.0,2.0,-6.0,31:50,19.1,0
3,203143,Pablo Prigioni,0.0,0.0,3.0,0.0,0.0,1.0,2.0,2.0,4.0,0.0,1.0,0.0,-8.0,25:14,3.6,0
4,101109,Raymond Felton,2.0,1.0,7.0,0.0,0.0,1.0,1.0,3.0,5.0,0.0,3.0,2.0,-9.0,30:57,1.8,0
5,203501,Tim Hardaway Jr.,6.0,2.0,15.0,2.0,2.0,1.0,2.0,0.0,0.0,0.0,4.0,1.0,-35.0,33:51,-5.0,0
6,2405,Amar'e Stoudemire,4.0,2.0,6.0,0.0,0.0,1.0,2.0,0.0,0.0,0.0,3.0,1.0,-30.0,19:11,-0.3,0
7,200769,Shannon Brown,6.0,3.0,7.0,0.0,0.0,0.0,0.0,2.0,0.0,0.0,0.0,0.0,-14.0,15:58,4.3,0
8,202719,Jeremy Tyler,1.0,0.0,1.0,2.0,1.0,0.0,2.0,0.0,0.0,0.0,1.0,0.0,1.0,6:49,0.1,0
9,201947,Earl Clark,2.0,1.0,3.0,0.0,0.0,1.0,2.0,0.0,0.0,0.0,1.0,0.0,0.0,5:58,1.2,0
10,203315,Toure' Murry,2.0,1.0,3.0,0.0,0.0,0.0,0.0,0.0,0.0,0.0,0.0,1.0,0.0,5:58,-0.7,0
11,202332,Cole Aldrich,,,,,,,,,,,,,,,0.0,0
12,2544,LeBron James,31.0,13.0,19.0,6.0,4.0,0.0,4.0,0.0,4.0,0.0,0.0,1.0,21.0,36:38,25.1,1
13,2203,Shane Battier,8.0,3.0,6.0,0.0,0.0,0.0,5.0,3.0,5.0,0.0,3.0,0.0,24.0,35:22,11.8,1
14,2547,Chris Bosh,6.0,3.0,6.0,0.0,0.0,1.0,6.0,0.0,0.0,1.0,2.0,0.0,15.0,24:12,5.4,1
15,2548,Dwyane Wade,23.0,10.0,13.0,4.0,3.0,0.0,2.0,1.0,1.0,0.0,1.0,4.0,17.0,27:08,15.4,1
16,201596,Mario Chalmers,11.0,5.0,8.0,0.0,0.0,0.0,3.0,0.0,1.0,0.0,3.0,3.0,6.0,20:05,4.8,1
17,202708,Norris Cole,11.0,5.0,9.0,2.0,1.0,0.0,2.0,1.0,2.0,0.0,4.0,1.0,15.0,29:27,6.7,1
18,951,Ray Allen,11.0,4.0,6.0,2.0,2.0,1.0,1.0,0.0,3.0,0.0,0.0,1.0,18.0,19:39,10.5,1
19,2365,Chris Andersen,0.0,0.0,1.0,0.0,0.0,1.0,6.0,0.0,0.0,2.0,3.0,0.0,17.0,16:41,2.0,1
20,201563,Michael Beasley,4.0,1.0,4.0,2.0,1.0,0.0,4.0,0.0,0.0,0.0,1.0,1.0,2.0,10:22,1.0,1
21,201141,Greg Oden,3.0,1.0,2.0,2.0,1.0,0.0,1.0,0.0,0.0,0.0,5.0,1.0,-6.0,8:50,-1.1,1
22,1740,Rashard Lewis,0.0,0.0,0.0,0.0,0.0,0.0,0.0,0.0,0.0,0.0,0.0,0.0,-1.0,6:49,0.0,1
23,201962,Toney Douglas,0.0,0.0,0.0,0.0,0.0,0.0,2.0,0.0,2.0,0.0,0.0,0.0,2.0,4:47,2.0,1
24,2617,Udonis Haslem,,,,,,,,,,,,,,,0.0,1
