,id,name,PTS,FG,FGA,FTA,FT,OREB,DREB,STL,AST,BLK,PF,TO,PLUS_MINUS,MIN,GS,WIN
0,200752,Rudy Gay,7.0,3.0,11.0,1.0,1.0,2.0,0.0,0.0,1.0,0.0,3.0,4.0,-20.0,21:06,-2.6,0
1,2501,Reggie Evans,4.0,1.0,4.0,2.0,2.0,3.0,3.0,2.0,1.0,0.0,1.0,3.0,-25.0,18:25,3.9,0
2,202326,DeMarcus Cousins,4.0,2.0,8.0,0.0,0.0,1.0,3.0,0.0,2.0,0.0,4.0,3.0,-26.0,17:05,-2.4,0
3,203463,Ben McLemore,18.0,5.0,16.0,6.0,5.0,0.0,1.0,2.0,3.0,1.0,3.0,1.0,-14.0,45:56,11.3,0
4,203492,Ray McCallum,13.0,6.0,16.0,3.0,0.0,1.0,3.0,0.0,5.0,0.0,2.0,2.0,-10.0,45:42,5.3,0
5,201574,Jason Thompson,10.0,5.0,9.0,0.0,0.0,5.0,9.0,0.0,1.0,0.0,4.0,2.0,13.0,29:01,9.0,0
6,2566,Travis Outlaw,17.0,6.0,13.0,0.0,0.0,0.0,4.0,0.0,2.0,0.0,2.0,0.0,5.0,31:16,12.1,0
7,203112,Quincy Acy,6.0,2.0,7.0,4.0,2.0,5.0,8.0,2.0,2.0,0.0,1.0,1.0,12.0,29:35,9.0,0
8,201189,Aaron Gray,2.0,1.0,1.0,0.0,0.0,0.0,1.0,0.0,0.0,0.0,2.0,0.0,0.0,1:54,1.2,0
9,202738,Isaiah Thomas,,,,,,,,,,,,,,,0.0,0
10,202682,Derrick Williams,,,,,,,,,,,,,,,0.0,0
11,201142,Kevin Durant,29.0,9.0,11.0,8.0,8.0,0.0,1.0,2.0,6.0,2.0,0.0,2.0,27.0,29:20,30.8,1
12,201586,Serge Ibaka,8.0,2.0,6.0,4.0,4.0,0.0,8.0,1.0,1.0,4.0,2.0,3.0,16.0,30:28,7.7,1
13,203500,Steven Adams,5.0,1.0,2.0,6.0,3.0,0.0,2.0,0.0,1.0,0.0,4.0,2.0,-3.0,14:42,0.5,1
14,203460,Andre Roberson,6.0,3.0,3.0,0.0,0.0,0.0,0.0,0.0,0.0,1.0,1.0,0.0,7.0,15:14,5.4,1
15,201566,Russell Westbrook,18.0,7.0,12.0,4.0,4.0,0.0,5.0,0.0,6.0,0.0,2.0,4.0,14.0,24:29,13.3,1
16,201934,Hasheem Thabeet,0.0,0.0,1.0,0.0,0.0,0.0,4.0,1.0,0.0,0.0,4.0,0.0,12.0,20:05,-0.1,1
17,203087,Jeremy Lamb,13.0,5.0,11.0,3.0,0.0,0.0,5.0,2.0,5.0,0.0,3.0,2.0,-4.0,32:33,9.9,1
18,2406,Caron Butler,6.0,2.0,10.0,0.0,0.0,0.0,3.0,0.0,3.0,0.0,1.0,1.0,-2.0,26:10,1.4,1
19,965,Derek Fisher,3.0,1.0,4.0,0.0,0.0,0.0,3.0,0.0,0.0,0.0,2.0,0.0,4.0,17:39,0.7,1
20,2555,Nick Collison,2.0,1.0,3.0,0.0,0.0,1.0,2.0,2.0,2.0,1.0,2.0,0.0,16.0,14:30,4.9,1
21,203103,Perry Jones III,0.0,0.0,3.0,0.0,0.0,2.0,2.0,0.0,1.0,0.0,0.0,0.0,-15.0,8:17,0.6,1
22,202130,Reggie Williams,4.0,2.0,3.0,0.0,0.0,0.0,0.0,0.0,1.0,0.0,1.0,0.0,-7.0,6:33,3.0,1
