,id,name,PTS,FG,FGA,FTA,FT,OREB,DREB,STL,AST,BLK,PF,TO,PLUS_MINUS,MIN,GS,WIN
0,2419,Tayshaun Prince,7.0,3.0,4.0,2.0,1.0,0.0,2.0,1.0,3.0,0.0,0.0,2.0,12.0,24:55,6.7,1
1,2216,Zach Randolph,14.0,5.0,11.0,5.0,4.0,0.0,2.0,2.0,3.0,0.0,3.0,1.0,20.0,26:03,10.4,1
2,201188,Marc Gasol,11.0,3.0,6.0,6.0,5.0,2.0,2.0,3.0,6.0,2.0,2.0,5.0,11.0,27:59,12.4,1
3,201584,Courtney Lee,6.0,3.0,6.0,1.0,0.0,0.0,4.0,0.0,0.0,0.0,3.0,2.0,13.0,28:31,0.6,1
4,201144,Mike Conley,19.0,5.0,9.0,8.0,7.0,0.0,4.0,1.0,4.0,0.0,1.0,2.0,16.0,23:00,16.9,1
5,201979,Nick Calathes,6.0,3.0,6.0,1.0,0.0,0.0,2.0,2.0,6.0,0.0,3.0,3.0,12.0,26:01,5.2,1
6,202334,Ed Davis,6.0,3.0,4.0,2.0,0.0,3.0,8.0,1.0,1.0,2.0,1.0,1.0,9.0,19:40,9.8,1
7,2754,Tony Allen,9.0,4.0,6.0,0.0,0.0,0.0,1.0,2.0,0.0,0.0,1.0,2.0,14.0,17:03,6.3,1
8,2034,Mike Miller,2.0,1.0,3.0,0.0,0.0,0.0,1.0,0.0,1.0,0.0,1.0,1.0,4.0,5:41,-0.1,1
9,201585,Kosta Koufos,8.0,4.0,7.0,0.0,0.0,2.0,6.0,0.0,1.0,0.0,3.0,2.0,15.0,13:54,5.4,1
10,201949,James Johnson,7.0,2.0,4.0,2.0,2.0,0.0,1.0,1.0,2.0,0.0,3.0,1.0,4.0,15:04,5.5,1
11,202720,Jon Leuer,6.0,2.0,3.0,3.0,2.0,0.0,1.0,0.0,0.0,0.0,3.0,0.0,0.0,6:04,3.4,1
12,2757,Beno Udrih,2.0,0.0,1.0,2.0,2.0,0.0,0.0,0.0,0.0,0.0,0.0,0.0,0.0,6:04,1.3,1
13,203138,Hollis Thompson,0.0,0.0,5.0,0.0,0.0,3.0,1.0,0.0,1.0,0.0,1.0,1.0,-14.0,24:55,-1.8,0
14,201152,Thaddeus Young,20.0,8.0,19.0,0.0,0.0,4.0,3.0,6.0,3.0,0.0,4.0,3.0,-16.0,34:31,17.1,0
15,203156,Henry Sims,4.0,1.0,4.0,4.0,2.0,2.0,4.0,2.0,2.0,0.0,4.0,1.0,-16.0,22:36,4.2,0
16,202341,James Anderson,4.0,2.0,11.0,0.0,0.0,0.0,0.0,0.0,2.0,0.0,0.0,5.0,-19.0,32:31,-6.5,0
17,203487,Michael Carter-Williams,23.0,10.0,16.0,3.0,2.0,2.0,6.0,1.0,3.0,0.0,2.0,6.0,-16.0,33:23,14.9,0
18,203100,Tony Wroten,13.0,6.0,11.0,2.0,1.0,1.0,3.0,1.0,2.0,1.0,3.0,3.0,-16.0,27:59,7.8,0
19,202363,Jarvis Varnado,4.0,1.0,1.0,4.0,2.0,1.0,2.0,0.0,0.0,1.0,3.0,0.0,0.0,11:11,3.7,0
20,201957,Byron Mullens,0.0,0.0,3.0,0.0,0.0,0.0,1.0,0.0,0.0,1.0,3.0,0.0,-19.0,14:55,-2.3,0
21,202343,Elliot Williams,8.0,3.0,8.0,2.0,1.0,1.0,5.0,1.0,1.0,0.0,2.0,2.0,-12.0,23:12,4.3,0
22,203130,Darius Johnson-Odom,0.0,0.0,5.0,2.0,0.0,0.0,2.0,1.0,1.0,0.0,2.0,1.0,-3.0,10:23,-3.8,0
23,203561,Brandon Davies,1.0,0.0,0.0,2.0,1.0,0.0,1.0,0.0,1.0,0.0,0.0,0.0,1.0,4:24,1.6,0
24,201953,Eric Maynor,,,,,,,,,,,,,,,0.0,0
