,id,name,PTS,FG,FGA,FTA,FT,OREB,DREB,STL,AST,BLK,PF,TO,PLUS_MINUS,MIN,GS,WIN
0,202331,Paul George,26,10,19,7,5,1,6,1,1,0,3,4,-14.0,34:06,14.9,0
1,2561,David West,13,6,11,3,1,3,2,1,3,0,1,2,-9.0,27:17,10.3,0
2,201579,Roy Hibbert,6,3,8,2,0,2,2,0,0,2,6,3,-17.0,28:14,-1.2,0
3,202362,Lance Stephenson,6,3,9,1,0,1,4,1,4,0,2,2,-20.0,28:52,3.4,0
4,201588,George Hill,16,4,4,8,7,1,3,2,1,0,4,2,-13.0,30:19,15.1,0
5,2449,Luis Scola,5,2,5,2,1,1,4,0,0,0,3,2,-17.0,14:37,0.6,0
6,101122,Danny Granger,7,3,5,0,0,0,2,0,0,0,1,3,-18.0,21:18,1.9,0
7,201228,C.J. Watson,4,1,3,2,2,1,0,1,3,0,1,0,-13.0,11:35,5.7,0
8,101133,Ian Mahinmi,2,0,1,2,2,0,2,0,0,2,5,0,-7.0,19:18,1.3,0
9,2446,Rasual Butler,2,1,3,0,0,0,2,0,1,0,0,0,2.0,6:06,1.6,0
10,203524,Solomon Hill,2,1,1,0,0,0,0,0,0,0,0,1,2.0,6:06,0.7,0
11,202388,Donald Sloan,5,2,3,0,0,0,1,0,0,0,0,1,2.0,6:06,3.0,0
12,203142,Chris Copeland,6,2,3,1,1,0,1,0,1,0,2,0,2.0,6:06,4.9,0
13,200782,P.J. Tucker,13,5,6,2,2,0,5,0,1,0,2,1,7.0,27:37,11.2,1
14,101112,Channing Frye,10,3,7,2,2,1,2,2,0,0,4,2,29.0,30:50,6.0,1
15,203101,Miles Plumlee,11,5,8,2,1,3,4,1,1,0,1,0,7.0,29:44,11.6,1
16,101123,Gerald Green,23,6,13,10,8,0,6,1,2,0,2,0,13.0,29:49,18.9,1
17,201609,Goran Dragic,21,8,10,7,3,1,1,1,3,0,4,3,9.0,22:18,15.1,1
18,202693,Markieff Morris,20,8,14,2,2,1,2,2,1,0,4,0,14.0,27:01,15.8,1
19,2571,Leandro Barbosa,4,2,8,0,0,0,2,0,2,0,3,1,20.0,22:35,-1.0,1
20,202694,Marcus Morris Sr.,5,2,6,2,1,0,3,2,2,0,1,1,13.0,19:19,4.1,1
21,202397,Ish Smith,8,4,6,1,0,0,1,0,2,0,0,0,10.0,14:29,6.7,1
22,203458,Alex Len,0,0,1,0,0,0,1,0,0,0,1,1,-2.0,5:27,-1.8,1
23,202091,Dionte Christmas,5,1,1,2,2,1,1,0,1,0,1,0,-2.0,5:27,6.0,1
24,203462,Archie Goodwin,2,0,1,2,2,0,0,0,0,0,0,0,0.0,2:58,1.3,1
25,203139,Viacheslav Kravtsov,2,1,2,0,0,0,0,0,0,0,0,0,2.0,2:26,1.0,1
