,id,name,PTS,FG,FGA,FTA,FT,OREB,DREB,STL,AST,BLK,PF,TO,PLUS_MINUS,MIN,GS,WIN
0,202087,Alonzo Gee,10.0,4.0,10.0,2.0,1.0,1.0,4.0,0.0,2.0,0.0,1.0,1.0,3.0,26:22,6.1,0
1,202684,Tristan Thompson,16.0,6.0,14.0,7.0,4.0,2.0,5.0,1.0,1.0,0.0,2.0,1.0,-4.0,25:41,10.2,0
2,101115,Andrew Bynum,4.0,2.0,2.0,0.0,0.0,2.0,2.0,0.0,2.0,0.0,2.0,1.0,-4.0,17:31,5.0,0
3,101139,CJ Miles,5.0,1.0,4.0,2.0,2.0,0.0,1.0,0.0,1.0,0.0,4.0,2.0,4.0,13:02,0.0,0
4,202681,Kyrie Irving,19.0,6.0,16.0,4.0,4.0,0.0,0.0,4.0,3.0,0.0,4.0,3.0,-9.0,30:50,11.7,0
5,203079,Dion Waiters,16.0,5.0,11.0,4.0,4.0,2.0,1.0,0.0,0.0,0.0,2.0,2.0,-11.0,35:04,9.2,0
6,101127,Jarrett Jack,14.0,6.0,11.0,2.0,2.0,1.0,4.0,1.0,4.0,0.0,0.0,1.0,-1.0,21:42,13.4,0
7,2760,Anderson Varejao,6.0,2.0,5.0,4.0,2.0,2.0,6.0,0.0,4.0,1.0,0.0,1.0,-5.0,31:21,8.2,0
8,201947,Earl Clark,12.0,5.0,9.0,0.0,0.0,1.0,1.0,0.0,0.0,0.0,1.0,0.0,-1.0,15:57,8.3,0
9,203461,Anthony Bennett,0.0,0.0,0.0,0.0,0.0,0.0,0.0,0.0,0.0,0.0,2.0,1.0,-5.0,7:22,-1.8,0
10,203521,Matthew Dellavedova,5.0,2.0,2.0,0.0,0.0,1.0,3.0,1.0,1.0,0.0,2.0,2.0,-2.0,15:08,4.9,0
11,203508,Sergey Karasev,,,,,,,,,,,,,,,0.0,0
12,203156,Henry Sims,,,,,,,,,,,,,,,0.0,0
13,2544,LeBron James,25.0,9.0,12.0,10.0,7.0,2.0,7.0,4.0,9.0,0.0,2.0,2.0,6.0,40:37,30.0,1
14,2203,Shane Battier,2.0,1.0,1.0,0.0,0.0,1.0,0.0,0.0,0.0,1.0,4.0,0.0,3.0,13:03,1.5,1
15,2547,Chris Bosh,22.0,10.0,17.0,3.0,2.0,2.0,10.0,0.0,1.0,1.0,4.0,0.0,15.0,30:10,17.9,1
16,2548,Dwyane Wade,24.0,9.0,15.0,9.0,6.0,3.0,3.0,1.0,3.0,0.0,3.0,1.0,-13.0,33:46,19.8,1
17,201596,Mario Chalmers,11.0,3.0,7.0,2.0,2.0,0.0,3.0,2.0,5.0,1.0,1.0,3.0,11.0,30:20,11.0,1
18,951,Ray Allen,12.0,3.0,5.0,4.0,4.0,0.0,2.0,1.0,2.0,0.0,4.0,3.0,13.0,25:16,8.1,1
19,1740,Rashard Lewis,6.0,2.0,7.0,0.0,0.0,0.0,0.0,0.0,1.0,1.0,1.0,1.0,-4.0,23:45,1.9,1
20,2365,Chris Andersen,3.0,1.0,4.0,0.0,0.0,1.0,4.0,0.0,0.0,3.0,1.0,1.0,-8.0,17:50,3.2,1
21,202708,Norris Cole,9.0,4.0,8.0,2.0,1.0,0.0,2.0,2.0,3.0,2.0,1.0,3.0,12.0,25:13,7.3,1
22,201202,Joel Anthony,,,,,,,,,,,,,,,0.0,1
23,2617,Udonis Haslem,,,,,,,,,,,,,,,0.0,1
24,2592,James Jones,,,,,,,,,,,,,,,0.0,1
25,2427,Roger Mason Jr.,,,,,,,,,,,,,,,0.0,1
