,id,name,PTS,FG,FGA,FTA,FT,OREB,DREB,STL,AST,BLK,PF,TO,PLUS_MINUS,MIN,GS,WIN
0,201604,Chris Douglas-Roberts,16.0,6.0,9.0,2.0,2.0,0.0,2.0,0.0,0.0,0.0,2.0,1.0,-25.0,26:37,10.9,0
1,201177,Josh McRoberts,6.0,3.0,7.0,0.0,0.0,1.0,0.0,4.0,4.0,1.0,2.0,2.0,-16.0,26:44,7.7,0
2,2744,Al Jefferson,8.0,3.0,9.0,2.0,2.0,1.0,6.0,0.0,2.0,1.0,3.0,2.0,-16.0,27:53,4.3,0
3,201945,Gerald Henderson,12.0,5.0,13.0,5.0,2.0,0.0,3.0,0.0,2.0,0.0,1.0,0.0,-17.0,24:00,5.6,0
4,202689,Kemba Walker,15.0,7.0,17.0,0.0,0.0,0.0,1.0,3.0,7.0,0.0,2.0,1.0,-18.0,30:31,12.3,0
5,201196,Ramon Sessions,4.0,2.0,7.0,0.0,0.0,0.0,1.0,0.0,3.0,0.0,0.0,1.0,-6.0,21:08,1.3,0
6,201229,Anthony Tolliver,21.0,8.0,9.0,0.0,0.0,0.0,3.0,0.0,0.0,0.0,0.0,0.0,-8.0,26:34,18.8,0
7,202687,Bismack Biyombo,4.0,0.0,1.0,4.0,4.0,0.0,7.0,0.0,0.0,4.0,2.0,1.0,-11.0,20:07,6.4,0
8,203469,Cody Zeller,2.0,1.0,3.0,0.0,0.0,2.0,4.0,1.0,2.0,1.0,3.0,0.0,-7.0,15:39,4.8,0
9,2732,Ben Gordon,2.0,1.0,7.0,0.0,0.0,0.0,1.0,0.0,1.0,0.0,1.0,2.0,-3.0,9:33,-3.9,0
10,202399,Jeff Adrien,2.0,1.0,2.0,1.0,0.0,0.0,1.0,0.0,0.0,0.0,0.0,0.0,-4.0,5:37,0.9,0
11,2457,Jannero Pargo,0.0,0.0,0.0,0.0,0.0,0.0,0.0,2.0,2.0,0.0,1.0,0.0,-4.0,5:37,3.0,0
12,203106,Jeffery Taylor,,,,,,,,,,,,,,,0.0,0
13,201147,Corey Brewer,4.0,2.0,3.0,0.0,0.0,0.0,1.0,0.0,1.0,1.0,3.0,2.0,7.0,27:39,1.2,1
14,201567,Kevin Love,19.0,6.0,10.0,7.0,5.0,2.0,12.0,0.0,4.0,1.0,1.0,1.0,12.0,31:53,20.7,1
15,201593,Nikola Pekovic,26.0,10.0,14.0,6.0,6.0,3.0,3.0,2.0,3.0,0.0,2.0,1.0,15.0,27:17,25.5,1
16,2755,Kevin Martin,19.0,9.0,12.0,0.0,0.0,0.0,4.0,1.0,4.0,0.0,1.0,1.0,14.0,24:26,17.8,1
17,201937,Ricky Rubio,8.0,3.0,10.0,0.0,0.0,2.0,1.0,0.0,6.0,0.0,2.0,3.0,13.0,25:32,4.3,1
18,101142,Ronny Turiaf,2.0,1.0,5.0,0.0,0.0,2.0,5.0,0.0,0.0,2.0,0.0,0.0,8.0,15:06,3.2,1
19,203144,Alexey Shved,11.0,4.0,8.0,4.0,2.0,1.0,1.0,1.0,0.0,0.0,1.0,1.0,14.0,20:09,6.8,1
20,200826,J.J. Barea,7.0,2.0,6.0,1.0,1.0,0.0,3.0,0.0,5.0,0.0,1.0,1.0,9.0,19:06,6.6,1
21,201978,Chase Budinger,8.0,4.0,9.0,0.0,0.0,0.0,2.0,0.0,1.0,0.0,3.0,0.0,16.0,15:54,3.4,1
22,201967,Dante Cunningham,6.0,3.0,5.0,0.0,0.0,2.0,4.0,2.0,6.0,1.0,0.0,1.0,15.0,16:07,12.2,1
23,203476,Gorgui Dieng,2.0,1.0,1.0,0.0,0.0,0.0,3.0,0.0,0.0,0.0,2.0,1.0,4.0,5:37,0.8,1
24,201601,Luc Mbah a Moute,4.0,2.0,2.0,0.0,0.0,0.0,1.0,0.0,0.0,0.0,0.0,1.0,4.0,5:37,2.7,1
25,201985,AJ Price,3.0,1.0,3.0,1.0,0.0,0.0,2.0,0.0,1.0,0.0,0.0,1.0,4.0,5:37,1.2,1
