,id,name,PTS,FG,FGA,FTA,FT,OREB,DREB,STL,AST,BLK,PF,TO,PLUS_MINUS,MIN,GS,WIN
0,201960,DeMarre Carroll,17.0,6.0,7.0,2.0,2.0,3.0,5.0,1.0,2.0,0.0,0.0,1.0,18.0,23:47,19.5,1
1,200794,Paul Millsap,24.0,9.0,17.0,6.0,5.0,2.0,4.0,3.0,5.0,5.0,2.0,3.0,4.0,38:23,24.1,1
2,203544,Pero Antic,10.0,2.0,9.0,6.0,5.0,2.0,10.0,1.0,1.0,0.0,2.0,2.0,14.0,33:07,7.4,1
3,2594,Kyle Korver,12.0,5.0,11.0,0.0,0.0,0.0,5.0,1.0,7.0,1.0,2.0,0.0,9.0,35:51,13.6,1
4,201952,Jeff Teague,23.0,7.0,14.0,8.0,7.0,0.0,5.0,3.0,2.0,0.0,1.0,4.0,2.0,35:25,17.1,1
5,1882,Elton Brand,4.0,1.0,2.0,2.0,2.0,0.0,1.0,1.0,0.0,0.0,3.0,1.0,-10.0,13:25,2.1,1
6,203118,Mike Scott,10.0,5.0,9.0,0.0,0.0,1.0,3.0,0.0,0.0,1.0,0.0,1.0,-7.0,18:06,7.0,1
7,101150,Lou Williams,2.0,1.0,4.0,0.0,0.0,0.0,0.0,0.0,6.0,0.0,2.0,3.0,-23.0,21:43,-0.0,1
8,202714,Shelvin Mack,10.0,5.0,10.0,0.0,0.0,0.0,1.0,1.0,3.0,0.0,1.0,2.0,8.0,20:13,6.0,1
9,202970,Gustavo Ayon,,,,,,,,,,,,,,,0.0,1
10,203263,James Nunnally,,,,,,,,,,,,,,,0.0,1
11,203471,Dennis Schroder,,,,,,,,,,,,,,,0.0,1
12,201167,Arron Afflalo,6.0,3.0,9.0,0.0,0.0,0.0,1.0,0.0,3.0,0.0,2.0,2.0,-15.0,29:31,0.5,0
13,202699,Tobias Harris,19.0,7.0,16.0,5.0,5.0,2.0,10.0,0.0,1.0,0.0,4.0,3.0,-11.0,34:22,11.1,0
14,201175,Glen Davis,9.0,4.0,10.0,2.0,1.0,1.0,1.0,1.0,3.0,0.0,3.0,1.0,-10.0,30:53,5.1,0
15,203506,Victor Oladipo,24.0,8.0,13.0,7.0,6.0,1.0,6.0,2.0,7.0,1.0,3.0,2.0,-4.0,34:02,24.6,0
16,2749,Jameer Nelson,17.0,6.0,11.0,5.0,5.0,0.0,1.0,1.0,7.0,0.0,1.0,4.0,-21.0,29:38,13.5,0
17,202734,E'Twaun Moore,2.0,1.0,4.0,0.0,0.0,0.0,1.0,3.0,1.0,0.0,2.0,1.0,-4.0,9:37,1.8,0
18,203090,Maurice Harkless,12.0,4.0,5.0,3.0,3.0,0.0,3.0,0.0,1.0,0.0,0.0,0.0,16.0,22:19,11.7,0
19,203124,Kyle O'Quinn,5.0,2.0,7.0,2.0,1.0,1.0,2.0,0.0,1.0,0.0,2.0,1.0,14.0,21:19,0.7,0
20,203094,Andrew Nicholson,2.0,1.0,2.0,0.0,0.0,0.0,1.0,0.0,0.0,0.0,0.0,0.0,1.0,3:36,1.3,0
21,101131,Jason Maxiell,0.0,0.0,0.0,0.0,0.0,1.0,0.0,0.0,0.0,0.0,0.0,0.0,0.0,5:50,0.7,0
22,203117,Doron Lamb,13.0,5.0,6.0,0.0,0.0,0.0,1.0,0.0,0.0,0.0,6.0,0.0,19.0,18:53,8.7,0
23,101179,Ronnie Price,,,,,,,,,,,,,,,0.0,0
24,202696,Nikola Vucevic,,,,,,,,,,,,,,,0.0,0
