,id,name,PTS,FG,FGA,FTA,FT,OREB,DREB,STL,AST,BLK,PF,TO,PLUS_MINUS,MIN,GS,WIN
0,200752,Rudy Gay,16.0,6.0,18.0,4.0,3.0,3.0,3.0,2.0,2.0,0.0,3.0,2.0,-21.0,34:26,8.6,0
1,2501,Reggie Evans,14.0,4.0,6.0,8.0,6.0,6.0,8.0,1.0,0.0,0.0,3.0,0.0,-3.0,34:21,17.0,0
2,202326,DeMarcus Cousins,32.0,12.0,27.0,9.0,8.0,3.0,9.0,2.0,5.0,2.0,6.0,6.0,-13.0,42:59,20.8,0
3,203463,Ben McLemore,14.0,3.0,7.0,6.0,6.0,0.0,1.0,0.0,0.0,0.0,3.0,0.0,-7.0,32:21,9.4,0
4,203492,Ray McCallum,8.0,4.0,13.0,0.0,0.0,0.0,0.0,0.0,8.0,2.0,4.0,2.0,-18.0,40:23,3.9,0
5,2566,Travis Outlaw,6.0,3.0,7.0,0.0,0.0,0.0,1.0,0.0,3.0,0.0,1.0,0.0,-4.0,23:04,4.3,0
6,202682,Derrick Williams,2.0,1.0,1.0,0.0,0.0,0.0,1.0,0.0,0.0,0.0,1.0,0.0,-1.0,4:42,1.6,0
7,201574,Jason Thompson,3.0,1.0,1.0,2.0,1.0,0.0,3.0,0.0,1.0,0.0,2.0,0.0,-13.0,13:18,3.1,0
8,203099,Jared Cunningham,6.0,1.0,2.0,4.0,3.0,0.0,0.0,0.0,2.0,0.0,3.0,0.0,0.0,14:10,4.8,0
9,203112,Quincy Acy,0.0,0.0,0.0,0.0,0.0,0.0,0.0,0.0,0.0,0.0,0.0,0.0,0.0,0:16,0.0,0
10,201189,Aaron Gray,,,,,,,,,,,,,,,0.0,0
11,202738,Isaiah Thomas,,,,,,,,,,,,,,,0.0,0
12,2440,Matt Barnes,12.0,4.0,6.0,2.0,2.0,0.0,5.0,1.0,3.0,0.0,1.0,1.0,18.0,29:43,12.6,1
13,201933,Blake Griffin,27.0,9.0,15.0,9.0,8.0,0.0,4.0,2.0,9.0,1.0,4.0,2.0,19.0,36:29,26.3,1
14,201599,DeAndre Jordan,21.0,9.0,13.0,11.0,3.0,3.0,6.0,1.0,1.0,7.0,5.0,2.0,14.0,34:09,18.8,1
15,200755,JJ Redick,13.0,4.0,9.0,4.0,3.0,0.0,2.0,0.0,1.0,0.0,2.0,0.0,5.0,32:02,8.4,1
16,101108,Chris Paul,17.0,6.0,14.0,4.0,4.0,2.0,5.0,0.0,10.0,0.0,3.0,2.0,21.0,35:50,16.3,1
17,201954,Darren Collison,2.0,1.0,5.0,0.0,0.0,5.0,3.0,0.0,5.0,0.0,2.0,2.0,3.0,22:30,4.0,1
18,2037,Jamal Crawford,10.0,3.0,8.0,2.0,2.0,0.0,2.0,0.0,2.0,0.0,1.0,0.0,0.0,19:13,7.2,1
19,201175,Glen Davis,8.0,3.0,7.0,2.0,2.0,0.0,2.0,1.0,0.0,0.0,6.0,1.0,-6.0,17:21,2.5,1
20,2045,Hedo Turkoglu,2.0,1.0,2.0,0.0,0.0,0.0,1.0,1.0,0.0,0.0,1.0,0.0,-1.0,5:46,1.9,1
21,201162,Jared Dudley,3.0,1.0,2.0,0.0,0.0,0.0,2.0,0.0,0.0,0.0,1.0,0.0,3.0,5:22,2.2,1
22,200797,Ryan Hollins,2.0,0.0,0.0,2.0,2.0,0.0,1.0,0.0,0.0,0.0,0.0,1.0,2.0,1:04,1.3,1
23,203493,Reggie Bullock,0.0,0.0,0.0,0.0,0.0,0.0,0.0,0.0,0.0,0.0,0.0,0.0,2.0,0:32,0.0,1
24,2584,Willie Green,,,,,,,,,,,,,,,0.0,1
