,id,name,PTS,FG,FGA,FTA,FT,OREB,DREB,STL,AST,BLK,PF,TO,PLUS_MINUS,MIN,GS,WIN
0,201627,Anthony Morrow,7.0,2.0,5.0,2.0,2.0,0.0,0.0,2.0,0.0,0.0,1.0,1.0,3.0,17:21,4.9,1
1,203076,Anthony Davis,22.0,11.0,20.0,1.0,0.0,5.0,5.0,2.0,3.0,4.0,2.0,1.0,13.0,37:55,22.1,1
2,201160,Jason Smith,8.0,4.0,8.0,0.0,0.0,0.0,5.0,0.0,0.0,2.0,4.0,1.0,9.0,24:01,4.3,1
3,201569,Eric Gordon,26.0,11.0,16.0,2.0,2.0,0.0,2.0,2.0,7.0,0.0,2.0,1.0,20.0,39:45,24.9,1
4,201950,Jrue Holiday,20.0,8.0,13.0,4.0,3.0,2.0,5.0,3.0,13.0,1.0,4.0,1.0,15.0,40:34,26.8,1
5,201583,Ryan Anderson,18.0,7.0,16.0,0.0,0.0,3.0,5.0,0.0,2.0,0.0,3.0,2.0,8.0,25:55,11.4,1
6,201936,Tyreke Evans,16.0,6.0,10.0,5.0,4.0,0.0,5.0,4.0,4.0,1.0,1.0,4.0,12.0,35:15,15.6,1
7,203148,Brian Roberts,4.0,2.0,5.0,0.0,0.0,0.0,1.0,0.0,1.0,0.0,3.0,1.0,1.0,14:15,0.1,1
8,200811,Lou Amundson,0.0,0.0,0.0,0.0,0.0,0.0,2.0,0.0,0.0,1.0,1.0,0.0,-1.0,5:00,0.9,1
9,202329,Al-Farouq Aminu,,,,,,,,,,,,,,,0.0,1
10,2735,Josh Childress,,,,,,,,,,,,,,,0.0,1
11,203121,Darius Miller,,,,,,,,,,,,,,,0.0,1
12,203085,Austin Rivers,,,,,,,,,,,,,,,0.0,1
13,202323,Evan Turner,22.0,9.0,15.0,1.0,1.0,1.0,5.0,1.0,4.0,0.0,5.0,2.0,-10.0,34:45,17.1,0
14,201152,Thaddeus Young,15.0,6.0,15.0,4.0,1.0,8.0,4.0,1.0,4.0,1.0,3.0,3.0,-13.0,36:03,12.8,0
15,201150,Spencer Hawes,12.0,5.0,11.0,1.0,0.0,0.0,9.0,0.0,2.0,3.0,1.0,1.0,-9.0,25:23,10.7,0
16,202341,James Anderson,7.0,3.0,9.0,0.0,0.0,1.0,3.0,1.0,1.0,0.0,2.0,2.0,-18.0,21:35,2.4,0
17,203487,Michael Carter-Williams,10.0,4.0,13.0,4.0,1.0,1.0,1.0,1.0,10.0,0.0,3.0,5.0,-11.0,32:05,4.1,0
18,203100,Tony Wroten,24.0,9.0,13.0,9.0,5.0,1.0,2.0,0.0,1.0,0.0,3.0,4.0,2.0,23:44,13.7,0
19,202730,Lavoy Allen,6.0,3.0,5.0,0.0,0.0,2.0,1.0,0.0,2.0,0.0,1.0,0.0,-9.0,19:51,6.4,0
20,203138,Hollis Thompson,5.0,2.0,6.0,0.0,0.0,3.0,3.0,1.0,1.0,0.0,0.0,0.0,5.0,22:26,6.3,0
21,203561,Brandon Davies,0.0,0.0,0.0,0.0,0.0,1.0,2.0,1.0,3.0,0.0,1.0,0.0,-5.0,10:60,4.0,0
22,202343,Elliot Williams,4.0,1.0,5.0,2.0,1.0,0.0,1.0,0.0,0.0,0.0,0.0,1.0,-8.0,11:54,-0.2,0
23,203485,Lorenzo Brown,0.0,0.0,0.0,0.0,0.0,0.0,0.0,0.0,0.0,0.0,0.0,0.0,-4.0,1:14,0.0,0
24,202350,Daniel Orton,,,,,,,,,,,,,,,0.0,0
