,id,name,PTS,FG,FGA,FTA,FT,OREB,DREB,STL,AST,BLK,PF,TO,PLUS_MINUS,MIN,GS,WIN
0,203121,Darius Miller,3.0,1.0,3.0,0.0,0.0,0.0,1.0,1.0,1.0,0.0,3.0,1.0,-2.0,23:30,1.1,0
1,203076,Anthony Davis,15.0,6.0,18.0,3.0,3.0,0.0,5.0,0.0,1.0,4.0,3.0,0.0,-15.0,34:00,8.6,0
2,201880,Greg Stiemsma,4.0,2.0,4.0,0.0,0.0,2.0,1.0,2.0,1.0,0.0,2.0,0.0,-11.0,17:17,5.6,0
3,201936,Tyreke Evans,10.0,4.0,9.0,3.0,2.0,2.0,3.0,1.0,8.0,0.0,3.0,2.0,-12.0,33:37,10.6,0
4,203148,Brian Roberts,13.0,6.0,17.0,2.0,1.0,1.0,3.0,2.0,4.0,0.0,1.0,3.0,-7.0,36:19,6.1,0
5,201627,Anthony Morrow,17.0,6.0,12.0,3.0,3.0,2.0,2.0,1.0,2.0,0.0,2.0,2.0,3.0,33:15,12.6,0
6,203085,Austin Rivers,14.0,5.0,11.0,4.0,3.0,0.0,0.0,1.0,1.0,0.0,1.0,1.0,5.0,24:10,8.2,0
7,203481,Jeff Withey,1.0,0.0,1.0,2.0,1.0,0.0,0.0,0.0,0.0,0.0,0.0,0.0,2.0,3:02,-0.1,0
8,201582,Alexis Ajinca,13.0,6.0,11.0,1.0,1.0,4.0,3.0,2.0,0.0,0.0,2.0,0.0,9.0,14:00,12.6,0
9,202329,Al-Farouq Aminu,4.0,2.0,4.0,0.0,0.0,2.0,7.0,0.0,3.0,0.0,2.0,1.0,-2.0,20:50,5.8,0
10,202337,Luke Babbitt,,,,,,,,,,,,,,,0.0,0
11,201569,Eric Gordon,,,,,,,,,,,,,,,0.0,0
12,201160,Jason Smith,,,,,,,,,,,,,,,0.0,0
13,201587,Nicolas Batum,16.0,7.0,12.0,0.0,0.0,2.0,10.0,1.0,4.0,1.0,1.0,1.0,0.0,39:09,17.9,1
14,200746,LaMarcus Aldridge,25.0,11.0,25.0,4.0,3.0,8.0,10.0,0.0,4.0,4.0,1.0,3.0,9.0,36:18,22.3,1
15,201577,Robin Lopez,4.0,2.0,2.0,0.0,0.0,1.0,1.0,0.0,2.0,0.0,5.0,3.0,18.0,22:53,0.8,1
16,202083,Wesley Matthews,21.0,7.0,13.0,4.0,4.0,0.0,5.0,0.0,1.0,0.0,4.0,2.0,8.0,31:01,13.3,1
17,203081,Damian Lillard,20.0,9.0,19.0,3.0,2.0,0.0,6.0,3.0,5.0,0.0,1.0,1.0,14.0,38:38,16.8,1
18,2590,Mo Williams,8.0,3.0,9.0,2.0,2.0,0.0,0.0,1.0,2.0,0.0,1.0,4.0,-5.0,32:52,0.9,1
19,203080,Thomas Robinson,0.0,0.0,1.0,0.0,0.0,0.0,1.0,0.0,0.0,0.0,2.0,0.0,-2.0,10:58,-1.2,1
20,203115,Will Barton,0.0,0.0,1.0,0.0,0.0,0.0,1.0,0.0,0.0,0.0,0.0,0.0,-7.0,5:15,-0.4,1
21,2748,Dorell Wright,4.0,1.0,4.0,2.0,2.0,2.0,1.0,0.0,2.0,1.0,0.0,0.0,5.0,18:59,5.4,1
22,203086,Meyers Leonard,2.0,1.0,1.0,0.0,0.0,1.0,1.0,0.0,0.0,0.0,2.0,0.0,-10.0,3:57,1.9,1
23,201964,Victor Claver,,,,,,,,,,,,,,,0.0,1
24,203468,CJ McCollum,,,,,,,,,,,,,,,0.0,1
25,2248,Earl Watson,,,,,,,,,,,,,,,0.0,1
