,id,name,PTS,FG,FGA,FTA,FT,OREB,DREB,STL,AST,BLK,PF,TO,PLUS_MINUS,MIN,GS,WIN
0,200745,Andrea Bargnani,9.0,4.0,7.0,0.0,0.0,1.0,0.0,0.0,1.0,0.0,4.0,3.0,-9.0,24:38,2.5,0
1,2546,Carmelo Anthony,22.0,8.0,24.0,5.0,4.0,0.0,6.0,6.0,6.0,2.0,0.0,4.0,-6.0,42:01,17.4,0
2,2199,Tyson Chandler,7.0,3.0,8.0,2.0,1.0,8.0,11.0,1.0,2.0,4.0,2.0,2.0,8.0,36:04,13.5,0
3,202697,Iman Shumpert,7.0,2.0,6.0,2.0,2.0,2.0,1.0,2.0,1.0,0.0,4.0,1.0,1.0,25:18,5.4,0
4,101109,Raymond Felton,13.0,5.0,14.0,3.0,2.0,1.0,3.0,0.0,6.0,1.0,0.0,2.0,6.0,36:45,9.3,0
5,1897,Metta World Peace,8.0,3.0,11.0,0.0,0.0,1.0,1.0,2.0,1.0,1.0,2.0,0.0,-4.0,22:47,5.1,0
6,2405,Amar'e Stoudemire,5.0,2.0,3.0,2.0,1.0,0.0,1.0,1.0,1.0,0.0,4.0,3.0,-3.0,10:40,0.7,0
7,203143,Pablo Prigioni,0.0,0.0,0.0,0.0,0.0,0.0,3.0,0.0,2.0,0.0,4.0,0.0,-7.0,11:15,0.7,0
8,203501,Tim Hardaway Jr.,10.0,4.0,13.0,0.0,0.0,0.0,3.0,0.0,0.0,0.0,4.0,0.0,7.0,26:50,1.8,0
9,2030,Kenyon Martin,0.0,0.0,0.0,0.0,0.0,0.0,0.0,0.0,0.0,0.0,0.0,0.0,2.0,3:42,0.0,0
10,203315,Toure' Murry,,,,,,,,,,,,,,,0.0,0
11,2747,JR Smith,,,,,,,,,,,,,,,0.0,0
12,2757,Beno Udrih,,,,,,,,,,,,,,,0.0,0
13,2736,Luol Deng,17.0,8.0,15.0,0.0,0.0,1.0,2.0,0.0,6.0,0.0,1.0,0.0,5.0,39:49,14.8,1
14,2430,Carlos Boozer,14.0,5.0,7.0,4.0,4.0,1.0,6.0,0.0,3.0,0.0,2.0,3.0,9.0,32:41,11.9,1
15,201149,Joakim Noah,6.0,2.0,7.0,2.0,2.0,4.0,11.0,1.0,5.0,1.0,4.0,1.0,-5.0,35:58,10.6,1
16,202710,Jimmy Butler,11.0,3.0,11.0,6.0,5.0,3.0,7.0,3.0,1.0,1.0,0.0,1.0,-4.0,41:27,11.7,1
17,201565,Derrick Rose,18.0,7.0,23.0,2.0,2.0,3.0,3.0,0.0,3.0,0.0,2.0,4.0,-1.0,33:43,5.0,1
18,201959,Taj Gibson,7.0,3.0,5.0,2.0,1.0,1.0,3.0,0.0,0.0,1.0,2.0,2.0,-1.0,20:45,3.8,1
19,2550,Kirk Hinrich,9.0,3.0,6.0,3.0,3.0,0.0,1.0,1.0,1.0,0.0,3.0,5.0,1.0,16:30,1.8,1
20,2399,Mike Dunleavy,0.0,0.0,2.0,0.0,0.0,0.0,2.0,0.0,1.0,0.0,2.0,0.0,1.0,14:44,-0.9,1
21,1737,Nazr Mohammed,0.0,0.0,0.0,0.0,0.0,0.0,0.0,0.0,0.0,0.0,0.0,2.0,0.0,4:23,-2.0,1
22,2229,Mike James,,,,,,,,,,,,,,,0.0,1
23,203513,Erik Murphy,,,,,,,,,,,,,,,0.0,1
24,203503,Tony Snell,,,,,,,,,,,,,,,0.0,1
25,203104,Marquis Teague,,,,,,,,,,,,,,,0.0,1
