,id,name,PTS,FG,FGA,FTA,FT,OREB,DREB,STL,AST,BLK,PF,TO,PLUS_MINUS,MIN,GS,WIN
0,2419,Tayshaun Prince,4.0,1.0,4.0,2.0,2.0,0.0,8.0,1.0,1.0,0.0,2.0,2.0,5.0,28:17,2.9,1
1,2216,Zach Randolph,32.0,15.0,25.0,2.0,2.0,3.0,6.0,1.0,2.0,0.0,3.0,1.0,2.0,38:46,24.6,1
2,201188,Marc Gasol,18.0,7.0,13.0,5.0,4.0,1.0,7.0,0.0,3.0,0.0,2.0,3.0,6.0,37:22,12.4,1
3,201584,Courtney Lee,0.0,0.0,4.0,0.0,0.0,0.0,1.0,0.0,1.0,1.0,0.0,3.0,-8.0,17:23,-4.1,1
4,201144,Mike Conley,14.0,6.0,11.0,4.0,1.0,0.0,3.0,1.0,7.0,0.0,3.0,0.0,2.0,37:35,13.1,1
5,201585,Kosta Koufos,0.0,0.0,2.0,0.0,0.0,3.0,1.0,0.0,1.0,0.0,1.0,0.0,-1.0,10:02,1.3,1
6,201979,Nick Calathes,0.0,0.0,1.0,0.0,0.0,0.0,1.0,1.0,2.0,0.0,3.0,2.0,4.0,10:25,-1.2,1
7,2754,Tony Allen,8.0,3.0,5.0,2.0,2.0,3.0,3.0,1.0,2.0,0.0,2.0,3.0,5.0,20:50,7.3,1
8,2034,Mike Miller,21.0,8.0,11.0,0.0,0.0,0.0,1.0,0.0,1.0,0.0,1.0,3.0,12.0,30:15,14.1,1
9,202334,Ed Davis,0.0,0.0,1.0,0.0,0.0,0.0,1.0,0.0,0.0,0.0,1.0,0.0,3.0,9:05,-0.8,1
10,201949,James Johnson,,,,,,,,,,,,,,,0.0,1
11,202720,Jon Leuer,,,,,,,,,,,,,,,0.0,1
12,2757,Beno Udrih,,,,,,,,,,,,,,,0.0,1
13,200782,P.J. Tucker,5.0,1.0,3.0,2.0,2.0,0.0,3.0,1.0,1.0,2.0,5.0,0.0,0.0,27:53,5.3,0
14,101112,Channing Frye,14.0,5.0,12.0,2.0,2.0,1.0,4.0,0.0,1.0,1.0,3.0,0.0,6.0,30:02,9.7,0
15,203101,Miles Plumlee,12.0,6.0,9.0,0.0,0.0,3.0,1.0,1.0,0.0,0.0,0.0,1.0,-13.0,30:03,10.5,0
16,201609,Goran Dragic,14.0,6.0,14.0,2.0,2.0,2.0,4.0,5.0,4.0,0.0,2.0,4.0,-5.0,37:08,12.2,0
17,202339,Eric Bledsoe,13.0,6.0,16.0,1.0,0.0,0.0,3.0,2.0,5.0,0.0,2.0,2.0,-6.0,37:24,7.4,0
18,202693,Markieff Morris,21.0,10.0,16.0,3.0,1.0,0.0,2.0,1.0,1.0,3.0,4.0,3.0,-3.0,27:49,12.8,0
19,101123,Gerald Green,7.0,2.0,4.0,2.0,2.0,1.0,1.0,1.0,1.0,0.0,1.0,2.0,-3.0,18:32,5.3,0
20,202694,Marcus Morris Sr.,3.0,1.0,4.0,2.0,1.0,1.0,3.0,0.0,0.0,0.0,1.0,0.0,-3.0,19:14,1.4,0
21,101183,Shavlik Randolph,0.0,0.0,1.0,0.0,0.0,0.0,1.0,0.0,0.0,0.0,1.0,0.0,-2.0,8:03,-0.8,0
22,202397,Ish Smith,2.0,1.0,1.0,0.0,0.0,0.0,0.0,1.0,2.0,0.0,1.0,0.0,-1.0,3:51,3.7,0
23,202091,Dionte Christmas,,,,,,,,,,,,,,,0.0,0
24,203462,Archie Goodwin,,,,,,,,,,,,,,,0.0,0
25,203458,Alex Len,,,,,,,,,,,,,,,0.0,0
