,id,name,PTS,FG,FGA,FTA,FT,OREB,DREB,STL,AST,BLK,PF,TO,PLUS_MINUS,MIN,GS,WIN
0,1890,Shawn Marion,10.0,5.0,12.0,0.0,0.0,4.0,7.0,1.0,2.0,0.0,2.0,0.0,9.0,30:45,10.1,1
1,1717,Dirk Nowitzki,24.0,9.0,19.0,4.0,4.0,0.0,4.0,0.0,1.0,0.0,4.0,1.0,0.0,30:36,13.6,1
2,2223,Samuel Dalembert,12.0,6.0,9.0,3.0,0.0,6.0,5.0,0.0,1.0,3.0,1.0,2.0,14.0,24:44,13.0,1
3,101145,Monta Ellis,12.0,5.0,9.0,2.0,2.0,0.0,1.0,3.0,13.0,0.0,2.0,2.0,9.0,37:02,17.3,1
4,101181,Jose Calderon,11.0,4.0,8.0,2.0,1.0,0.0,4.0,1.0,4.0,0.0,2.0,4.0,9.0,29:09,6.8,1
5,1713,Vince Carter,18.0,5.0,13.0,6.0,5.0,2.0,4.0,1.0,5.0,1.0,0.0,2.0,13.0,29:32,16.3,1
6,201971,DeJuan Blair,4.0,2.0,5.0,0.0,0.0,3.0,0.0,1.0,0.0,0.0,1.0,2.0,-5.0,9:36,2.0,1
7,2734,Devin Harris,6.0,2.0,5.0,2.0,2.0,0.0,4.0,0.0,3.0,1.0,3.0,1.0,2.0,18:51,5.1,1
8,201961,Wayne Ellington,7.0,2.0,3.0,2.0,2.0,0.0,2.0,1.0,2.0,0.0,1.0,0.0,2.0,15:42,8.3,1
9,201148,Brandan Wright,9.0,4.0,7.0,1.0,1.0,1.0,3.0,0.0,0.0,1.0,3.0,0.0,2.0,13:40,6.8,1
10,203499,Shane Larkin,0.0,0.0,0.0,0.0,0.0,0.0,0.0,0.0,0.0,0.0,0.0,0.0,0.0,0:23,0.0,1
11,203109,Jae Crowder,,,,,,,,,,,,,,,0.0,1
12,203108,Bernard James,,,,,,,,,,,,,,,0.0,1
13,2746,Josh Smith,32.0,14.0,20.0,4.0,3.0,0.0,3.0,1.0,3.0,3.0,2.0,4.0,-2.0,38:05,24.5,0
14,202328,Greg Monroe,17.0,7.0,13.0,6.0,3.0,4.0,13.0,0.0,2.0,2.0,2.0,2.0,-9.0,39:43,16.2,0
15,203083,Andre Drummond,8.0,3.0,6.0,4.0,2.0,1.0,2.0,1.0,0.0,1.0,5.0,0.0,-7.0,19:46,5.2,0
16,202713,Kyle Singler,7.0,3.0,8.0,2.0,0.0,1.0,4.0,3.0,2.0,0.0,0.0,1.0,-4.0,33:56,7.1,0
17,201943,Brandon Jennings,2.0,1.0,7.0,0.0,0.0,0.0,1.0,0.0,3.0,0.0,1.0,1.0,-14.0,29:14,-1.5,0
18,201155,Rodney Stuckey,9.0,2.0,9.0,5.0,5.0,0.0,2.0,1.0,3.0,0.0,3.0,0.0,1.0,23:43,6.0,0
19,101198,Will Bynum,17.0,7.0,12.0,4.0,3.0,2.0,2.0,0.0,8.0,0.0,5.0,2.0,-4.0,31:34,14.6,0
20,203484,Kentavious Caldwell-Pope,5.0,2.0,5.0,2.0,1.0,0.0,2.0,1.0,0.0,0.0,1.0,0.0,-7.0,14:04,3.1,0
21,201973,Jonas Jerebko,5.0,1.0,2.0,3.0,3.0,1.0,1.0,0.0,0.0,0.0,0.0,0.0,-9.0,9:55,5.0,0
22,203540,Gigi Datome,,,,,,,,,,,,,,,0.0,0
23,202725,Josh Harrellson,,,,,,,,,,,,,,,0.0,0
24,203491,Peyton Siva,,,,,,,,,,,,,,,0.0,0
25,101111,Charlie Villanueva,,,,,,,,,,,,,,,0.0,0
