,id,name,PTS,FG,FGA,FTA,FT,OREB,DREB,STL,AST,BLK,PF,TO,PLUS_MINUS,MIN,GS,WIN
0,201167,Arron Afflalo,23.0,8.0,14.0,6.0,5.0,1.0,7.0,0.0,4.0,0.0,2.0,1.0,0.0,36:54,19.8,1
1,201175,Glen Davis,14.0,6.0,15.0,4.0,2.0,2.0,9.0,2.0,2.0,0.0,3.0,1.0,4.0,32:16,10.4,1
2,202696,Nikola Vucevic,10.0,5.0,9.0,0.0,0.0,1.0,10.0,1.0,1.0,1.0,3.0,1.0,0.0,36:53,9.6,1
3,203506,Victor Oladipo,8.0,3.0,12.0,2.0,2.0,1.0,1.0,0.0,5.0,0.0,3.0,0.0,-3.0,33:30,4.1,1
4,2749,Jameer Nelson,14.0,6.0,13.0,0.0,0.0,0.0,5.0,1.0,7.0,0.0,2.0,4.0,9.0,38:46,9.9,1
5,203090,Maurice Harkless,2.0,1.0,3.0,1.0,0.0,1.0,2.0,0.0,0.0,2.0,1.0,2.0,0.0,14:36,0.2,1
6,203094,Andrew Nicholson,4.0,2.0,6.0,0.0,0.0,1.0,4.0,0.0,1.0,0.0,1.0,1.0,-3.0,16:25,1.8,1
7,202734,E'Twaun Moore,3.0,1.0,3.0,0.0,0.0,1.0,0.0,0.0,0.0,0.0,0.0,0.0,0.0,6:02,2.0,1
8,202699,Tobias Harris,5.0,1.0,7.0,3.0,3.0,1.0,6.0,0.0,0.0,0.0,2.0,0.0,-3.0,20:14,2.2,1
9,203124,Kyle O'Quinn,0.0,0.0,1.0,0.0,0.0,0.0,1.0,0.0,1.0,0.0,3.0,1.0,1.0,4:24,-1.9,1
10,203117,Doron Lamb,,,,,,,,,,,,,,,0.0,1
11,101131,Jason Maxiell,,,,,,,,,,,,,,,0.0,1
12,101179,Ronnie Price,,,,,,,,,,,,,,,0.0,1
13,2736,Luol Deng,26.0,8.0,16.0,12.0,9.0,2.0,6.0,0.0,2.0,0.0,3.0,1.0,1.0,41:53,19.2,0
14,2430,Carlos Boozer,6.0,3.0,10.0,0.0,0.0,1.0,12.0,0.0,3.0,0.0,3.0,1.0,4.0,31:50,4.4,0
15,201149,Joakim Noah,13.0,4.0,9.0,6.0,5.0,1.0,7.0,2.0,4.0,0.0,3.0,0.0,-12.0,33:28,14.3,0
16,202710,Jimmy Butler,4.0,1.0,11.0,2.0,2.0,2.0,1.0,1.0,2.0,1.0,1.0,0.0,-16.0,27:30,1.1,0
17,203104,Marquis Teague,0.0,0.0,3.0,0.0,0.0,0.0,0.0,0.0,0.0,0.0,0.0,0.0,-7.0,10:53,-2.1,0
18,201959,Taj Gibson,3.0,1.0,7.0,2.0,1.0,1.0,3.0,0.0,0.0,3.0,2.0,0.0,6.0,25:31,1.0,0
19,201571,D.J. Augustin,14.0,5.0,15.0,2.0,2.0,0.0,2.0,1.0,8.0,0.0,5.0,2.0,6.0,37:07,8.7,0
20,2399,Mike Dunleavy,14.0,5.0,9.0,2.0,2.0,0.0,7.0,0.0,0.0,1.0,2.0,1.0,13.0,26:37,10.7,0
21,203503,Tony Snell,2.0,1.0,1.0,0.0,0.0,0.0,0.0,0.0,0.0,0.0,1.0,0.0,0.0,5:11,1.3,0
22,2550,Kirk Hinrich,,,,,,,,,,,,,,,0.0,0
23,1737,Nazr Mohammed,,,,,,,,,,,,,,,0.0,0
24,203513,Erik Murphy,,,,,,,,,,,,,,,0.0,0
